-5.776985473 9.347358848 0
9.347358848 15.12434432 0
-9.347358848 -15.12434432 0
5.776985473 -9.347358848 0
0 -6.056491829 9.799609632
0 6.056491829 9.799609632
0 -6.056491829 -9.799609632
0 6.056491829 -9.799609632
11.38768994 0 -7.037979435
11.38768994 0 7.037979435
-11.38768994 0 -7.037979435
-11.38768994 0 7.037979435
0 15.12434432 0
0 -15.12434432 0
-4.711229353 -12.33415858 7.622929222
3.532969561 -9.249434392 5.716464831
-3.532969561 9.249434392 5.716464831
4.711229353 12.33415858 7.622929222
0 0 10.69452643
-4.711229353 -12.33415858 -7.622929222
3.532969561 -9.249434392 -5.716464831
-3.532969561 9.249434392 -5.716464831
4.711229353 12.33415858 -7.622929222
0 0 -10.69452643
13.26918881 8.200809686 -5.068379121
8.866306558 -5.479678808 -3.386627751
5.396700147 -3.335344118 -8.732044265
6.519376769 4.029196429 -10.5485732
13.26918881 8.200809686 5.068379121
8.866306558 -5.479678808 3.386627751
5.396700147 -3.335344118 8.732044265
6.519376769 4.029196429 10.5485732
15.12434432 0 0
-8.866306558 5.479678808 -3.386627751
-13.26918881 -8.200809686 -5.068379121
-6.519376769 -4.029196429 -10.5485732
-5.396700147 3.335344118 -8.732044265
-8.866306558 5.479678808 3.386627751
-13.26918881 -8.200809686 5.068379121
-6.519376769 -4.029196429 10.5485732
-5.396700147 3.335344118 8.732044265
-15.12434432 0 0
-3.345985042 11.77835928 0
4.296509274 15.12434432 0
-4.296509274 -15.12434432 0
3.345985042 -11.77835928 0
-7.051269265 -14.01951616 4.223591051
-2.155660908 -9.311022912 9.421958017
-2.475238736 -14.49029995 4.005020404
4.869441667 -9.681550025 2.916713215
1.854623168 -8.010739885 8.106182918
2.093051057 -12.25293431 3.386627751
0 -11.38768994 7.037979435
-4.869441667 9.681550025 2.916713215
-1.854623168 8.010739885 8.106182918
-2.093051057 12.25293431 3.386627751
7.051269265 14.01951616 4.223591051
2.155660908 9.311022912 9.421958017
2.475238736 14.49029995 4.005020404
0 11.38768994 7.037979435
0 -2.978591362 10.48507951
0 2.978591362 10.48507951
-7.051269265 -14.01951616 -4.223591051
-2.155660908 -9.311022912 -9.421958017
-2.475238736 -14.49029995 -4.005020404
4.869441667 -9.681550025 -2.916713215
1.854623168 -8.010739885 -8.106182918
2.093051057 -12.25293431 -3.386627751
0 -11.38768994 -7.037979435
-4.869441667 9.681550025 -2.916713215
-1.854623168 8.010739885 -8.106182918
-2.093051057 12.25293431 -3.386627751
7.051269265 14.01951616 -4.223591051
2.155660908 9.311022912 -9.421958017
2.475238736 14.49029995 -4.005020404
0 11.38768994 -7.037979435
0 -2.978591362 -10.48507951
0 2.978591362 -10.48507951
12.9293002 13.08334486 -2.993353929
13.16106945 3.964971011 -6.619504088
9.428219199 11.03875131 -6.822323503
7.419780397 -7.508182512 -1.717805949
10.19861501 -3.072486853 -5.129505166
6.30198805 -7.378496127 -4.560161392
2.800699444 -4.675757115 -9.296461383
8.127247763 -1.859442619 -8.03155671
4.578967522 -6.327977483 -7.408925085
2.818334735 -1.741826658 -10.19683086
7.490407362 -4.629326339 -6.397571656
3.189611644 5.32504456 -10.5873915
9.475052526 2.167808463 -9.36349228
6.433328166 8.890640865 -10.40934363
2.947692355 1.821774064 -10.66485113
10.48527954 6.48025914 -8.955497875
6.056491829 0 -9.799609632
12.9293002 13.08334486 2.993353929
13.16106945 3.964971011 6.619504088
9.428219199 11.03875131 6.822323503
15.12434432 9.347358848 0
7.419780397 -7.508182512 1.717805949
10.19861501 -3.072486853 5.129505166
6.30198805 -7.378496127 4.560161392
9.347358848 -5.776985473 0
2.800699444 -4.675757115 9.296461383
8.127247763 -1.859442619 8.03155671
4.578967522 -6.327977483 7.408925085
2.818334735 -1.741826658 10.19683086
7.490407362 -4.629326339 6.397571656
3.189611644 5.32504456 10.5873915
9.475052526 2.167808463 9.36349228
6.433328166 8.890640865 10.40934363
2.947692355 1.821774064 10.66485113
10.48527954 6.48025914 8.955497875
6.056491829 0 9.799609632
14.03412393 0 -3.986800508
14.03412393 0 3.986800508
14.83316797 4.099786795 -2.533807586
11.64259177 -3.217933222 -1.988792105
14.83316797 4.099786795 2.533807586
11.64259177 -3.217933222 1.988792105
-7.419780397 7.508182512 -1.717805949
-10.19861501 3.072486853 -5.129505166
-6.30198805 7.378496127 -4.560161392
-12.9293002 -13.08334486 -2.993353929
-13.16106945 -3.964971011 -6.619504088
-9.428219199 -11.03875131 -6.822323503
-3.189611644 -5.32504456 -10.5873915
-9.475052526 -2.167808463 -9.36349228
-6.433328166 -8.890640865 -10.40934363
-2.947692355 -1.821774064 -10.66485113
-10.48527954 -6.48025914 -8.955497875
-2.800699444 4.675757115 -9.296461383
-8.127247763 1.859442619 -8.03155671
-4.578967522 6.327977483 -7.408925085
-2.818334735 1.741826658 -10.19683086
-7.490407362 4.629326339 -6.397571656
-6.056491829 0 -9.799609632
-7.419780397 7.508182512 1.717805949
-10.19861501 3.072486853 5.129505166
-6.30198805 7.378496127 4.560161392
-9.347358848 5.776985473 0
-12.9293002 -13.08334486 2.993353929
-13.16106945 -3.964971011 6.619504088
-9.428219199 -11.03875131 6.822323503
-15.12434432 -9.347358848 0
-3.189611644 -5.32504456 10.5873915
-9.475052526 -2.167808463 9.36349228
-6.433328166 -8.890640865 10.40934363
-2.947692355 -1.821774064 10.66485113
-10.48527954 -6.48025914 8.955497875
-2.800699444 4.675757115 9.296461383
-8.127247763 1.859442619 8.03155671
-4.578967522 6.327977483 7.408925085
-2.818334735 1.741826658 10.19683086
-7.490407362 4.629326339 6.397571656
-6.056491829 0 9.799609632
-14.03412393 0 -3.986800508
-14.03412393 0 3.986800508
-11.64259177 3.217933222 -1.988792105
-14.83316797 -4.099786795 -2.533807586
-11.64259177 3.217933222 1.988792105
-14.83316797 -4.099786795 2.533807586
-4.62719271 10.49715161 0
-1.84903724 13.27530708 0
6.666880538 15.12434432 0
2.106578455 15.12434432 0
-6.666880538 -15.12434432 0
-2.106578455 -15.12434432 0
4.62719271 -10.49715161 0
1.84903724 -13.27530708 0
-8.266382988 -14.75892352 2.238768275
-5.859723261 -13.18554444 5.993704401
-5.768581766 -14.88413763 2.120055083
-0.9965047631 -7.56589283 9.632988414
-3.570624018 -11.4256363 9.13905283
-1.247151454 -14.97762678 2.017933442
-3.645453986 -13.60886987 5.898468454
-3.40392416 -14.94444636 2.053523643
-4.704518247 -14.30825028 4.123968472
5.379219274 -9.604138353 1.456843395
4.251314049 -9.56630336 4.348519306
4.1806087 -10.7868377 1.5364471
0.9366706316 -7.111606364 9.054585263
2.72781615 -8.728736226 6.981876496
0 -8.663098382 8.766313865
1.144987648 -13.75069371 1.852628932
2.876870695 -10.73966619 4.654874566
2.771316189 -12.16707077 1.671883112
0 -14.08646865 3.893404178
3.577821665 -10.88153242 3.136309176
-2.358007579 -12.66438199 7.827018516
1.911214684 -10.26474767 6.343962949
-1.094124838 -10.52035372 8.36337253
-1.239300164 -13.74404943 6.015689362
0.9982618236 -9.598600751 7.630605963
1.087837937 -12.06430759 5.280476267
-5.379219274 9.604138353 1.456843395
-4.251314049 9.56630336 4.348519306
-4.1806087 10.7868377 1.5364471
-0.9366706316 7.111606364 9.054585263
-2.72781615 8.728736226 6.981876496
-1.144987648 13.75069371 1.852628932
-2.876870695 10.73966619 4.654874566
-2.771316189 12.16707077 1.671883112
-3.577821665 10.88153242 3.136309176
8.266382988 14.75892352 2.238768275
5.859723261 13.18554444 5.993704401
5.768581766 14.88413763 2.120055083
0.9965047631 7.56589283 9.632988414
3.570624018 11.4256363 9.13905283
0 8.663098382 8.766313865
1.247151454 14.97762678 2.017933442
3.645453986 13.60886987 5.898468454
3.40392416 14.94444636 2.053523643
0 14.08646865 3.893404178
4.704518247 14.30825028 4.123968472
-1.911214684 10.26474767 6.343962949
2.358007579 12.66438199 7.827018516
-0.9982618236 9.598600751 7.630605963
-1.087837937 12.06430759 5.280476267
1.094124838 10.52035372 8.36337253
1.239300164 13.74404943 6.015689362
0 -4.500635186 10.21004589
0 -1.482403597 10.64303224
0 4.500635186 10.21004589
0 1.482403597 10.64303224
-8.266382988 -14.75892352 -2.238768275
-5.859723261 -13.18554444 -5.993704401
-5.768581766 -14.88413763 -2.120055083
-0.9965047631 -7.56589283 -9.632988414
-3.570624018 -11.4256363 -9.13905283
-1.247151454 -14.97762678 -2.017933442
-3.645453986 -13.60886987 -5.898468454
-3.40392416 -14.94444636 -2.053523643
-4.704518247 -14.30825028 -4.123968472
5.379219274 -9.604138353 -1.456843395
4.251314049 -9.56630336 -4.348519306
4.1806087 -10.7868377 -1.5364471
0.9366706316 -7.111606364 -9.054585263
2.72781615 -8.728736226 -6.981876496
0 -8.663098382 -8.766313865
1.144987648 -13.75069371 -1.852628932
2.876870695 -10.73966619 -4.654874566
2.771316189 -12.16707077 -1.671883112
0 -14.08646865 -3.893404178
3.577821665 -10.88153242 -3.136309176
-2.358007579 -12.66438199 -7.827018516
1.911214684 -10.26474767 -6.343962949
-1.094124838 -10.52035372 -8.36337253
-1.239300164 -13.74404943 -6.015689362
0.9982618236 -9.598600751 -7.630605963
1.087837937 -12.06430759 -5.280476267
-5.379219274 9.604138353 -1.456843395
-4.251314049 9.56630336 -4.348519306
-4.1806087 10.7868377 -1.5364471
-0.9366706316 7.111606364 -9.054585263
-2.72781615 8.728736226 -6.981876496
-1.144987648 13.75069371 -1.852628932
-2.876870695 10.73966619 -4.654874566
-2.771316189 12.16707077 -1.671883112
-3.577821665 10.88153242 -3.136309176
8.266382988 14.75892352 -2.238768275
5.859723261 13.18554444 -5.993704401
5.768581766 14.88413763 -2.120055083
0.9965047631 7.56589283 -9.632988414
3.570624018 11.4256363 -9.13905283
0 8.663098382 -8.766313865
1.247151454 14.97762678 -2.017933442
3.645453986 13.60886987 -5.898468454
3.40392416 14.94444636 -2.053523643
0 14.08646865 -3.893404178
4.704518247 14.30825028 -4.123968472
-1.911214684 10.26474767 -6.343962949
2.358007579 12.66438199 -7.827018516
-0.9982618236 9.598600751 -7.630605963
-1.087837937 12.06430759 -5.280476267
1.094124838 10.52035372 -8.36337253
1.239300164 13.74404943 -6.015689362
0 -4.500635186 -10.21004589
0 -1.482403597 -10.64303224
0 4.500635186 -10.21004589
0 1.482403597 -10.64303224
11.61678163 14.79063019 -1.530047873
13.23777585 10.58853351 -4.136935499
9.943584818 13.79737759 -3.708017121
13.03124888 1.976698811 -7.298722966
13.2279464 6.012978904 -5.878566908
7.075805534 11.81303054 -7.300854386
11.59398361 9.862431534 -6.0953179
8.405548043 12.75928121 -5.63744219
11.05205807 11.98922862 -5.053135378
6.631067762 -8.442757565 -0.8733788276
8.160591809 -6.527433373 -2.550265417
6.18553509 -8.582836554 -2.30661984
10.82023526 -1.641312077 -6.060347728
9.544966101 -4.338820107 -4.241831662
4.971388159 -8.299713704 -5.129505166
7.583345205 -6.450778728 -3.986800508
5.621016848 -8.532475728 -3.769909751
6.928986198 -7.51653666 -3.168016769
1.449056973 -5.350468847 -9.552806911
4.102642624 -4.010933608 -9.025399489
2.354983625 -6.315229583 -8.762796189
1.42641732 -3.881222241 -10.01435853
9.659930651 -0.9992918595 -7.587053665
6.723563759 -2.626893475 -8.405793855
9.293442023 -2.497593612 -6.697658912
4.092397272 -7.784202186 -6.621637882
5.009896562 -4.85546649 -8.106182918
3.268129274 -7.147949105 -7.754066751
5.514823917 -6.94572117 -6.061378033
3.728972406 -5.559978382 -8.439821812
1.424052516 -0.8801128564 -10.5696881
4.152743215 -2.566536453 -9.581155251
1.422867791 -2.358547985 -10.35487049
2.825216283 -3.222934813 -9.802184947
8.281135067 -5.118022937 -4.960259869
6.519376769 -4.029196429 -7.663987038
8.810430423 -3.892718669 -5.804127597
6.926588913 -6.044681734 -5.499633122
7.841465118 -3.30496532 -7.228515742
6.038340633 -5.493863798 -6.919322659
1.558555098 5.754777522 -10.27466565
4.861246035 4.752579467 -10.69425039
2.73773532 7.341633676 -10.18699934
1.500918595 4.083937115 -10.53740496
10.59549674 1.096073463 -8.321861228
8.087488081 3.159778122 -10.11097092
11.98849382 3.221883293 -8.639946567
8.80099014 0 -8.697366375
5.641556892 10.73087889 -9.128230801
6.608981194 6.405259335 -10.6935562
4.249328419 9.293996878 -10.08209084
7.886830213 9.93317727 -8.668465236
4.670533164 6.963865805 -10.57086601
1.439918925 0.8899188364 -10.68745271
4.60387087 2.845348677 -10.62199112
1.466549469 2.430954806 -10.67276238
2.901009255 0 -10.49595009
3.081141875 3.514888213 -10.69012758
11.8749943 7.339150096 -7.112920779
8.866306558 5.479678808 -10.42296847
11.96596546 5.286930935 -7.882928193
10.07368551 8.791083687 -7.998392166
10.60413211 4.469354687 -9.775231381
8.562045077 7.790005954 -9.811230619
5.74552911 -1.730927448 -9.296461383
6.321431301 1.904426684 -10.2282907
7.174927778 -0.9386484537 -9.025399489
4.385401374 -0.9034423679 -10.01932939
7.638817533 0.9993360892 -9.608930151
4.545693535 0.936464369 -10.385549
11.61678163 14.79063019 1.530047873
13.23777585 10.58853351 4.136935499
9.943584818 13.79737759 3.708017121
14.94626873 15.12434432 0
13.03124888 1.976698811 7.298722966
13.2279464 6.012978904 5.878566908
7.075805534 11.81303054 7.300854386
11.59398361 9.862431534 6.0953179
8.405548043 12.75928121 5.63744219
11.05205807 11.98922862 5.053135378
14.5289054 8.979357355 -2.705167064
14.5289054 8.979357355 2.705167064
14.77492821 11.74563441 -1.536603841
14.77492821 11.74563441 1.536603841
6.631067762 -8.442757565 0.8733788276
8.160591809 -6.527433373 2.550265417
6.18553509 -8.582836554 2.30661984
7.517389626 -7.606954695 0
10.82023526 -1.641312077 6.060347728
9.544966101 -4.338820107 4.241831662
4.971388159 -8.299713704 5.129505166
7.583345205 -6.450778728 3.986800508
5.621016848 -8.532475728 3.769909751
6.928986198 -7.51653666 3.168016769
9.22598846 -5.701974448 -1.717805949
9.22598846 -5.701974448 1.717805949
8.397811548 -6.676013779 -0.8733788276
8.397811548 -6.676013779 0.8733788276
1.449056973 -5.350468847 9.552806911
4.102642624 -4.010933608 9.025399489
2.354983625 -6.315229583 8.762796189
1.42641732 -3.881222241 10.01435853
9.659930651 -0.9992918595 7.587053665
6.723563759 -2.626893475 8.405793855
9.293442023 -2.497593612 6.697658912
4.092397272 -7.784202186 6.621637882
5.009896562 -4.85546649 8.106182918
3.268129274 -7.147949105 7.754066751
5.514823917 -6.94572117 6.061378033
3.728972406 -5.559978382 8.439821812
1.424052516 -0.8801128564 10.5696881
4.152743215 -2.566536453 9.581155251
1.422867791 -2.358547985 10.35487049
2.825216283 -3.222934813 9.802184947
8.281135067 -5.118022937 4.960259869
6.519376769 -4.029196429 7.663987038
8.810430423 -3.892718669 5.804127597
6.926588913 -6.044681734 5.499633122
7.841465118 -3.30496532 7.228515742
6.038340633 -5.493863798 6.919322659
1.558555098 5.754777522 10.27466565
4.861246035 4.752579467 10.69425039
2.73773532 7.341633676 10.18699934
1.500918595 4.083937115 10.53740496
10.59549674 1.096073463 8.321861228
8.087488081 3.159778122 10.11097092
11.98849382 3.221883293 8.639946567
8.80099014 0 8.697366375
5.641556892 10.73087889 9.128230801
6.608981194 6.405259335 10.6935562
4.249328419 9.293996878 10.08209084
7.886830213 9.93317727 8.668465236
4.670533164 6.963865805 10.57086601
1.439918925 0.8899188364 10.68745271
4.60387087 2.845348677 10.62199112
1.466549469 2.430954806 10.67276238
2.901009255 0 10.49595009
3.081141875 3.514888213 10.69012758
11.8749943 7.339150096 7.112920779
8.866306558 5.479678808 10.42296847
11.96596546 5.286930935 7.882928193
10.07368551 8.791083687 7.998392166
10.60413211 4.469354687 9.775231381
8.562045077 7.790005954 9.811230619
5.74552911 -1.730927448 9.296461383
6.321431301 1.904426684 10.2282907
7.174927778 -0.9386484537 9.025399489
4.385401374 -0.9034423679 10.01932939
7.638817533 0.9993360892 9.608930151
4.545693535 0.936464369 10.385549
12.83468624 0 -5.657588724
14.83920305 0 -2.066862851
14.00276659 1.994515049 -5.426992551
11.93605913 -1.700138998 -4.626007551
12.83468624 0 5.657588724
14.83920305 0 2.066862851
14.00276659 1.994515049 5.426992551
11.93605913 -1.700138998 4.626007551
14.30210054 6.198934202 -3.831152031
15.06426549 2.029606262 -1.254365654
14.14531658 4.077007213 -4.650946038
15.01713589 6.572911796 -1.354094298
14.69679771 2.019494122 -3.34751677
10.20093802 -4.421374567 -2.73255976
13.25738905 -1.786166068 -1.103911339
11.04309661 -3.18287571 -3.630943582
10.47872414 -4.586475747 -0.9448659667
12.79400312 -1.758030191 -2.91411373
14.30210054 6.198934202 3.831152031
15.06426549 2.029606262 1.254365654
14.14531658 4.077007213 4.650946038
15.01713589 6.572911796 1.354094298
14.69679771 2.019494122 3.34751677
15.12434432 4.180265959 0
10.20093802 -4.421374567 2.73255976
13.25738905 -1.786166068 1.103911339
11.04309661 -3.18287571 3.630943582
10.47872414 -4.586475747 0.9448659667
12.79400312 -1.758030191 2.91411373
11.84928304 -3.275061283 0
-6.631067762 8.442757565 -0.8733788276
-8.160591809 6.527433373 -2.550265417
-6.18553509 8.582836554 -2.30661984
-10.82023526 1.641312077 -6.060347728
-9.544966101 4.338820107 -4.241831662
-4.971388159 8.299713704 -5.129505166
-7.583345205 6.450778728 -3.986800508
-5.621016848 8.532475728 -3.769909751
-6.928986198 7.51653666 -3.168016769
-11.61678163 -14.79063019 -1.530047873
-13.23777585 -10.58853351 -4.136935499
-9.943584818 -13.79737759 -3.708017121
-13.03124888 -1.976698811 -7.298722966
-13.2279464 -6.012978904 -5.878566908
-7.075805534 -11.81303054 -7.300854386
-11.59398361 -9.862431534 -6.0953179
-8.405548043 -12.75928121 -5.63744219
-11.05205807 -11.98922862 -5.053135378
-1.558555098 -5.754777522 -10.27466565
-4.861246035 -4.752579467 -10.69425039
-2.73773532 -7.341633676 -10.18699934
-1.500918595 -4.083937115 -10.53740496
-10.59549674 -1.096073463 -8.321861228
-8.087488081 -3.159778122 -10.11097092
-11.98849382 -3.221883293 -8.639946567
-5.641556892 -10.73087889 -9.128230801
-6.608981194 -6.405259335 -10.6935562
-4.249328419 -9.293996878 -10.08209084
-7.886830213 -9.93317727 -8.668465236
-4.670533164 -6.963865805 -10.57086601
-1.439918925 -0.8899188364 -10.68745271
-4.60387087 -2.845348677 -10.62199112
-1.466549469 -2.430954806 -10.67276238
-3.081141875 -3.514888213 -10.69012758
-11.8749943 -7.339150096 -7.112920779
-8.866306558 -5.479678808 -10.42296847
-11.96596546 -5.286930935 -7.882928193
-10.07368551 -8.791083687 -7.998392166
-10.60413211 -4.469354687 -9.775231381
-8.562045077 -7.790005954 -9.811230619
-1.449056973 5.350468847 -9.552806911
-4.102642624 4.010933608 -9.025399489
-2.354983625 6.315229583 -8.762796189
-1.42641732 3.881222241 -10.01435853
-9.659930651 0.9992918595 -7.587053665
-6.723563759 2.626893475 -8.405793855
-9.293442023 2.497593612 -6.697658912
-8.80099014 0 -8.697366375
-4.092397272 7.784202186 -6.621637882
-5.009896562 4.85546649 -8.106182918
-3.268129274 7.147949105 -7.754066751
-5.514823917 6.94572117 -6.061378033
-3.728972406 5.559978382 -8.439821812
-1.424052516 0.8801128564 -10.5696881
-4.152743215 2.566536453 -9.581155251
-1.422867791 2.358547985 -10.35487049
-2.901009255 0 -10.49595009
-2.825216283 3.222934813 -9.802184947
-8.281135067 5.118022937 -4.960259869
-6.519376769 4.029196429 -7.663987038
-8.810430423 3.892718669 -5.804127597
-6.926588913 6.044681734 -5.499633122
-7.841465118 3.30496532 -7.228515742
-6.038340633 5.493863798 -6.919322659
-6.321431301 -1.904426684 -10.2282907
-5.74552911 1.730927448 -9.296461383
-7.638817533 -0.9993360892 -9.608930151
-4.545693535 -0.936464369 -10.385549
-7.174927778 0.9386484537 -9.025399489
-4.385401374 0.9034423679 -10.01932939
-6.631067762 8.442757565 0.8733788276
-8.160591809 6.527433373 2.550265417
-6.18553509 8.582836554 2.30661984
-7.517389626 7.606954695 0
-10.82023526 1.641312077 6.060347728
-9.544966101 4.338820107 4.241831662
-4.971388159 8.299713704 5.129505166
-7.583345205 6.450778728 3.986800508
-5.621016848 8.532475728 3.769909751
-6.928986198 7.51653666 3.168016769
-9.22598846 5.701974448 -1.717805949
-9.22598846 5.701974448 1.717805949
-8.397811548 6.676013779 -0.8733788276
-8.397811548 6.676013779 0.8733788276
-11.61678163 -14.79063019 1.530047873
-13.23777585 -10.58853351 4.136935499
-9.943584818 -13.79737759 3.708017121
-14.94626873 -15.12434432 0
-13.03124888 -1.976698811 7.298722966
-13.2279464 -6.012978904 5.878566908
-7.075805534 -11.81303054 7.300854386
-11.59398361 -9.862431534 6.0953179
-8.405548043 -12.75928121 5.63744219
-11.05205807 -11.98922862 5.053135378
-14.5289054 -8.979357355 -2.705167064
-14.5289054 -8.979357355 2.705167064
-14.77492821 -11.74563441 -1.536603841
-14.77492821 -11.74563441 1.536603841
-1.558555098 -5.754777522 10.27466565
-4.861246035 -4.752579467 10.69425039
-2.73773532 -7.341633676 10.18699934
-1.500918595 -4.083937115 10.53740496
-10.59549674 -1.096073463 8.321861228
-8.087488081 -3.159778122 10.11097092
-11.98849382 -3.221883293 8.639946567
-5.641556892 -10.73087889 9.128230801
-6.608981194 -6.405259335 10.6935562
-4.249328419 -9.293996878 10.08209084
-7.886830213 -9.93317727 8.668465236
-4.670533164 -6.963865805 10.57086601
-1.439918925 -0.8899188364 10.68745271
-4.60387087 -2.845348677 10.62199112
-1.466549469 -2.430954806 10.67276238
-3.081141875 -3.514888213 10.69012758
-11.8749943 -7.339150096 7.112920779
-8.866306558 -5.479678808 10.42296847
-11.96596546 -5.286930935 7.882928193
-10.07368551 -8.791083687 7.998392166
-10.60413211 -4.469354687 9.775231381
-8.562045077 -7.790005954 9.811230619
-1.449056973 5.350468847 9.552806911
-4.102642624 4.010933608 9.025399489
-2.354983625 6.315229583 8.762796189
-1.42641732 3.881222241 10.01435853
-9.659930651 0.9992918595 7.587053665
-6.723563759 2.626893475 8.405793855
-9.293442023 2.497593612 6.697658912
-8.80099014 0 8.697366375
-4.092397272 7.784202186 6.621637882
-5.009896562 4.85546649 8.106182918
-3.268129274 7.147949105 7.754066751
-5.514823917 6.94572117 6.061378033
-3.728972406 5.559978382 8.439821812
-1.424052516 0.8801128564 10.5696881
-4.152743215 2.566536453 9.581155251
-1.422867791 2.358547985 10.35487049
-2.901009255 0 10.49595009
-2.825216283 3.222934813 9.802184947
-8.281135067 5.118022937 4.960259869
-6.519376769 4.029196429 7.663987038
-8.810430423 3.892718669 5.804127597
-6.926588913 6.044681734 5.499633122
-7.841465118 3.30496532 7.228515742
-6.038340633 5.493863798 6.919322659
-6.321431301 -1.904426684 10.2282907
-5.74552911 1.730927448 9.296461383
-7.638817533 -0.9993360892 9.608930151
-4.545693535 -0.936464369 10.385549
-7.174927778 0.9386484537 9.025399489
-4.385401374 0.9034423679 10.01932939
-12.83468624 0 -5.657588724
-14.83920305 0 -2.066862851
-11.93605913 1.700138998 -4.626007551
-14.00276659 -1.994515049 -5.426992551
-12.83468624 0 5.657588724
-14.83920305 0 2.066862851
-11.93605913 1.700138998 4.626007551
-14.00276659 -1.994515049 5.426992551
-10.20093802 4.421374567 -2.73255976
-13.25738905 1.786166068 -1.103911339
-11.04309661 3.18287571 -3.630943582
-10.47872414 4.586475747 -0.9448659667
-12.79400312 1.758030191 -2.91411373
-14.30210054 -6.198934202 -3.831152031
-15.06426549 -2.029606262 -1.254365654
-14.14531658 -4.077007213 -4.650946038
-15.01713589 -6.572911796 -1.354094298
-14.69679771 -2.019494122 -3.34751677
-10.20093802 4.421374567 2.73255976
-13.25738905 1.786166068 1.103911339
-11.04309661 3.18287571 3.630943582
-10.47872414 4.586475747 0.9448659667
-12.79400312 1.758030191 2.91411373
-11.84928304 3.275061283 0
-14.30210054 -6.198934202 3.831152031
-15.06426549 -2.029606262 1.254365654
-14.14531658 -4.077007213 4.650946038
-15.01713589 -6.572911796 1.354094298
-14.69679771 -2.019494122 3.34751677
-15.12434432 -4.180265959 0
-5.214459042 9.90988528 0
-4.007459116 11.11688521 0
-0.9802884377 14.14405588 0
-2.631335582 12.49300874 0
7.958242883 15.12434432 0
5.45208396 15.12434432 0
1.048229729 15.12434432 0
3.185559716 15.12434432 0
-7.958242883 -15.12434432 0
-5.45208396 -15.12434432 0
-1.048229729 -15.12434432 0
-3.185559716 -15.12434432 0
5.214459042 -9.90988528 0
4.007459116 -11.11688521 0
0.9802884377 -14.14405588 0
2.631335582 -12.49300874 0
-8.843714893 -15.01931388 1.148614174
-7.66056063 -14.41133889 3.262428037
-7.503333564 -15.04367493 1.108857336
-5.280933832 -12.76066793 6.821530173
-6.449765153 -13.60696098 5.130820966
-5.045106058 -15.0694636 1.05181351
-6.445039774 -14.53965434 3.185813056
-6.235193405 -15.05899351 1.07788051
-6.985682833 -14.83263239 2.179056988
-0.4822373826 -6.787988066 9.720681547
-1.550946711 -8.402046072 9.534364916
-4.147434394 -11.90581583 8.405890472
-2.82340998 -10.31110633 9.291937217
-0.6243279381 -15.08915569 1.010183824
-1.86557776 -14.78073189 3.018568224
-1.679298841 -15.08604267 1.014857049
-4.193947985 -13.01787347 6.785950386
-3.070579682 -14.1004307 4.968302291
-4.746132603 -13.41688601 5.953211543
-3.85748173 -15.0765086 1.038227859
-2.9418663 -14.74443253 3.042455275
-2.759765188 -15.08198512 1.023478097
-4.563337122 -14.91821743 2.086579757
-2.315194131 -14.96257544 2.035741616
-5.860981176 -14.18242514 4.177400965
-3.578133763 -14.40841454 4.066024115
-5.305918528 -13.80937119 5.081528533
-5.240005139 -14.62420822 3.144364753
-4.173863193 -13.9705814 5.026780109
-4.068404328 -14.69060518 3.096899709
5.592189177 -9.497235672 0.7263087778
5.138195015 -9.66616847 2.188219934
5.021043756 -10.06685221 0.7420196845
3.90395981 -9.433394992 5.042854254
4.573530217 -9.64869972 3.638266537
3.783134901 -11.30002284 0.788715312
4.541650382 -10.24571283 2.24495885
4.417285805 -10.66845468 0.7636180573
4.794849102 -10.18085644 1.495666164
0.4690010677 -6.601673295 9.453871038
1.399653478 -7.582435246 8.604297569
0 -7.343178438 9.349425693
3.140191394 -9.014377774 6.364441825
2.298358676 -8.393616537 7.563975714
-1.033713102 -8.988643246 9.095737396
0.958754017 -8.336837181 8.436165463
-0.5005783004 -8.139933584 9.230006555
0.4836443368 -7.864569391 8.917766501
0.5984520045 -14.46376963 0.9683156839
1.641879113 -13.00839637 2.65661621
1.509407764 -13.55981996 0.9121861289
0 -14.85706122 2.001689662
3.218775692 -9.990971471 5.208088471
2.503134255 -11.49466054 4.050156303
3.585627674 -10.13624393 4.497556609
3.072107209 -12.00696568 0.8268470241
2.44442557 -12.25129364 2.528005936
2.331775851 -12.74304381 0.8647552778
3.502754945 -11.45101896 1.601629984
1.9990762 -12.91957682 1.757780291
-1.233795709 -14.54277698 4.0195247
1.112760762 -13.11613541 3.625210668
-0.6240216665 -14.8075478 3.031056485
0.5892855826 -13.98328761 2.862333125
4.242143689 -10.26515587 3.023578238
2.865853686 -11.54020801 3.256622298
3.929608028 -10.22733681 3.763422904
3.893308482 -10.86574391 2.336253809
3.239375954 -10.84270455 3.901333095
3.194226523 -11.53403569 2.431469046
-3.537635537 -12.53460548 7.746812222
-1.110603257 -12.00400343 7.418882121
-2.980009803 -12.10744068 8.527479017
-3.005251729 -13.16753959 6.886900287
2.750722104 -9.746401517 6.023607405
1.000126881 -10.80991473 6.680894716
2.333462657 -9.48059321 6.677345098
2.407562751 -10.54875954 5.517223213
-1.632757654 -9.954588631 8.930087355
-0.5472920319 -10.99992207 7.729434533
-2.268536352 -10.96996605 8.747311368
-0.522744952 -9.554736338 8.578138573
-1.692140819 -11.54119652 8.116091825
-1.860593415 -14.16851922 5.035439617
-0.5843945795 -12.51959331 6.568745029
-2.440794462 -13.71700748 5.974952216
-0.6143486024 -14.00614913 4.970184598
-1.809596058 -13.28756109 6.964269879
1.440795401 -8.784234135 7.880182807
0.520576322 -10.46296792 7.352127139
1.893626084 -9.157011673 7.301684612
0.5013108163 -9.162963038 8.226408756
1.460968045 -9.964489429 7.007307353
0 -10.05176897 7.990861399
1.60436797 -12.21734863 4.342000767
0.5502541844 -11.7881973 6.184998228
2.024549885 -11.37775686 4.956004699
0.5727668066 -13.0581518 4.633780804
1.518328657 -11.1488333 5.843320937
0 -12.86001757 5.62875383
-5.592189177 9.497235672 0.7263087778
-5.138195015 9.66616847 2.188219934
-5.021043756 10.06685221 0.7420196845
-3.90395981 9.433394992 5.042854254
-4.573530217 9.64869972 3.638266537
-3.783134901 11.30002284 0.788715312
-4.541650382 10.24571283 2.24495885
-4.417285805 10.66845468 0.7636180573
-4.794849102 10.18085644 1.495666164
-0.4690010677 6.601673295 9.453871038
-1.399653478 7.582435246 8.604297569
-3.140191394 9.014377774 6.364441825
-2.298358676 8.393616537 7.563975714
-0.5984520045 14.46376963 0.9683156839
-1.641879113 13.00839637 2.65661621
-1.509407764 13.55981996 0.9121861289
-3.218775692 9.990971471 5.208088471
-2.503134255 11.49466054 4.050156303
-3.585627674 10.13624393 4.497556609
-3.072107209 12.00696568 0.8268470241
-2.44442557 12.25129364 2.528005936
-2.331775851 12.74304381 0.8647552778
-3.502754945 11.45101896 1.601629984
-1.9990762 12.91957682 1.757780291
-4.242143689 10.26515587 3.023578238
-2.865853686 11.54020801 3.256622298
-3.929608028 10.22733681 3.763422904
-3.893308482 10.86574391 2.336253809
-3.239375954 10.84270455 3.901333095
-3.194226523 11.53403569 2.431469046
8.843714893 15.01931388 1.148614174
7.66056063 14.41133889 3.262428037
7.503333564 15.04367493 1.108857336
5.280933832 12.76066793 6.821530173
6.449765153 13.60696098 5.130820966
5.045106058 15.0694636 1.05181351
6.445039774 14.53965434 3.185813056
6.235193405 15.05899351 1.07788051
6.985682833 14.83263239 2.179056988
0.4822373826 6.787988066 9.720681547
1.550946711 8.402046072 9.534364916
0 7.343178438 9.349425693
4.147434394 11.90581583 8.405890472
2.82340998 10.31110633 9.291937217
-0.958754017 8.336837181 8.436165463
1.033713102 8.988643246 9.095737396
-0.4836443368 7.864569391 8.917766501
0.5005783004 8.139933584 9.230006555
0.6243279381 15.08915569 1.010183824
1.86557776 14.78073189 3.018568224
1.679298841 15.08604267 1.014857049
0 14.85706122 2.001689662
4.193947985 13.01787347 6.785950386
3.070579682 14.1004307 4.968302291
4.746132603 13.41688601 5.953211543
3.85748173 15.0765086 1.038227859
2.9418663 14.74443253 3.042455275
2.759765188 15.08198512 1.023478097
4.563337122 14.91821743 2.086579757
2.315194131 14.96257544 2.035741616
-1.112760762 13.11613541 3.625210668
1.233795709 14.54277698 4.0195247
-0.5892855826 13.98328761 2.862333125
0.6240216665 14.8075478 3.031056485
5.860981176 14.18242514 4.177400965
3.578133763 14.40841454 4.066024115
5.305918528 13.80937119 5.081528533
5.240005139 14.62420822 3.144364753
4.173863193 13.9705814 5.026780109
4.068404328 14.69060518 3.096899709
-2.750722104 9.746401517 6.023607405
-1.000126881 10.80991473 6.680894716
-2.333462657 9.48059321 6.677345098
-2.407562751 10.54875954 5.517223213
3.537635537 12.53460548 7.746812222
1.110603257 12.00400343 7.418882121
2.980009803 12.10744068 8.527479017
3.005251729 13.16753959 6.886900287
-1.440795401 8.784234135 7.880182807
-0.520576322 10.46296792 7.352127139
-1.893626084 9.157011673 7.301684612
-0.5013108163 9.162963038 8.226408756
-1.460968045 9.964489429 7.007307353
-1.60436797 12.21734863 4.342000767
-0.5502541844 11.7881973 6.184998228
-2.024549885 11.37775686 4.956004699
-0.5727668066 13.0581518 4.633780804
-1.518328657 11.1488333 5.843320937
1.632757654 9.954588631 8.930087355
0.5472920319 10.99992207 7.729434533
2.268536352 10.96996605 8.747311368
0.522744952 9.554736338 8.578138573
1.692140819 11.54119652 8.116091825
0 10.05176897 7.990861399
1.860593415 14.16851922 5.035439617
0.5843945795 12.51959331 6.568745029
2.440794462 13.71700748 5.974952216
0.6143486024 14.00614913 4.970184598
1.809596058 13.28756109 6.964269879
0 12.86001757 5.62875383
0 -5.274092541 10.02321653
0 -3.735751357 10.36315476
0 -0.7403218446 10.68170667
0 -2.227956832 10.57785421
0 5.274092541 10.02321653
0 3.735751357 10.36315476
0 0.7403218446 10.68170667
0 2.227956832 10.57785421
-8.843714893 -15.01931388 -1.148614174
-7.66056063 -14.41133889 -3.262428037
-7.503333564 -15.04367493 -1.108857336
-5.280933832 -12.76066793 -6.821530173
-6.449765153 -13.60696098 -5.130820966
-5.045106058 -15.0694636 -1.05181351
-6.445039774 -14.53965434 -3.185813056
-6.235193405 -15.05899351 -1.07788051
-6.985682833 -14.83263239 -2.179056988
-0.4822373826 -6.787988066 -9.720681547
-1.550946711 -8.402046072 -9.534364916
-4.147434394 -11.90581583 -8.405890472
-2.82340998 -10.31110633 -9.291937217
-0.6243279381 -15.08915569 -1.010183824
-1.86557776 -14.78073189 -3.018568224
-1.679298841 -15.08604267 -1.014857049
-4.193947985 -13.01787347 -6.785950386
-3.070579682 -14.1004307 -4.968302291
-4.746132603 -13.41688601 -5.953211543
-3.85748173 -15.0765086 -1.038227859
-2.9418663 -14.74443253 -3.042455275
-2.759765188 -15.08198512 -1.023478097
-4.563337122 -14.91821743 -2.086579757
-2.315194131 -14.96257544 -2.035741616
-5.860981176 -14.18242514 -4.177400965
-3.578133763 -14.40841454 -4.066024115
-5.305918528 -13.80937119 -5.081528533
-5.240005139 -14.62420822 -3.144364753
-4.173863193 -13.9705814 -5.026780109
-4.068404328 -14.69060518 -3.096899709
5.592189177 -9.497235672 -0.7263087778
5.138195015 -9.66616847 -2.188219934
5.021043756 -10.06685221 -0.7420196845
3.90395981 -9.433394992 -5.042854254
4.573530217 -9.64869972 -3.638266537
3.783134901 -11.30002284 -0.788715312
4.541650382 -10.24571283 -2.24495885
4.417285805 -10.66845468 -0.7636180573
4.794849102 -10.18085644 -1.495666164
0.4690010677 -6.601673295 -9.453871038
1.399653478 -7.582435246 -8.604297569
0 -7.343178438 -9.349425693
3.140191394 -9.014377774 -6.364441825
2.298358676 -8.393616537 -7.563975714
-1.033713102 -8.988643246 -9.095737396
0.958754017 -8.336837181 -8.436165463
-0.5005783004 -8.139933584 -9.230006555
0.4836443368 -7.864569391 -8.917766501
0.5984520045 -14.46376963 -0.9683156839
1.641879113 -13.00839637 -2.65661621
1.509407764 -13.55981996 -0.9121861289
0 -14.85706122 -2.001689662
3.218775692 -9.990971471 -5.208088471
2.503134255 -11.49466054 -4.050156303
3.585627674 -10.13624393 -4.497556609
3.072107209 -12.00696568 -0.8268470241
2.44442557 -12.25129364 -2.528005936
2.331775851 -12.74304381 -0.8647552778
3.502754945 -11.45101896 -1.601629984
1.9990762 -12.91957682 -1.757780291
-1.233795709 -14.54277698 -4.0195247
1.112760762 -13.11613541 -3.625210668
-0.6240216665 -14.8075478 -3.031056485
0.5892855826 -13.98328761 -2.862333125
4.242143689 -10.26515587 -3.023578238
2.865853686 -11.54020801 -3.256622298
3.929608028 -10.22733681 -3.763422904
3.893308482 -10.86574391 -2.336253809
3.239375954 -10.84270455 -3.901333095
3.194226523 -11.53403569 -2.431469046
-3.537635537 -12.53460548 -7.746812222
-1.110603257 -12.00400343 -7.418882121
-2.980009803 -12.10744068 -8.527479017
-3.005251729 -13.16753959 -6.886900287
2.750722104 -9.746401517 -6.023607405
1.000126881 -10.80991473 -6.680894716
2.333462657 -9.48059321 -6.677345098
2.407562751 -10.54875954 -5.517223213
-1.632757654 -9.954588631 -8.930087355
-0.5472920319 -10.99992207 -7.729434533
-2.268536352 -10.96996605 -8.747311368
-0.522744952 -9.554736338 -8.578138573
-1.692140819 -11.54119652 -8.116091825
-1.860593415 -14.16851922 -5.035439617
-0.5843945795 -12.51959331 -6.568745029
-2.440794462 -13.71700748 -5.974952216
-0.6143486024 -14.00614913 -4.970184598
-1.809596058 -13.28756109 -6.964269879
1.440795401 -8.784234135 -7.880182807
0.520576322 -10.46296792 -7.352127139
1.893626084 -9.157011673 -7.301684612
0.5013108163 -9.162963038 -8.226408756
1.460968045 -9.964489429 -7.007307353
0 -10.05176897 -7.990861399
1.60436797 -12.21734863 -4.342000767
0.5502541844 -11.7881973 -6.184998228
2.024549885 -11.37775686 -4.956004699
0.5727668066 -13.0581518 -4.633780804
1.518328657 -11.1488333 -5.843320937
0 -12.86001757 -5.62875383
-5.592189177 9.497235672 -0.7263087778
-5.138195015 9.66616847 -2.188219934
-5.021043756 10.06685221 -0.7420196845
-3.90395981 9.433394992 -5.042854254
-4.573530217 9.64869972 -3.638266537
-3.783134901 11.30002284 -0.788715312
-4.541650382 10.24571283 -2.24495885
-4.417285805 10.66845468 -0.7636180573
-4.794849102 10.18085644 -1.495666164
-0.4690010677 6.601673295 -9.453871038
-1.399653478 7.582435246 -8.604297569
-3.140191394 9.014377774 -6.364441825
-2.298358676 8.393616537 -7.563975714
-0.5984520045 14.46376963 -0.9683156839
-1.641879113 13.00839637 -2.65661621
-1.509407764 13.55981996 -0.9121861289
-3.218775692 9.990971471 -5.208088471
-2.503134255 11.49466054 -4.050156303
-3.585627674 10.13624393 -4.497556609
-3.072107209 12.00696568 -0.8268470241
-2.44442557 12.25129364 -2.528005936
-2.331775851 12.74304381 -0.8647552778
-3.502754945 11.45101896 -1.601629984
-1.9990762 12.91957682 -1.757780291
-4.242143689 10.26515587 -3.023578238
-2.865853686 11.54020801 -3.256622298
-3.929608028 10.22733681 -3.763422904
-3.893308482 10.86574391 -2.336253809
-3.239375954 10.84270455 -3.901333095
-3.194226523 11.53403569 -2.431469046
8.843714893 15.01931388 -1.148614174
7.66056063 14.41133889 -3.262428037
7.503333564 15.04367493 -1.108857336
5.280933832 12.76066793 -6.821530173
6.449765153 13.60696098 -5.130820966
5.045106058 15.0694636 -1.05181351
6.445039774 14.53965434 -3.185813056
6.235193405 15.05899351 -1.07788051
6.985682833 14.83263239 -2.179056988
0.4822373826 6.787988066 -9.720681547
1.550946711 8.402046072 -9.534364916
0 7.343178438 -9.349425693
4.147434394 11.90581583 -8.405890472
2.82340998 10.31110633 -9.291937217
-0.958754017 8.336837181 -8.436165463
1.033713102 8.988643246 -9.095737396
-0.4836443368 7.864569391 -8.917766501
0.5005783004 8.139933584 -9.230006555
0.6243279381 15.08915569 -1.010183824
1.86557776 14.78073189 -3.018568224
1.679298841 15.08604267 -1.014857049
0 14.85706122 -2.001689662
4.193947985 13.01787347 -6.785950386
3.070579682 14.1004307 -4.968302291
4.746132603 13.41688601 -5.953211543
3.85748173 15.0765086 -1.038227859
2.9418663 14.74443253 -3.042455275
2.759765188 15.08198512 -1.023478097
4.563337122 14.91821743 -2.086579757
2.315194131 14.96257544 -2.035741616
-1.112760762 13.11613541 -3.625210668
1.233795709 14.54277698 -4.0195247
-0.5892855826 13.98328761 -2.862333125
0.6240216665 14.8075478 -3.031056485
5.860981176 14.18242514 -4.177400965
3.578133763 14.40841454 -4.066024115
5.305918528 13.80937119 -5.081528533
5.240005139 14.62420822 -3.144364753
4.173863193 13.9705814 -5.026780109
4.068404328 14.69060518 -3.096899709
-2.750722104 9.746401517 -6.023607405
-1.000126881 10.80991473 -6.680894716
-2.333462657 9.48059321 -6.677345098
-2.407562751 10.54875954 -5.517223213
3.537635537 12.53460548 -7.746812222
1.110603257 12.00400343 -7.418882121
2.980009803 12.10744068 -8.527479017
3.005251729 13.16753959 -6.886900287
-1.440795401 8.784234135 -7.880182807
-0.520576322 10.46296792 -7.352127139
-1.893626084 9.157011673 -7.301684612
-0.5013108163 9.162963038 -8.226408756
-1.460968045 9.964489429 -7.007307353
-1.60436797 12.21734863 -4.342000767
-0.5502541844 11.7881973 -6.184998228
-2.024549885 11.37775686 -4.956004699
-0.5727668066 13.0581518 -4.633780804
-1.518328657 11.1488333 -5.843320937
1.632757654 9.954588631 -8.930087355
0.5472920319 10.99992207 -7.729434533
2.268536352 10.96996605 -8.747311368
0.522744952 9.554736338 -8.578138573
1.692140819 11.54119652 -8.116091825
0 10.05176897 -7.990861399
1.860593415 14.16851922 -5.035439617
0.5843945795 12.51959331 -6.568745029
2.440794462 13.71700748 -5.974952216
0.6143486024 14.00614913 -4.970184598
1.809596058 13.28756109 -6.964269879
0 12.86001757 -5.62875383
0 -5.274092541 -10.02321653
0 -3.735751357 -10.36315476
0 -0.7403218446 -10.68170667
0 -2.227956832 -10.57785421
0 5.274092541 -10.02321653
0 3.735751357 -10.36315476
0 0.7403218446 -10.68170667
0 2.227956832 -10.57785421
10.51904606 15.06371195 -0.7473020268
12.45543653 14.13401879 -2.29916834
9.861602711 14.78027418 -1.9030251
13.26859839 9.368058968 -4.622164671
13.14693582 11.84746799 -3.599923092
8.46156183 13.93494442 -3.981133722
11.47086038 13.55336745 -3.388078744
9.156824781 14.37742995 -2.985708
10.77074221 14.30624507 -2.668961835
12.16260626 0.9301451488 -7.161620227
13.12257753 2.970679213 -6.975500444
13.25335682 7.084909183 -5.484830478
13.19653934 4.976061943 -6.255223312
5.890674567 12.09739984 -7.476604275
8.260193433 11.46627151 -7.08654552
6.492639735 12.54505446 -6.672880656
12.51023613 9.088992117 -5.617306052
10.5524248 10.51004763 -6.49556666
12.40978804 10.23024249 -5.154670676
7.76604732 13.456537 -4.954234874
8.959675499 11.9443415 -6.261575557
7.119570746 13.00117241 -5.830181891
9.154097177 13.26847121 -4.707445407
7.727630848 12.27824125 -6.488730068
11.95184262 12.5147188 -4.069162421
10.21528703 11.49967428 -5.965519741
12.23822009 11.39455956 -4.63996168
10.57852792 12.97689284 -4.418578998
11.36848469 10.94289315 -5.604452456
9.741541519 12.43935616 -5.376385742
6.213485452 -8.897969884 -0.4414231334
7.0323896 -7.980123902 -1.298119699
6.016936744 -9.018004212 -1.161107579
8.517214399 -6.013428426 -2.967002718
7.795267353 -7.024768487 -2.134517377
5.541665938 -9.126306512 -2.607333443
6.809156 -8.04534187 -2.01117928
5.792167908 -9.094472191 -1.888615593
6.423655704 -8.5322247 -1.591765134
11.11295887 -0.8498725156 -6.54356388
10.51435994 -2.380232879 -5.589063752
9.20872519 -4.922751463 -3.81098142
9.875090266 -3.723632355 -4.680840428
4.269847014 -8.768782928 -5.419405889
5.646230873 -7.837736095 -4.843987302
4.621410301 -8.929471875 -4.749704382
8.221551077 -5.973157673 -3.691614462
6.94555113 -6.917658698 -4.275348198
7.891201466 -6.505260548 -3.277779175
5.255505634 -9.10642224 -3.352671986
5.968974921 -7.95737244 -4.171488964
4.951987409 -9.04291064 -4.055158428
5.919186559 -8.579607027 -3.043909961
5.310090956 -8.437071995 -4.458772362
7.191940502 -7.530647436 -2.448590979
6.631953292 -7.465801255 -3.87292576
7.546627236 -7.026388879 -2.861205383
6.565126655 -8.053572829 -2.742208648
7.261826488 -6.98997215 -3.579946001
6.283485005 -8.023628265 -3.467874065
0.74006945 -5.698138994 -9.67717064
2.13387253 -5.010580987 -9.426096092
1.19995935 -6.218269205 -9.319755262
0.7306876402 -4.94436292 -9.913112334
4.748139346 -3.675804266 -8.882087738
3.455191409 -4.343393248 -9.163183631
2.112888336 -7.153507613 -8.45220969
2.583503341 -5.491017078 -9.042895309
1.661906375 -6.706714539 -8.908197774
1.906759182 -5.847812219 -9.181841143
0.7176618612 -3.442321447 -10.28203117
2.122065295 -4.29303132 -9.684841934
0.723987996 -4.188038598 -10.11478586
1.439716027 -4.615482562 -9.800009215
10.49457821 -0.5206299477 -7.32840298
8.873734214 -1.443482499 -7.819873096
10.28026449 -1.323629124 -6.859134206
6.053411378 -2.986730155 -8.573844885
7.412795613 -2.25242171 -8.225854523
9.782225944 -2.794725864 -5.939952624
8.739242426 -2.184640948 -7.396437088
10.03901509 -2.084765343 -6.393736746
9.486965057 -1.769880744 -7.142451042
3.823112491 -8.514408789 -6.185925954
4.343570923 -7.056382904 -7.028045386
3.425985985 -8.248007014 -6.799399922
4.548986601 -8.070905096 -5.894239761
5.208301939 -4.10352222 -8.427209562
4.800541705 -5.595589975 -7.767439644
4.568156537 -4.444766237 -8.588160869
2.577975779 -7.571966317 -7.928570698
3.932843853 -6.73455634 -7.581304778
3.007281375 -7.931912775 -7.385114167
2.819694479 -6.750635622 -8.281140408
3.690352755 -7.48578369 -7.205545272
5.928240268 -7.185899307 -5.327529181
5.06416491 -6.659222738 -6.756773388
5.252587934 -7.626203112 -5.607251214
4.8148655 -7.363728708 -6.34143652
3.273430354 -5.13128983 -8.89118861
4.164914206 -5.959567113 -7.944830683
3.920917303 -4.788057844 -8.743556
3.051854458 -5.934635427 -8.601999497
4.373073646 -5.208029685 -8.274909368
3.5056212 -6.351879518 -8.110963899
0.7138825196 -0.4412036611 -10.6632914
2.126785523 -1.31442574 -10.41402555
0.7137657167 -1.181078598 -10.61026287
4.787954798 -2.959118802 -9.18500522
3.494923649 -2.159981603 -9.918866814
4.133415072 -3.295319828 -9.315570002
0.717788358 -2.666905395 -10.42328258
2.121147109 -2.051018218 -10.27956292
0.7145869161 -1.926853247 -10.53016109
1.42663079 -3.120032783 -10.19984415
1.425233127 -1.620879263 -10.47537566
2.816932902 -3.952215947 -9.563587586
2.825681779 -2.48662258 -10.01312173
3.474440352 -3.627864592 -9.442008675
2.130985986 -3.551234794 -9.911058424
3.488324181 -2.896444162 -9.694857512
2.131296712 -2.799889433 -10.1101235
8.600808424 -5.315591937 -4.188053972
7.909989302 -4.888642239 -5.698281399
8.908293204 -4.738439167 -4.610449369
7.938970625 -5.797887072 -4.474624664
5.975119261 -3.69282679 -8.224251039
7.025696992 -4.342119536 -7.054025041
6.629538628 -3.340398666 -8.041956898
5.762311276 -4.447168397 -7.890257155
9.493569636 -3.495206364 -5.478936446
8.144288193 -4.269475706 -6.109183948
9.208276009 -4.129314061 -5.042543122
9.058927242 -3.213965253 -6.249876038
8.550887495 -4.518920884 -5.381723705
6.622631694 -6.719646323 -5.036338377
7.215482198 -5.349461539 -5.952645632
7.277518008 -6.267194285 -4.758495563
6.224714707 -6.497747983 -5.782937586
7.600365733 -5.588253992 -5.234792302
7.993285497 -2.599017804 -7.63377043
7.673466415 -3.980653212 -6.816424535
7.304348029 -2.974392716 -7.84516666
8.554290476 -2.912700961 -6.973302609
7.173492877 -3.673936975 -7.452484712
8.353848252 -3.610597692 -6.542087755
5.313368905 -5.912483336 -7.166799587
6.761515055 -5.067718764 -6.663895948
5.540934441 -5.190465752 -7.536008262
5.784462889 -6.226356532 -6.499461823
6.284463416 -4.771607504 -7.297571067
6.503955146 -5.788461906 -6.230661047
0.7689646773 5.920616792 -10.05500551
2.366541971 5.556915905 -10.45388218
1.286846276 6.668523037 -9.994582192
0.7549229896 5.108356884 -10.24190911
5.696303914 4.409832295 -10.65576797
4.023180704 5.057391571 -10.66949387
2.463355664 8.340068519 -9.85418787
2.979335467 6.332324666 -10.42840483
1.852179283 7.474571319 -9.928104022
2.1251679 6.517646765 -10.23357026
0.7336841852 3.519173782 -10.51158501
2.314405946 4.682144907 -10.56266073
0.7439799292 4.303685526 -10.39409176
1.531438258 4.9095283 -10.42435367
11.03496955 0.5474384494 -7.705760266
10.07331019 1.638616463 -8.87698521
11.77636534 1.516258667 -7.857353317
10.11949785 0 -7.948004603
7.320184787 3.611751338 -10.36805943
8.809601716 2.67684949 -9.775866747
12.58954979 3.596762191 -7.644612764
10.7075501 2.676679653 -9.062309614
12.56556041 2.609443717 -8.00286528
11.28772851 2.105829759 -8.498191761
8.463507407 -0.9618613764 -8.363857198
9.138951049 1.03862425 -9.031348097
9.261325349 -0.5022768375 -8.167553597
9.662657347 0.5240425956 -8.521487886
5.1941666 11.56786724 -8.404338102
6.05396738 9.835021155 -9.795524987
4.61999355 11.12256132 -9.169092904
6.350098858 11.26647531 -8.227987562
6.581363901 5.185331672 -10.64887048
6.592336631 7.684135464 -10.66662473
5.688266741 5.534621188 -10.69397457
3.176508733 9.32996242 -9.769360237
5.367605826 9.191426154 -10.34708145
3.938979511 10.3893311 -9.673126577
3.452165164 8.264834827 -10.13863901
5.062465524 10.26907842 -9.884644353
8.640896203 10.47403736 -7.765310546
7.154429031 9.407856444 -9.545671704
7.510016259 10.9037507 -8.017104771
6.773506333 10.3592225 -8.921071717
3.89507009 6.105745772 -10.57966692
5.536207829 7.92174832 -10.56065783
4.78405177 5.842081031 -10.66832614
3.69200239 7.179466937 -10.40632938
5.63744728 6.713811647 -10.66740903
4.486210281 8.128621311 -10.37975513
0.7158566144 0.4424237188 -10.69277854
2.180755362 1.347780935 -10.67829445
0.7190855916 1.189881473 -10.68934382
1.434377416 0 -10.6463222
5.520391461 3.411789554 -10.59008001
3.751279324 2.318418124 -10.64642428
4.735699233 3.775484269 -10.67295129
0.730112353 2.712694558 -10.60224408
2.20674751 2.133788518 -10.694402
0.723348166 1.950477585 -10.65926697
1.48561881 3.249039219 -10.62158509
1.454922936 1.654644684 -10.69359393
2.863942474 -0.8790889965 -10.36184121
2.929146746 0.8991034903 -10.59775249
2.15653188 -0.4439780732 -10.53525365
2.174814815 0.4477420899 -10.62457084
3.139009193 4.404095739 -10.65704807
3.017108015 2.6550792 -10.69146216
3.935078116 4.108843185 -10.69382057
2.287725719 3.812437635 -10.64004334
3.844436266 3.192133071 -10.68457514
2.252032764 2.958500664 -10.68285295
12.57476624 7.771632936 -6.123122048
11.17808667 6.908437493 -8.052587802
12.5998788 6.702042447 -6.521013837
11.76174345 8.589685431 -6.629245758
7.624430866 4.71215742 -10.49439028
9.794202038 6.053149752 -9.833692871
8.469167387 4.267324927 -10.27351719
7.756601519 5.986298117 -10.62101259
12.60191743 4.639593294 -7.272828596
11.25799916 5.901774687 -8.44483718
12.60775892 5.653761478 -6.904133624
11.98199106 4.251022435 -8.266537178
11.92898542 6.304157477 -7.507817598
9.788518965 9.931910533 -7.443912933
10.30126049 7.637216094 -8.498358328
10.81764392 9.315851373 -7.073250869
9.006768937 9.401830839 -8.367545353
11.02098651 8.103303713 -7.590763047
10.017309 3.257129306 -9.56675916
10.56154713 5.478861084 -9.381938372
9.275896789 3.777224159 -9.96269016
11.33483537 3.85946514 -9.239952431
9.769672278 5.003582054 -10.14963485
11.30041831 4.884128013 -8.849613497
7.517796636 8.365473606 -10.14018465
9.555366438 7.161695182 -9.417411211
7.834001341 7.338494272 -10.65471889
8.248333628 8.878450247 -9.267883734
8.847187482 6.717408215 -10.27342752
9.309469094 8.285344226 -8.918288203
5.575696189 -2.54618034 -9.021665944
5.906020119 -0.8841285083 -9.556141292
6.251656544 -2.184701686 -8.876194313
4.939744117 -2.155566935 -9.444637426
6.430775594 2.936658282 -10.40521349
6.195651629 0.9274862127 -10.02477492
7.165641946 2.504102701 -10.17388429
5.475765339 2.389471687 -10.46949337
7.673944236 -1.403087192 -8.554334913
6.634266843 -0.4697473489 -9.441365725
6.953113757 -1.803227375 -8.719870444
7.963597327 -0.4852952966 -8.870231242
6.446287798 -1.343999914 -9.166711747
3.593908463 -1.32794809 -10.11239633
5.202620387 -0.4628560158 -9.915850147
4.273566863 -1.745771004 -9.811048945
3.65263477 -0.4514904872 -10.29324893
5.0788781 -1.319695811 -9.690305544
8.517579782 1.557335671 -9.494756265
6.822777943 0.4830951071 -9.709639867
7.869061358 2.040770128 -9.868556442
8.247145361 0.5025744886 -9.186060449
6.998162961 1.459061511 -9.951485977
7.411165294 0 -9.322564565
3.753965135 1.387088982 -10.56275742
5.315744421 0.4729202019 -10.13145707
4.582962115 1.872160336 -10.52134366
3.706468878 0.458144749 -10.44495528
5.405526665 1.404572183 -10.31353854
4.471662002 0 -10.21640911
10.51904606 15.06371195 0.7473020268
12.45543653 14.13401879 2.29916834
9.861602711 14.78027418 1.9030251
11.87888569 15.12434432 0
13.26859839 9.368058968 4.622164671
13.14693582 11.84746799 3.599923092
8.46156183 13.93494442 3.981133722
11.47086038 13.55336745 3.388078744
9.156824781 14.37742995 2.985708
10.77074221 14.30624507 2.668961835
13.90752121 14.07322076 -1.599394535
13.90752121 14.07322076 1.599394535
13.18832709 14.95446422 -0.8110373743
13.18832709 14.95446422 0.8110373743
12.16260626 0.9301451488 7.161620227
13.12257753 2.970679213 6.975500444
13.25335682 7.084909183 5.484830478
13.19653934 4.976061943 6.255223312
5.890674567 12.09739984 7.476604275
8.260193433 11.46627151 7.08654552
6.492639735 12.54505446 6.672880656
12.51023613 9.088992117 5.617306052
10.5524248 10.51004763 6.49556666
12.40978804 10.23024249 5.154670676
7.76604732 13.456537 4.954234874
8.959675499 11.9443415 6.261575557
7.119570746 13.00117241 5.830181891
9.154097177 13.26847121 4.707445407
7.727630848 12.27824125 6.488730068
11.95184262 12.5147188 4.069162421
10.21528703 11.49967428 5.965519741
12.23822009 11.39455956 4.63996168
10.57852792 12.97689284 4.418578998
11.36848469 10.94289315 5.604452456
9.741541519 12.43935616 5.376385742
13.93635617 8.613141789 -3.933250943
14.96135153 9.246623765 -1.384215345
13.99733269 9.858562511 -3.44516977
13.93635617 8.613141789 3.933250943
14.96135153 9.246623765 1.384215345
13.99733269 9.858562511 3.44516977
14.06360278 12.61621208 -2.306720643
15.06249342 10.5841256 -0.749421912
14.04845264 11.20205741 -2.90515261
14.93037965 13.40433279 -0.8168493948
14.64643326 10.29978106 -2.147422716
14.06360278 12.61621208 2.306720643
15.06249342 10.5841256 0.749421912
14.04845264 11.20205741 2.90515261
14.93037965 13.40433279 0.8168493948
14.64643326 10.29978106 2.147422716
15.12434432 12.02340997 0
6.213485452 -8.897969884 0.4414231334
7.0323896 -7.980123902 1.298119699
6.016936744 -9.018004212 1.161107579
6.653291376 -8.471052946 0
8.517214399 -6.013428426 2.967002718
7.795267353 -7.024768487 2.134517377
5.541665938 -9.126306512 2.607333443
6.809156 -8.04534187 2.01117928
5.792167908 -9.094472191 1.888615593
6.423655704 -8.5322247 1.591765134
7.492947572 -7.582221429 -0.8617049162
7.492947572 -7.582221429 0.8617049162
7.081719272 -8.030079684 -0.4355017103
7.081719272 -8.030079684 0.4355017103
11.11295887 -0.8498725156 6.54356388
10.51435994 -2.380232879 5.589063752
9.20872519 -4.922751463 3.81098142
9.875090266 -3.723632355 4.680840428
4.269847014 -8.768782928 5.419405889
5.646230873 -7.837736095 4.843987302
4.621410301 -8.929471875 4.749704382
8.221551077 -5.973157673 3.691614462
6.94555113 -6.917658698 4.275348198
7.891201466 -6.505260548 3.277779175
5.255505634 -9.10642224 3.352671986
5.968974921 -7.95737244 4.171488964
4.951987409 -9.04291064 4.055158428
5.919186559 -8.579607027 3.043909961
5.310090956 -8.437071995 4.458772362
7.191940502 -7.530647436 2.448590979
6.631953292 -7.465801255 3.87292576
7.546627236 -7.026388879 2.861205383
6.565126655 -8.053572829 2.742208648
7.261826488 -6.98997215 3.579946001
6.283485005 -8.023628265 3.467874065
9.075320157 -5.608856316 -2.561323142
9.316946096 -5.758189359 -0.8619983111
8.694654182 -6.123794703 -2.140019132
9.075320157 -5.608856316 2.561323142
9.316946096 -5.758189359 0.8619983111
8.694654182 -6.123794703 2.140019132
7.913487393 -7.099051133 -1.297974993
8.875090502 -6.23635609 -0.4415727931
8.305404951 -6.622624246 -1.717517899
7.962839477 -7.14895085 -0.4356513872
8.81473417 -6.198767333 -1.292393859
7.913487393 -7.099051133 1.297974993
8.875090502 -6.23635609 0.4415727931
8.305404951 -6.622624246 1.717517899
7.962839477 -7.14895085 0.4356513872
8.81473417 -6.198767333 1.292393859
8.425956295 -6.698388027 0
0.74006945 -5.698138994 9.67717064
2.13387253 -5.010580987 9.426096092
1.19995935 -6.218269205 9.319755262
0.7306876402 -4.94436292 9.913112334
4.748139346 -3.675804266 8.882087738
3.455191409 -4.343393248 9.163183631
2.112888336 -7.153507613 8.45220969
2.583503341 -5.491017078 9.042895309
1.661906375 -6.706714539 8.908197774
1.906759182 -5.847812219 9.181841143
0.7176618612 -3.442321447 10.28203117
2.122065295 -4.29303132 9.684841934
0.723987996 -4.188038598 10.11478586
1.439716027 -4.615482562 9.800009215
10.49457821 -0.5206299477 7.32840298
8.873734214 -1.443482499 7.819873096
10.28026449 -1.323629124 6.859134206
6.053411378 -2.986730155 8.573844885
7.412795613 -2.25242171 8.225854523
9.782225944 -2.794725864 5.939952624
8.739242426 -2.184640948 7.396437088
10.03901509 -2.084765343 6.393736746
9.486965057 -1.769880744 7.142451042
3.823112491 -8.514408789 6.185925954
4.343570923 -7.056382904 7.028045386
3.425985985 -8.248007014 6.799399922
4.548986601 -8.070905096 5.894239761
5.208301939 -4.10352222 8.427209562
4.800541705 -5.595589975 7.767439644
4.568156537 -4.444766237 8.588160869
2.577975779 -7.571966317 7.928570698
3.932843853 -6.73455634 7.581304778
3.007281375 -7.931912775 7.385114167
2.819694479 -6.750635622 8.281140408
3.690352755 -7.48578369 7.205545272
5.928240268 -7.185899307 5.327529181
5.06416491 -6.659222738 6.756773388
5.252587934 -7.626203112 5.607251214
4.8148655 -7.363728708 6.34143652
3.273430354 -5.13128983 8.89118861
4.164914206 -5.959567113 7.944830683
3.920917303 -4.788057844 8.743556
3.051854458 -5.934635427 8.601999497
4.373073646 -5.208029685 8.274909368
3.5056212 -6.351879518 8.110963899
0.7138825196 -0.4412036611 10.6632914
2.126785523 -1.31442574 10.41402555
0.7137657167 -1.181078598 10.61026287
4.787954798 -2.959118802 9.18500522
3.494923649 -2.159981603 9.918866814
4.133415072 -3.295319828 9.315570002
0.717788358 -2.666905395 10.42328258
2.121147109 -2.051018218 10.27956292
0.7145869161 -1.926853247 10.53016109
1.42663079 -3.120032783 10.19984415
1.425233127 -1.620879263 10.47537566
2.816932902 -3.952215947 9.563587586
2.825681779 -2.48662258 10.01312173
3.474440352 -3.627864592 9.442008675
2.130985986 -3.551234794 9.911058424
3.488324181 -2.896444162 9.694857512
2.131296712 -2.799889433 10.1101235
8.600808424 -5.315591937 4.188053972
7.909989302 -4.888642239 5.698281399
8.908293204 -4.738439167 4.610449369
7.938970625 -5.797887072 4.474624664
5.975119261 -3.69282679 8.224251039
7.025696992 -4.342119536 7.054025041
6.629538628 -3.340398666 8.041956898
5.762311276 -4.447168397 7.890257155
9.493569636 -3.495206364 5.478936446
8.144288193 -4.269475706 6.109183948
9.208276009 -4.129314061 5.042543122
9.058927242 -3.213965253 6.249876038
8.550887495 -4.518920884 5.381723705
6.622631694 -6.719646323 5.036338377
7.215482198 -5.349461539 5.952645632
7.277518008 -6.267194285 4.758495563
6.224714707 -6.497747983 5.782937586
7.600365733 -5.588253992 5.234792302
7.993285497 -2.599017804 7.63377043
7.673466415 -3.980653212 6.816424535
7.304348029 -2.974392716 7.84516666
8.554290476 -2.912700961 6.973302609
7.173492877 -3.673936975 7.452484712
8.353848252 -3.610597692 6.542087755
5.313368905 -5.912483336 7.166799587
6.761515055 -5.067718764 6.663895948
5.540934441 -5.190465752 7.536008262
5.784462889 -6.226356532 6.499461823
6.284463416 -4.771607504 7.297571067
6.503955146 -5.788461906 6.230661047
0.7689646773 5.920616792 10.05500551
2.366541971 5.556915905 10.45388218
1.286846276 6.668523037 9.994582192
0.7549229896 5.108356884 10.24190911
5.696303914 4.409832295 10.65576797
4.023180704 5.057391571 10.66949387
2.463355664 8.340068519 9.85418787
2.979335467 6.332324666 10.42840483
1.852179283 7.474571319 9.928104022
2.1251679 6.517646765 10.23357026
0.7336841852 3.519173782 10.51158501
2.314405946 4.682144907 10.56266073
0.7439799292 4.303685526 10.39409176
1.531438258 4.9095283 10.42435367
11.03496955 0.5474384494 7.705760266
10.07331019 1.638616463 8.87698521
11.77636534 1.516258667 7.857353317
10.11949785 0 7.948004603
7.320184787 3.611751338 10.36805943
8.809601716 2.67684949 9.775866747
12.58954979 3.596762191 7.644612764
10.7075501 2.676679653 9.062309614
12.56556041 2.609443717 8.00286528
11.28772851 2.105829759 8.498191761
8.463507407 -0.9618613764 8.363857198
9.138951049 1.03862425 9.031348097
9.261325349 -0.5022768375 8.167553597
9.662657347 0.5240425956 8.521487886
5.1941666 11.56786724 8.404338102
6.05396738 9.835021155 9.795524987
4.61999355 11.12256132 9.169092904
6.350098858 11.26647531 8.227987562
6.581363901 5.185331672 10.64887048
6.592336631 7.684135464 10.66662473
5.688266741 5.534621188 10.69397457
3.176508733 9.32996242 9.769360237
5.367605826 9.191426154 10.34708145
3.938979511 10.3893311 9.673126577
3.452165164 8.264834827 10.13863901
5.062465524 10.26907842 9.884644353
8.640896203 10.47403736 7.765310546
7.154429031 9.407856444 9.545671704
7.510016259 10.9037507 8.017104771
6.773506333 10.3592225 8.921071717
3.89507009 6.105745772 10.57966692
5.536207829 7.92174832 10.56065783
4.78405177 5.842081031 10.66832614
3.69200239 7.179466937 10.40632938
5.63744728 6.713811647 10.66740903
4.486210281 8.128621311 10.37975513
0.7158566144 0.4424237188 10.69277854
2.180755362 1.347780935 10.67829445
0.7190855916 1.189881473 10.68934382
1.434377416 0 10.6463222
5.520391461 3.411789554 10.59008001
3.751279324 2.318418124 10.64642428
4.735699233 3.775484269 10.67295129
0.730112353 2.712694558 10.60224408
2.20674751 2.133788518 10.694402
0.723348166 1.950477585 10.65926697
1.48561881 3.249039219 10.62158509
1.454922936 1.654644684 10.69359393
2.863942474 -0.8790889965 10.36184121
2.929146746 0.8991034903 10.59775249
2.15653188 -0.4439780732 10.53525365
2.174814815 0.4477420899 10.62457084
3.139009193 4.404095739 10.65704807
3.017108015 2.6550792 10.69146216
3.935078116 4.108843185 10.69382057
2.287725719 3.812437635 10.64004334
3.844436266 3.192133071 10.68457514
2.252032764 2.958500664 10.68285295
12.57476624 7.771632936 6.123122048
11.17808667 6.908437493 8.052587802
12.5998788 6.702042447 6.521013837
11.76174345 8.589685431 6.629245758
7.624430866 4.71215742 10.49439028
9.794202038 6.053149752 9.833692871
8.469167387 4.267324927 10.27351719
7.756601519 5.986298117 10.62101259
12.60191743 4.639593294 7.272828596
11.25799916 5.901774687 8.44483718
12.60775892 5.653761478 6.904133624
11.98199106 4.251022435 8.266537178
11.92898542 6.304157477 7.507817598
9.788518965 9.931910533 7.443912933
10.30126049 7.637216094 8.498358328
10.81764392 9.315851373 7.073250869
9.006768937 9.401830839 8.367545353
11.02098651 8.103303713 7.590763047
10.017309 3.257129306 9.56675916
10.56154713 5.478861084 9.381938372
9.275896789 3.777224159 9.96269016
11.33483537 3.85946514 9.239952431
9.769672278 5.003582054 10.14963485
11.30041831 4.884128013 8.849613497
7.517796636 8.365473606 10.14018465
9.555366438 7.161695182 9.417411211
7.834001341 7.338494272 10.65471889
8.248333628 8.878450247 9.267883734
8.847187482 6.717408215 10.27342752
9.309469094 8.285344226 8.918288203
5.575696189 -2.54618034 9.021665944
5.906020119 -0.8841285083 9.556141292
6.251656544 -2.184701686 8.876194313
4.939744117 -2.155566935 9.444637426
6.430775594 2.936658282 10.40521349
6.195651629 0.9274862127 10.02477492
7.165641946 2.504102701 10.17388429
5.475765339 2.389471687 10.46949337
7.673944236 -1.403087192 8.554334913
6.634266843 -0.4697473489 9.441365725
6.953113757 -1.803227375 8.719870444
7.963597327 -0.4852952966 8.870231242
6.446287798 -1.343999914 9.166711747
3.593908463 -1.32794809 10.11239633
5.202620387 -0.4628560158 9.915850147
4.273566863 -1.745771004 9.811048945
3.65263477 -0.4514904872 10.29324893
5.0788781 -1.319695811 9.690305544
8.517579782 1.557335671 9.494756265
6.822777943 0.4830951071 9.709639867
7.869061358 2.040770128 9.868556442
8.247145361 0.5025744886 9.186060449
6.998162961 1.459061511 9.951485977
7.411165294 0 9.322564565
3.753965135 1.387088982 10.56275742
5.315744421 0.4729202019 10.13145707
4.582962115 1.872160336 10.52134366
3.706468878 0.458144749 10.44495528
5.405526665 1.404572183 10.31353854
4.471662002 0 10.21640911
12.13350927 0 -6.38450248
13.47438537 0 -4.857300177
12.99025158 0.9575011309 -6.479147623
11.77287891 -0.8677695583 -5.871958675
15.0522135 0 -1.043230526
14.49497135 0 -3.052998255
13.62249642 2.984852731 -6.038488208
14.31170743 0.9989238916 -4.791416852
13.56921541 1.99344883 -6.390654922
13.77878294 0.9862466285 -5.705120761
11.03286113 -2.417432507 -4.890572166
12.92803773 -0.9023469648 -4.328178042
11.40357259 -1.675294977 -5.370708258
12.38554874 -0.8865228325 -5.128250552
12.13350927 0 6.38450248
13.47438537 0 4.857300177
12.99025158 0.9575011309 6.479147623
11.77287891 -0.8677695583 5.871958675
15.0522135 0 1.043230526
14.49497135 0 3.052998255
13.62249642 2.984852731 6.038488208
14.31170743 0.9989238916 4.791416852
13.56921541 1.99344883 6.390654922
13.77878294 0.9862466285 5.705120761
11.03286113 -2.417432507 4.890572166
12.92803773 -0.9023469648 4.328178042
11.40357259 -1.675294977 5.370708258
12.38554874 -0.8865228325 5.128250552
13.86183328 7.225889322 -4.4658452
14.61647429 5.150130819 -3.182955893
13.80047056 6.123411989 -4.881823042
14.41137708 7.537453469 -3.289135042
15.11049553 1.011612476 -0.6252108936
14.97627842 3.058503361 -1.890259032
15.0252426 1.010766952 -1.672530897
13.6832271 4.030363319 -5.654684275
14.53347832 4.10131685 -3.609191652
13.74021714 5.056081445 -5.279347748
14.07344395 3.02594441 -5.042660601
14.22225401 5.117334888 -4.249053125
15.08992351 7.917338656 -0.7043734798
14.92863675 5.305582594 -1.960411163
14.84600605 7.781081275 -2.021836351
14.72990025 6.416155291 -2.621027873
14.62819158 1.007354981 -3.742775153
14.76505208 3.046710039 -2.945980393
14.86236412 1.008574404 -2.719578012
14.38592851 2.012129621 -4.400515133
14.92081115 2.030059352 -2.308731846
14.46033677 3.048357244 -4.00463398
9.523896508 -4.964611874 -3.068298879
10.90456288 -3.842234743 -2.374631664
9.898588571 -4.392106461 -3.5015587
9.714727358 -5.081006834 -2.217210056
14.15406858 -0.9475819199 -0.5856378336
12.42368045 -2.537203659 -1.568078098
14.01935631 -0.9430997168 -1.560560931
10.64826471 -3.136422075 -4.400465958
11.37659781 -3.210451845 -2.825223318
10.27507995 -3.780991273 -3.94795218
11.48878872 -2.470215261 -4.116551887
10.62147808 -3.8217332 -3.173282139
9.910417995 -5.19977026 -0.4626024516
11.05532149 -3.929020595 -1.451771921
9.845038308 -5.159976559 -1.340768437
10.37708205 -4.520123612 -1.846490529
13.4027607 -0.9229669756 -3.4292359
12.20781339 -2.519033959 -2.435750222
13.764807 -0.9340931165 -2.518742386
12.40518867 -1.735087699 -3.794626149
13.07273102 -1.778617771 -2.022774105
11.88483553 -2.505420522 -3.291376749
13.86183328 7.225889322 4.4658452
14.61647429 5.150130819 3.182955893
13.80047056 6.123411989 4.881823042
14.41137708 7.537453469 3.289135042
15.11049553 1.011612476 0.6252108936
14.97627842 3.058503361 1.890259032
15.0252426 1.010766952 1.672530897
15.12434432 2.037700675 0
13.6832271 4.030363319 5.654684275
14.53347832 4.10131685 3.609191652
13.74021714 5.056081445 5.279347748
14.07344395 3.02594441 5.042660601
14.22225401 5.117334888 4.249053125
15.08992351 7.917338656 0.7043734798
14.92863675 5.305582594 1.960411163
14.84600605 7.781081275 2.021836351
15.12434432 6.619836295 0
14.72990025 6.416155291 2.621027873
14.62819158 1.007354981 3.742775153
14.76505208 3.046710039 2.945980393
14.86236412 1.008574404 2.719578012
14.38592851 2.012129621 4.400515133
14.92081115 2.030059352 2.308731846
14.46033677 3.048357244 4.00463398
15.05000115 4.159718013 -1.276828137
15.05000115 4.159718013 1.276828137
15.10749996 3.092455709 -0.6366622906
15.10187773 5.359011919 -0.6624103024
15.10749996 3.092455709 0.6366622906
15.10187773 5.359011919 0.6624103024
9.523896508 -4.964611874 3.068298879
10.90456288 -3.842234743 2.374631664
9.898588571 -4.392106461 3.5015587
9.714727358 -5.081006834 2.217210056
14.15406858 -0.9475819199 0.5856378336
12.42368045 -2.537203659 1.568078098
14.01935631 -0.9430997168 1.560560931
13.32858591 -1.79575841 0
10.64826471 -3.136422075 4.400465958
11.37659781 -3.210451845 2.825223318
10.27507995 -3.780991273 3.94795218
11.48878872 -2.470215261 4.116551887
10.62147808 -3.8217332 3.173282139
9.910417995 -5.19977026 0.4626024516
11.05532149 -3.929020595 1.451771921
9.845038308 -5.159976559 1.340768437
10.51986254 -4.60448178 0
10.37708205 -4.520123612 1.846490529
13.4027607 -0.9229669756 3.4292359
12.20781339 -2.519033959 2.435750222
13.764807 -0.9340931165 2.518742386
12.40518867 -1.735087699 3.794626149
13.07273102 -1.778617771 2.022774105
11.88483553 -2.505420522 3.291376749
11.79727763 -3.260687343 -1.000870091
11.79727763 -3.260687343 1.000870091
12.53914797 -2.566722477 -0.5284264565
11.15137145 -3.957145832 -0.4891301246
12.53914797 -2.566722477 0.5284264565
11.15137145 -3.957145832 0.4891301246
-6.213485452 8.897969884 -0.4414231334
-7.0323896 7.980123902 -1.298119699
-6.016936744 9.018004212 -1.161107579
-8.517214399 6.013428426 -2.967002718
-7.795267353 7.024768487 -2.134517377
-5.541665938 9.126306512 -2.607333443
-6.809156 8.04534187 -2.01117928
-5.792167908 9.094472191 -1.888615593
-6.423655704 8.5322247 -1.591765134
-11.11295887 0.8498725156 -6.54356388
-10.51435994 2.380232879 -5.589063752
-9.20872519 4.922751463 -3.81098142
-9.875090266 3.723632355 -4.680840428
-4.269847014 8.768782928 -5.419405889
-5.646230873 7.837736095 -4.843987302
-4.621410301 8.929471875 -4.749704382
-8.221551077 5.973157673 -3.691614462
-6.94555113 6.917658698 -4.275348198
-7.891201466 6.505260548 -3.277779175
-5.255505634 9.10642224 -3.352671986
-5.968974921 7.95737244 -4.171488964
-4.951987409 9.04291064 -4.055158428
-5.919186559 8.579607027 -3.043909961
-5.310090956 8.437071995 -4.458772362
-7.191940502 7.530647436 -2.448590979
-6.631953292 7.465801255 -3.87292576
-7.546627236 7.026388879 -2.861205383
-6.565126655 8.053572829 -2.742208648
-7.261826488 6.98997215 -3.579946001
-6.283485005 8.023628265 -3.467874065
-10.51904606 -15.06371195 -0.7473020268
-12.45543653 -14.13401879 -2.29916834
-9.861602711 -14.78027418 -1.9030251
-13.26859839 -9.368058968 -4.622164671
-13.14693582 -11.84746799 -3.599923092
-8.46156183 -13.93494442 -3.981133722
-11.47086038 -13.55336745 -3.388078744
-9.156824781 -14.37742995 -2.985708
-10.77074221 -14.30624507 -2.668961835
-12.16260626 -0.9301451488 -7.161620227
-13.12257753 -2.970679213 -6.975500444
-13.25335682 -7.084909183 -5.484830478
-13.19653934 -4.976061943 -6.255223312
-5.890674567 -12.09739984 -7.476604275
-8.260193433 -11.46627151 -7.08654552
-6.492639735 -12.54505446 -6.672880656
-12.51023613 -9.088992117 -5.617306052
-10.5524248 -10.51004763 -6.49556666
-12.40978804 -10.23024249 -5.154670676
-7.76604732 -13.456537 -4.954234874
-8.959675499 -11.9443415 -6.261575557
-7.119570746 -13.00117241 -5.830181891
-9.154097177 -13.26847121 -4.707445407
-7.727630848 -12.27824125 -6.488730068
-11.95184262 -12.5147188 -4.069162421
-10.21528703 -11.49967428 -5.965519741
-12.23822009 -11.39455956 -4.63996168
-10.57852792 -12.97689284 -4.418578998
-11.36848469 -10.94289315 -5.604452456
-9.741541519 -12.43935616 -5.376385742
-0.7689646773 -5.920616792 -10.05500551
-2.366541971 -5.556915905 -10.45388218
-1.286846276 -6.668523037 -9.994582192
-0.7549229896 -5.108356884 -10.24190911
-5.696303914 -4.409832295 -10.65576797
-4.023180704 -5.057391571 -10.66949387
-2.463355664 -8.340068519 -9.85418787
-2.979335467 -6.332324666 -10.42840483
-1.852179283 -7.474571319 -9.928104022
-2.1251679 -6.517646765 -10.23357026
-0.7336841852 -3.519173782 -10.51158501
-2.314405946 -4.682144907 -10.56266073
-0.7439799292 -4.303685526 -10.39409176
-1.531438258 -4.9095283 -10.42435367
-11.03496955 -0.5474384494 -7.705760266
-10.07331019 -1.638616463 -8.87698521
-11.77636534 -1.516258667 -7.857353317
-7.320184787 -3.611751338 -10.36805943
-8.809601716 -2.67684949 -9.775866747
-12.58954979 -3.596762191 -7.644612764
-10.7075501 -2.676679653 -9.062309614
-12.56556041 -2.609443717 -8.00286528
-11.28772851 -2.105829759 -8.498191761
-5.1941666 -11.56786724 -8.404338102
-6.05396738 -9.835021155 -9.795524987
-4.61999355 -11.12256132 -9.169092904
-6.350098858 -11.26647531 -8.227987562
-6.581363901 -5.185331672 -10.64887048
-6.592336631 -7.684135464 -10.66662473
-5.688266741 -5.534621188 -10.69397457
-3.176508733 -9.32996242 -9.769360237
-5.367605826 -9.191426154 -10.34708145
-3.938979511 -10.3893311 -9.673126577
-3.452165164 -8.264834827 -10.13863901
-5.062465524 -10.26907842 -9.884644353
-8.640896203 -10.47403736 -7.765310546
-7.154429031 -9.407856444 -9.545671704
-7.510016259 -10.9037507 -8.017104771
-6.773506333 -10.3592225 -8.921071717
-3.89507009 -6.105745772 -10.57966692
-5.536207829 -7.92174832 -10.56065783
-4.78405177 -5.842081031 -10.66832614
-3.69200239 -7.179466937 -10.40632938
-5.63744728 -6.713811647 -10.66740903
-4.486210281 -8.128621311 -10.37975513
-0.7158566144 -0.4424237188 -10.69277854
-2.180755362 -1.347780935 -10.67829445
-0.7190855916 -1.189881473 -10.68934382
-5.520391461 -3.411789554 -10.59008001
-3.751279324 -2.318418124 -10.64642428
-4.735699233 -3.775484269 -10.67295129
-0.730112353 -2.712694558 -10.60224408
-2.20674751 -2.133788518 -10.694402
-0.723348166 -1.950477585 -10.65926697
-1.48561881 -3.249039219 -10.62158509
-1.454922936 -1.654644684 -10.69359393
-3.139009193 -4.404095739 -10.65704807
-3.017108015 -2.6550792 -10.69146216
-3.935078116 -4.108843185 -10.69382057
-2.287725719 -3.812437635 -10.64004334
-3.844436266 -3.192133071 -10.68457514
-2.252032764 -2.958500664 -10.68285295
-12.57476624 -7.771632936 -6.123122048
-11.17808667 -6.908437493 -8.052587802
-12.5998788 -6.702042447 -6.521013837
-11.76174345 -8.589685431 -6.629245758
-7.624430866 -4.71215742 -10.49439028
-9.794202038 -6.053149752 -9.833692871
-8.469167387 -4.267324927 -10.27351719
-7.756601519 -5.986298117 -10.62101259
-12.60191743 -4.639593294 -7.272828596
-11.25799916 -5.901774687 -8.44483718
-12.60775892 -5.653761478 -6.904133624
-11.98199106 -4.251022435 -8.266537178
-11.92898542 -6.304157477 -7.507817598
-9.788518965 -9.931910533 -7.443912933
-10.30126049 -7.637216094 -8.498358328
-10.81764392 -9.315851373 -7.073250869
-9.006768937 -9.401830839 -8.367545353
-11.02098651 -8.103303713 -7.590763047
-10.017309 -3.257129306 -9.56675916
-10.56154713 -5.478861084 -9.381938372
-9.275896789 -3.777224159 -9.96269016
-11.33483537 -3.85946514 -9.239952431
-9.769672278 -5.003582054 -10.14963485
-11.30041831 -4.884128013 -8.849613497
-7.517796636 -8.365473606 -10.14018465
-9.555366438 -7.161695182 -9.417411211
-7.834001341 -7.338494272 -10.65471889
-8.248333628 -8.878450247 -9.267883734
-8.847187482 -6.717408215 -10.27342752
-9.309469094 -8.285344226 -8.918288203
-0.74006945 5.698138994 -9.67717064
-2.13387253 5.010580987 -9.426096092
-1.19995935 6.218269205 -9.319755262
-0.7306876402 4.94436292 -9.913112334
-4.748139346 3.675804266 -8.882087738
-3.455191409 4.343393248 -9.163183631
-2.112888336 7.153507613 -8.45220969
-2.583503341 5.491017078 -9.042895309
-1.661906375 6.706714539 -8.908197774
-1.906759182 5.847812219 -9.181841143
-0.7176618612 3.442321447 -10.28203117
-2.122065295 4.29303132 -9.684841934
-0.723987996 4.188038598 -10.11478586
-1.439716027 4.615482562 -9.800009215
-10.49457821 0.5206299477 -7.32840298
-8.873734214 1.443482499 -7.819873096
-10.28026449 1.323629124 -6.859134206
-10.11949785 0 -7.948004603
-6.053411378 2.986730155 -8.573844885
-7.412795613 2.25242171 -8.225854523
-9.782225944 2.794725864 -5.939952624
-8.739242426 2.184640948 -7.396437088
-10.03901509 2.084765343 -6.393736746
-9.486965057 1.769880744 -7.142451042
-9.138951049 -1.03862425 -9.031348097
-8.463507407 0.9618613764 -8.363857198
-9.662657347 -0.5240425956 -8.521487886
-9.261325349 0.5022768375 -8.167553597
-3.823112491 8.514408789 -6.185925954
-4.343570923 7.056382904 -7.028045386
-3.425985985 8.248007014 -6.799399922
-4.548986601 8.070905096 -5.894239761
-5.208301939 4.10352222 -8.427209562
-4.800541705 5.595589975 -7.767439644
-4.568156537 4.444766237 -8.588160869
-2.577975779 7.571966317 -7.928570698
-3.932843853 6.73455634 -7.581304778
-3.007281375 7.931912775 -7.385114167
-2.819694479 6.750635622 -8.281140408
-3.690352755 7.48578369 -7.205545272
-5.928240268 7.185899307 -5.327529181
-5.06416491 6.659222738 -6.756773388
-5.252587934 7.626203112 -5.607251214
-4.8148655 7.363728708 -6.34143652
-3.273430354 5.13128983 -8.89118861
-4.164914206 5.959567113 -7.944830683
-3.920917303 4.788057844 -8.743556
-3.051854458 5.934635427 -8.601999497
-4.373073646 5.208029685 -8.274909368
-3.5056212 6.351879518 -8.110963899
-0.7138825196 0.4412036611 -10.6632914
-2.126785523 1.31442574 -10.41402555
-0.7137657167 1.181078598 -10.61026287
-1.434377416 0 -10.6463222
-4.787954798 2.959118802 -9.18500522
-3.494923649 2.159981603 -9.918866814
-4.133415072 3.295319828 -9.315570002
-0.717788358 2.666905395 -10.42328258
-2.121147109 2.051018218 -10.27956292
-0.7145869161 1.926853247 -10.53016109
-1.42663079 3.120032783 -10.19984415
-1.425233127 1.620879263 -10.47537566
-2.929146746 -0.8991034903 -10.59775249
-2.863942474 0.8790889965 -10.36184121
-2.174814815 -0.4477420899 -10.62457084
-2.15653188 0.4439780732 -10.53525365
-2.816932902 3.952215947 -9.563587586
-2.825681779 2.48662258 -10.01312173
-3.474440352 3.627864592 -9.442008675
-2.130985986 3.551234794 -9.911058424
-3.488324181 2.896444162 -9.694857512
-2.131296712 2.799889433 -10.1101235
-8.600808424 5.315591937 -4.188053972
-7.909989302 4.888642239 -5.698281399
-8.908293204 4.738439167 -4.610449369
-7.938970625 5.797887072 -4.474624664
-5.975119261 3.69282679 -8.224251039
-7.025696992 4.342119536 -7.054025041
-6.629538628 3.340398666 -8.041956898
-5.762311276 4.447168397 -7.890257155
-9.493569636 3.495206364 -5.478936446
-8.144288193 4.269475706 -6.109183948
-9.208276009 4.129314061 -5.042543122
-9.058927242 3.213965253 -6.249876038
-8.550887495 4.518920884 -5.381723705
-6.622631694 6.719646323 -5.036338377
-7.215482198 5.349461539 -5.952645632
-7.277518008 6.267194285 -4.758495563
-6.224714707 6.497747983 -5.782937586
-7.600365733 5.588253992 -5.234792302
-7.993285497 2.599017804 -7.63377043
-7.673466415 3.980653212 -6.816424535
-7.304348029 2.974392716 -7.84516666
-8.554290476 2.912700961 -6.973302609
-7.173492877 3.673936975 -7.452484712
-8.353848252 3.610597692 -6.542087755
-5.313368905 5.912483336 -7.166799587
-6.761515055 5.067718764 -6.663895948
-5.540934441 5.190465752 -7.536008262
-5.784462889 6.226356532 -6.499461823
-6.284463416 4.771607504 -7.297571067
-6.503955146 5.788461906 -6.230661047
-6.430775594 -2.936658282 -10.40521349
-6.195651629 -0.9274862127 -10.02477492
-7.165641946 -2.504102701 -10.17388429
-5.475765339 -2.389471687 -10.46949337
-5.575696189 2.54618034 -9.021665944
-5.906020119 0.8841285083 -9.556141292
-6.251656544 2.184701686 -8.876194313
-4.939744117 2.155566935 -9.444637426
-8.517579782 -1.557335671 -9.494756265
-6.822777943 -0.4830951071 -9.709639867
-7.869061358 -2.040770128 -9.868556442
-8.247145361 -0.5025744886 -9.186060449
-6.998162961 -1.459061511 -9.951485977
-3.753965135 -1.387088982 -10.56275742
-5.315744421 -0.4729202019 -10.13145707
-4.582962115 -1.872160336 -10.52134366
-3.706468878 -0.458144749 -10.44495528
-5.405526665 -1.404572183 -10.31353854
-7.673944236 1.403087192 -8.554334913
-6.634266843 0.4697473489 -9.441365725
-6.953113757 1.803227375 -8.719870444
-7.963597327 0.4852952966 -8.870231242
-6.446287798 1.343999914 -9.166711747
-7.411165294 0 -9.322564565
-3.593908463 1.32794809 -10.11239633
-5.202620387 0.4628560158 -9.915850147
-4.273566863 1.745771004 -9.811048945
-3.65263477 0.4514904872 -10.29324893
-5.0788781 1.319695811 -9.690305544
-4.471662002 0 -10.21640911
-6.213485452 8.897969884 0.4414231334
-7.0323896 7.980123902 1.298119699
-6.016936744 9.018004212 1.161107579
-6.653291376 8.471052946 0
-8.517214399 6.013428426 2.967002718
-7.795267353 7.024768487 2.134517377
-5.541665938 9.126306512 2.607333443
-6.809156 8.04534187 2.01117928
-5.792167908 9.094472191 1.888615593
-6.423655704 8.5322247 1.591765134
-7.492947572 7.582221429 -0.8617049162
-7.492947572 7.582221429 0.8617049162
-7.081719272 8.030079684 -0.4355017103
-7.081719272 8.030079684 0.4355017103
-11.11295887 0.8498725156 6.54356388
-10.51435994 2.380232879 5.589063752
-9.20872519 4.922751463 3.81098142
-9.875090266 3.723632355 4.680840428
-4.269847014 8.768782928 5.419405889
-5.646230873 7.837736095 4.843987302
-4.621410301 8.929471875 4.749704382
-8.221551077 5.973157673 3.691614462
-6.94555113 6.917658698 4.275348198
-7.891201466 6.505260548 3.277779175
-5.255505634 9.10642224 3.352671986
-5.968974921 7.95737244 4.171488964
-4.951987409 9.04291064 4.055158428
-5.919186559 8.579607027 3.043909961
-5.310090956 8.437071995 4.458772362
-7.191940502 7.530647436 2.448590979
-6.631953292 7.465801255 3.87292576
-7.546627236 7.026388879 2.861205383
-6.565126655 8.053572829 2.742208648
-7.261826488 6.98997215 3.579946001
-6.283485005 8.023628265 3.467874065
-9.075320157 5.608856316 -2.561323142
-9.316946096 5.758189359 -0.8619983111
-8.694654182 6.123794703 -2.140019132
-9.075320157 5.608856316 2.561323142
-9.316946096 5.758189359 0.8619983111
-8.694654182 6.123794703 2.140019132
-7.913487393 7.099051133 -1.297974993
-8.875090502 6.23635609 -0.4415727931
-8.305404951 6.622624246 -1.717517899
-7.962839477 7.14895085 -0.4356513872
-8.81473417 6.198767333 -1.292393859
-7.913487393 7.099051133 1.297974993
-8.875090502 6.23635609 0.4415727931
-8.305404951 6.622624246 1.717517899
-7.962839477 7.14895085 0.4356513872
-8.81473417 6.198767333 1.292393859
-8.425956295 6.698388027 0
-10.51904606 -15.06371195 0.7473020268
-12.45543653 -14.13401879 2.29916834
-9.861602711 -14.78027418 1.9030251
-11.87888569 -15.12434432 0
-13.26859839 -9.368058968 4.622164671
-13.14693582 -11.84746799 3.599923092
-8.46156183 -13.93494442 3.981133722
-11.47086038 -13.55336745 3.388078744
-9.156824781 -14.37742995 2.985708
-10.77074221 -14.30624507 2.668961835
-13.90752121 -14.07322076 -1.599394535
-13.90752121 -14.07322076 1.599394535
-13.18832709 -14.95446422 -0.8110373743
-13.18832709 -14.95446422 0.8110373743
-12.16260626 -0.9301451488 7.161620227
-13.12257753 -2.970679213 6.975500444
-13.25335682 -7.084909183 5.484830478
-13.19653934 -4.976061943 6.255223312
-5.890674567 -12.09739984 7.476604275
-8.260193433 -11.46627151 7.08654552
-6.492639735 -12.54505446 6.672880656
-12.51023613 -9.088992117 5.617306052
-10.5524248 -10.51004763 6.49556666
-12.40978804 -10.23024249 5.154670676
-7.76604732 -13.456537 4.954234874
-8.959675499 -11.9443415 6.261575557
-7.119570746 -13.00117241 5.830181891
-9.154097177 -13.26847121 4.707445407
-7.727630848 -12.27824125 6.488730068
-11.95184262 -12.5147188 4.069162421
-10.21528703 -11.49967428 5.965519741
-12.23822009 -11.39455956 4.63996168
-10.57852792 -12.97689284 4.418578998
-11.36848469 -10.94289315 5.604452456
-9.741541519 -12.43935616 5.376385742
-13.93635617 -8.613141789 -3.933250943
-14.96135153 -9.246623765 -1.384215345
-13.99733269 -9.858562511 -3.44516977
-13.93635617 -8.613141789 3.933250943
-14.96135153 -9.246623765 1.384215345
-13.99733269 -9.858562511 3.44516977
-14.06360278 -12.61621208 -2.306720643
-15.06249342 -10.5841256 -0.749421912
-14.04845264 -11.20205741 -2.90515261
-14.93037965 -13.40433279 -0.8168493948
-14.64643326 -10.29978106 -2.147422716
-14.06360278 -12.61621208 2.306720643
-15.06249342 -10.5841256 0.749421912
-14.04845264 -11.20205741 2.90515261
-14.93037965 -13.40433279 0.8168493948
-14.64643326 -10.29978106 2.147422716
-15.12434432 -12.02340997 0
-0.7689646773 -5.920616792 10.05500551
-2.366541971 -5.556915905 10.45388218
-1.286846276 -6.668523037 9.994582192
-0.7549229896 -5.108356884 10.24190911
-5.696303914 -4.409832295 10.65576797
-4.023180704 -5.057391571 10.66949387
-2.463355664 -8.340068519 9.85418787
-2.979335467 -6.332324666 10.42840483
-1.852179283 -7.474571319 9.928104022
-2.1251679 -6.517646765 10.23357026
-0.7336841852 -3.519173782 10.51158501
-2.314405946 -4.682144907 10.56266073
-0.7439799292 -4.303685526 10.39409176
-1.531438258 -4.9095283 10.42435367
-11.03496955 -0.5474384494 7.705760266
-10.07331019 -1.638616463 8.87698521
-11.77636534 -1.516258667 7.857353317
-7.320184787 -3.611751338 10.36805943
-8.809601716 -2.67684949 9.775866747
-12.58954979 -3.596762191 7.644612764
-10.7075501 -2.676679653 9.062309614
-12.56556041 -2.609443717 8.00286528
-11.28772851 -2.105829759 8.498191761
-5.1941666 -11.56786724 8.404338102
-6.05396738 -9.835021155 9.795524987
-4.61999355 -11.12256132 9.169092904
-6.350098858 -11.26647531 8.227987562
-6.581363901 -5.185331672 10.64887048
-6.592336631 -7.684135464 10.66662473
-5.688266741 -5.534621188 10.69397457
-3.176508733 -9.32996242 9.769360237
-5.367605826 -9.191426154 10.34708145
-3.938979511 -10.3893311 9.673126577
-3.452165164 -8.264834827 10.13863901
-5.062465524 -10.26907842 9.884644353
-8.640896203 -10.47403736 7.765310546
-7.154429031 -9.407856444 9.545671704
-7.510016259 -10.9037507 8.017104771
-6.773506333 -10.3592225 8.921071717
-3.89507009 -6.105745772 10.57966692
-5.536207829 -7.92174832 10.56065783
-4.78405177 -5.842081031 10.66832614
-3.69200239 -7.179466937 10.40632938
-5.63744728 -6.713811647 10.66740903
-4.486210281 -8.128621311 10.37975513
-0.7158566144 -0.4424237188 10.69277854
-2.180755362 -1.347780935 10.67829445
-0.7190855916 -1.189881473 10.68934382
-5.520391461 -3.411789554 10.59008001
-3.751279324 -2.318418124 10.64642428
-4.735699233 -3.775484269 10.67295129
-0.730112353 -2.712694558 10.60224408
-2.20674751 -2.133788518 10.694402
-0.723348166 -1.950477585 10.65926697
-1.48561881 -3.249039219 10.62158509
-1.454922936 -1.654644684 10.69359393
-3.139009193 -4.404095739 10.65704807
-3.017108015 -2.6550792 10.69146216
-3.935078116 -4.108843185 10.69382057
-2.287725719 -3.812437635 10.64004334
-3.844436266 -3.192133071 10.68457514
-2.252032764 -2.958500664 10.68285295
-12.57476624 -7.771632936 6.123122048
-11.17808667 -6.908437493 8.052587802
-12.5998788 -6.702042447 6.521013837
-11.76174345 -8.589685431 6.629245758
-7.624430866 -4.71215742 10.49439028
-9.794202038 -6.053149752 9.833692871
-8.469167387 -4.267324927 10.27351719
-7.756601519 -5.986298117 10.62101259
-12.60191743 -4.639593294 7.272828596
-11.25799916 -5.901774687 8.44483718
-12.60775892 -5.653761478 6.904133624
-11.98199106 -4.251022435 8.266537178
-11.92898542 -6.304157477 7.507817598
-9.788518965 -9.931910533 7.443912933
-10.30126049 -7.637216094 8.498358328
-10.81764392 -9.315851373 7.073250869
-9.006768937 -9.401830839 8.367545353
-11.02098651 -8.103303713 7.590763047
-10.017309 -3.257129306 9.56675916
-10.56154713 -5.478861084 9.381938372
-9.275896789 -3.777224159 9.96269016
-11.33483537 -3.85946514 9.239952431
-9.769672278 -5.003582054 10.14963485
-11.30041831 -4.884128013 8.849613497
-7.517796636 -8.365473606 10.14018465
-9.555366438 -7.161695182 9.417411211
-7.834001341 -7.338494272 10.65471889
-8.248333628 -8.878450247 9.267883734
-8.847187482 -6.717408215 10.27342752
-9.309469094 -8.285344226 8.918288203
-0.74006945 5.698138994 9.67717064
-2.13387253 5.010580987 9.426096092
-1.19995935 6.218269205 9.319755262
-0.7306876402 4.94436292 9.913112334
-4.748139346 3.675804266 8.882087738
-3.455191409 4.343393248 9.163183631
-2.112888336 7.153507613 8.45220969
-2.583503341 5.491017078 9.042895309
-1.661906375 6.706714539 8.908197774
-1.906759182 5.847812219 9.181841143
-0.7176618612 3.442321447 10.28203117
-2.122065295 4.29303132 9.684841934
-0.723987996 4.188038598 10.11478586
-1.439716027 4.615482562 9.800009215
-10.49457821 0.5206299477 7.32840298
-8.873734214 1.443482499 7.819873096
-10.28026449 1.323629124 6.859134206
-10.11949785 0 7.948004603
-6.053411378 2.986730155 8.573844885
-7.412795613 2.25242171 8.225854523
-9.782225944 2.794725864 5.939952624
-8.739242426 2.184640948 7.396437088
-10.03901509 2.084765343 6.393736746
-9.486965057 1.769880744 7.142451042
-9.138951049 -1.03862425 9.031348097
-8.463507407 0.9618613764 8.363857198
-9.662657347 -0.5240425956 8.521487886
-9.261325349 0.5022768375 8.167553597
-3.823112491 8.514408789 6.185925954
-4.343570923 7.056382904 7.028045386
-3.425985985 8.248007014 6.799399922
-4.548986601 8.070905096 5.894239761
-5.208301939 4.10352222 8.427209562
-4.800541705 5.595589975 7.767439644
-4.568156537 4.444766237 8.588160869
-2.577975779 7.571966317 7.928570698
-3.932843853 6.73455634 7.581304778
-3.007281375 7.931912775 7.385114167
-2.819694479 6.750635622 8.281140408
-3.690352755 7.48578369 7.205545272
-5.928240268 7.185899307 5.327529181
-5.06416491 6.659222738 6.756773388
-5.252587934 7.626203112 5.607251214
-4.8148655 7.363728708 6.34143652
-3.273430354 5.13128983 8.89118861
-4.164914206 5.959567113 7.944830683
-3.920917303 4.788057844 8.743556
-3.051854458 5.934635427 8.601999497
-4.373073646 5.208029685 8.274909368
-3.5056212 6.351879518 8.110963899
-0.7138825196 0.4412036611 10.6632914
-2.126785523 1.31442574 10.41402555
-0.7137657167 1.181078598 10.61026287
-1.434377416 0 10.6463222
-4.787954798 2.959118802 9.18500522
-3.494923649 2.159981603 9.918866814
-4.133415072 3.295319828 9.315570002
-0.717788358 2.666905395 10.42328258
-2.121147109 2.051018218 10.27956292
-0.7145869161 1.926853247 10.53016109
-1.42663079 3.120032783 10.19984415
-1.425233127 1.620879263 10.47537566
-2.929146746 -0.8991034903 10.59775249
-2.863942474 0.8790889965 10.36184121
-2.174814815 -0.4477420899 10.62457084
-2.15653188 0.4439780732 10.53525365
-2.816932902 3.952215947 9.563587586
-2.825681779 2.48662258 10.01312173
-3.474440352 3.627864592 9.442008675
-2.130985986 3.551234794 9.911058424
-3.488324181 2.896444162 9.694857512
-2.131296712 2.799889433 10.1101235
-8.600808424 5.315591937 4.188053972
-7.909989302 4.888642239 5.698281399
-8.908293204 4.738439167 4.610449369
-7.938970625 5.797887072 4.474624664
-5.975119261 3.69282679 8.224251039
-7.025696992 4.342119536 7.054025041
-6.629538628 3.340398666 8.041956898
-5.762311276 4.447168397 7.890257155
-9.493569636 3.495206364 5.478936446
-8.144288193 4.269475706 6.109183948
-9.208276009 4.129314061 5.042543122
-9.058927242 3.213965253 6.249876038
-8.550887495 4.518920884 5.381723705
-6.622631694 6.719646323 5.036338377
-7.215482198 5.349461539 5.952645632
-7.277518008 6.267194285 4.758495563
-6.224714707 6.497747983 5.782937586
-7.600365733 5.588253992 5.234792302
-7.993285497 2.599017804 7.63377043
-7.673466415 3.980653212 6.816424535
-7.304348029 2.974392716 7.84516666
-8.554290476 2.912700961 6.973302609
-7.173492877 3.673936975 7.452484712
-8.353848252 3.610597692 6.542087755
-5.313368905 5.912483336 7.166799587
-6.761515055 5.067718764 6.663895948
-5.540934441 5.190465752 7.536008262
-5.784462889 6.226356532 6.499461823
-6.284463416 4.771607504 7.297571067
-6.503955146 5.788461906 6.230661047
-6.430775594 -2.936658282 10.40521349
-6.195651629 -0.9274862127 10.02477492
-7.165641946 -2.504102701 10.17388429
-5.475765339 -2.389471687 10.46949337
-5.575696189 2.54618034 9.021665944
-5.906020119 0.8841285083 9.556141292
-6.251656544 2.184701686 8.876194313
-4.939744117 2.155566935 9.444637426
-8.517579782 -1.557335671 9.494756265
-6.822777943 -0.4830951071 9.709639867
-7.869061358 -2.040770128 9.868556442
-8.247145361 -0.5025744886 9.186060449
-6.998162961 -1.459061511 9.951485977
-3.753965135 -1.387088982 10.56275742
-5.315744421 -0.4729202019 10.13145707
-4.582962115 -1.872160336 10.52134366
-3.706468878 -0.458144749 10.44495528
-5.405526665 -1.404572183 10.31353854
-7.673944236 1.403087192 8.554334913
-6.634266843 0.4697473489 9.441365725
-6.953113757 1.803227375 8.719870444
-7.963597327 0.4852952966 8.870231242
-6.446287798 1.343999914 9.166711747
-7.411165294 0 9.322564565
-3.593908463 1.32794809 10.11239633
-5.202620387 0.4628560158 9.915850147
-4.273566863 1.745771004 9.811048945
-3.65263477 0.4514904872 10.29324893
-5.0788781 1.319695811 9.690305544
-4.471662002 0 10.21640911
-12.13350927 0 -6.38450248
-13.47438537 0 -4.857300177
-11.77287891 0.8677695583 -5.871958675
-12.99025158 -0.9575011309 -6.479147623
-15.0522135 0 -1.043230526
-14.49497135 0 -3.052998255
-11.03286113 2.417432507 -4.890572166
-12.92803773 0.9023469648 -4.328178042
-11.40357259 1.675294977 -5.370708258
-12.38554874 0.8865228325 -5.128250552
-13.62249642 -2.984852731 -6.038488208
-14.31170743 -0.9989238916 -4.791416852
-13.56921541 -1.99344883 -6.390654922
-13.77878294 -0.9862466285 -5.705120761
-12.13350927 0 6.38450248
-13.47438537 0 4.857300177
-11.77287891 0.8677695583 5.871958675
-12.99025158 -0.9575011309 6.479147623
-15.0522135 0 1.043230526
-14.49497135 0 3.052998255
-11.03286113 2.417432507 4.890572166
-12.92803773 0.9023469648 4.328178042
-11.40357259 1.675294977 5.370708258
-12.38554874 0.8865228325 5.128250552
-13.62249642 -2.984852731 6.038488208
-14.31170743 -0.9989238916 4.791416852
-13.56921541 -1.99344883 6.390654922
-13.77878294 -0.9862466285 5.705120761
-9.523896508 4.964611874 -3.068298879
-10.90456288 3.842234743 -2.374631664
-9.898588571 4.392106461 -3.5015587
-9.714727358 5.081006834 -2.217210056
-14.15406858 0.9475819199 -0.5856378336
-12.42368045 2.537203659 -1.568078098
-14.01935631 0.9430997168 -1.560560931
-10.64826471 3.136422075 -4.400465958
-11.37659781 3.210451845 -2.825223318
-10.27507995 3.780991273 -3.94795218
-11.48878872 2.470215261 -4.116551887
-10.62147808 3.8217332 -3.173282139
-9.910417995 5.19977026 -0.4626024516
-11.05532149 3.929020595 -1.451771921
-9.845038308 5.159976559 -1.340768437
-10.37708205 4.520123612 -1.846490529
-13.4027607 0.9229669756 -3.4292359
-12.20781339 2.519033959 -2.435750222
-13.764807 0.9340931165 -2.518742386
-12.40518867 1.735087699 -3.794626149
-13.07273102 1.778617771 -2.022774105
-11.88483553 2.505420522 -3.291376749
-13.86183328 -7.225889322 -4.4658452
-14.61647429 -5.150130819 -3.182955893
-13.80047056 -6.123411989 -4.881823042
-14.41137708 -7.537453469 -3.289135042
-15.11049553 -1.011612476 -0.6252108936
-14.97627842 -3.058503361 -1.890259032
-15.0252426 -1.010766952 -1.672530897
-13.6832271 -4.030363319 -5.654684275
-14.53347832 -4.10131685 -3.609191652
-13.74021714 -5.056081445 -5.279347748
-14.07344395 -3.02594441 -5.042660601
-14.22225401 -5.117334888 -4.249053125
-15.08992351 -7.917338656 -0.7043734798
-14.92863675 -5.305582594 -1.960411163
-14.84600605 -7.781081275 -2.021836351
-14.72990025 -6.416155291 -2.621027873
-14.62819158 -1.007354981 -3.742775153
-14.76505208 -3.046710039 -2.945980393
-14.86236412 -1.008574404 -2.719578012
-14.38592851 -2.012129621 -4.400515133
-14.92081115 -2.030059352 -2.308731846
-14.46033677 -3.048357244 -4.00463398
-9.523896508 4.964611874 3.068298879
-10.90456288 3.842234743 2.374631664
-9.898588571 4.392106461 3.5015587
-9.714727358 5.081006834 2.217210056
-14.15406858 0.9475819199 0.5856378336
-12.42368045 2.537203659 1.568078098
-14.01935631 0.9430997168 1.560560931
-13.32858591 1.79575841 0
-10.64826471 3.136422075 4.400465958
-11.37659781 3.210451845 2.825223318
-10.27507995 3.780991273 3.94795218
-11.48878872 2.470215261 4.116551887
-10.62147808 3.8217332 3.173282139
-9.910417995 5.19977026 0.4626024516
-11.05532149 3.929020595 1.451771921
-9.845038308 5.159976559 1.340768437
-10.51986254 4.60448178 0
-10.37708205 4.520123612 1.846490529
-13.4027607 0.9229669756 3.4292359
-12.20781339 2.519033959 2.435750222
-13.764807 0.9340931165 2.518742386
-12.40518867 1.735087699 3.794626149
-13.07273102 1.778617771 2.022774105
-11.88483553 2.505420522 3.291376749
-11.79727763 3.260687343 -1.000870091
-11.79727763 3.260687343 1.000870091
-12.53914797 2.566722477 -0.5284264565
-11.15137145 3.957145832 -0.4891301246
-12.53914797 2.566722477 0.5284264565
-11.15137145 3.957145832 0.4891301246
-13.86183328 -7.225889322 4.4658452
-14.61647429 -5.150130819 3.182955893
-13.80047056 -6.123411989 4.881823042
-14.41137708 -7.537453469 3.289135042
-15.11049553 -1.011612476 0.6252108936
-14.97627842 -3.058503361 1.890259032
-15.0252426 -1.010766952 1.672530897
-15.12434432 -2.037700675 0
-13.6832271 -4.030363319 5.654684275
-14.53347832 -4.10131685 3.609191652
-13.74021714 -5.056081445 5.279347748
-14.07344395 -3.02594441 5.042660601
-14.22225401 -5.117334888 4.249053125
-15.08992351 -7.917338656 0.7043734798
-14.92863675 -5.305582594 1.960411163
-14.84600605 -7.781081275 2.021836351
-15.12434432 -6.619836295 0
-14.72990025 -6.416155291 2.621027873
-14.62819158 -1.007354981 3.742775153
-14.76505208 -3.046710039 2.945980393
-14.86236412 -1.008574404 2.719578012
-14.38592851 -2.012129621 4.400515133
-14.92081115 -2.030059352 2.308731846
-14.46033677 -3.048357244 4.00463398
-15.05000115 -4.159718013 -1.276828137
-15.05000115 -4.159718013 1.276828137
-15.10749996 -3.092455709 -0.6366622906
-15.10187773 -5.359011919 -0.6624103024
-15.10749996 -3.092455709 0.6366622906
-15.10187773 -5.359011919 0.6624103024
