-16.3549805 26.46291434 0
21.7079289 35.12416679 0
-21.7079289 -35.12416679 0
16.3549805 -26.46291434 0
0 -22.68188942 36.70006801
0 22.68188942 36.70006801
0 -22.68188942 -36.70006801
0 22.68188942 -36.70006801
36.83853664 0 -22.76746774
36.83853664 0 22.76746774
-36.83853664 0 -22.76746774
-36.83853664 0 22.76746774
0 33.4040534 0
0 -33.4040534 0
-12.43558086 -32.55677337 20.12119251
10.49327468 -27.47174977 16.97847509
-10.49327468 27.47174977 16.97847509
12.43558086 32.55677337 20.12119251
0 0 49.99168825
-12.43558086 -32.55677337 -20.12119251
10.49327468 -27.47174977 -16.97847509
-10.49327468 27.47174977 -16.97847509
12.43558086 32.55677337 -20.12119251
0 0 -49.99168825
38.46089495 23.77014031 -14.69075463
27.8051912 -17.18455323 -10.62063798
20.93063161 -12.93584174 -33.86647335
24.50563926 15.14531798 -39.65095723
38.46089495 23.77014031 14.69075463
27.8051912 -17.18455323 10.62063798
20.93063161 -12.93584174 33.86647335
24.50563926 15.14531798 39.65095723
41.37886942 0 0
-27.8051912 17.18455323 -10.62063798
-38.46089495 -23.77014031 -14.69075463
-24.50563926 -15.14531798 -39.65095723
-20.93063161 12.93584174 -33.86647335
-27.8051912 17.18455323 10.62063798
-38.46089495 -23.77014031 14.69075463
-24.50563926 -15.14531798 39.65095723
-20.93063161 12.93584174 33.86647335
-41.37886942 0 0
-8.623415522 30.35569046 0
10.03476721 35.3238559 0
-10.03476721 -35.3238559 0
8.623415522 -30.35569046 0
-17.46832283 -34.73097182 10.46322998
-6.624031743 -28.61141616 28.95230357
-5.830091829 -34.12995204 9.433286738
13.78370507 -27.40511937 8.256206249
6.073935739 -26.2353669 26.54794515
5.324819731 -31.17203766 8.615739309
0 -30.87492796 19.08175488
-13.78370507 27.40511937 8.256206249
-6.073935739 26.2353669 26.54794515
-5.324819731 31.17203766 8.615739309
17.46832283 34.73097182 10.46322998
6.624031743 28.61141616 28.95230357
5.830091829 34.12995204 9.433286738
0 30.87492796 19.08175488
0 -13.06947752 46.00648236
0 13.06947752 46.00648236
-17.46832283 -34.73097182 -10.46322998
-6.624031743 -28.61141616 -28.95230357
-5.830091829 -34.12995204 -9.433286738
13.78370507 -27.40511937 -8.256206249
6.073935739 -26.2353669 -26.54794515
5.324819731 -31.17203766 -8.615739309
0 -30.87492796 -19.08175488
-13.78370507 27.40511937 -8.256206249
-6.073935739 26.2353669 -26.54794515
-5.324819731 31.17203766 -8.615739309
17.46832283 34.73097182 -10.46322998
6.624031743 28.61141616 -28.95230357
5.830091829 34.12995204 -9.433286738
0 30.87492796 -19.08175488
0 -13.06947752 -46.00648236
0 13.06947752 -46.00648236
31.34648506 31.71995913 -7.257246929
40.28731646 12.13716275 -20.26294724
26.37759581 30.88342709 -19.08700763
22.20238498 -22.46691272 -5.140231509
33.02138728 -9.94819181 -16.60846855
19.58562644 -22.93125085 -14.17229243
10.96025502 -18.29810424 -36.38076472
29.66953587 -6.78812817 -29.3202037
15.74563224 -21.75992859 -25.47696814
12.42943372 -7.681812497 -44.97011364
25.59093373 -15.81606685 -21.85726682
12.25664722 20.46242612 -40.68392553
33.19648862 7.595063857 -32.80562974
19.41517447 26.83111122 -31.41441219
13.06831942 8.076665577 -47.28162384
33.15811163 20.49283999 -28.32040834
24.75670694 0 -40.05719327
31.34648506 31.71995913 7.257246929
40.28731646 12.13716275 20.26294724
26.37759581 30.88342709 19.08700763
40.23749043 24.86813671 0
22.20238498 -22.46691272 5.140231509
33.02138728 -9.94819181 16.60846855
19.58562644 -22.93125085 14.17229243
28.45474599 -17.58600016 0
10.96025502 -18.29810424 36.38076472
29.66953587 -6.78812817 29.3202037
15.74563224 -21.75992859 25.47696814
12.42943372 -7.681812497 44.97011364
25.59093373 -15.81606685 21.85726682
12.25664722 20.46242612 40.68392553
33.19648862 7.595063857 32.80562974
19.41517447 26.83111122 31.41441219
13.06831942 8.076665577 47.28162384
33.15811163 20.49283999 28.32040834
24.75670694 0 40.05719327
40.28031711 0 -11.44279397
40.28031711 0 11.44279397
43.5971405 12.04995327 -7.447280685
35.30596652 -9.758329144 -6.030979085
43.5971405 12.04995327 7.447280685
35.30596652 -9.758329144 6.030979085
-22.20238498 22.46691272 -5.140231509
-33.02138728 9.94819181 -16.60846855
-19.58562644 22.93125085 -14.17229243
-31.34648506 -31.71995913 -7.257246929
-40.28731646 -12.13716275 -20.26294724
-26.37759581 -30.88342709 -19.08700763
-12.25664722 -20.46242612 -40.68392553
-33.19648862 -7.595063857 -32.80562974
-19.41517447 -26.83111122 -31.41441219
-13.06831942 -8.076665577 -47.28162384
-33.15811163 -20.49283999 -28.32040834
-10.96025502 18.29810424 -36.38076472
-29.66953587 6.78812817 -29.3202037
-15.74563224 21.75992859 -25.47696814
-12.42943372 7.681812497 -44.97011364
-25.59093373 15.81606685 -21.85726682
-24.75670694 0 -40.05719327
-22.20238498 22.46691272 5.140231509
-33.02138728 9.94819181 16.60846855
-19.58562644 22.93125085 14.17229243
-28.45474599 17.58600016 0
-31.34648506 -31.71995913 7.257246929
-40.28731646 -12.13716275 20.26294724
-26.37759581 -30.88342709 19.08700763
-40.23749043 -24.86813671 0
-12.25664722 -20.46242612 40.68392553
-33.19648862 -7.595063857 32.80562974
-19.41517447 -26.83111122 31.41441219
-13.06831942 -8.076665577 47.28162384
-33.15811163 -20.49283999 28.32040834
-10.96025502 18.29810424 36.38076472
-29.66953587 6.78812817 29.3202037
-15.74563224 21.75992859 25.47696814
-12.42943372 7.681812497 44.97011364
-25.59093373 15.81606685 21.85726682
-24.75670694 0 40.05719327
-40.28031711 0 -11.44279397
-40.28031711 0 11.44279397
-35.30596652 9.758329144 -6.030979085
-43.5971405 -12.04995327 -7.447280685
-35.30596652 9.758329144 6.030979085
-43.5971405 -12.04995327 7.447280685
-12.56949883 28.51489946 0
-4.455867752 31.99125006 0
15.68816012 35.58982856 0
4.811626465 34.54544749 0
-15.68816012 -35.58982856 0
-4.811626465 -34.54544749 0
12.56949883 -28.51489946 0
4.455867752 -31.99125006 0
-19.69372231 -35.16146566 5.333612149
-15.04742366 -33.85970029 15.39147933
-13.7158376 -35.38970631 5.040811139
-3.413074902 -25.91353287 32.99343085
-9.629898086 -30.81470145 24.6478338
-2.829690868 -33.98308487 4.578536002
-9.032748817 -33.72021802 14.6152946
-7.95280425 -34.91565938 4.797777738
-11.42418621 -34.74534626 10.01441195
15.14106458 -27.03308262 4.100624795
12.24948586 -27.56378297 12.52956736
11.2556569 -29.04192976 4.136651538
3.271598867 -24.83938595 31.62581369
8.457537793 -27.0632669 21.64716428
0 -27.67209821 28.00179422
2.702841163 -32.45968727 4.373288868
7.909219828 -29.52596407 12.79738651
7.036494186 -30.89272998 4.244985051
0 -32.84854977 9.079115861
9.66713552 -29.40147901 8.474185879
-5.95902786 -32.0047339 19.78001335
5.461419016 -29.3321774 18.1282826
-3.130854016 -30.10414402 23.9319112
-2.952731931 -32.74629891 14.33286187
2.993110106 -28.77969309 22.87901158
2.819686306 -31.27080032 13.68704484
-15.14106458 27.03308262 4.100624795
-12.24948586 27.56378297 12.52956736
-11.2556569 29.04192976 4.136651538
-3.271598867 24.83938595 31.62581369
-8.457537793 27.0632669 21.64716428
-2.702841163 32.45968727 4.373288868
-7.909219828 29.52596407 12.79738651
-7.036494186 30.89272998 4.244985051
-9.66713552 29.40147901 8.474185879
19.69372231 35.16146566 5.333612149
15.04742366 33.85970029 15.39147933
13.7158376 35.38970631 5.040811139
3.413074902 25.91353287 32.99343085
9.629898086 30.81470145 24.6478338
0 27.67209821 28.00179422
2.829690868 33.98308487 4.578536002
9.032748817 33.72021802 14.6152946
7.95280425 34.91565938 4.797777738
0 32.84854977 9.079115861
11.42418621 34.74534626 10.01441195
-5.461419016 29.3321774 18.1282826
5.95902786 32.0047339 19.78001335
-2.993110106 28.77969309 22.87901158
-2.819686306 31.27080032 13.68704484
3.130854016 30.10414402 23.9319112
2.952731931 32.74629891 14.33286187
0 -18.3944842 41.7293382
0 -6.816522348 48.93975385
0 18.3944842 41.7293382
0 6.816522348 48.93975385
-19.69372231 -35.16146566 -5.333612149
-15.04742366 -33.85970029 -15.39147933
-13.7158376 -35.38970631 -5.040811139
-3.413074902 -25.91353287 -32.99343085
-9.629898086 -30.81470145 -24.6478338
-2.829690868 -33.98308487 -4.578536002
-9.032748817 -33.72021802 -14.6152946
-7.95280425 -34.91565938 -4.797777738
-11.42418621 -34.74534626 -10.01441195
15.14106458 -27.03308262 -4.100624795
12.24948586 -27.56378297 -12.52956736
11.2556569 -29.04192976 -4.136651538
3.271598867 -24.83938595 -31.62581369
8.457537793 -27.0632669 -21.64716428
0 -27.67209821 -28.00179422
2.702841163 -32.45968727 -4.373288868
7.909219828 -29.52596407 -12.79738651
7.036494186 -30.89272998 -4.244985051
0 -32.84854977 -9.079115861
9.66713552 -29.40147901 -8.474185879
-5.95902786 -32.0047339 -19.78001335
5.461419016 -29.3321774 -18.1282826
-3.130854016 -30.10414402 -23.9319112
-2.952731931 -32.74629891 -14.33286187
2.993110106 -28.77969309 -22.87901158
2.819686306 -31.27080032 -13.68704484
-15.14106458 27.03308262 -4.100624795
-12.24948586 27.56378297 -12.52956736
-11.2556569 29.04192976 -4.136651538
-3.271598867 24.83938595 -31.62581369
-8.457537793 27.0632669 -21.64716428
-2.702841163 32.45968727 -4.373288868
-7.909219828 29.52596407 -12.79738651
-7.036494186 30.89272998 -4.244985051
-9.66713552 29.40147901 -8.474185879
19.69372231 35.16146566 -5.333612149
15.04742366 33.85970029 -15.39147933
13.7158376 35.38970631 -5.040811139
3.413074902 25.91353287 -32.99343085
9.629898086 30.81470145 -24.6478338
0 27.67209821 -28.00179422
2.829690868 33.98308487 -4.578536002
9.032748817 33.72021802 -14.6152946
7.95280425 34.91565938 -4.797777738
0 32.84854977 -9.079115861
11.42418621 34.74534626 -10.01441195
-5.461419016 29.3321774 -18.1282826
5.95902786 32.0047339 -19.78001335
-2.993110106 28.77969309 -22.87901158
-2.819686306 31.27080032 -13.68704484
3.130854016 30.10414402 -23.9319112
2.952731931 32.74629891 -14.33286187
0 -18.3944842 -41.7293382
0 -6.816522348 -48.93975385
0 18.3944842 -41.7293382
0 6.816522348 -48.93975385
26.65201746 33.93367857 -3.510340807
35.4227482 28.3336839 -11.06995814
24.45535741 33.93341602 -9.119536428
39.09067997 5.929631251 -21.89445127
40.12257006 18.23836898 -17.83067496
19.33836909 32.28533396 -19.95343373
33.00095046 28.07228518 -17.34962639
21.97507656 33.35727547 -14.73826848
29.1056044 31.57364385 -13.30743635
19.31758512 -24.59538852 -2.544321737
25.03099416 -20.0216051 -7.822432521
18.08269546 -25.09092864 -6.74313596
35.22448825 -5.343171991 -19.72902088
30.49539862 -13.8621811 -13.55231083
15.17620275 -25.33661301 -15.658888
23.78236739 -20.23049004 -12.50313045
16.69622612 -25.34419448 -11.19784327
21.01577122 -22.79782501 -9.608666226
5.586972047 -20.62922331 -36.83172309
16.08427905 -15.72473679 -35.38378972
8.47935395 -22.7386154 -31.55132362
5.944326305 -16.17426481 -41.73295852
33.47992829 -3.463401654 -26.29563522
25.47074748 -9.951410106 -31.84350745
31.76870584 -8.537774977 -22.89527984
13.10336224 -24.92407609 -21.20168547
18.3881166 -17.82130287 -29.75259765
11.03228086 -24.12945618 -26.17553806
17.90829664 -22.5548516 -19.6831227
13.6451009 -20.3451401 -30.88309799
6.554260349 -4.050755667 -48.64742477
17.23876595 -10.65414328 -39.77305708
6.316212733 -10.46976459 -45.96601686
11.83717265 -13.50354521 -41.06947714
26.93249461 -16.64519707 -16.13210883
23.64894119 -14.61584946 -27.80099773
29.44565263 -13.00999341 -19.39818111
22.61824057 -19.73844086 -17.95862676
27.80148545 -11.71757368 -25.62830698
20.82531892 -18.94750109 -23.863692
5.939357376 21.93036382 -39.15479877
18.60568677 18.18978185 -40.93063209
9.436768223 25.3060604 -35.11382234
6.252165374 17.01188212 -43.89418494
35.60566056 3.683302503 -27.96521706
29.4744126 11.51564035 -36.84888627
37.20708348 9.999327889 -26.8146456
32.02881243 0 -31.65170189
15.96388714 30.36511777 -25.83011198
22.42080342 21.72968211 -36.27762199
12.87654891 28.163181 -30.5513067
23.18762402 29.20397342 -25.485665
16.05125063 23.93276131 -36.32896155
6.642949411 4.105568521 -49.30569805
19.07758923 11.79059857 -44.01556629
6.53579118 10.83373818 -47.56399131
13.10598039 0 -47.41788251
12.91299952 14.73082112 -44.80209541
36.24511338 22.400712 -21.71021
29.22759625 18.06364789 -34.35910007
37.47798694 16.55892532 -24.68971524
30.38833459 26.51923094 -24.12799338
33.85002484 14.26686933 -31.2040459
26.75631038 24.34369538 -30.66000345
23.16562699 -6.978995119 -37.48277184
25.29856542 7.621575045 -40.93393871
27.75777016 -3.631365896 -34.91672284
18.85243984 -3.883816198 -43.07218166
29.27062773 3.829283069 -36.81975858
19.58222987 4.034161211 -44.73953341
26.65201746 33.93367857 3.510340807
35.4227482 28.3336839 11.06995814
24.45535741 33.93341602 9.119536428
31.68209786 32.05957055 0
39.09067997 5.929631251 21.89445127
40.12257006 18.23836898 17.83067496
19.33836909 32.28533396 19.95343373
33.00095046 28.07228518 17.34962639
21.97507656 33.35727547 14.73826848
29.1056044 31.57364385 13.30743635
39.79311672 24.59349865 -7.40916303
39.79311672 24.59349865 7.40916303
36.33001525 28.88129616 -3.778349388
36.33001525 28.88129616 3.778349388
19.31758512 -24.59538852 2.544321737
25.03099416 -20.0216051 7.822432521
18.08269546 -25.09092864 6.74313596
22.32068908 -22.58662634 0
35.22448825 -5.343171991 19.72902088
30.49539862 -13.8621811 13.55231083
15.17620275 -25.33661301 15.658888
23.78236739 -20.23049004 12.50313045
16.69622612 -25.34419448 11.19784327
21.01577122 -22.79782501 9.608666226
28.29628538 -17.48806612 -5.268544131
28.29628538 -17.48806612 5.268544131
25.3850009 -20.18033089 -2.64005952
25.3850009 -20.18033089 2.64005952
5.586972047 -20.62922331 36.83172309
16.08427905 -15.72473679 35.38378972
8.47935395 -22.7386154 31.55132362
5.944326305 -16.17426481 41.73295852
33.47992829 -3.463401654 26.29563522
25.47074748 -9.951410106 31.84350745
31.76870584 -8.537774977 22.89527984
13.10336224 -24.92407609 21.20168547
18.3881166 -17.82130287 29.75259765
11.03228086 -24.12945618 26.17553806
17.90829664 -22.5548516 19.6831227
13.6451009 -20.3451401 30.88309799
6.554260349 -4.050755667 48.64742477
17.23876595 -10.65414328 39.77305708
6.316212733 -10.46976459 45.96601686
11.83717265 -13.50354521 41.06947714
26.93249461 -16.64519707 16.13210883
23.64894119 -14.61584946 27.80099773
29.44565263 -13.00999341 19.39818111
22.61824057 -19.73844086 17.95862676
27.80148545 -11.71757368 25.62830698
20.82531892 -18.94750109 23.863692
5.939357376 21.93036382 39.15479877
18.60568677 18.18978185 40.93063209
9.436768223 25.3060604 35.11382234
6.252165374 17.01188212 43.89418494
35.60566056 3.683302503 27.96521706
29.4744126 11.51564035 36.84888627
37.20708348 9.999327889 26.8146456
32.02881243 0 31.65170189
15.96388714 30.36511777 25.83011198
22.42080342 21.72968211 36.27762199
12.87654891 28.163181 30.5513067
23.18762402 29.20397342 25.485665
16.05125063 23.93276131 36.32896155
6.642949411 4.105568521 49.30569805
19.07758923 11.79059857 44.01556629
6.53579118 10.83373818 47.56399131
13.10598039 0 47.41788251
12.91299952 14.73082112 44.80209541
36.24511338 22.400712 21.71021
29.22759625 18.06364789 34.35910007
37.47798694 16.55892532 24.68971524
30.38833459 26.51923094 24.12799338
33.85002484 14.26686933 31.2040459
26.75631038 24.34369538 30.66000345
23.16562699 -6.978995119 37.48277184
25.29856542 7.621575045 40.93393871
27.75777016 -3.631365896 34.91672284
18.85243984 -3.883816198 43.07218166
29.27062773 3.829283069 36.81975858
19.58222987 4.034161211 44.73953341
38.87228297 0 -17.13508112
41.10659342 0 -5.725488803
41.12833964 5.858206077 -15.93993525
36.92391634 -5.25933974 -14.31044484
38.87228297 0 17.13508112
41.10659342 0 5.725488803
41.12833964 5.858206077 15.93993525
36.92391634 -5.25933974 14.31044484
42.08479913 18.24074023 -11.27339744
43.20212632 5.820616093 -3.597338581
42.34181102 12.20388869 -13.92188553
43.01912844 18.82921876 -3.879032391
42.52111959 5.842847723 -9.685113973
31.66061701 -13.72260536 -8.481036529
38.6223989 -5.203590095 -3.215995542
34.38648156 -9.910978843 -11.30619236
31.98279371 -13.99868015 -2.883886709
38.05947533 -5.229771016 -8.668877018
42.08479913 18.24074023 11.27339744
43.20212632 5.820616093 3.597338581
42.34181102 12.20388869 13.92188553
43.01912844 18.82921876 3.879032391
42.52111959 5.842847723 9.685113973
44.08910173 12.18592801 0
31.66061701 -13.72260536 8.481036529
38.6223989 -5.203590095 3.215995542
34.38648156 -9.910978843 11.30619236
31.98279371 -13.99868015 2.883886709
38.05947533 -5.229771016 8.668877018
35.5657255 -9.830124762 0
-19.31758512 24.59538852 -2.544321737
-25.03099416 20.0216051 -7.822432521
-18.08269546 25.09092864 -6.74313596
-35.22448825 5.343171991 -19.72902088
-30.49539862 13.8621811 -13.55231083
-15.17620275 25.33661301 -15.658888
-23.78236739 20.23049004 -12.50313045
-16.69622612 25.34419448 -11.19784327
-21.01577122 22.79782501 -9.608666226
-26.65201746 -33.93367857 -3.510340807
-35.4227482 -28.3336839 -11.06995814
-24.45535741 -33.93341602 -9.119536428
-39.09067997 -5.929631251 -21.89445127
-40.12257006 -18.23836898 -17.83067496
-19.33836909 -32.28533396 -19.95343373
-33.00095046 -28.07228518 -17.34962639
-21.97507656 -33.35727547 -14.73826848
-29.1056044 -31.57364385 -13.30743635
-5.939357376 -21.93036382 -39.15479877
-18.60568677 -18.18978185 -40.93063209
-9.436768223 -25.3060604 -35.11382234
-6.252165374 -17.01188212 -43.89418494
-35.60566056 -3.683302503 -27.96521706
-29.4744126 -11.51564035 -36.84888627
-37.20708348 -9.999327889 -26.8146456
-15.96388714 -30.36511777 -25.83011198
-22.42080342 -21.72968211 -36.27762199
-12.87654891 -28.163181 -30.5513067
-23.18762402 -29.20397342 -25.485665
-16.05125063 -23.93276131 -36.32896155
-6.642949411 -4.105568521 -49.30569805
-19.07758923 -11.79059857 -44.01556629
-6.53579118 -10.83373818 -47.56399131
-12.91299952 -14.73082112 -44.80209541
-36.24511338 -22.400712 -21.71021
-29.22759625 -18.06364789 -34.35910007
-37.47798694 -16.55892532 -24.68971524
-30.38833459 -26.51923094 -24.12799338
-33.85002484 -14.26686933 -31.2040459
-26.75631038 -24.34369538 -30.66000345
-5.586972047 20.62922331 -36.83172309
-16.08427905 15.72473679 -35.38378972
-8.47935395 22.7386154 -31.55132362
-5.944326305 16.17426481 -41.73295852
-33.47992829 3.463401654 -26.29563522
-25.47074748 9.951410106 -31.84350745
-31.76870584 8.537774977 -22.89527984
-32.02881243 0 -31.65170189
-13.10336224 24.92407609 -21.20168547
-18.3881166 17.82130287 -29.75259765
-11.03228086 24.12945618 -26.17553806
-17.90829664 22.5548516 -19.6831227
-13.6451009 20.3451401 -30.88309799
-6.554260349 4.050755667 -48.64742477
-17.23876595 10.65414328 -39.77305708
-6.316212733 10.46976459 -45.96601686
-13.10598039 0 -47.41788251
-11.83717265 13.50354521 -41.06947714
-26.93249461 16.64519707 -16.13210883
-23.64894119 14.61584946 -27.80099773
-29.44565263 13.00999341 -19.39818111
-22.61824057 19.73844086 -17.95862676
-27.80148545 11.71757368 -25.62830698
-20.82531892 18.94750109 -23.863692
-25.29856542 -7.621575045 -40.93393871
-23.16562699 6.978995119 -37.48277184
-29.27062773 -3.829283069 -36.81975858
-19.58222987 -4.034161211 -44.73953341
-27.75777016 3.631365896 -34.91672284
-18.85243984 3.883816198 -43.07218166
-19.31758512 24.59538852 2.544321737
-25.03099416 20.0216051 7.822432521
-18.08269546 25.09092864 6.74313596
-22.32068908 22.58662634 0
-35.22448825 5.343171991 19.72902088
-30.49539862 13.8621811 13.55231083
-15.17620275 25.33661301 15.658888
-23.78236739 20.23049004 12.50313045
-16.69622612 25.34419448 11.19784327
-21.01577122 22.79782501 9.608666226
-28.29628538 17.48806612 -5.268544131
-28.29628538 17.48806612 5.268544131
-25.3850009 20.18033089 -2.64005952
-25.3850009 20.18033089 2.64005952
-26.65201746 -33.93367857 3.510340807
-35.4227482 -28.3336839 11.06995814
-24.45535741 -33.93341602 9.119536428
-31.68209786 -32.05957055 0
-39.09067997 -5.929631251 21.89445127
-40.12257006 -18.23836898 17.83067496
-19.33836909 -32.28533396 19.95343373
-33.00095046 -28.07228518 17.34962639
-21.97507656 -33.35727547 14.73826848
-29.1056044 -31.57364385 13.30743635
-39.79311672 -24.59349865 -7.40916303
-39.79311672 -24.59349865 7.40916303
-36.33001525 -28.88129616 -3.778349388
-36.33001525 -28.88129616 3.778349388
-5.939357376 -21.93036382 39.15479877
-18.60568677 -18.18978185 40.93063209
-9.436768223 -25.3060604 35.11382234
-6.252165374 -17.01188212 43.89418494
-35.60566056 -3.683302503 27.96521706
-29.4744126 -11.51564035 36.84888627
-37.20708348 -9.999327889 26.8146456
-15.96388714 -30.36511777 25.83011198
-22.42080342 -21.72968211 36.27762199
-12.87654891 -28.163181 30.5513067
-23.18762402 -29.20397342 25.485665
-16.05125063 -23.93276131 36.32896155
-6.642949411 -4.105568521 49.30569805
-19.07758923 -11.79059857 44.01556629
-6.53579118 -10.83373818 47.56399131
-12.91299952 -14.73082112 44.80209541
-36.24511338 -22.400712 21.71021
-29.22759625 -18.06364789 34.35910007
-37.47798694 -16.55892532 24.68971524
-30.38833459 -26.51923094 24.12799338
-33.85002484 -14.26686933 31.2040459
-26.75631038 -24.34369538 30.66000345
-5.586972047 20.62922331 36.83172309
-16.08427905 15.72473679 35.38378972
-8.47935395 22.7386154 31.55132362
-5.944326305 16.17426481 41.73295852
-33.47992829 3.463401654 26.29563522
-25.47074748 9.951410106 31.84350745
-31.76870584 8.537774977 22.89527984
-32.02881243 0 31.65170189
-13.10336224 24.92407609 21.20168547
-18.3881166 17.82130287 29.75259765
-11.03228086 24.12945618 26.17553806
-17.90829664 22.5548516 19.6831227
-13.6451009 20.3451401 30.88309799
-6.554260349 4.050755667 48.64742477
-17.23876595 10.65414328 39.77305708
-6.316212733 10.46976459 45.96601686
-13.10598039 0 47.41788251
-11.83717265 13.50354521 41.06947714
-26.93249461 16.64519707 16.13210883
-23.64894119 14.61584946 27.80099773
-29.44565263 13.00999341 19.39818111
-22.61824057 19.73844086 17.95862676
-27.80148545 11.71757368 25.62830698
-20.82531892 18.94750109 23.863692
-25.29856542 -7.621575045 40.93393871
-23.16562699 6.978995119 37.48277184
-29.27062773 -3.829283069 36.81975858
-19.58222987 -4.034161211 44.73953341
-27.75777016 3.631365896 34.91672284
-18.85243984 3.883816198 43.07218166
-38.87228297 0 -17.13508112
-41.10659342 0 -5.725488803
-36.92391634 5.25933974 -14.31044484
-41.12833964 -5.858206077 -15.93993525
-38.87228297 0 17.13508112
-41.10659342 0 5.725488803
-36.92391634 5.25933974 14.31044484
-41.12833964 -5.858206077 15.93993525
-31.66061701 13.72260536 -8.481036529
-38.6223989 5.203590095 -3.215995542
-34.38648156 9.910978843 -11.30619236
-31.98279371 13.99868015 -2.883886709
-38.05947533 5.229771016 -8.668877018
-42.08479913 -18.24074023 -11.27339744
-43.20212632 -5.820616093 -3.597338581
-42.34181102 -12.20388869 -13.92188553
-43.01912844 -18.82921876 -3.879032391
-42.52111959 -5.842847723 -9.685113973
-31.66061701 13.72260536 8.481036529
-38.6223989 5.203590095 3.215995542
-34.38648156 9.910978843 11.30619236
-31.98279371 13.99868015 2.883886709
-38.05947533 5.229771016 8.668877018
-35.5657255 9.830124762 0
-42.08479913 -18.24074023 11.27339744
-43.20212632 -5.820616093 3.597338581
-42.34181102 -12.20388869 13.92188553
-43.01912844 -18.82921876 3.879032391
-42.52111959 -5.842847723 9.685113973
-44.08910173 -12.18592801 0
-14.47882251 27.51646314 0
-10.62015909 29.46083442 0
-2.268272728 32.72769013 0
-6.57140455 31.1995988 0
18.66119315 35.46490284 0
12.8090414 35.5328997 0
2.357370042 34.01322747 0
7.369298975 34.9878279 0
-18.66119315 -35.46490284 0
-12.8090414 -35.5328997 0
-2.357370042 -34.01322747 0
-7.369298975 -34.9878279 0
14.47882251 -27.51646314 0
10.62015909 -29.46083442 0
2.268272728 -32.72769013 0
6.57140455 -31.1995988 0
-20.72874046 -35.20369699 2.692231195
-18.6061371 -35.00257488 7.923856526
-17.69487755 -35.47702945 2.614983676
-13.7654208 -33.26229213 17.78117968
-16.2818076 -34.34945544 12.95226071
-11.86352524 -35.43571923 2.473330784
-15.58711578 -35.16367369 7.70478363
-14.71685581 -35.54357046 2.54410906
-16.6603253 -35.3747066 5.196886137
-1.73109053 -24.36688296 34.89439098
-5.044277575 -27.32669813 31.00943624
-11.05733647 -31.74169838 22.41066414
-8.152394443 -29.77258229 26.82980434
-1.396116629 -33.74223688 2.258964157
-4.306113911 -34.11678493 6.967438668
-3.818876131 -34.30701365 2.307875922
-10.71151235 -33.24817402 17.33159106
-7.405123129 -34.00511835 11.98174091
-11.98367216 -33.8767533 15.03146696
-8.998237788 -35.16854229 2.421844562
-6.897305774 -34.56882443 7.133140053
-6.36610387 -34.790454 2.360913858
-10.77535939 -35.2262281 4.927018579
-5.337839789 -34.4972499 4.693542736
-14.39449397 -34.83185274 10.25964275
-8.568261994 -34.50264267 9.736572806
-13.22033581 -34.40771347 12.66124108
-12.58433746 -35.12133413 7.551471057
-10.24203035 -34.28169828 12.33495974
-9.668568417 -34.91224318 7.359786368
15.7642941 -26.77255928 2.047453121
14.48214169 -27.24435739 6.167557096
13.87186758 -27.81215373 2.050011771
11.40243458 -27.55245302 14.72884418
13.04123669 -27.51287755 10.37437008
9.955729651 -29.73723523 2.075589854
12.52974458 -28.26641286 6.193510865
11.92685745 -28.80527631 2.061800869
13.21760406 -28.06481008 4.122991722
1.695730506 -23.86915418 34.18162265
4.729156877 -25.61957396 29.072248
0 -25.44243654 32.39362518
9.514414055 -27.31251437 19.2835172
7.313762273 -26.70989372 24.06983766
-3.244717393 -28.21441175 28.55056909
3.105800099 -27.00645763 27.32822295
-1.654137837 -26.89803397 30.50012968
1.618557229 -26.31945558 29.84406999
1.364380791 -32.97522491 2.207614493
4.021130731 -31.85889996 6.506326195
3.591090899 -32.26069668 2.170217607
0 -33.26950781 4.482395869
9.199308474 -28.55434405 14.88479378
6.619205885 -30.39610221 10.7101001
10.10797582 -28.57433003 12.67872673
7.843430785 -30.65511645 2.111032253
6.198473714 -31.06632598 6.410413366
5.760623892 -31.4815348 2.1363674
9.175254545 -29.99525099 4.195372791
4.905657684 -31.70415482 4.313526613
-2.846072664 -33.54672068 9.272085553
2.719337901 -32.05289526 8.859202363
-1.410275313 -33.46473406 6.850121339
1.37816083 -32.7026824 6.694131863
11.74956463 -28.43164239 8.374475393
7.528381235 -30.31525505 8.554900873
10.9621511 -28.5304821 10.49855615
10.48133789 -29.25212163 6.289526164
8.812432623 -29.4966082 10.61322784
8.3610554 -30.19094315 6.364497711
-9.134760404 -32.36642572 20.00355119
-2.914353707 -31.49991832 19.46802017
-7.755758918 -31.51076582 22.19357513
-7.516132267 -32.9320064 17.22413233
8.026028374 -28.43794907 17.5756191
2.789256042 -30.14779478 18.63236186
6.95325593 -28.25028751 19.89716409
6.729968212 -29.48742097 15.42254167
-4.832532499 -29.46295977 26.4307059
-1.520776256 -30.56580278 21.47800412
-6.315162441 -30.53824442 24.35080759
-1.583897822 -28.95049683 25.99144182
-4.560932524 -31.10770567 21.87580771
-4.398828855 -33.49731901 11.90482397
-1.487825691 -31.87396533 16.72354255
-5.925638838 -33.30146538 14.50569045
-1.441581112 -32.86570516 11.66263618
-4.421019716 -32.46280809 17.01439076
4.52164126 -27.56751962 24.7303397
1.486649581 -29.87989699 20.99603126
5.782632409 -27.96308782 22.29741048
1.548819865 -28.30934165 25.41581965
4.268448581 -29.11282757 20.47295369
0 -29.50033948 23.45190431
4.106925866 -31.274462 11.11482877
1.453786855 -31.14474503 16.34093729
5.415806937 -30.43626386 13.25764548
1.408630047 -32.11447447 11.39605647
4.134545263 -30.35927411 15.91188758
0 -32.06101327 14.03291639
-15.7642941 26.77255928 2.047453121
-14.48214169 27.24435739 6.167557096
-13.87186758 27.81215373 2.050011771
-11.40243458 27.55245302 14.72884418
-13.04123669 27.51287755 10.37437008
-9.955729651 29.73723523 2.075589854
-12.52974458 28.26641286 6.193510865
-11.92685745 28.80527631 2.061800869
-13.21760406 28.06481008 4.122991722
-1.695730506 23.86915418 34.18162265
-4.729156877 25.61957396 29.072248
-9.514414055 27.31251437 19.2835172
-7.313762273 26.70989372 24.06983766
-1.364380791 32.97522491 2.207614493
-4.021130731 31.85889996 6.506326195
-3.591090899 32.26069668 2.170217607
-9.199308474 28.55434405 14.88479378
-6.619205885 30.39610221 10.7101001
-10.10797582 28.57433003 12.67872673
-7.843430785 30.65511645 2.111032253
-6.198473714 31.06632598 6.410413366
-5.760623892 31.4815348 2.1363674
-9.175254545 29.99525099 4.195372791
-4.905657684 31.70415482 4.313526613
-11.74956463 28.43164239 8.374475393
-7.528381235 30.31525505 8.554900873
-10.9621511 28.5304821 10.49855615
-10.48133789 29.25212163 6.289526164
-8.812432623 29.4966082 10.61322784
-8.3610554 30.19094315 6.364497711
20.72874046 35.20369699 2.692231195
18.6061371 35.00257488 7.923856526
17.69487755 35.47702945 2.614983676
13.7654208 33.26229213 17.78117968
16.2818076 34.34945544 12.95226071
11.86352524 35.43571923 2.473330784
15.58711578 35.16367369 7.70478363
14.71685581 35.54357046 2.54410906
16.6603253 35.3747066 5.196886137
1.73109053 24.36688296 34.89439098
5.044277575 27.32669813 31.00943624
0 25.44243654 32.39362518
11.05733647 31.74169838 22.41066414
8.152394443 29.77258229 26.82980434
-3.105800099 27.00645763 27.32822295
3.244717393 28.21441175 28.55056909
-1.618557229 26.31945558 29.84406999
1.654137837 26.89803397 30.50012968
1.396116629 33.74223688 2.258964157
4.306113911 34.11678493 6.967438668
3.818876131 34.30701365 2.307875922
0 33.26950781 4.482395869
10.71151235 33.24817402 17.33159106
7.405123129 34.00511835 11.98174091
11.98367216 33.8767533 15.03146696
8.998237788 35.16854229 2.421844562
6.897305774 34.56882443 7.133140053
6.36610387 34.790454 2.360913858
10.77535939 35.2262281 4.927018579
5.337839789 34.4972499 4.693542736
-2.719337901 32.05289526 8.859202363
2.846072664 33.54672068 9.272085553
-1.37816083 32.7026824 6.694131863
1.410275313 33.46473406 6.850121339
14.39449397 34.83185274 10.25964275
8.568261994 34.50264267 9.736572806
13.22033581 34.40771347 12.66124108
12.58433746 35.12133413 7.551471057
10.24203035 34.28169828 12.33495974
9.668568417 34.91224318 7.359786368
-8.026028374 28.43794907 17.5756191
-2.789256042 30.14779478 18.63236186
-6.95325593 28.25028751 19.89716409
-6.729968212 29.48742097 15.42254167
9.134760404 32.36642572 20.00355119
2.914353707 31.49991832 19.46802017
7.755758918 31.51076582 22.19357513
7.516132267 32.9320064 17.22413233
-4.52164126 27.56751962 24.7303397
-1.486649581 29.87989699 20.99603126
-5.782632409 27.96308782 22.29741048
-1.548819865 28.30934165 25.41581965
-4.268448581 29.11282757 20.47295369
-4.106925866 31.274462 11.11482877
-1.453786855 31.14474503 16.34093729
-5.415806937 30.43626386 13.25764548
-1.408630047 32.11447447 11.39605647
-4.134545263 30.35927411 15.91188758
4.832532499 29.46295977 26.4307059
1.520776256 30.56580278 21.47800412
6.315162441 30.53824442 24.35080759
1.583897822 28.95049683 25.99144182
4.560932524 31.10770567 21.87580771
0 29.50033948 23.45190431
4.398828855 33.49731901 11.90482397
1.487825691 31.87396533 16.72354255
5.925638838 33.30146538 14.50569045
1.441581112 32.86570516 11.66263618
4.421019716 32.46280809 17.01439076
0 32.06101327 14.03291639
0 -20.66637521 39.2756767
0 -15.8603245 43.99730645
0 -3.446307223 49.72491777
0 -10.04238457 47.6790566
0 20.66637521 39.2756767
0 15.8603245 43.99730645
0 3.446307223 49.72491777
0 10.04238457 47.6790566
-20.72874046 -35.20369699 -2.692231195
-18.6061371 -35.00257488 -7.923856526
-17.69487755 -35.47702945 -2.614983676
-13.7654208 -33.26229213 -17.78117968
-16.2818076 -34.34945544 -12.95226071
-11.86352524 -35.43571923 -2.473330784
-15.58711578 -35.16367369 -7.70478363
-14.71685581 -35.54357046 -2.54410906
-16.6603253 -35.3747066 -5.196886137
-1.73109053 -24.36688296 -34.89439098
-5.044277575 -27.32669813 -31.00943624
-11.05733647 -31.74169838 -22.41066414
-8.152394443 -29.77258229 -26.82980434
-1.396116629 -33.74223688 -2.258964157
-4.306113911 -34.11678493 -6.967438668
-3.818876131 -34.30701365 -2.307875922
-10.71151235 -33.24817402 -17.33159106
-7.405123129 -34.00511835 -11.98174091
-11.98367216 -33.8767533 -15.03146696
-8.998237788 -35.16854229 -2.421844562
-6.897305774 -34.56882443 -7.133140053
-6.36610387 -34.790454 -2.360913858
-10.77535939 -35.2262281 -4.927018579
-5.337839789 -34.4972499 -4.693542736
-14.39449397 -34.83185274 -10.25964275
-8.568261994 -34.50264267 -9.736572806
-13.22033581 -34.40771347 -12.66124108
-12.58433746 -35.12133413 -7.551471057
-10.24203035 -34.28169828 -12.33495974
-9.668568417 -34.91224318 -7.359786368
15.7642941 -26.77255928 -2.047453121
14.48214169 -27.24435739 -6.167557096
13.87186758 -27.81215373 -2.050011771
11.40243458 -27.55245302 -14.72884418
13.04123669 -27.51287755 -10.37437008
9.955729651 -29.73723523 -2.075589854
12.52974458 -28.26641286 -6.193510865
11.92685745 -28.80527631 -2.061800869
13.21760406 -28.06481008 -4.122991722
1.695730506 -23.86915418 -34.18162265
4.729156877 -25.61957396 -29.072248
0 -25.44243654 -32.39362518
9.514414055 -27.31251437 -19.2835172
7.313762273 -26.70989372 -24.06983766
-3.244717393 -28.21441175 -28.55056909
3.105800099 -27.00645763 -27.32822295
-1.654137837 -26.89803397 -30.50012968
1.618557229 -26.31945558 -29.84406999
1.364380791 -32.97522491 -2.207614493
4.021130731 -31.85889996 -6.506326195
3.591090899 -32.26069668 -2.170217607
0 -33.26950781 -4.482395869
9.199308474 -28.55434405 -14.88479378
6.619205885 -30.39610221 -10.7101001
10.10797582 -28.57433003 -12.67872673
7.843430785 -30.65511645 -2.111032253
6.198473714 -31.06632598 -6.410413366
5.760623892 -31.4815348 -2.1363674
9.175254545 -29.99525099 -4.195372791
4.905657684 -31.70415482 -4.313526613
-2.846072664 -33.54672068 -9.272085553
2.719337901 -32.05289526 -8.859202363
-1.410275313 -33.46473406 -6.850121339
1.37816083 -32.7026824 -6.694131863
11.74956463 -28.43164239 -8.374475393
7.528381235 -30.31525505 -8.554900873
10.9621511 -28.5304821 -10.49855615
10.48133789 -29.25212163 -6.289526164
8.812432623 -29.4966082 -10.61322784
8.3610554 -30.19094315 -6.364497711
-9.134760404 -32.36642572 -20.00355119
-2.914353707 -31.49991832 -19.46802017
-7.755758918 -31.51076582 -22.19357513
-7.516132267 -32.9320064 -17.22413233
8.026028374 -28.43794907 -17.5756191
2.789256042 -30.14779478 -18.63236186
6.95325593 -28.25028751 -19.89716409
6.729968212 -29.48742097 -15.42254167
-4.832532499 -29.46295977 -26.4307059
-1.520776256 -30.56580278 -21.47800412
-6.315162441 -30.53824442 -24.35080759
-1.583897822 -28.95049683 -25.99144182
-4.560932524 -31.10770567 -21.87580771
-4.398828855 -33.49731901 -11.90482397
-1.487825691 -31.87396533 -16.72354255
-5.925638838 -33.30146538 -14.50569045
-1.441581112 -32.86570516 -11.66263618
-4.421019716 -32.46280809 -17.01439076
4.52164126 -27.56751962 -24.7303397
1.486649581 -29.87989699 -20.99603126
5.782632409 -27.96308782 -22.29741048
1.548819865 -28.30934165 -25.41581965
4.268448581 -29.11282757 -20.47295369
0 -29.50033948 -23.45190431
4.106925866 -31.274462 -11.11482877
1.453786855 -31.14474503 -16.34093729
5.415806937 -30.43626386 -13.25764548
1.408630047 -32.11447447 -11.39605647
4.134545263 -30.35927411 -15.91188758
0 -32.06101327 -14.03291639
-15.7642941 26.77255928 -2.047453121
-14.48214169 27.24435739 -6.167557096
-13.87186758 27.81215373 -2.050011771
-11.40243458 27.55245302 -14.72884418
-13.04123669 27.51287755 -10.37437008
-9.955729651 29.73723523 -2.075589854
-12.52974458 28.26641286 -6.193510865
-11.92685745 28.80527631 -2.061800869
-13.21760406 28.06481008 -4.122991722
-1.695730506 23.86915418 -34.18162265
-4.729156877 25.61957396 -29.072248
-9.514414055 27.31251437 -19.2835172
-7.313762273 26.70989372 -24.06983766
-1.364380791 32.97522491 -2.207614493
-4.021130731 31.85889996 -6.506326195
-3.591090899 32.26069668 -2.170217607
-9.199308474 28.55434405 -14.88479378
-6.619205885 30.39610221 -10.7101001
-10.10797582 28.57433003 -12.67872673
-7.843430785 30.65511645 -2.111032253
-6.198473714 31.06632598 -6.410413366
-5.760623892 31.4815348 -2.1363674
-9.175254545 29.99525099 -4.195372791
-4.905657684 31.70415482 -4.313526613
-11.74956463 28.43164239 -8.374475393
-7.528381235 30.31525505 -8.554900873
-10.9621511 28.5304821 -10.49855615
-10.48133789 29.25212163 -6.289526164
-8.812432623 29.4966082 -10.61322784
-8.3610554 30.19094315 -6.364497711
20.72874046 35.20369699 -2.692231195
18.6061371 35.00257488 -7.923856526
17.69487755 35.47702945 -2.614983676
13.7654208 33.26229213 -17.78117968
16.2818076 34.34945544 -12.95226071
11.86352524 35.43571923 -2.473330784
15.58711578 35.16367369 -7.70478363
14.71685581 35.54357046 -2.54410906
16.6603253 35.3747066 -5.196886137
1.73109053 24.36688296 -34.89439098
5.044277575 27.32669813 -31.00943624
0 25.44243654 -32.39362518
11.05733647 31.74169838 -22.41066414
8.152394443 29.77258229 -26.82980434
-3.105800099 27.00645763 -27.32822295
3.244717393 28.21441175 -28.55056909
-1.618557229 26.31945558 -29.84406999
1.654137837 26.89803397 -30.50012968
1.396116629 33.74223688 -2.258964157
4.306113911 34.11678493 -6.967438668
3.818876131 34.30701365 -2.307875922
0 33.26950781 -4.482395869
10.71151235 33.24817402 -17.33159106
7.405123129 34.00511835 -11.98174091
11.98367216 33.8767533 -15.03146696
8.998237788 35.16854229 -2.421844562
6.897305774 34.56882443 -7.133140053
6.36610387 34.790454 -2.360913858
10.77535939 35.2262281 -4.927018579
5.337839789 34.4972499 -4.693542736
-2.719337901 32.05289526 -8.859202363
2.846072664 33.54672068 -9.272085553
-1.37816083 32.7026824 -6.694131863
1.410275313 33.46473406 -6.850121339
14.39449397 34.83185274 -10.25964275
8.568261994 34.50264267 -9.736572806
13.22033581 34.40771347 -12.66124108
12.58433746 35.12133413 -7.551471057
10.24203035 34.28169828 -12.33495974
9.668568417 34.91224318 -7.359786368
-8.026028374 28.43794907 -17.5756191
-2.789256042 30.14779478 -18.63236186
-6.95325593 28.25028751 -19.89716409
-6.729968212 29.48742097 -15.42254167
9.134760404 32.36642572 -20.00355119
2.914353707 31.49991832 -19.46802017
7.755758918 31.51076582 -22.19357513
7.516132267 32.9320064 -17.22413233
-4.52164126 27.56751962 -24.7303397
-1.486649581 29.87989699 -20.99603126
-5.782632409 27.96308782 -22.29741048
-1.548819865 28.30934165 -25.41581965
-4.268448581 29.11282757 -20.47295369
-4.106925866 31.274462 -11.11482877
-1.453786855 31.14474503 -16.34093729
-5.415806937 30.43626386 -13.25764548
-1.408630047 32.11447447 -11.39605647
-4.134545263 30.35927411 -15.91188758
4.832532499 29.46295977 -26.4307059
1.520776256 30.56580278 -21.47800412
6.315162441 30.53824442 -24.35080759
1.583897822 28.95049683 -25.99144182
4.560932524 31.10770567 -21.87580771
0 29.50033948 -23.45190431
4.398828855 33.49731901 -11.90482397
1.487825691 31.87396533 -16.72354255
5.925638838 33.30146538 -14.50569045
1.441581112 32.86570516 -11.66263618
4.421019716 32.46280809 -17.01439076
0 32.06101327 -14.03291639
0 -20.66637521 -39.2756767
0 -15.8603245 -43.99730645
0 -3.446307223 -49.72491777
0 -10.04238457 -47.6790566
0 20.66637521 -39.2756767
0 15.8603245 -43.99730645
0 3.446307223 -49.72491777
0 10.04238457 -47.6790566
24.19238466 34.64450216 -1.71869369
29.05116138 32.96630028 -5.362598919
23.16562325 34.71994089 -4.470344608
37.09649339 26.19132235 -12.92269885
33.48822386 30.17818492 -9.169819649
20.93998424 34.4850658 -9.852185574
27.95202181 33.02664404 -8.256019848
22.07720122 34.66413539 -7.198573511
25.59689139 33.99908698 -6.342842943
38.07452035 2.911779732 -22.41914679
39.84246399 9.019506975 -21.17885184
39.47755241 21.10370055 -16.33757286
40.38907256 15.22963875 -19.14461525
15.84608243 32.54235025 -20.11227853
22.86912393 31.74545322 -19.61976908
17.18175902 33.19853117 -17.65873852
35.92442351 26.09997115 -16.13066928
29.78563046 29.66601523 -18.33460573
34.29289849 28.26999673 -14.24428828
19.71775472 34.16573259 -12.57864961
24.20879087 32.27327436 -16.91860081
18.47816902 33.74330697 -15.13168282
23.25784088 33.71124276 -11.96022001
20.69472012 32.8813282 -17.37692383
30.28932788 31.71581428 -10.31240108
27.80020632 31.29557856 -16.23475475
32.38677369 30.15414163 -12.27902324
26.82473272 32.90643881 -11.20450799
31.14633342 29.9803367 -15.35456568
25.57059712 32.65209763 -14.11248861
17.84793926 -25.55899217 -1.267966801
20.76798738 -23.56682748 -3.833594988
17.24980594 -25.85349144 -3.32875037
26.42582521 -18.65748601 -9.20553265
23.62303452 -21.28808942 -6.468511649
15.96008016 -26.28389822 -7.50915902
20.16082948 -23.82097951 -5.954782429
16.61993816 -26.09550824 -5.419158224
18.72125035 -24.86651247 -4.639077021
36.12645054 -2.762799519 -21.27207882
34.17714552 -7.736996448 -18.1673679
29.16433261 -15.59051422 -12.06950228
31.78662707 -11.98588669 -15.06701458
12.87338597 -26.43746409 -16.33925139
17.41087481 -24.16866137 -14.93705419
13.71321171 -26.4966169 -14.09390154
25.81419953 -18.75464649 -11.59100898
21.70754652 -21.62037183 -13.36212464
24.4419734 -20.14920111 -10.15249601
15.24434425 -26.41447754 -9.724903648
18.14258181 -24.18627694 -12.67915862
14.50485143 -26.48756237 -11.87795236
17.41646999 -25.24442621 -8.956326341
15.96728628 -25.37002567 -13.40739647
21.63688327 -22.6558798 -7.366562221
20.33407189 -22.89071301 -11.87468418
23.04171836 -21.45330207 -8.735967281
19.55441135 -23.98778946 -8.167744316
22.40305927 -21.56437649 -11.04429341
18.88114667 -24.11007618 -10.42056101
2.817475387 -21.69305376 -36.84139386
8.302807712 -19.49595858 -36.67654099
4.411860146 -22.86255288 -34.2657081
2.903158604 -19.64487828 -39.38664867
18.54386688 -14.35586027 -34.68900986
13.55527759 -17.0398378 -35.948659
7.264122976 -24.59380277 -29.05874843
9.714477313 -20.64729702 -34.00305311
5.903677109 -23.82461353 -31.64505779
7.102431756 -21.78234546 -34.20117272
3.0753551 -14.75118213 -44.06099685
8.575946669 -17.34951688 -39.13955339
2.993916359 -17.31884692 -41.8277969
5.779710451 -18.52876005 -39.34193593
35.22039236 -1.74726327 -24.59453093
31.62681953 -5.144706769 -27.87075984
34.47580026 -4.438910433 -23.00272926
23.24094086 -11.46699184 -32.91767393
27.61541141 -8.391105789 -30.64435723
32.48826675 -9.281711534 -19.72749009
30.83824892 -7.708963552 -26.09987879
33.54412565 -6.965985208 -21.36387951
32.69965503 -6.10042194 -24.61858811
11.79404867 -26.26638685 -19.08317162
14.42129171 -23.42822486 -23.33414016
10.81035176 -26.0257507 -21.45481775
14.19454136 -25.18424568 -18.39223488
19.6818707 -15.50697227 -31.84593575
17.07106783 -19.89831604 -27.62156797
17.32208662 -16.85420041 -32.56562364
8.585232195 -25.2163304 -26.40390223
13.41809003 -22.97698222 -25.86592142
9.736213529 -25.67993708 -23.90965111
9.820964053 -23.5123877 -28.8431186
12.11759724 -24.58022791 -23.66004046
18.79964208 -22.78793181 -16.89466642
16.89625424 -22.21806012 -22.54353147
16.54206976 -24.01733878 -17.65901721
15.54505924 -23.77420491 -20.47367811
12.38328361 -19.41150731 -33.63508561
14.76071362 -21.12107455 -28.15697147
14.87373643 -18.16317583 -33.1680924
11.09523577 -21.57579273 -31.27318612
16.04842861 -19.11257375 -30.36749503
12.33409693 -22.34830667 -28.53742866
3.32391404 -2.054291852 -49.64943535
9.609634809 -5.939080931 -47.05457194
3.291836644 -5.447050367 -48.93377657
19.21800289 -11.87737898 -36.86698481
14.97715388 -9.256390154 -42.50633476
16.70322469 -13.31646267 -37.64443109
3.175198432 -11.797285 -46.10828544
9.406193171 -9.095207719 -45.58455853
3.238706873 -8.733035427 -47.72562207
6.152660629 -13.45583103 -43.9890825
6.464802733 -7.352246096 -47.51590174
11.42500926 -16.02952763 -38.78831358
12.17866844 -10.71732569 -43.15648368
14.08907354 -14.71121846 -38.28793737
8.922658794 -14.86938749 -41.49862701
14.57512105 -12.10209318 -40.50762327
9.209344614 -12.09833737 -43.68589829
27.42102428 -16.94712501 -13.35231806
26.3274498 -16.27125881 -18.96604556
28.74236685 -15.28844569 -14.87549007
25.36789361 -18.52635428 -14.29805044
22.39919577 -13.84346431 -30.83061627
24.70504234 -15.26855586 -24.80465462
24.60308136 -12.39665454 -29.84474953
21.06515994 -16.25741982 -28.84424686
31.27003638 -11.51255369 -18.04658823
27.55196552 -14.44355168 -20.6672482
30.03875662 -13.47043247 -16.44952057
30.64950474 -10.8739634 -21.14550654
28.20756726 -14.90696315 -17.75316696
21.10573487 -21.41491182 -16.05035995
24.11710343 -17.88009639 -19.89618524
23.25013 -20.02235951 -15.20238635
20.2971132 -21.18740096 -18.85659735
24.80225947 -18.23613894 -17.08268806
28.79380821 -9.362310431 -27.49874526
26.72538618 -13.86394213 -23.74045421
26.74879685 -10.89233785 -28.729295
29.82857029 -10.15650633 -24.31571006
25.76156063 -13.19390034 -26.7634805
28.71552534 -12.41107169 -22.48777821
18.32617722 -20.39256437 -24.71878796
23.24632871 -17.42299695 -22.91071075
19.69315716 -18.44754867 -26.78389297
19.37017442 -20.84992407 -21.76445965
22.25252046 -16.89568172 -25.83981141
21.79239465 -19.39503632 -20.87668525
2.907642673 22.38729365 -38.02042404
9.068347437 21.29353493 -40.05821019
4.652491039 24.10951818 -36.13462227
2.989574295 20.22962957 -40.55903534
21.64399847 16.75584816 -40.48825854
15.45521571 19.42817969 -40.98730369
8.014436962 27.13410588 -32.06023745
10.86369258 23.08985652 -38.02558839
6.368001333 25.69841946 -34.13394169
7.724392207 23.68982699 -37.19617183
3.147504955 15.09725457 -45.09469684
9.294495632 18.803173 -42.41892144
3.07460743 17.78561891 -42.95512622
6.116130047 19.60726356 -41.63191192
36.35566318 1.803583397 -25.38729476
34.56018437 5.621874633 -30.45575283
37.45785003 4.822862414 -24.99239398
34.69226838 0 -27.24782521
27.13168539 13.3866704 -38.42839145
31.5012739 9.571848049 -34.95643344
38.86558637 11.10367518 -23.59991918
35.31576676 8.828256089 -29.88941539
38.31268001 7.956253353 -24.4009186
36.54298866 6.817431241 -27.51211856
30.96184003 -3.518753708 -30.59729213
32.79810688 3.727441912 -32.41193859
32.88036448 -1.783227008 -28.99716067
33.88783366 1.837865886 -29.88564674
14.19302795 31.60912534 -22.96480163
17.71827722 28.78436906 -28.66877477
12.74959405 30.69444581 -25.30354449
17.70346458 31.40984905 -22.93883758
23.6071826 18.59965099 -38.19722382
21.00268868 24.48107765 -33.98306414
20.5816289 20.02569932 -38.69358208
9.697726736 28.48392169 -29.82538186
16.13015125 27.62108449 -31.0939354
11.24074929 29.64825429 -27.60440628
11.19701679 26.80679803 -32.88443797
14.45811127 29.32789917 -28.22997751
24.85676249 30.13005281 -22.33801626
21.37278841 28.10456632 -28.51626882
21.30083175 30.92655876 -22.73909855
19.57260627 29.93382944 -25.7781739
14.20591482 22.26858627 -38.58565919
17.7885634 25.45361853 -33.93278164
17.40704794 21.25674835 -38.81731918
12.72001307 24.73533427 -35.85280606
19.27016212 22.94943659 -36.46379137
14.48939744 26.253523 -33.52415245
3.335309481 2.061334623 -49.81964951
9.895886824 6.115994406 -48.45623458
3.32172222 5.496502467 -49.37803132
6.647880289 0 -49.34229631
21.87303969 13.51828197 -41.96029248
16.13618952 9.97271357 -45.7957686
18.93950379 15.09931166 -42.68438333
3.236330288 12.02441724 -46.99600479
9.835900753 9.510708405 -47.66701953
3.285456048 8.859092589 -48.41451844
6.424051309 14.04936079 -45.92941819
6.623981366 7.533275669 -48.68585488
12.84628692 -3.943176087 -46.4783027
13.18421182 4.046902355 -47.70092649
9.865558007 -2.031081235 -48.19597474
9.96580977 2.051720663 -48.68573229
12.63961864 17.73365007 -42.91195572
13.05985882 11.49278028 -46.27908106
15.82205833 16.52072834 -42.99743179
9.580107748 15.96500971 -44.55637354
16.05851076 13.33378933 -44.63030545
9.769065041 12.8336434 -46.34101553
37.46294102 23.15337087 -18.24210134
34.80924414 21.513296 -25.07624989
38.37407568 20.41167921 -19.86034013
34.82938795 25.43615132 -19.63081181
26.96108696 16.66286812 -37.10967728
31.29572011 19.34181873 -31.42190641
29.50541027 14.86677107 -35.79151596
25.97129603 20.04381946 -35.56215457
39.07662299 14.38667083 -22.55193169
35.49718046 18.60866733 -26.62710355
38.91746151 17.45195527 -21.31158728
37.52709804 13.31402559 -25.89045088
37.0406999 19.57504322 -23.312529
28.49865299 28.91612846 -21.67248103
31.96604187 23.69919388 -26.37142111
31.78877622 27.37560201 -20.78548626
26.87518023 28.05400028 -24.96780932
33.49976075 24.63107412 -23.0731383
33.68469089 10.95258156 -32.16965006
33.67491121 17.46904674 -29.91379366
31.76890603 12.93656905 -34.12109629
35.7197557 12.1624309 -29.11809768
31.69971298 16.23515206 -32.93257977
35.78382124 15.46604373 -28.02312081
23.15041609 25.7607653 -31.22583721
30.12710526 22.58010156 -29.69214636
24.67301673 23.112428 -33.55680525
25.0793617 26.99525445 -28.17934129
28.16097792 21.381799 -32.70076124
28.67039529 25.51639536 -27.46567452
22.10468113 -10.09425597 -35.76612539
24.06697733 -3.60281549 -38.94118733
24.43636871 -8.539524772 -34.69511728
20.26351478 -8.84243423 -38.74321131
25.0754383 11.45087284 -40.57291145
25.18236742 3.769788876 -40.74592641
27.46645638 9.598418138 -38.99728052
22.36369962 9.758896478 -42.75869953
28.83703507 -5.272500467 -32.14535425
26.40480522 -1.869624413 -37.57723783
26.69591606 -6.923345184 -33.479235
29.95791426 -1.825611503 -33.36854139
25.51337252 -5.319335957 -36.2803739
15.69621539 -5.799746838 -44.16538502
21.8786995 -1.946459078 -41.6993533
18.11744264 -7.401055618 -41.59315209
16.14361652 -1.995460742 -45.49326005
21.17166101 -5.501244921 -40.39472104
31.31304372 5.725208475 -34.90542215
27.08104357 1.917506293 -38.53960695
29.56451499 7.667290456 -37.07673273
30.81146715 1.877626338 -34.31926895
27.44135069 5.721304124 -39.02198592
28.66301831 0 -36.05544178
16.4626466 6.082942938 -46.32193859
22.35949903 1.989233861 -42.6157254
19.46824644 7.952864955 -44.69426238
16.40982731 2.028366205 -46.24345111
22.52247496 5.852240452 -42.9720225
19.34312902 0 -44.19325954
24.19238466 34.64450216 1.71869369
29.05116138 32.96630028 5.362598919
23.16562325 34.71994089 4.470344608
26.71796714 34.01764652 0
37.09649339 26.19132235 12.92269885
33.48822386 30.17818492 9.169819649
20.93998424 34.4850658 9.852185574
27.95202181 33.02664404 8.256019848
22.07720122 34.66413539 7.198573511
25.59689139 33.99908698 6.342842943
31.59828667 31.9747608 -3.63387021
31.59828667 31.9747608 3.63387021
29.2171532 33.12981768 -1.796755802
29.2171532 33.12981768 1.796755802
38.07452035 2.911779732 22.41914679
39.84246399 9.019506975 21.17885184
39.47755241 21.10370055 16.33757286
40.38907256 15.22963875 19.14461525
15.84608243 32.54235025 20.11227853
22.86912393 31.74545322 19.61976908
17.18175902 33.19853117 17.65873852
35.92442351 26.09997115 16.13066928
29.78563046 29.66601523 18.33460573
34.29289849 28.26999673 14.24428828
19.71775472 34.16573259 12.57864961
24.20879087 32.27327436 16.91860081
18.47816902 33.74330697 15.13168282
23.25784088 33.71124276 11.96022001
20.69472012 32.8813282 17.37692383
30.28932788 31.71581428 10.31240108
27.80020632 31.29557856 16.23475475
32.38677369 30.15414163 12.27902324
26.82473272 32.90643881 11.20450799
31.14633342 29.9803367 15.35456568
25.57059712 32.65209763 14.11248861
39.23783848 24.25031782 -11.07407585
40.12638608 24.79947045 -3.712469374
37.76845811 26.6009756 -9.295967529
39.23783848 24.25031782 11.07407585
40.12638608 24.79947045 3.712469374
37.76845811 26.6009756 9.295967529
33.94368264 30.45028403 -5.567463379
38.44612129 27.01535298 -1.912854991
35.97505411 28.68605047 -7.439468602
34.11675033 30.62964812 -1.866546431
38.22005285 26.87740895 -5.603726741
33.94368264 30.45028403 5.567463379
38.44612129 27.01535298 1.912854991
35.97505411 28.68605047 7.439468602
34.11675033 30.62964812 1.866546431
38.22005285 26.87740895 5.603726741
36.43422532 28.96414011 0
17.84793926 -25.55899217 1.267966801
20.76798738 -23.56682748 3.833594988
17.24980594 -25.85349144 3.32875037
19.34265291 -24.62730514 0
26.42582521 -18.65748601 9.20553265
23.62303452 -21.28808942 6.468511649
15.96008016 -26.28389822 7.50915902
20.16082948 -23.82097951 5.954782429
16.61993816 -26.09550824 5.419158224
18.72125035 -24.86651247 4.639077021
22.29132264 -22.55691003 -2.563549541
22.29132264 -22.55691003 2.563549541
20.8322158 -23.62199721 -1.281110598
20.8322158 -23.62199721 1.281110598
36.12645054 -2.762799519 21.27207882
34.17714552 -7.736996448 18.1673679
29.16433261 -15.59051422 12.06950228
31.78662707 -11.98588669 15.06701458
12.87338597 -26.43746409 16.33925139
17.41087481 -24.16866137 14.93705419
13.71321171 -26.4966169 14.09390154
25.81419953 -18.75464649 11.59100898
21.70754652 -21.62037183 13.36212464
24.4419734 -20.14920111 10.15249601
15.24434425 -26.41447754 9.724903648
18.14258181 -24.18627694 12.67915862
14.50485143 -26.48756237 11.87795236
17.41646999 -25.24442621 8.956326341
15.96728628 -25.37002567 13.40739647
21.63688327 -22.6558798 7.366562221
20.33407189 -22.89071301 11.87468418
23.04171836 -21.45330207 8.735967281
19.55441135 -23.98778946 8.167744316
22.40305927 -21.56437649 11.04429341
18.88114667 -24.11007618 10.42056101
28.09455265 -17.36338844 -7.92911177
28.41537267 -17.56166611 -2.628973378
26.68176448 -18.79242631 -6.567194654
28.09455265 -17.36338844 7.92911177
28.41537267 -17.56166611 2.628973378
26.68176448 -18.79242631 6.567194654
23.80870958 -21.35837695 -3.905118961
26.93345734 -18.92562456 -1.340051911
25.24355575 -20.12889021 -5.220246226
23.8634038 -21.42430491 -1.305580126
26.85009119 -18.88173426 -3.93669194
23.80870958 -21.35837695 3.905118961
26.93345734 -18.92562456 1.340051911
25.24355575 -20.12889021 5.220246226
23.8634038 -21.42430491 1.305580126
26.85009119 -18.88173426 3.93669194
25.42047314 -20.20853028 0
2.817475387 -21.69305376 36.84139386
8.302807712 -19.49595858 36.67654099
4.411860146 -22.86255288 34.2657081
2.903158604 -19.64487828 39.38664867
18.54386688 -14.35586027 34.68900986
13.55527759 -17.0398378 35.948659
7.264122976 -24.59380277 29.05874843
9.714477313 -20.64729702 34.00305311
5.903677109 -23.82461353 31.64505779
7.102431756 -21.78234546 34.20117272
3.0753551 -14.75118213 44.06099685
8.575946669 -17.34951688 39.13955339
2.993916359 -17.31884692 41.8277969
5.779710451 -18.52876005 39.34193593
35.22039236 -1.74726327 24.59453093
31.62681953 -5.144706769 27.87075984
34.47580026 -4.438910433 23.00272926
23.24094086 -11.46699184 32.91767393
27.61541141 -8.391105789 30.64435723
32.48826675 -9.281711534 19.72749009
30.83824892 -7.708963552 26.09987879
33.54412565 -6.965985208 21.36387951
32.69965503 -6.10042194 24.61858811
11.79404867 -26.26638685 19.08317162
14.42129171 -23.42822486 23.33414016
10.81035176 -26.0257507 21.45481775
14.19454136 -25.18424568 18.39223488
19.6818707 -15.50697227 31.84593575
17.07106783 -19.89831604 27.62156797
17.32208662 -16.85420041 32.56562364
8.585232195 -25.2163304 26.40390223
13.41809003 -22.97698222 25.86592142
9.736213529 -25.67993708 23.90965111
9.820964053 -23.5123877 28.8431186
12.11759724 -24.58022791 23.66004046
18.79964208 -22.78793181 16.89466642
16.89625424 -22.21806012 22.54353147
16.54206976 -24.01733878 17.65901721
15.54505924 -23.77420491 20.47367811
12.38328361 -19.41150731 33.63508561
14.76071362 -21.12107455 28.15697147
14.87373643 -18.16317583 33.1680924
11.09523577 -21.57579273 31.27318612
16.04842861 -19.11257375 30.36749503
12.33409693 -22.34830667 28.53742866
3.32391404 -2.054291852 49.64943535
9.609634809 -5.939080931 47.05457194
3.291836644 -5.447050367 48.93377657
19.21800289 -11.87737898 36.86698481
14.97715388 -9.256390154 42.50633476
16.70322469 -13.31646267 37.64443109
3.175198432 -11.797285 46.10828544
9.406193171 -9.095207719 45.58455853
3.238706873 -8.733035427 47.72562207
6.152660629 -13.45583103 43.9890825
6.464802733 -7.352246096 47.51590174
11.42500926 -16.02952763 38.78831358
12.17866844 -10.71732569 43.15648368
14.08907354 -14.71121846 38.28793737
8.922658794 -14.86938749 41.49862701
14.57512105 -12.10209318 40.50762327
9.209344614 -12.09833737 43.68589829
27.42102428 -16.94712501 13.35231806
26.3274498 -16.27125881 18.96604556
28.74236685 -15.28844569 14.87549007
25.36789361 -18.52635428 14.29805044
22.39919577 -13.84346431 30.83061627
24.70504234 -15.26855586 24.80465462
24.60308136 -12.39665454 29.84474953
21.06515994 -16.25741982 28.84424686
31.27003638 -11.51255369 18.04658823
27.55196552 -14.44355168 20.6672482
30.03875662 -13.47043247 16.44952057
30.64950474 -10.8739634 21.14550654
28.20756726 -14.90696315 17.75316696
21.10573487 -21.41491182 16.05035995
24.11710343 -17.88009639 19.89618524
23.25013 -20.02235951 15.20238635
20.2971132 -21.18740096 18.85659735
24.80225947 -18.23613894 17.08268806
28.79380821 -9.362310431 27.49874526
26.72538618 -13.86394213 23.74045421
26.74879685 -10.89233785 28.729295
29.82857029 -10.15650633 24.31571006
25.76156063 -13.19390034 26.7634805
28.71552534 -12.41107169 22.48777821
18.32617722 -20.39256437 24.71878796
23.24632871 -17.42299695 22.91071075
19.69315716 -18.44754867 26.78389297
19.37017442 -20.84992407 21.76445965
22.25252046 -16.89568172 25.83981141
21.79239465 -19.39503632 20.87668525
2.907642673 22.38729365 38.02042404
9.068347437 21.29353493 40.05821019
4.652491039 24.10951818 36.13462227
2.989574295 20.22962957 40.55903534
21.64399847 16.75584816 40.48825854
15.45521571 19.42817969 40.98730369
8.014436962 27.13410588 32.06023745
10.86369258 23.08985652 38.02558839
6.368001333 25.69841946 34.13394169
7.724392207 23.68982699 37.19617183
3.147504955 15.09725457 45.09469684
9.294495632 18.803173 42.41892144
3.07460743 17.78561891 42.95512622
6.116130047 19.60726356 41.63191192
36.35566318 1.803583397 25.38729476
34.56018437 5.621874633 30.45575283
37.45785003 4.822862414 24.99239398
34.69226838 0 27.24782521
27.13168539 13.3866704 38.42839145
31.5012739 9.571848049 34.95643344
38.86558637 11.10367518 23.59991918
35.31576676 8.828256089 29.88941539
38.31268001 7.956253353 24.4009186
36.54298866 6.817431241 27.51211856
30.96184003 -3.518753708 30.59729213
32.79810688 3.727441912 32.41193859
32.88036448 -1.783227008 28.99716067
33.88783366 1.837865886 29.88564674
14.19302795 31.60912534 22.96480163
17.71827722 28.78436906 28.66877477
12.74959405 30.69444581 25.30354449
17.70346458 31.40984905 22.93883758
23.6071826 18.59965099 38.19722382
21.00268868 24.48107765 33.98306414
20.5816289 20.02569932 38.69358208
9.697726736 28.48392169 29.82538186
16.13015125 27.62108449 31.0939354
11.24074929 29.64825429 27.60440628
11.19701679 26.80679803 32.88443797
14.45811127 29.32789917 28.22997751
24.85676249 30.13005281 22.33801626
21.37278841 28.10456632 28.51626882
21.30083175 30.92655876 22.73909855
19.57260627 29.93382944 25.7781739
14.20591482 22.26858627 38.58565919
17.7885634 25.45361853 33.93278164
17.40704794 21.25674835 38.81731918
12.72001307 24.73533427 35.85280606
19.27016212 22.94943659 36.46379137
14.48939744 26.253523 33.52415245
3.335309481 2.061334623 49.81964951
9.895886824 6.115994406 48.45623458
3.32172222 5.496502467 49.37803132
6.647880289 0 49.34229631
21.87303969 13.51828197 41.96029248
16.13618952 9.97271357 45.7957686
18.93950379 15.09931166 42.68438333
3.236330288 12.02441724 46.99600479
9.835900753 9.510708405 47.66701953
3.285456048 8.859092589 48.41451844
6.424051309 14.04936079 45.92941819
6.623981366 7.533275669 48.68585488
12.84628692 -3.943176087 46.4783027
13.18421182 4.046902355 47.70092649
9.865558007 -2.031081235 48.19597474
9.96580977 2.051720663 48.68573229
12.63961864 17.73365007 42.91195572
13.05985882 11.49278028 46.27908106
15.82205833 16.52072834 42.99743179
9.580107748 15.96500971 44.55637354
16.05851076 13.33378933 44.63030545
9.769065041 12.8336434 46.34101553
37.46294102 23.15337087 18.24210134
34.80924414 21.513296 25.07624989
38.37407568 20.41167921 19.86034013
34.82938795 25.43615132 19.63081181
26.96108696 16.66286812 37.10967728
31.29572011 19.34181873 31.42190641
29.50541027 14.86677107 35.79151596
25.97129603 20.04381946 35.56215457
39.07662299 14.38667083 22.55193169
35.49718046 18.60866733 26.62710355
38.91746151 17.45195527 21.31158728
37.52709804 13.31402559 25.89045088
37.0406999 19.57504322 23.312529
28.49865299 28.91612846 21.67248103
31.96604187 23.69919388 26.37142111
31.78877622 27.37560201 20.78548626
26.87518023 28.05400028 24.96780932
33.49976075 24.63107412 23.0731383
33.68469089 10.95258156 32.16965006
33.67491121 17.46904674 29.91379366
31.76890603 12.93656905 34.12109629
35.7197557 12.1624309 29.11809768
31.69971298 16.23515206 32.93257977
35.78382124 15.46604373 28.02312081
23.15041609 25.7607653 31.22583721
30.12710526 22.58010156 29.69214636
24.67301673 23.112428 33.55680525
25.0793617 26.99525445 28.17934129
28.16097792 21.381799 32.70076124
28.67039529 25.51639536 27.46567452
22.10468113 -10.09425597 35.76612539
24.06697733 -3.60281549 38.94118733
24.43636871 -8.539524772 34.69511728
20.26351478 -8.84243423 38.74321131
25.0754383 11.45087284 40.57291145
25.18236742 3.769788876 40.74592641
27.46645638 9.598418138 38.99728052
22.36369962 9.758896478 42.75869953
28.83703507 -5.272500467 32.14535425
26.40480522 -1.869624413 37.57723783
26.69591606 -6.923345184 33.479235
29.95791426 -1.825611503 33.36854139
25.51337252 -5.319335957 36.2803739
15.69621539 -5.799746838 44.16538502
21.8786995 -1.946459078 41.6993533
18.11744264 -7.401055618 41.59315209
16.14361652 -1.995460742 45.49326005
21.17166101 -5.501244921 40.39472104
31.31304372 5.725208475 34.90542215
27.08104357 1.917506293 38.53960695
29.56451499 7.667290456 37.07673273
30.81146715 1.877626338 34.31926895
27.44135069 5.721304124 39.02198592
28.66301831 0 36.05544178
16.4626466 6.082942938 46.32193859
22.35949903 1.989233861 42.6157254
19.46824644 7.952864955 44.69426238
16.40982731 2.028366205 46.24345111
22.52247496 5.852240452 42.9720225
19.34312902 0 44.19325954
37.93689978 0 -19.96192736
39.65142615 0 -14.29370424
39.17405531 2.887488517 -19.5388431
37.13217565 -2.736983188 -18.5204148
41.31094909 0 -2.863156514
40.76402651 0 -8.58590878
40.95330294 8.973361 -18.15350353
40.8796947 2.853307609 -13.68611391
40.20139661 5.905973527 -18.93353781
40.11322764 2.871192302 -16.60892756
35.02553128 -7.674514966 -15.52588094
38.68770939 -2.700312133 -12.9522591
36.14284097 -5.309732496 -17.02209137
37.98732324 -2.719026029 -15.72869442
37.93689978 0 19.96192736
39.65142615 0 14.29370424
39.17405531 2.887488517 19.5388431
37.13217565 -2.736983188 18.5204148
41.31094909 0 2.863156514
40.76402651 0 8.58590878
40.95330294 8.973361 18.15350353
40.8796947 2.853307609 13.68611391
40.20139661 5.905973527 18.93353781
40.11322764 2.871192302 16.60892756
35.02553128 -7.674514966 15.52588094
38.68770939 -2.700312133 12.9522591
36.14284097 -5.309732496 17.02209137
37.98732324 -2.719026029 15.72869442
40.53157854 21.12828042 -13.05799542
43.10195528 15.18702143 -9.38609543
41.20721376 18.28406833 -14.57677292
41.21178464 21.55463058 -9.405841253
42.43612179 2.8409995 -1.755834253
43.61112764 8.906403626 -5.504460158
42.27842183 2.844122567 -4.706211319
41.41579285 12.19892728 -17.11535085
43.06800546 12.15370007 -10.69535333
41.49928132 15.27077368 -15.94510008
41.90585781 9.010217871 -15.0153025
42.40744553 15.25869952 -12.66968575
41.9022162 21.98513703 -1.955928393
43.576691 15.4869957 -5.722440227
41.67223299 21.84122993 -5.675225728
42.67230161 18.58750631 -7.593078708
41.51963404 2.859205795 -10.62323075
43.23146262 8.920641146 -8.625708905
41.97133272 2.848215233 -7.680091316
41.91674341 5.862806909 -12.82192273
42.9438053 5.842743581 -6.644794969
42.66903045 8.994980558 -11.81672682
29.7550816 -15.51071364 -9.586148216
33.51480183 -11.80897735 -7.298349373
31.12580482 -13.81084257 -11.01054275
29.99758952 -15.68937055 -6.846404916
40.09045887 -2.683962832 -1.658780255
37.01665738 -7.55965987 -4.672126743
39.94710357 -2.687291858 -4.446701244
33.76267496 -9.944718871 -13.95264917
34.89927931 -9.848502826 -8.666761307
32.47388241 -11.94963607 -12.47730776
35.70877973 -7.677778289 -12.7948253
33.04979517 -11.89170646 -9.873985891
30.23783565 -15.86510262 -1.411453776
33.67828199 -11.96913755 -4.422592702
30.15870767 -15.80676679 -4.107230675
31.87352414 -13.88369759 -5.671552
39.25698258 -2.703390689 -10.04430781
36.7309808 -7.579292461 -7.32870759
39.66936169 -2.692001252 -7.258866956
37.55903862 -5.253303889 -11.48894336
38.39994544 -5.224526172 -5.941712955
36.27726444 -7.647544012 -10.0465963
40.53157854 21.12828042 13.05799542
43.10195528 15.18702143 9.38609543
41.20721376 18.28406833 14.57677292
41.21178464 21.55463058 9.405841253
42.43612179 2.8409995 1.755834253
43.61112764 8.906403626 5.504460158
42.27842183 2.844122567 4.706211319
43.31441417 5.835744619 0
41.41579285 12.19892728 17.11535085
43.06800546 12.15370007 10.69535333
41.49928132 15.27077368 15.94510008
41.90585781 9.010217871 15.0153025
42.40744553 15.25869952 12.66968575
41.9022162 21.98513703 1.955928393
43.576691 15.4869957 5.722440227
41.67223299 21.84122993 5.675225728
43.14922006 18.88615909 0
42.67230161 18.58750631 7.593078708
41.51963404 2.859205795 10.62323075
43.23146262 8.920641146 8.625708905
41.97133272 2.848215233 7.680091316
41.91674341 5.862806909 12.82192273
42.9438053 5.842743581 6.644794969
42.66903045 8.994980558 11.81672682
43.96620477 12.15196013 -3.730052029
43.96620477 12.15196013 3.730052029
43.85059019 8.976072036 -1.847957456
43.83567598 15.55541067 -1.922754501
43.85059019 8.976072036 1.847957456
43.83567598 15.55541067 1.922754501
29.7550816 -15.51071364 9.586148216
33.51480183 -11.80897735 7.298349373
31.12580482 -13.81084257 11.01054275
29.99758952 -15.68937055 6.846404916
40.09045887 -2.683962832 1.658780255
37.01665738 -7.55965987 4.672126743
39.94710357 -2.687291858 4.446701244
38.7025658 -5.214390969 0
33.76267496 -9.944718871 13.95264917
34.89927931 -9.848502826 8.666761307
32.47388241 -11.94963607 12.47730776
35.70877973 -7.677778289 12.7948253
33.04979517 -11.89170646 9.873985891
30.23783565 -15.86510262 1.411453776
33.67828199 -11.96913755 4.422592702
30.15870767 -15.80676679 4.107230675
32.0361435 -14.02203104 0
31.87352414 -13.88369759 5.671552
39.25698258 -2.703390689 10.04430781
36.7309808 -7.579292461 7.32870759
39.66936169 -2.692001252 7.258866956
37.55903862 -5.253303889 11.48894336
38.39994544 -5.224526172 5.941712955
36.27726444 -7.647544012 10.0465963
35.50111894 -9.812267949 -3.011882
35.50111894 -9.812267949 3.011882
37.15061901 -7.604609903 -1.565606371
33.80780565 -11.99694744 -1.482904256
37.15061901 -7.604609903 1.565606371
33.80780565 -11.99694744 1.482904256
-17.84793926 25.55899217 -1.267966801
-20.76798738 23.56682748 -3.833594988
-17.24980594 25.85349144 -3.32875037
-26.42582521 18.65748601 -9.20553265
-23.62303452 21.28808942 -6.468511649
-15.96008016 26.28389822 -7.50915902
-20.16082948 23.82097951 -5.954782429
-16.61993816 26.09550824 -5.419158224
-18.72125035 24.86651247 -4.639077021
-36.12645054 2.762799519 -21.27207882
-34.17714552 7.736996448 -18.1673679
-29.16433261 15.59051422 -12.06950228
-31.78662707 11.98588669 -15.06701458
-12.87338597 26.43746409 -16.33925139
-17.41087481 24.16866137 -14.93705419
-13.71321171 26.4966169 -14.09390154
-25.81419953 18.75464649 -11.59100898
-21.70754652 21.62037183 -13.36212464
-24.4419734 20.14920111 -10.15249601
-15.24434425 26.41447754 -9.724903648
-18.14258181 24.18627694 -12.67915862
-14.50485143 26.48756237 -11.87795236
-17.41646999 25.24442621 -8.956326341
-15.96728628 25.37002567 -13.40739647
-21.63688327 22.6558798 -7.366562221
-20.33407189 22.89071301 -11.87468418
-23.04171836 21.45330207 -8.735967281
-19.55441135 23.98778946 -8.167744316
-22.40305927 21.56437649 -11.04429341
-18.88114667 24.11007618 -10.42056101
-24.19238466 -34.64450216 -1.71869369
-29.05116138 -32.96630028 -5.362598919
-23.16562325 -34.71994089 -4.470344608
-37.09649339 -26.19132235 -12.92269885
-33.48822386 -30.17818492 -9.169819649
-20.93998424 -34.4850658 -9.852185574
-27.95202181 -33.02664404 -8.256019848
-22.07720122 -34.66413539 -7.198573511
-25.59689139 -33.99908698 -6.342842943
-38.07452035 -2.911779732 -22.41914679
-39.84246399 -9.019506975 -21.17885184
-39.47755241 -21.10370055 -16.33757286
-40.38907256 -15.22963875 -19.14461525
-15.84608243 -32.54235025 -20.11227853
-22.86912393 -31.74545322 -19.61976908
-17.18175902 -33.19853117 -17.65873852
-35.92442351 -26.09997115 -16.13066928
-29.78563046 -29.66601523 -18.33460573
-34.29289849 -28.26999673 -14.24428828
-19.71775472 -34.16573259 -12.57864961
-24.20879087 -32.27327436 -16.91860081
-18.47816902 -33.74330697 -15.13168282
-23.25784088 -33.71124276 -11.96022001
-20.69472012 -32.8813282 -17.37692383
-30.28932788 -31.71581428 -10.31240108
-27.80020632 -31.29557856 -16.23475475
-32.38677369 -30.15414163 -12.27902324
-26.82473272 -32.90643881 -11.20450799
-31.14633342 -29.9803367 -15.35456568
-25.57059712 -32.65209763 -14.11248861
-2.907642673 -22.38729365 -38.02042404
-9.068347437 -21.29353493 -40.05821019
-4.652491039 -24.10951818 -36.13462227
-2.989574295 -20.22962957 -40.55903534
-21.64399847 -16.75584816 -40.48825854
-15.45521571 -19.42817969 -40.98730369
-8.014436962 -27.13410588 -32.06023745
-10.86369258 -23.08985652 -38.02558839
-6.368001333 -25.69841946 -34.13394169
-7.724392207 -23.68982699 -37.19617183
-3.147504955 -15.09725457 -45.09469684
-9.294495632 -18.803173 -42.41892144
-3.07460743 -17.78561891 -42.95512622
-6.116130047 -19.60726356 -41.63191192
-36.35566318 -1.803583397 -25.38729476
-34.56018437 -5.621874633 -30.45575283
-37.45785003 -4.822862414 -24.99239398
-27.13168539 -13.3866704 -38.42839145
-31.5012739 -9.571848049 -34.95643344
-38.86558637 -11.10367518 -23.59991918
-35.31576676 -8.828256089 -29.88941539
-38.31268001 -7.956253353 -24.4009186
-36.54298866 -6.817431241 -27.51211856
-14.19302795 -31.60912534 -22.96480163
-17.71827722 -28.78436906 -28.66877477
-12.74959405 -30.69444581 -25.30354449
-17.70346458 -31.40984905 -22.93883758
-23.6071826 -18.59965099 -38.19722382
-21.00268868 -24.48107765 -33.98306414
-20.5816289 -20.02569932 -38.69358208
-9.697726736 -28.48392169 -29.82538186
-16.13015125 -27.62108449 -31.0939354
-11.24074929 -29.64825429 -27.60440628
-11.19701679 -26.80679803 -32.88443797
-14.45811127 -29.32789917 -28.22997751
-24.85676249 -30.13005281 -22.33801626
-21.37278841 -28.10456632 -28.51626882
-21.30083175 -30.92655876 -22.73909855
-19.57260627 -29.93382944 -25.7781739
-14.20591482 -22.26858627 -38.58565919
-17.7885634 -25.45361853 -33.93278164
-17.40704794 -21.25674835 -38.81731918
-12.72001307 -24.73533427 -35.85280606
-19.27016212 -22.94943659 -36.46379137
-14.48939744 -26.253523 -33.52415245
-3.335309481 -2.061334623 -49.81964951
-9.895886824 -6.115994406 -48.45623458
-3.32172222 -5.496502467 -49.37803132
-21.87303969 -13.51828197 -41.96029248
-16.13618952 -9.97271357 -45.7957686
-18.93950379 -15.09931166 -42.68438333
-3.236330288 -12.02441724 -46.99600479
-9.835900753 -9.510708405 -47.66701953
-3.285456048 -8.859092589 -48.41451844
-6.424051309 -14.04936079 -45.92941819
-6.623981366 -7.533275669 -48.68585488
-12.63961864 -17.73365007 -42.91195572
-13.05985882 -11.49278028 -46.27908106
-15.82205833 -16.52072834 -42.99743179
-9.580107748 -15.96500971 -44.55637354
-16.05851076 -13.33378933 -44.63030545
-9.769065041 -12.8336434 -46.34101553
-37.46294102 -23.15337087 -18.24210134
-34.80924414 -21.513296 -25.07624989
-38.37407568 -20.41167921 -19.86034013
-34.82938795 -25.43615132 -19.63081181
-26.96108696 -16.66286812 -37.10967728
-31.29572011 -19.34181873 -31.42190641
-29.50541027 -14.86677107 -35.79151596
-25.97129603 -20.04381946 -35.56215457
-39.07662299 -14.38667083 -22.55193169
-35.49718046 -18.60866733 -26.62710355
-38.91746151 -17.45195527 -21.31158728
-37.52709804 -13.31402559 -25.89045088
-37.0406999 -19.57504322 -23.312529
-28.49865299 -28.91612846 -21.67248103
-31.96604187 -23.69919388 -26.37142111
-31.78877622 -27.37560201 -20.78548626
-26.87518023 -28.05400028 -24.96780932
-33.49976075 -24.63107412 -23.0731383
-33.68469089 -10.95258156 -32.16965006
-33.67491121 -17.46904674 -29.91379366
-31.76890603 -12.93656905 -34.12109629
-35.7197557 -12.1624309 -29.11809768
-31.69971298 -16.23515206 -32.93257977
-35.78382124 -15.46604373 -28.02312081
-23.15041609 -25.7607653 -31.22583721
-30.12710526 -22.58010156 -29.69214636
-24.67301673 -23.112428 -33.55680525
-25.0793617 -26.99525445 -28.17934129
-28.16097792 -21.381799 -32.70076124
-28.67039529 -25.51639536 -27.46567452
-2.817475387 21.69305376 -36.84139386
-8.302807712 19.49595858 -36.67654099
-4.411860146 22.86255288 -34.2657081
-2.903158604 19.64487828 -39.38664867
-18.54386688 14.35586027 -34.68900986
-13.55527759 17.0398378 -35.948659
-7.264122976 24.59380277 -29.05874843
-9.714477313 20.64729702 -34.00305311
-5.903677109 23.82461353 -31.64505779
-7.102431756 21.78234546 -34.20117272
-3.0753551 14.75118213 -44.06099685
-8.575946669 17.34951688 -39.13955339
-2.993916359 17.31884692 -41.8277969
-5.779710451 18.52876005 -39.34193593
-35.22039236 1.74726327 -24.59453093
-31.62681953 5.144706769 -27.87075984
-34.47580026 4.438910433 -23.00272926
-34.69226838 0 -27.24782521
-23.24094086 11.46699184 -32.91767393
-27.61541141 8.391105789 -30.64435723
-32.48826675 9.281711534 -19.72749009
-30.83824892 7.708963552 -26.09987879
-33.54412565 6.965985208 -21.36387951
-32.69965503 6.10042194 -24.61858811
-32.79810688 -3.727441912 -32.41193859
-30.96184003 3.518753708 -30.59729213
-33.88783366 -1.837865886 -29.88564674
-32.88036448 1.783227008 -28.99716067
-11.79404867 26.26638685 -19.08317162
-14.42129171 23.42822486 -23.33414016
-10.81035176 26.0257507 -21.45481775
-14.19454136 25.18424568 -18.39223488
-19.6818707 15.50697227 -31.84593575
-17.07106783 19.89831604 -27.62156797
-17.32208662 16.85420041 -32.56562364
-8.585232195 25.2163304 -26.40390223
-13.41809003 22.97698222 -25.86592142
-9.736213529 25.67993708 -23.90965111
-9.820964053 23.5123877 -28.8431186
-12.11759724 24.58022791 -23.66004046
-18.79964208 22.78793181 -16.89466642
-16.89625424 22.21806012 -22.54353147
-16.54206976 24.01733878 -17.65901721
-15.54505924 23.77420491 -20.47367811
-12.38328361 19.41150731 -33.63508561
-14.76071362 21.12107455 -28.15697147
-14.87373643 18.16317583 -33.1680924
-11.09523577 21.57579273 -31.27318612
-16.04842861 19.11257375 -30.36749503
-12.33409693 22.34830667 -28.53742866
-3.32391404 2.054291852 -49.64943535
-9.609634809 5.939080931 -47.05457194
-3.291836644 5.447050367 -48.93377657
-6.647880289 0 -49.34229631
-19.21800289 11.87737898 -36.86698481
-14.97715388 9.256390154 -42.50633476
-16.70322469 13.31646267 -37.64443109
-3.175198432 11.797285 -46.10828544
-9.406193171 9.095207719 -45.58455853
-3.238706873 8.733035427 -47.72562207
-6.152660629 13.45583103 -43.9890825
-6.464802733 7.352246096 -47.51590174
-13.18421182 -4.046902355 -47.70092649
-12.84628692 3.943176087 -46.4783027
-9.96580977 -2.051720663 -48.68573229
-9.865558007 2.031081235 -48.19597474
-11.42500926 16.02952763 -38.78831358
-12.17866844 10.71732569 -43.15648368
-14.08907354 14.71121846 -38.28793737
-8.922658794 14.86938749 -41.49862701
-14.57512105 12.10209318 -40.50762327
-9.209344614 12.09833737 -43.68589829
-27.42102428 16.94712501 -13.35231806
-26.3274498 16.27125881 -18.96604556
-28.74236685 15.28844569 -14.87549007
-25.36789361 18.52635428 -14.29805044
-22.39919577 13.84346431 -30.83061627
-24.70504234 15.26855586 -24.80465462
-24.60308136 12.39665454 -29.84474953
-21.06515994 16.25741982 -28.84424686
-31.27003638 11.51255369 -18.04658823
-27.55196552 14.44355168 -20.6672482
-30.03875662 13.47043247 -16.44952057
-30.64950474 10.8739634 -21.14550654
-28.20756726 14.90696315 -17.75316696
-21.10573487 21.41491182 -16.05035995
-24.11710343 17.88009639 -19.89618524
-23.25013 20.02235951 -15.20238635
-20.2971132 21.18740096 -18.85659735
-24.80225947 18.23613894 -17.08268806
-28.79380821 9.362310431 -27.49874526
-26.72538618 13.86394213 -23.74045421
-26.74879685 10.89233785 -28.729295
-29.82857029 10.15650633 -24.31571006
-25.76156063 13.19390034 -26.7634805
-28.71552534 12.41107169 -22.48777821
-18.32617722 20.39256437 -24.71878796
-23.24632871 17.42299695 -22.91071075
-19.69315716 18.44754867 -26.78389297
-19.37017442 20.84992407 -21.76445965
-22.25252046 16.89568172 -25.83981141
-21.79239465 19.39503632 -20.87668525
-25.0754383 -11.45087284 -40.57291145
-25.18236742 -3.769788876 -40.74592641
-27.46645638 -9.598418138 -38.99728052
-22.36369962 -9.758896478 -42.75869953
-22.10468113 10.09425597 -35.76612539
-24.06697733 3.60281549 -38.94118733
-24.43636871 8.539524772 -34.69511728
-20.26351478 8.84243423 -38.74321131
-31.31304372 -5.725208475 -34.90542215
-27.08104357 -1.917506293 -38.53960695
-29.56451499 -7.667290456 -37.07673273
-30.81146715 -1.877626338 -34.31926895
-27.44135069 -5.721304124 -39.02198592
-16.4626466 -6.082942938 -46.32193859
-22.35949903 -1.989233861 -42.6157254
-19.46824644 -7.952864955 -44.69426238
-16.40982731 -2.028366205 -46.24345111
-22.52247496 -5.852240452 -42.9720225
-28.83703507 5.272500467 -32.14535425
-26.40480522 1.869624413 -37.57723783
-26.69591606 6.923345184 -33.479235
-29.95791426 1.825611503 -33.36854139
-25.51337252 5.319335957 -36.2803739
-28.66301831 0 -36.05544178
-15.69621539 5.799746838 -44.16538502
-21.8786995 1.946459078 -41.6993533
-18.11744264 7.401055618 -41.59315209
-16.14361652 1.995460742 -45.49326005
-21.17166101 5.501244921 -40.39472104
-19.34312902 0 -44.19325954
-17.84793926 25.55899217 1.267966801
-20.76798738 23.56682748 3.833594988
-17.24980594 25.85349144 3.32875037
-19.34265291 24.62730514 0
-26.42582521 18.65748601 9.20553265
-23.62303452 21.28808942 6.468511649
-15.96008016 26.28389822 7.50915902
-20.16082948 23.82097951 5.954782429
-16.61993816 26.09550824 5.419158224
-18.72125035 24.86651247 4.639077021
-22.29132264 22.55691003 -2.563549541
-22.29132264 22.55691003 2.563549541
-20.8322158 23.62199721 -1.281110598
-20.8322158 23.62199721 1.281110598
-36.12645054 2.762799519 21.27207882
-34.17714552 7.736996448 18.1673679
-29.16433261 15.59051422 12.06950228
-31.78662707 11.98588669 15.06701458
-12.87338597 26.43746409 16.33925139
-17.41087481 24.16866137 14.93705419
-13.71321171 26.4966169 14.09390154
-25.81419953 18.75464649 11.59100898
-21.70754652 21.62037183 13.36212464
-24.4419734 20.14920111 10.15249601
-15.24434425 26.41447754 9.724903648
-18.14258181 24.18627694 12.67915862
-14.50485143 26.48756237 11.87795236
-17.41646999 25.24442621 8.956326341
-15.96728628 25.37002567 13.40739647
-21.63688327 22.6558798 7.366562221
-20.33407189 22.89071301 11.87468418
-23.04171836 21.45330207 8.735967281
-19.55441135 23.98778946 8.167744316
-22.40305927 21.56437649 11.04429341
-18.88114667 24.11007618 10.42056101
-28.09455265 17.36338844 -7.92911177
-28.41537267 17.56166611 -2.628973378
-26.68176448 18.79242631 -6.567194654
-28.09455265 17.36338844 7.92911177
-28.41537267 17.56166611 2.628973378
-26.68176448 18.79242631 6.567194654
-23.80870958 21.35837695 -3.905118961
-26.93345734 18.92562456 -1.340051911
-25.24355575 20.12889021 -5.220246226
-23.8634038 21.42430491 -1.305580126
-26.85009119 18.88173426 -3.93669194
-23.80870958 21.35837695 3.905118961
-26.93345734 18.92562456 1.340051911
-25.24355575 20.12889021 5.220246226
-23.8634038 21.42430491 1.305580126
-26.85009119 18.88173426 3.93669194
-25.42047314 20.20853028 0
-24.19238466 -34.64450216 1.71869369
-29.05116138 -32.96630028 5.362598919
-23.16562325 -34.71994089 4.470344608
-26.71796714 -34.01764652 0
-37.09649339 -26.19132235 12.92269885
-33.48822386 -30.17818492 9.169819649
-20.93998424 -34.4850658 9.852185574
-27.95202181 -33.02664404 8.256019848
-22.07720122 -34.66413539 7.198573511
-25.59689139 -33.99908698 6.342842943
-31.59828667 -31.9747608 -3.63387021
-31.59828667 -31.9747608 3.63387021
-29.2171532 -33.12981768 -1.796755802
-29.2171532 -33.12981768 1.796755802
-38.07452035 -2.911779732 22.41914679
-39.84246399 -9.019506975 21.17885184
-39.47755241 -21.10370055 16.33757286
-40.38907256 -15.22963875 19.14461525
-15.84608243 -32.54235025 20.11227853
-22.86912393 -31.74545322 19.61976908
-17.18175902 -33.19853117 17.65873852
-35.92442351 -26.09997115 16.13066928
-29.78563046 -29.66601523 18.33460573
-34.29289849 -28.26999673 14.24428828
-19.71775472 -34.16573259 12.57864961
-24.20879087 -32.27327436 16.91860081
-18.47816902 -33.74330697 15.13168282
-23.25784088 -33.71124276 11.96022001
-20.69472012 -32.8813282 17.37692383
-30.28932788 -31.71581428 10.31240108
-27.80020632 -31.29557856 16.23475475
-32.38677369 -30.15414163 12.27902324
-26.82473272 -32.90643881 11.20450799
-31.14633342 -29.9803367 15.35456568
-25.57059712 -32.65209763 14.11248861
-39.23783848 -24.25031782 -11.07407585
-40.12638608 -24.79947045 -3.712469374
-37.76845811 -26.6009756 -9.295967529
-39.23783848 -24.25031782 11.07407585
-40.12638608 -24.79947045 3.712469374
-37.76845811 -26.6009756 9.295967529
-33.94368264 -30.45028403 -5.567463379
-38.44612129 -27.01535298 -1.912854991
-35.97505411 -28.68605047 -7.439468602
-34.11675033 -30.62964812 -1.866546431
-38.22005285 -26.87740895 -5.603726741
-33.94368264 -30.45028403 5.567463379
-38.44612129 -27.01535298 1.912854991
-35.97505411 -28.68605047 7.439468602
-34.11675033 -30.62964812 1.866546431
-38.22005285 -26.87740895 5.603726741
-36.43422532 -28.96414011 0
-2.907642673 -22.38729365 38.02042404
-9.068347437 -21.29353493 40.05821019
-4.652491039 -24.10951818 36.13462227
-2.989574295 -20.22962957 40.55903534
-21.64399847 -16.75584816 40.48825854
-15.45521571 -19.42817969 40.98730369
-8.014436962 -27.13410588 32.06023745
-10.86369258 -23.08985652 38.02558839
-6.368001333 -25.69841946 34.13394169
-7.724392207 -23.68982699 37.19617183
-3.147504955 -15.09725457 45.09469684
-9.294495632 -18.803173 42.41892144
-3.07460743 -17.78561891 42.95512622
-6.116130047 -19.60726356 41.63191192
-36.35566318 -1.803583397 25.38729476
-34.56018437 -5.621874633 30.45575283
-37.45785003 -4.822862414 24.99239398
-27.13168539 -13.3866704 38.42839145
-31.5012739 -9.571848049 34.95643344
-38.86558637 -11.10367518 23.59991918
-35.31576676 -8.828256089 29.88941539
-38.31268001 -7.956253353 24.4009186
-36.54298866 -6.817431241 27.51211856
-14.19302795 -31.60912534 22.96480163
-17.71827722 -28.78436906 28.66877477
-12.74959405 -30.69444581 25.30354449
-17.70346458 -31.40984905 22.93883758
-23.6071826 -18.59965099 38.19722382
-21.00268868 -24.48107765 33.98306414
-20.5816289 -20.02569932 38.69358208
-9.697726736 -28.48392169 29.82538186
-16.13015125 -27.62108449 31.0939354
-11.24074929 -29.64825429 27.60440628
-11.19701679 -26.80679803 32.88443797
-14.45811127 -29.32789917 28.22997751
-24.85676249 -30.13005281 22.33801626
-21.37278841 -28.10456632 28.51626882
-21.30083175 -30.92655876 22.73909855
-19.57260627 -29.93382944 25.7781739
-14.20591482 -22.26858627 38.58565919
-17.7885634 -25.45361853 33.93278164
-17.40704794 -21.25674835 38.81731918
-12.72001307 -24.73533427 35.85280606
-19.27016212 -22.94943659 36.46379137
-14.48939744 -26.253523 33.52415245
-3.335309481 -2.061334623 49.81964951
-9.895886824 -6.115994406 48.45623458
-3.32172222 -5.496502467 49.37803132
-21.87303969 -13.51828197 41.96029248
-16.13618952 -9.97271357 45.7957686
-18.93950379 -15.09931166 42.68438333
-3.236330288 -12.02441724 46.99600479
-9.835900753 -9.510708405 47.66701953
-3.285456048 -8.859092589 48.41451844
-6.424051309 -14.04936079 45.92941819
-6.623981366 -7.533275669 48.68585488
-12.63961864 -17.73365007 42.91195572
-13.05985882 -11.49278028 46.27908106
-15.82205833 -16.52072834 42.99743179
-9.580107748 -15.96500971 44.55637354
-16.05851076 -13.33378933 44.63030545
-9.769065041 -12.8336434 46.34101553
-37.46294102 -23.15337087 18.24210134
-34.80924414 -21.513296 25.07624989
-38.37407568 -20.41167921 19.86034013
-34.82938795 -25.43615132 19.63081181
-26.96108696 -16.66286812 37.10967728
-31.29572011 -19.34181873 31.42190641
-29.50541027 -14.86677107 35.79151596
-25.97129603 -20.04381946 35.56215457
-39.07662299 -14.38667083 22.55193169
-35.49718046 -18.60866733 26.62710355
-38.91746151 -17.45195527 21.31158728
-37.52709804 -13.31402559 25.89045088
-37.0406999 -19.57504322 23.312529
-28.49865299 -28.91612846 21.67248103
-31.96604187 -23.69919388 26.37142111
-31.78877622 -27.37560201 20.78548626
-26.87518023 -28.05400028 24.96780932
-33.49976075 -24.63107412 23.0731383
-33.68469089 -10.95258156 32.16965006
-33.67491121 -17.46904674 29.91379366
-31.76890603 -12.93656905 34.12109629
-35.7197557 -12.1624309 29.11809768
-31.69971298 -16.23515206 32.93257977
-35.78382124 -15.46604373 28.02312081
-23.15041609 -25.7607653 31.22583721
-30.12710526 -22.58010156 29.69214636
-24.67301673 -23.112428 33.55680525
-25.0793617 -26.99525445 28.17934129
-28.16097792 -21.381799 32.70076124
-28.67039529 -25.51639536 27.46567452
-2.817475387 21.69305376 36.84139386
-8.302807712 19.49595858 36.67654099
-4.411860146 22.86255288 34.2657081
-2.903158604 19.64487828 39.38664867
-18.54386688 14.35586027 34.68900986
-13.55527759 17.0398378 35.948659
-7.264122976 24.59380277 29.05874843
-9.714477313 20.64729702 34.00305311
-5.903677109 23.82461353 31.64505779
-7.102431756 21.78234546 34.20117272
-3.0753551 14.75118213 44.06099685
-8.575946669 17.34951688 39.13955339
-2.993916359 17.31884692 41.8277969
-5.779710451 18.52876005 39.34193593
-35.22039236 1.74726327 24.59453093
-31.62681953 5.144706769 27.87075984
-34.47580026 4.438910433 23.00272926
-34.69226838 0 27.24782521
-23.24094086 11.46699184 32.91767393
-27.61541141 8.391105789 30.64435723
-32.48826675 9.281711534 19.72749009
-30.83824892 7.708963552 26.09987879
-33.54412565 6.965985208 21.36387951
-32.69965503 6.10042194 24.61858811
-32.79810688 -3.727441912 32.41193859
-30.96184003 3.518753708 30.59729213
-33.88783366 -1.837865886 29.88564674
-32.88036448 1.783227008 28.99716067
-11.79404867 26.26638685 19.08317162
-14.42129171 23.42822486 23.33414016
-10.81035176 26.0257507 21.45481775
-14.19454136 25.18424568 18.39223488
-19.6818707 15.50697227 31.84593575
-17.07106783 19.89831604 27.62156797
-17.32208662 16.85420041 32.56562364
-8.585232195 25.2163304 26.40390223
-13.41809003 22.97698222 25.86592142
-9.736213529 25.67993708 23.90965111
-9.820964053 23.5123877 28.8431186
-12.11759724 24.58022791 23.66004046
-18.79964208 22.78793181 16.89466642
-16.89625424 22.21806012 22.54353147
-16.54206976 24.01733878 17.65901721
-15.54505924 23.77420491 20.47367811
-12.38328361 19.41150731 33.63508561
-14.76071362 21.12107455 28.15697147
-14.87373643 18.16317583 33.1680924
-11.09523577 21.57579273 31.27318612
-16.04842861 19.11257375 30.36749503
-12.33409693 22.34830667 28.53742866
-3.32391404 2.054291852 49.64943535
-9.609634809 5.939080931 47.05457194
-3.291836644 5.447050367 48.93377657
-6.647880289 0 49.34229631
-19.21800289 11.87737898 36.86698481
-14.97715388 9.256390154 42.50633476
-16.70322469 13.31646267 37.64443109
-3.175198432 11.797285 46.10828544
-9.406193171 9.095207719 45.58455853
-3.238706873 8.733035427 47.72562207
-6.152660629 13.45583103 43.9890825
-6.464802733 7.352246096 47.51590174
-13.18421182 -4.046902355 47.70092649
-12.84628692 3.943176087 46.4783027
-9.96580977 -2.051720663 48.68573229
-9.865558007 2.031081235 48.19597474
-11.42500926 16.02952763 38.78831358
-12.17866844 10.71732569 43.15648368
-14.08907354 14.71121846 38.28793737
-8.922658794 14.86938749 41.49862701
-14.57512105 12.10209318 40.50762327
-9.209344614 12.09833737 43.68589829
-27.42102428 16.94712501 13.35231806
-26.3274498 16.27125881 18.96604556
-28.74236685 15.28844569 14.87549007
-25.36789361 18.52635428 14.29805044
-22.39919577 13.84346431 30.83061627
-24.70504234 15.26855586 24.80465462
-24.60308136 12.39665454 29.84474953
-21.06515994 16.25741982 28.84424686
-31.27003638 11.51255369 18.04658823
-27.55196552 14.44355168 20.6672482
-30.03875662 13.47043247 16.44952057
-30.64950474 10.8739634 21.14550654
-28.20756726 14.90696315 17.75316696
-21.10573487 21.41491182 16.05035995
-24.11710343 17.88009639 19.89618524
-23.25013 20.02235951 15.20238635
-20.2971132 21.18740096 18.85659735
-24.80225947 18.23613894 17.08268806
-28.79380821 9.362310431 27.49874526
-26.72538618 13.86394213 23.74045421
-26.74879685 10.89233785 28.729295
-29.82857029 10.15650633 24.31571006
-25.76156063 13.19390034 26.7634805
-28.71552534 12.41107169 22.48777821
-18.32617722 20.39256437 24.71878796
-23.24632871 17.42299695 22.91071075
-19.69315716 18.44754867 26.78389297
-19.37017442 20.84992407 21.76445965
-22.25252046 16.89568172 25.83981141
-21.79239465 19.39503632 20.87668525
-25.0754383 -11.45087284 40.57291145
-25.18236742 -3.769788876 40.74592641
-27.46645638 -9.598418138 38.99728052
-22.36369962 -9.758896478 42.75869953
-22.10468113 10.09425597 35.76612539
-24.06697733 3.60281549 38.94118733
-24.43636871 8.539524772 34.69511728
-20.26351478 8.84243423 38.74321131
-31.31304372 -5.725208475 34.90542215
-27.08104357 -1.917506293 38.53960695
-29.56451499 -7.667290456 37.07673273
-30.81146715 -1.877626338 34.31926895
-27.44135069 -5.721304124 39.02198592
-16.4626466 -6.082942938 46.32193859
-22.35949903 -1.989233861 42.6157254
-19.46824644 -7.952864955 44.69426238
-16.40982731 -2.028366205 46.24345111
-22.52247496 -5.852240452 42.9720225
-28.83703507 5.272500467 32.14535425
-26.40480522 1.869624413 37.57723783
-26.69591606 6.923345184 33.479235
-29.95791426 1.825611503 33.36854139
-25.51337252 5.319335957 36.2803739
-28.66301831 0 36.05544178
-15.69621539 5.799746838 44.16538502
-21.8786995 1.946459078 41.6993533
-18.11744264 7.401055618 41.59315209
-16.14361652 1.995460742 45.49326005
-21.17166101 5.501244921 40.39472104
-19.34312902 0 44.19325954
-37.93689978 0 -19.96192736
-39.65142615 0 -14.29370424
-37.13217565 2.736983188 -18.5204148
-39.17405531 -2.887488517 -19.5388431
-41.31094909 0 -2.863156514
-40.76402651 0 -8.58590878
-35.02553128 7.674514966 -15.52588094
-38.68770939 2.700312133 -12.9522591
-36.14284097 5.309732496 -17.02209137
-37.98732324 2.719026029 -15.72869442
-40.95330294 -8.973361 -18.15350353
-40.8796947 -2.853307609 -13.68611391
-40.20139661 -5.905973527 -18.93353781
-40.11322764 -2.871192302 -16.60892756
-37.93689978 0 19.96192736
-39.65142615 0 14.29370424
-37.13217565 2.736983188 18.5204148
-39.17405531 -2.887488517 19.5388431
-41.31094909 0 2.863156514
-40.76402651 0 8.58590878
-35.02553128 7.674514966 15.52588094
-38.68770939 2.700312133 12.9522591
-36.14284097 5.309732496 17.02209137
-37.98732324 2.719026029 15.72869442
-40.95330294 -8.973361 18.15350353
-40.8796947 -2.853307609 13.68611391
-40.20139661 -5.905973527 18.93353781
-40.11322764 -2.871192302 16.60892756
-29.7550816 15.51071364 -9.586148216
-33.51480183 11.80897735 -7.298349373
-31.12580482 13.81084257 -11.01054275
-29.99758952 15.68937055 -6.846404916
-40.09045887 2.683962832 -1.658780255
-37.01665738 7.55965987 -4.672126743
-39.94710357 2.687291858 -4.446701244
-33.76267496 9.944718871 -13.95264917
-34.89927931 9.848502826 -8.666761307
-32.47388241 11.94963607 -12.47730776
-35.70877973 7.677778289 -12.7948253
-33.04979517 11.89170646 -9.873985891
-30.23783565 15.86510262 -1.411453776
-33.67828199 11.96913755 -4.422592702
-30.15870767 15.80676679 -4.107230675
-31.87352414 13.88369759 -5.671552
-39.25698258 2.703390689 -10.04430781
-36.7309808 7.579292461 -7.32870759
-39.66936169 2.692001252 -7.258866956
-37.55903862 5.253303889 -11.48894336
-38.39994544 5.224526172 -5.941712955
-36.27726444 7.647544012 -10.0465963
-40.53157854 -21.12828042 -13.05799542
-43.10195528 -15.18702143 -9.38609543
-41.20721376 -18.28406833 -14.57677292
-41.21178464 -21.55463058 -9.405841253
-42.43612179 -2.8409995 -1.755834253
-43.61112764 -8.906403626 -5.504460158
-42.27842183 -2.844122567 -4.706211319
-41.41579285 -12.19892728 -17.11535085
-43.06800546 -12.15370007 -10.69535333
-41.49928132 -15.27077368 -15.94510008
-41.90585781 -9.010217871 -15.0153025
-42.40744553 -15.25869952 -12.66968575
-41.9022162 -21.98513703 -1.955928393
-43.576691 -15.4869957 -5.722440227
-41.67223299 -21.84122993 -5.675225728
-42.67230161 -18.58750631 -7.593078708
-41.51963404 -2.859205795 -10.62323075
-43.23146262 -8.920641146 -8.625708905
-41.97133272 -2.848215233 -7.680091316
-41.91674341 -5.862806909 -12.82192273
-42.9438053 -5.842743581 -6.644794969
-42.66903045 -8.994980558 -11.81672682
-29.7550816 15.51071364 9.586148216
-33.51480183 11.80897735 7.298349373
-31.12580482 13.81084257 11.01054275
-29.99758952 15.68937055 6.846404916
-40.09045887 2.683962832 1.658780255
-37.01665738 7.55965987 4.672126743
-39.94710357 2.687291858 4.446701244
-38.7025658 5.214390969 0
-33.76267496 9.944718871 13.95264917
-34.89927931 9.848502826 8.666761307
-32.47388241 11.94963607 12.47730776
-35.70877973 7.677778289 12.7948253
-33.04979517 11.89170646 9.873985891
-30.23783565 15.86510262 1.411453776
-33.67828199 11.96913755 4.422592702
-30.15870767 15.80676679 4.107230675
-32.0361435 14.02203104 0
-31.87352414 13.88369759 5.671552
-39.25698258 2.703390689 10.04430781
-36.7309808 7.579292461 7.32870759
-39.66936169 2.692001252 7.258866956
-37.55903862 5.253303889 11.48894336
-38.39994544 5.224526172 5.941712955
-36.27726444 7.647544012 10.0465963
-35.50111894 9.812267949 -3.011882
-35.50111894 9.812267949 3.011882
-37.15061901 7.604609903 -1.565606371
-33.80780565 11.99694744 -1.482904256
-37.15061901 7.604609903 1.565606371
-33.80780565 11.99694744 1.482904256
-40.53157854 -21.12828042 13.05799542
-43.10195528 -15.18702143 9.38609543
-41.20721376 -18.28406833 14.57677292
-41.21178464 -21.55463058 9.405841253
-42.43612179 -2.8409995 1.755834253
-43.61112764 -8.906403626 5.504460158
-42.27842183 -2.844122567 4.706211319
-43.31441417 -5.835744619 0
-41.41579285 -12.19892728 17.11535085
-43.06800546 -12.15370007 10.69535333
-41.49928132 -15.27077368 15.94510008
-41.90585781 -9.010217871 15.0153025
-42.40744553 -15.25869952 12.66968575
-41.9022162 -21.98513703 1.955928393
-43.576691 -15.4869957 5.722440227
-41.67223299 -21.84122993 5.675225728
-43.14922006 -18.88615909 0
-42.67230161 -18.58750631 7.593078708
-41.51963404 -2.859205795 10.62323075
-43.23146262 -8.920641146 8.625708905
-41.97133272 -2.848215233 7.680091316
-41.91674341 -5.862806909 12.82192273
-42.9438053 -5.842743581 6.644794969
-42.66903045 -8.994980558 11.81672682
-43.96620477 -12.15196013 -3.730052029
-43.96620477 -12.15196013 3.730052029
-43.85059019 -8.976072036 -1.847957456
-43.83567598 -15.55541067 -1.922754501
-43.85059019 -8.976072036 1.847957456
-43.83567598 -15.55541067 1.922754501
