-13.977021 22.615296 0.000000
22.615296 36.592317 0.000000
-22.615296 -36.592317 0.000000
13.977021 -22.615296 0.000000
0.000000 -14.653268 23.709486
0.000000 14.653268 23.709486
0.000000 -14.653268 -23.709486
0.000000 14.653268 -23.709486
27.551737 0.000000 -17.027910
27.551737 0.000000 17.027910
-27.551737 0.000000 -17.027910
-27.551737 0.000000 17.027910
0.000000 36.592317 0.000000
0.000000 -36.592317 0.000000
-11.398497 -29.841654 18.443156
8.547778 -22.378374 13.830596
-8.547778 22.378374 13.830596
11.398497 29.841654 18.443156
0.000000 0.000000 25.874676
-11.398497 -29.841654 -18.443156
8.547778 -22.378374 -13.830596
-8.547778 22.378374 -13.830596
11.398497 29.841654 -18.443156
0.000000 0.000000 -25.874676
32.103895 19.841299 -12.262597
21.451423 -13.257708 -8.193714
13.056947 -8.069637 -21.126584
15.773186 9.748365 -25.521552
32.103895 19.841299 12.262597
21.451423 -13.257708 8.193714
13.056947 -8.069637 21.126584
15.773186 9.748365 25.521552
36.592317 0.000000 0.000000
-21.451423 13.257708 -8.193714
-32.103895 -19.841299 -12.262597
-15.773186 -9.748365 -25.521552
-13.056947 8.069637 -21.126584
-21.451423 13.257708 8.193714
-32.103895 -19.841299 12.262597
-15.773186 -9.748365 25.521552
-13.056947 8.069637 21.126584
-36.592317 0.000000 0.000000
-8.095382 28.496935 0.000000
10.395111 36.592317 0.000000
-10.395111 -36.592317 0.000000
8.095382 -28.496935 0.000000
-17.060064 -33.919261 10.218690
-5.215474 -22.527384 22.795783
-5.988671 -35.058290 9.689873
11.781281 -23.423849 7.056788
4.487134 -19.381438 19.612356
5.063994 -29.645137 8.193714
0.000000 -27.551737 17.027910
-11.781281 23.423849 7.056788
-4.487134 19.381438 19.612356
-5.063994 29.645137 8.193714
17.060064 33.919261 10.218690
5.215474 22.527384 22.795783
5.988671 35.058290 9.689873
0.000000 27.551737 17.027910
0.000000 -7.206498 25.367933
0.000000 7.206498 25.367933
-17.060064 -33.919261 -10.218690
-5.215474 -22.527384 -22.795783
-5.988671 -35.058290 -9.689873
11.781281 -23.423849 -7.056788
4.487134 -19.381438 -19.612356
5.063994 -29.645137 -8.193714
0.000000 -27.551737 -17.027910
-11.781281 23.423849 -7.056788
-4.487134 19.381438 -19.612356
-5.063994 29.645137 -8.193714
17.060064 33.919261 -10.218690
5.215474 22.527384 -22.795783
5.988671 35.058290 -9.689873
0.000000 27.551737 -17.027910
0.000000 -7.206498 -25.367933
0.000000 7.206498 -25.367933
31.281558 31.654259 -7.242215
31.842308 9.592976 -16.015438
22.810932 26.707504 -16.506145
17.951652 -18.165534 -4.156114
24.674852 -7.433672 -12.410487
15.247229 -17.851767 -11.032999
6.776101 -11.312675 -22.492153
19.663320 -4.498794 -19.431803
11.078499 -15.310109 -17.925388
6.818768 -4.214231 -24.670535
18.122529 -11.200339 -15.478487
7.717047 12.883581 -25.615470
22.924242 5.244864 -22.654330
15.564998 21.510298 -25.184695
7.131740 4.407658 -25.802878
25.368417 15.678544 -21.667215
14.653268 0.000000 -23.709486
31.281558 31.654259 7.242215
31.842308 9.592976 16.015438
22.810932 26.707504 16.506145
36.592317 22.615296 0.000000
17.951652 -18.165534 4.156114
24.674852 -7.433672 12.410487
15.247229 -17.851767 11.032999
22.615296 -13.977021 0.000000
6.776101 -11.312675 22.492153
19.663320 -4.498794 19.431803
11.078499 -15.310109 17.925388
6.818768 -4.214231 24.670535
18.122529 -11.200339 15.478487
7.717047 12.883581 25.615470
22.924242 5.244864 22.654330
15.564998 21.510298 25.184695
7.131740 4.407658 25.802878
25.368417 15.678544 21.667215
14.653268 0.000000 23.709486
33.954604 0.000000 -9.645791
33.954604 0.000000 9.645791
35.887836 9.919154 -6.130374
28.168455 -7.785570 -4.811747
35.887836 9.919154 6.130374
28.168455 -7.785570 4.811747
-17.951652 18.165534 -4.156114
-24.674852 7.433672 -12.410487
-15.247229 17.851767 -11.032999
-31.281558 -31.654259 -7.242215
-31.842308 -9.592976 -16.015438
-22.810932 -26.707504 -16.506145
-7.717047 -12.883581 -25.615470
-22.924242 -5.244864 -22.654330
-15.564998 -21.510298 -25.184695
-7.131740 -4.407658 -25.802878
-25.368417 -15.678544 -21.667215
-6.776101 11.312675 -22.492153
-19.663320 4.498794 -19.431803
-11.078499 15.310109 -17.925388
-6.818768 4.214231 -24.670535
-18.122529 11.200339 -15.478487
-14.653268 0.000000 -23.709486
-17.951652 18.165534 4.156114
-24.674852 7.433672 12.410487
-15.247229 17.851767 11.032999
-22.615296 13.977021 0.000000
-31.281558 -31.654259 7.242215
-31.842308 -9.592976 16.015438
-22.810932 -26.707504 16.506145
-36.592317 -22.615296 0.000000
-7.717047 -12.883581 25.615470
-22.924242 -5.244864 22.654330
-15.564998 -21.510298 25.184695
-7.131740 -4.407658 25.802878
-25.368417 -15.678544 21.667215
-6.776101 11.312675 22.492153
-19.663320 4.498794 19.431803
-11.078499 15.310109 17.925388
-6.818768 4.214231 24.670535
-18.122529 11.200339 15.478487
-14.653268 0.000000 23.709486
-33.954604 0.000000 -9.645791
-33.954604 0.000000 9.645791
-28.168455 7.785570 -4.811747
-35.887836 -9.919154 -6.130374
-28.168455 7.785570 4.811747
-35.887836 -9.919154 6.130374
-11.195177 25.397141 0.000000
-4.473619 32.118698 0.000000
16.130062 36.592317 0.000000
5.096723 36.592317 0.000000
-16.130062 -36.592317 0.000000
-5.096723 -36.592317 0.000000
11.195177 -25.397141 0.000000
4.473619 -32.118698 0.000000
-19.999949 -35.708207 5.416547
-14.177200 -31.901524 14.501358
-13.956689 -36.011154 5.129328
-2.410975 -18.305161 23.306357
-8.638881 -27.643546 22.111314
-3.017398 -36.237344 4.882252
-8.819927 -32.925731 14.270941
-8.235562 -36.157067 4.968360
-11.382260 -34.617834 9.977660
13.014653 -23.236556 3.524733
10.285764 -23.145017 10.520945
10.114697 -26.098017 3.717329
2.266211 -17.206046 21.906950
6.599765 -21.118581 16.892173
0.000000 -20.959774 21.209497
2.770219 -33.268864 4.482309
6.960392 -25.983888 11.262151
6.705010 -29.437396 4.045007
0.000000 -34.081248 9.419825
8.656295 -26.327124 7.588086
-5.705038 -30.640607 18.936936
4.624053 -24.834855 15.348785
-2.647160 -25.453277 20.234608
-2.998402 -33.252788 14.554549
2.415226 -23.223158 18.461730
2.631950 -29.188768 12.775751
-13.014653 23.236556 3.524733
-10.285764 23.145017 10.520945
-10.114697 26.098017 3.717329
-2.266211 17.206046 21.906950
-6.599765 21.118581 16.892173
-2.770219 33.268864 4.482309
-6.960392 25.983888 11.262151
-6.705010 29.437396 4.045007
-8.656295 26.327124 7.588086
19.999949 35.708207 5.416547
14.177200 31.901524 14.501358
13.956689 36.011154 5.129328
2.410975 18.305161 23.306357
8.638881 27.643546 22.111314
0.000000 20.959774 21.209497
3.017398 36.237344 4.882252
8.819927 32.925731 14.270941
8.235562 36.157067 4.968360
0.000000 34.081248 9.419825
11.382260 34.617834 9.977660
-4.624053 24.834855 15.348785
5.705038 30.640607 18.936936
-2.415226 23.223158 18.461730
-2.631950 29.188768 12.775751
2.647160 25.453277 20.234608
2.998402 33.252788 14.554549
0.000000 -10.888979 24.702508
0.000000 -3.586574 25.750089
0.000000 10.888979 24.702508
0.000000 3.586574 25.750089
-19.999949 -35.708207 -5.416547
-14.177200 -31.901524 -14.501358
-13.956689 -36.011154 -5.129328
-2.410975 -18.305161 -23.306357
-8.638881 -27.643546 -22.111314
-3.017398 -36.237344 -4.882252
-8.819927 -32.925731 -14.270941
-8.235562 -36.157067 -4.968360
-11.382260 -34.617834 -9.977660
13.014653 -23.236556 -3.524733
10.285764 -23.145017 -10.520945
10.114697 -26.098017 -3.717329
2.266211 -17.206046 -21.906950
6.599765 -21.118581 -16.892173
0.000000 -20.959774 -21.209497
2.770219 -33.268864 -4.482309
6.960392 -25.983888 -11.262151
6.705010 -29.437396 -4.045007
0.000000 -34.081248 -9.419825
8.656295 -26.327124 -7.588086
-5.705038 -30.640607 -18.936936
4.624053 -24.834855 -15.348785
-2.647160 -25.453277 -20.234608
-2.998402 -33.252788 -14.554549
2.415226 -23.223158 -18.461730
2.631950 -29.188768 -12.775751
-13.014653 23.236556 -3.524733
-10.285764 23.145017 -10.520945
-10.114697 26.098017 -3.717329
-2.266211 17.206046 -21.906950
-6.599765 21.118581 -16.892173
-2.770219 33.268864 -4.482309
-6.960392 25.983888 -11.262151
-6.705010 29.437396 -4.045007
-8.656295 26.327124 -7.588086
19.999949 35.708207 -5.416547
14.177200 31.901524 -14.501358
13.956689 36.011154 -5.129328
2.410975 18.305161 -23.306357
8.638881 27.643546 -22.111314
0.000000 20.959774 -21.209497
3.017398 36.237344 -4.882252
8.819927 32.925731 -14.270941
8.235562 36.157067 -4.968360
0.000000 34.081248 -9.419825
11.382260 34.617834 -9.977660
-4.624053 24.834855 -15.348785
5.705038 30.640607 -18.936936
-2.415226 23.223158 -18.461730
-2.631950 29.188768 -12.775751
2.647160 25.453277 -20.234608
2.998402 33.252788 -14.554549
0.000000 -10.888979 -24.702508
0.000000 -3.586574 -25.750089
0.000000 10.888979 -24.702508
0.000000 3.586574 -25.750089
28.106009 35.784919 -3.701846
32.027894 25.618233 -10.009033
24.057824 33.381812 -8.971294
31.528216 4.782488 -17.658761
32.004112 14.547991 -14.222791
17.119428 28.580820 -17.663918
28.050851 23.861479 -14.747205
20.336649 30.870209 -13.639406
26.739699 29.007119 -12.225716
16.043415 -20.426675 -2.113080
19.743994 -15.792679 -6.170193
14.965479 -20.765586 -5.580709
26.178820 -3.971042 -14.662597
23.093393 -10.497479 -10.262822
12.027934 -20.080590 -12.410487
18.347385 -15.607218 -9.645791
13.599666 -20.643742 -9.121039
16.764209 -18.185747 -7.664800
3.505894 -12.945094 -23.112363
9.926063 -9.704180 -21.836337
5.697722 -15.279266 -21.200986
3.451119 -9.390352 -24.229056
23.371542 -2.417718 -18.356358
16.267203 -6.355589 -20.337244
22.484848 -6.042757 -16.204528
9.901276 -18.833345 -16.020600
12.121102 -11.747469 -19.612356
7.907015 -17.293974 -18.760435
13.342740 -16.804698 -14.665090
9.021994 -13.451988 -20.419572
3.445398 -2.129373 -25.572638
10.047278 -6.209560 -23.180950
3.442531 -5.706346 -25.052901
6.835418 -7.797670 -23.715717
20.035640 -12.382707 -12.001010
15.773186 -9.748365 -18.542493
21.316234 -9.418167 -14.042690
16.758408 -14.624694 -13.305986
18.971889 -7.996138 -17.488900
14.609352 -13.292028 -16.740828
3.770818 13.923291 -24.858851
11.761453 11.498541 -25.874008
6.623763 17.762581 -24.646749
3.631370 9.880807 -25.494531
25.635080 2.651875 -20.134174
19.567125 7.644867 -24.462803
29.005341 7.795126 -20.903760
21.293394 0.000000 -21.042683
13.649361 25.962628 -22.085131
15.989978 15.497087 -25.872328
10.280960 22.486190 -24.392930
19.081647 24.032643 -20.972759
11.300036 16.848597 -25.575488
3.483785 2.153098 -25.857561
11.138751 6.884127 -25.699182
3.548216 5.881529 -25.822019
7.018794 0.000000 -25.394234
7.454612 8.504032 -25.864033
28.730737 17.756572 -17.209226
21.451423 13.257708 -25.217660
28.950836 12.791368 -19.072206
24.372594 21.269426 -19.351563
25.655973 10.813298 -23.650504
20.715283 18.847387 -23.737602
13.900915 -4.187861 -22.492153
15.294271 4.607630 -24.746650
17.359247 -2.270996 -21.836337
10.610179 -2.185817 -24.241083
18.481597 2.417825 -23.248150
10.997995 2.265712 -25.127126
28.106009 35.784919 3.701846
32.027894 25.618233 10.009033
24.057824 33.381812 8.971294
36.161476 36.592317 0.000000
31.528216 4.782488 17.658761
32.004112 14.547991 14.222791
17.119428 28.580820 17.663918
28.050851 23.861479 14.747205
20.336649 30.870209 13.639406
26.739699 29.007119 12.225716
35.151694 21.724941 -6.544967
35.151694 21.724941 6.544967
35.746929 28.417760 -3.717708
35.746929 28.417760 3.717708
16.043415 -20.426675 2.113080
19.743994 -15.792679 6.170193
14.965479 -20.765586 5.580709
18.187810 -18.404507 0.000000
26.178820 -3.971042 14.662597
23.093393 -10.497479 10.262822
12.027934 -20.080590 12.410487
18.347385 -15.607218 9.645791
13.599666 -20.643742 9.121039
16.764209 -18.185747 7.664800
22.321648 -13.795537 -4.156114
22.321648 -13.795537 4.156114
20.317931 -16.152159 -2.113080
20.317931 -16.152159 2.113080
3.505894 -12.945094 23.112363
9.926063 -9.704180 21.836337
5.697722 -15.279266 21.200986
3.451119 -9.390352 24.229056
23.371542 -2.417718 18.356358
16.267203 -6.355589 20.337244
22.484848 -6.042757 16.204528
9.901276 -18.833345 16.020600
12.121102 -11.747469 19.612356
7.907015 -17.293974 18.760435
13.342740 -16.804698 14.665090
9.021994 -13.451988 20.419572
3.445398 -2.129373 25.572638
10.047278 -6.209560 23.180950
3.442531 -5.706346 25.052901
6.835418 -7.797670 23.715717
20.035640 -12.382707 12.001010
15.773186 -9.748365 18.542493
21.316234 -9.418167 14.042690
16.758408 -14.624694 13.305986
18.971889 -7.996138 17.488900
14.609352 -13.292028 16.740828
3.770818 13.923291 24.858851
11.761453 11.498541 25.874008
6.623763 17.762581 24.646749
3.631370 9.880807 25.494531
25.635080 2.651875 20.134174
19.567125 7.644867 24.462803
29.005341 7.795126 20.903760
21.293394 0.000000 21.042683
13.649361 25.962628 22.085131
15.989978 15.497087 25.872328
10.280960 22.486190 24.392930
19.081647 24.032643 20.972759
11.300036 16.848597 25.575488
3.483785 2.153098 25.857561
11.138751 6.884127 25.699182
3.548216 5.881529 25.822019
7.018794 0.000000 25.394234
7.454612 8.504032 25.864033
28.730737 17.756572 17.209226
21.451423 13.257708 25.217660
28.950836 12.791368 19.072206
24.372594 21.269426 19.351563
25.655973 10.813298 23.650504
20.715283 18.847387 23.737602
13.900915 -4.187861 22.492153
15.294271 4.607630 24.746650
17.359247 -2.270996 21.836337
10.610179 -2.185817 24.241083
18.481597 2.417825 23.248150
10.997995 2.265712 25.127126
31.052646 0.000000 -13.688149
35.902438 0.000000 -5.000633
33.878737 4.825593 -13.130238
28.878479 -4.113370 -11.192309
31.052646 0.000000 13.688149
35.902438 0.000000 5.000633
33.878737 4.825593 13.130238
28.878479 -4.113370 11.192309
34.602955 14.997898 -9.269210
36.446961 4.910494 -3.034852
34.223627 9.864040 -11.252646
36.332934 15.902711 -3.276139
35.557898 4.886028 -8.099088
24.680472 -10.697214 -6.611242
32.075347 -4.321507 -2.670838
26.718017 -7.700750 -8.784820
25.352557 -11.096665 -2.286039
30.954216 -4.253434 -7.050499
34.602955 14.997898 9.269210
36.446961 4.910494 3.034852
34.223627 9.864040 11.252646
36.332934 15.902711 3.276139
35.557898 4.886028 8.099088
36.592317 10.113868 0.000000
24.680472 -10.697214 6.611242
32.075347 -4.321507 2.670838
26.718017 -7.700750 8.784820
25.352557 -11.096665 2.286039
30.954216 -4.253434 7.050499
28.668530 -7.923787 0.000000
-16.043415 20.426675 -2.113080
-19.743994 15.792679 -6.170193
-14.965479 20.765586 -5.580709
-26.178820 3.971042 -14.662597
-23.093393 10.497479 -10.262822
-12.027934 20.080590 -12.410487
-18.347385 15.607218 -9.645791
-13.599666 20.643742 -9.121039
-16.764209 18.185747 -7.664800
-28.106009 -35.784919 -3.701846
-32.027894 -25.618233 -10.009033
-24.057824 -33.381812 -8.971294
-31.528216 -4.782488 -17.658761
-32.004112 -14.547991 -14.222791
-17.119428 -28.580820 -17.663918
-28.050851 -23.861479 -14.747205
-20.336649 -30.870209 -13.639406
-26.739699 -29.007119 -12.225716
-3.770818 -13.923291 -24.858851
-11.761453 -11.498541 -25.874008
-6.623763 -17.762581 -24.646749
-3.631370 -9.880807 -25.494531
-25.635080 -2.651875 -20.134174
-19.567125 -7.644867 -24.462803
-29.005341 -7.795126 -20.903760
-13.649361 -25.962628 -22.085131
-15.989978 -15.497087 -25.872328
-10.280960 -22.486190 -24.392930
-19.081647 -24.032643 -20.972759
-11.300036 -16.848597 -25.575488
-3.483785 -2.153098 -25.857561
-11.138751 -6.884127 -25.699182
-3.548216 -5.881529 -25.822019
-7.454612 -8.504032 -25.864033
-28.730737 -17.756572 -17.209226
-21.451423 -13.257708 -25.217660
-28.950836 -12.791368 -19.072206
-24.372594 -21.269426 -19.351563
-25.655973 -10.813298 -23.650504
-20.715283 -18.847387 -23.737602
-3.505894 12.945094 -23.112363
-9.926063 9.704180 -21.836337
-5.697722 15.279266 -21.200986
-3.451119 9.390352 -24.229056
-23.371542 2.417718 -18.356358
-16.267203 6.355589 -20.337244
-22.484848 6.042757 -16.204528
-21.293394 0.000000 -21.042683
-9.901276 18.833345 -16.020600
-12.121102 11.747469 -19.612356
-7.907015 17.293974 -18.760435
-13.342740 16.804698 -14.665090
-9.021994 13.451988 -20.419572
-3.445398 2.129373 -25.572638
-10.047278 6.209560 -23.180950
-3.442531 5.706346 -25.052901
-7.018794 0.000000 -25.394234
-6.835418 7.797670 -23.715717
-20.035640 12.382707 -12.001010
-15.773186 9.748365 -18.542493
-21.316234 9.418167 -14.042690
-16.758408 14.624694 -13.305986
-18.971889 7.996138 -17.488900
-14.609352 13.292028 -16.740828
-15.294271 -4.607630 -24.746650
-13.900915 4.187861 -22.492153
-18.481597 -2.417825 -23.248150
-10.997995 -2.265712 -25.127126
-17.359247 2.270996 -21.836337
-10.610179 2.185817 -24.241083
-16.043415 20.426675 2.113080
-19.743994 15.792679 6.170193
-14.965479 20.765586 5.580709
-18.187810 18.404507 0.000000
-26.178820 3.971042 14.662597
-23.093393 10.497479 10.262822
-12.027934 20.080590 12.410487
-18.347385 15.607218 9.645791
-13.599666 20.643742 9.121039
-16.764209 18.185747 7.664800
-22.321648 13.795537 -4.156114
-22.321648 13.795537 4.156114
-20.317931 16.152159 -2.113080
-20.317931 16.152159 2.113080
-28.106009 -35.784919 3.701846
-32.027894 -25.618233 10.009033
-24.057824 -33.381812 8.971294
-36.161476 -36.592317 0.000000
-31.528216 -4.782488 17.658761
-32.004112 -14.547991 14.222791
-17.119428 -28.580820 17.663918
-28.050851 -23.861479 14.747205
-20.336649 -30.870209 13.639406
-26.739699 -29.007119 12.225716
-35.151694 -21.724941 -6.544967
-35.151694 -21.724941 6.544967
-35.746929 -28.417760 -3.717708
-35.746929 -28.417760 3.717708
-3.770818 -13.923291 24.858851
-11.761453 -11.498541 25.874008
-6.623763 -17.762581 24.646749
-3.631370 -9.880807 25.494531
-25.635080 -2.651875 20.134174
-19.567125 -7.644867 24.462803
-29.005341 -7.795126 20.903760
-13.649361 -25.962628 22.085131
-15.989978 -15.497087 25.872328
-10.280960 -22.486190 24.392930
-19.081647 -24.032643 20.972759
-11.300036 -16.848597 25.575488
-3.483785 -2.153098 25.857561
-11.138751 -6.884127 25.699182
-3.548216 -5.881529 25.822019
-7.454612 -8.504032 25.864033
-28.730737 -17.756572 17.209226
-21.451423 -13.257708 25.217660
-28.950836 -12.791368 19.072206
-24.372594 -21.269426 19.351563
-25.655973 -10.813298 23.650504
-20.715283 -18.847387 23.737602
-3.505894 12.945094 23.112363
-9.926063 9.704180 21.836337
-5.697722 15.279266 21.200986
-3.451119 9.390352 24.229056
-23.371542 2.417718 18.356358
-16.267203 6.355589 20.337244
-22.484848 6.042757 16.204528
-21.293394 0.000000 21.042683
-9.901276 18.833345 16.020600
-12.121102 11.747469 19.612356
-7.907015 17.293974 18.760435
-13.342740 16.804698 14.665090
-9.021994 13.451988 20.419572
-3.445398 2.129373 25.572638
-10.047278 6.209560 23.180950
-3.442531 5.706346 25.052901
-7.018794 0.000000 25.394234
-6.835418 7.797670 23.715717
-20.035640 12.382707 12.001010
-15.773186 9.748365 18.542493
-21.316234 9.418167 14.042690
-16.758408 14.624694 13.305986
-18.971889 7.996138 17.488900
-14.609352 13.292028 16.740828
-15.294271 -4.607630 24.746650
-13.900915 4.187861 22.492153
-18.481597 -2.417825 23.248150
-10.997995 -2.265712 25.127126
-17.359247 2.270996 21.836337
-10.610179 2.185817 24.241083
-31.052646 0.000000 -13.688149
-35.902438 0.000000 -5.000633
-28.878479 4.113370 -11.192309
-33.878737 -4.825593 -13.130238
-31.052646 0.000000 13.688149
-35.902438 0.000000 5.000633
-28.878479 4.113370 11.192309
-33.878737 -4.825593 13.130238
-24.680472 10.697214 -6.611242
-32.075347 4.321507 -2.670838
-26.718017 7.700750 -8.784820
-25.352557 11.096665 -2.286039
-30.954216 4.253434 -7.050499
-34.602955 -14.997898 -9.269210
-36.446961 -4.910494 -3.034852
-34.223627 -9.864040 -11.252646
-36.332934 -15.902711 -3.276139
-35.557898 -4.886028 -8.099088
-24.680472 10.697214 6.611242
-32.075347 4.321507 2.670838
-26.718017 7.700750 8.784820
-25.352557 11.096665 2.286039
-30.954216 4.253434 7.050499
-28.668530 7.923787 0.000000
-34.602955 -14.997898 9.269210
-36.446961 -4.910494 3.034852
-34.223627 -9.864040 11.252646
-36.332934 -15.902711 3.276139
-35.557898 -4.886028 8.099088
-36.592317 -10.113868 0.000000
-12.616027 23.976290 0.000000
-9.695773 26.896544 0.000000
-2.371741 34.220576 0.000000
-6.366337 30.225981 0.000000
19.254425 36.592317 0.000000
13.190945 36.592317 0.000000
2.536120 36.592317 0.000000
7.707244 36.592317 0.000000
-19.254425 -36.592317 0.000000
-13.190945 -36.592317 0.000000
-2.536120 -36.592317 0.000000
-7.707244 -36.592317 0.000000
12.616027 -23.976290 0.000000
9.695773 -26.896544 0.000000
2.371741 -34.220576 0.000000
6.366337 -30.225981 0.000000
-21.396764 -36.338203 2.778993
-18.534203 -34.867249 7.893222
-18.153803 -36.397143 2.682805
-12.776858 -30.873564 16.504226
-15.604766 -32.921112 12.413671
-12.206289 -36.459537 2.544791
-15.593333 -35.177700 7.707857
-15.085624 -36.434206 2.607858
-16.901382 -35.886540 5.272079
-1.166740 -16.423073 23.518525
-3.752410 -20.328176 23.067744
-10.034434 -28.805308 20.337477
-6.831048 -24.947017 22.481207
-1.510519 -36.507181 2.444071
-4.513638 -35.760971 7.303219
-4.062949 -36.499649 2.455377
-10.146971 -31.495855 16.418143
-7.429058 -34.115028 12.020468
-11.482943 -32.461239 14.403388
-9.332913 -36.476582 2.511921
-7.117644 -35.673147 7.361013
-6.677063 -36.489832 2.476235
-11.040682 -36.093607 5.048337
-5.601454 -36.200929 4.925338
-14.180243 -34.313408 10.106936
-8.657050 -34.860174 9.837467
-12.837307 -33.410830 12.294411
-12.677834 -35.382272 7.607576
-10.098377 -33.800867 12.161951
-9.843226 -35.542915 7.492737
13.529920 -22.977913 1.757254
12.431512 -23.386634 5.294249
12.148072 -24.356061 1.795266
9.445364 -22.823454 12.200841
11.065344 -23.344369 8.802537
9.153036 -27.339633 1.908243
10.988213 -24.788802 5.431525
10.687321 -25.811597 1.847522
11.600810 -24.631886 3.618662
1.134716 -15.972297 22.872995
3.386366 -18.345184 20.817510
0.000000 -17.766318 22.620296
7.597478 -21.809671 15.398332
5.560722 -20.307782 18.300522
-2.500998 -21.747408 22.006515
2.319640 -20.170408 20.410726
-1.211115 -19.694013 22.331370
1.170144 -19.027788 21.575927
1.447914 -34.994102 2.342774
3.972414 -31.472926 6.427501
3.651909 -32.807058 2.206972
0.000000 -35.945644 4.842951
7.787608 -24.172473 12.600614
6.056162 -27.810546 9.799076
8.675181 -24.523949 10.881531
7.432753 -29.050033 2.000500
5.914121 -29.641168 6.116338
5.641572 -30.830924 2.092216
8.474676 -27.704958 3.875034
4.836628 -31.258033 4.252829
-2.985084 -35.185255 9.724965
2.692249 -31.733593 8.770949
-1.509778 -35.825850 7.333434
1.425736 -33.831609 6.925219
10.263577 -24.835843 7.315341
6.933737 -27.920745 7.879175
9.507418 -24.744342 9.105344
9.419594 -26.288925 5.652406
7.837449 -26.233183 9.439009
7.728213 -27.905811 5.882773
-8.559067 -30.326621 18.742883
-2.687029 -29.042866 17.949478
-7.209930 -29.293125 20.631653
-7.271001 -31.857962 16.662385
6.655184 -23.580752 14.573706
2.419739 -26.153850 16.163968
5.645653 -22.937647 16.155380
5.824934 -25.522003 13.348544
-3.950346 -24.084447 21.605736
-1.324136 -26.613560 18.700839
-5.488569 -26.541083 21.163522
-1.264746 -23.117032 20.754220
-4.094019 -27.923136 19.636329
-4.501579 -34.279764 12.182902
-1.413903 -30.290300 15.892630
-5.905335 -33.187362 14.455989
-1.486374 -33.886921 12.025022
-4.378194 -32.148346 16.849575
3.485906 -21.252854 19.065564
1.259499 -25.314436 17.787969
4.581499 -22.154764 17.665927
1.212887 -22.169163 19.903234
3.534712 -24.108401 16.953701
0.000000 -24.319568 19.333343
3.881659 -29.559040 10.505174
1.331302 -28.520738 14.964180
4.898260 -27.527705 11.990715
1.385770 -31.593306 11.211116
3.673492 -26.973840 14.137516
0.000000 -31.113934 13.618385
-13.529920 22.977913 1.757254
-12.431512 23.386634 5.294249
-12.148072 24.356061 1.795266
-9.445364 22.823454 12.200841
-11.065344 23.344369 8.802537
-9.153036 27.339633 1.908243
-10.988213 24.788802 5.431525
-10.687321 25.811597 1.847522
-11.600810 24.631886 3.618662
-1.134716 15.972297 22.872995
-3.386366 18.345184 20.817510
-7.597478 21.809671 15.398332
-5.560722 20.307782 18.300522
-1.447914 34.994102 2.342774
-3.972414 31.472926 6.427501
-3.651909 32.807058 2.206972
-7.787608 24.172473 12.600614
-6.056162 27.810546 9.799076
-8.675181 24.523949 10.881531
-7.432753 29.050033 2.000500
-5.914121 29.641168 6.116338
-5.641572 30.830924 2.092216
-8.474676 27.704958 3.875034
-4.836628 31.258033 4.252829
-10.263577 24.835843 7.315341
-6.933737 27.920745 7.879175
-9.507418 24.744342 9.105344
-9.419594 26.288925 5.652406
-7.837449 26.233183 9.439009
-7.728213 27.905811 5.882773
21.396764 36.338203 2.778993
18.534203 34.867249 7.893222
18.153803 36.397143 2.682805
12.776858 30.873564 16.504226
15.604766 32.921112 12.413671
12.206289 36.459537 2.544791
15.593333 35.177700 7.707857
15.085624 36.434206 2.607858
16.901382 35.886540 5.272079
1.166740 16.423073 23.518525
3.752410 20.328176 23.067744
0.000000 17.766318 22.620296
10.034434 28.805308 20.337477
6.831048 24.947017 22.481207
-2.319640 20.170408 20.410726
2.500998 21.747408 22.006515
-1.170144 19.027788 21.575927
1.211115 19.694013 22.331370
1.510519 36.507181 2.444071
4.513638 35.760971 7.303219
4.062949 36.499649 2.455377
0.000000 35.945644 4.842951
10.146971 31.495855 16.418143
7.429058 34.115028 12.020468
11.482943 32.461239 14.403388
9.332913 36.476582 2.511921
7.117644 35.673147 7.361013
6.677063 36.489832 2.476235
11.040682 36.093607 5.048337
5.601454 36.200929 4.925338
-2.692249 31.733593 8.770949
2.985084 35.185255 9.724965
-1.425736 33.831609 6.925219
1.509778 35.825850 7.333434
14.180243 34.313408 10.106936
8.657050 34.860174 9.837467
12.837307 33.410830 12.294411
12.677834 35.382272 7.607576
10.098377 33.800867 12.161951
9.843226 35.542915 7.492737
-6.655184 23.580752 14.573706
-2.419739 26.153850 16.163968
-5.645653 22.937647 16.155380
-5.824934 25.522003 13.348544
8.559067 30.326621 18.742883
2.687029 29.042866 17.949478
7.209930 29.293125 20.631653
7.271001 31.857962 16.662385
-3.485906 21.252854 19.065564
-1.259499 25.314436 17.787969
-4.581499 22.154764 17.665927
-1.212887 22.169163 19.903234
-3.534712 24.108401 16.953701
-3.881659 29.559040 10.505174
-1.331302 28.520738 14.964180
-4.898260 27.527705 11.990715
-1.385770 31.593306 11.211116
-3.673492 26.973840 14.137516
3.950346 24.084447 21.605736
1.324136 26.613560 18.700839
5.488569 26.541083 21.163522
1.264746 23.117032 20.754220
4.094019 27.923136 19.636329
0.000000 24.319568 19.333343
4.501579 34.279764 12.182902
1.413903 30.290300 15.892630
5.905335 33.187362 14.455989
1.486374 33.886921 12.025022
4.378194 32.148346 16.849575
0.000000 31.113934 13.618385
0.000000 -12.760306 24.250487
0.000000 -9.038395 25.072945
0.000000 -1.791158 25.843659
0.000000 -5.390389 25.592395
0.000000 12.760306 24.250487
0.000000 9.038395 25.072945
0.000000 1.791158 25.843659
0.000000 5.390389 25.592395
-21.396764 -36.338203 -2.778993
-18.534203 -34.867249 -7.893222
-18.153803 -36.397143 -2.682805
-12.776858 -30.873564 -16.504226
-15.604766 -32.921112 -12.413671
-12.206289 -36.459537 -2.544791
-15.593333 -35.177700 -7.707857
-15.085624 -36.434206 -2.607858
-16.901382 -35.886540 -5.272079
-1.166740 -16.423073 -23.518525
-3.752410 -20.328176 -23.067744
-10.034434 -28.805308 -20.337477
-6.831048 -24.947017 -22.481207
-1.510519 -36.507181 -2.444071
-4.513638 -35.760971 -7.303219
-4.062949 -36.499649 -2.455377
-10.146971 -31.495855 -16.418143
-7.429058 -34.115028 -12.020468
-11.482943 -32.461239 -14.403388
-9.332913 -36.476582 -2.511921
-7.117644 -35.673147 -7.361013
-6.677063 -36.489832 -2.476235
-11.040682 -36.093607 -5.048337
-5.601454 -36.200929 -4.925338
-14.180243 -34.313408 -10.106936
-8.657050 -34.860174 -9.837467
-12.837307 -33.410830 -12.294411
-12.677834 -35.382272 -7.607576
-10.098377 -33.800867 -12.161951
-9.843226 -35.542915 -7.492737
13.529920 -22.977913 -1.757254
12.431512 -23.386634 -5.294249
12.148072 -24.356061 -1.795266
9.445364 -22.823454 -12.200841
11.065344 -23.344369 -8.802537
9.153036 -27.339633 -1.908243
10.988213 -24.788802 -5.431525
10.687321 -25.811597 -1.847522
11.600810 -24.631886 -3.618662
1.134716 -15.972297 -22.872995
3.386366 -18.345184 -20.817510
0.000000 -17.766318 -22.620296
7.597478 -21.809671 -15.398332
5.560722 -20.307782 -18.300522
-2.500998 -21.747408 -22.006515
2.319640 -20.170408 -20.410726
-1.211115 -19.694013 -22.331370
1.170144 -19.027788 -21.575927
1.447914 -34.994102 -2.342774
3.972414 -31.472926 -6.427501
3.651909 -32.807058 -2.206972
0.000000 -35.945644 -4.842951
7.787608 -24.172473 -12.600614
6.056162 -27.810546 -9.799076
8.675181 -24.523949 -10.881531
7.432753 -29.050033 -2.000500
5.914121 -29.641168 -6.116338
5.641572 -30.830924 -2.092216
8.474676 -27.704958 -3.875034
4.836628 -31.258033 -4.252829
-2.985084 -35.185255 -9.724965
2.692249 -31.733593 -8.770949
-1.509778 -35.825850 -7.333434
1.425736 -33.831609 -6.925219
10.263577 -24.835843 -7.315341
6.933737 -27.920745 -7.879175
9.507418 -24.744342 -9.105344
9.419594 -26.288925 -5.652406
7.837449 -26.233183 -9.439009
7.728213 -27.905811 -5.882773
-8.559067 -30.326621 -18.742883
-2.687029 -29.042866 -17.949478
-7.209930 -29.293125 -20.631653
-7.271001 -31.857962 -16.662385
6.655184 -23.580752 -14.573706
2.419739 -26.153850 -16.163968
5.645653 -22.937647 -16.155380
5.824934 -25.522003 -13.348544
-3.950346 -24.084447 -21.605736
-1.324136 -26.613560 -18.700839
-5.488569 -26.541083 -21.163522
-1.264746 -23.117032 -20.754220
-4.094019 -27.923136 -19.636329
-4.501579 -34.279764 -12.182902
-1.413903 -30.290300 -15.892630
-5.905335 -33.187362 -14.455989
-1.486374 -33.886921 -12.025022
-4.378194 -32.148346 -16.849575
3.485906 -21.252854 -19.065564
1.259499 -25.314436 -17.787969
4.581499 -22.154764 -17.665927
1.212887 -22.169163 -19.903234
3.534712 -24.108401 -16.953701
0.000000 -24.319568 -19.333343
3.881659 -29.559040 -10.505174
1.331302 -28.520738 -14.964180
4.898260 -27.527705 -11.990715
1.385770 -31.593306 -11.211116
3.673492 -26.973840 -14.137516
0.000000 -31.113934 -13.618385
-13.529920 22.977913 -1.757254
-12.431512 23.386634 -5.294249
-12.148072 24.356061 -1.795266
-9.445364 22.823454 -12.200841
-11.065344 23.344369 -8.802537
-9.153036 27.339633 -1.908243
-10.988213 24.788802 -5.431525
-10.687321 25.811597 -1.847522
-11.600810 24.631886 -3.618662
-1.134716 15.972297 -22.872995
-3.386366 18.345184 -20.817510
-7.597478 21.809671 -15.398332
-5.560722 20.307782 -18.300522
-1.447914 34.994102 -2.342774
-3.972414 31.472926 -6.427501
-3.651909 32.807058 -2.206972
-7.787608 24.172473 -12.600614
-6.056162 27.810546 -9.799076
-8.675181 24.523949 -10.881531
-7.432753 29.050033 -2.000500
-5.914121 29.641168 -6.116338
-5.641572 30.830924 -2.092216
-8.474676 27.704958 -3.875034
-4.836628 31.258033 -4.252829
-10.263577 24.835843 -7.315341
-6.933737 27.920745 -7.879175
-9.507418 24.744342 -9.105344
-9.419594 26.288925 -5.652406
-7.837449 26.233183 -9.439009
-7.728213 27.905811 -5.882773
21.396764 36.338203 -2.778993
18.534203 34.867249 -7.893222
18.153803 36.397143 -2.682805
12.776858 30.873564 -16.504226
15.604766 32.921112 -12.413671
12.206289 36.459537 -2.544791
15.593333 35.177700 -7.707857
15.085624 36.434206 -2.607858
16.901382 35.886540 -5.272079
1.166740 16.423073 -23.518525
3.752410 20.328176 -23.067744
0.000000 17.766318 -22.620296
10.034434 28.805308 -20.337477
6.831048 24.947017 -22.481207
-2.319640 20.170408 -20.410726
2.500998 21.747408 -22.006515
-1.170144 19.027788 -21.575927
1.211115 19.694013 -22.331370
1.510519 36.507181 -2.444071
4.513638 35.760971 -7.303219
4.062949 36.499649 -2.455377
0.000000 35.945644 -4.842951
10.146971 31.495855 -16.418143
7.429058 34.115028 -12.020468
11.482943 32.461239 -14.403388
9.332913 36.476582 -2.511921
7.117644 35.673147 -7.361013
6.677063 36.489832 -2.476235
11.040682 36.093607 -5.048337
5.601454 36.200929 -4.925338
-2.692249 31.733593 -8.770949
2.985084 35.185255 -9.724965
-1.425736 33.831609 -6.925219
1.509778 35.825850 -7.333434
14.180243 34.313408 -10.106936
8.657050 34.860174 -9.837467
12.837307 33.410830 -12.294411
12.677834 35.382272 -7.607576
10.098377 33.800867 -12.161951
9.843226 35.542915 -7.492737
-6.655184 23.580752 -14.573706
-2.419739 26.153850 -16.163968
-5.645653 22.937647 -16.155380
-5.824934 25.522003 -13.348544
8.559067 30.326621 -18.742883
2.687029 29.042866 -17.949478
7.209930 29.293125 -20.631653
7.271001 31.857962 -16.662385
-3.485906 21.252854 -19.065564
-1.259499 25.314436 -17.787969
-4.581499 22.154764 -17.665927
-1.212887 22.169163 -19.903234
-3.534712 24.108401 -16.953701
-3.881659 29.559040 -10.505174
-1.331302 28.520738 -14.964180
-4.898260 27.527705 -11.990715
-1.385770 31.593306 -11.211116
-3.673492 26.973840 -14.137516
3.950346 24.084447 -21.605736
1.324136 26.613560 -18.700839
5.488569 26.541083 -21.163522
1.264746 23.117032 -20.754220
4.094019 27.923136 -19.636329
0.000000 24.319568 -19.333343
4.501579 34.279764 -12.182902
1.413903 30.290300 -15.892630
5.905335 33.187362 -14.455989
1.486374 33.886921 -12.025022
4.378194 32.148346 -16.849575
0.000000 31.113934 -13.618385
0.000000 -12.760306 -24.250487
0.000000 -9.038395 -25.072945
0.000000 -1.791158 -25.843659
0.000000 -5.390389 -25.592395
0.000000 12.760306 -24.250487
0.000000 9.038395 -25.072945
0.000000 1.791158 -25.843659
0.000000 5.390389 -25.592395
25.450113 36.445621 -1.808046
30.135077 34.196292 -5.562681
23.859474 35.759863 -4.604239
32.102467 22.665378 -11.183011
31.808113 28.664139 -8.709768
20.472171 33.714646 -9.632081
27.752963 32.791446 -8.197225
22.154312 34.785209 -7.223716
26.059075 34.612982 -6.457371
29.426595 2.250423 -17.327051
31.749179 7.187355 -16.876747
32.065591 17.141454 -13.270172
31.928125 12.039242 -15.134085
14.252084 29.268832 -18.089133
19.984973 27.741860 -17.145413
15.708498 30.351902 -16.144579
30.267661 21.990195 -13.590688
25.530871 25.428342 -15.715580
30.024634 24.751372 -12.471373
18.789421 32.557172 -11.986433
21.677322 28.898518 -15.149454
17.225315 31.455448 -14.105727
22.147712 32.102159 -11.389342
18.696475 29.706366 -15.699039
28.916666 30.278507 -9.845060
24.715189 27.822676 -14.433167
29.609537 27.568358 -11.226070
25.594025 31.396705 -10.690450
27.505272 26.475582 -13.559590
23.568994 30.096172 -13.007798
15.033103 -21.528030 -1.067993
17.014386 -19.307364 -3.140712
14.557567 -21.818445 -2.809220
20.606818 -14.549079 -7.178460
18.860117 -16.995947 -5.164319
13.407682 -22.080475 -6.308265
16.474288 -19.465155 -4.865911
14.013754 -22.003454 -4.569376
15.541596 -20.643134 -3.851167
26.887044 -2.056208 -15.831706
25.438775 -5.758811 -13.522358
22.279881 -11.910261 -9.220409
23.892106 -9.009074 -11.324973
10.330603 -21.215471 -13.111882
13.660670 -18.962867 -11.719696
11.181186 -21.604247 -11.491585
19.891481 -14.451647 -8.931609
16.804286 -16.736802 -10.343913
19.092223 -15.739033 -7.930363
12.715337 -22.032366 -8.111561
14.441527 -19.252319 -10.092632
11.980995 -21.878704 -9.811179
14.321067 -20.757773 -7.364532
12.847402 -20.412919 -10.787695
17.400408 -18.219887 -5.924199
16.045558 -18.062996 -9.370279
18.258549 -16.999868 -6.922491
15.883875 -19.485069 -6.634586
17.569493 -16.911760 -8.661435
15.202462 -19.412620 -8.390284
1.790547 -13.786258 -23.413253
5.162759 -12.122758 -22.805795
2.903220 -15.044677 -22.548511
1.767849 -11.962548 -23.984098
11.487799 -8.893357 -21.489604
8.359599 -10.508543 -22.169697
5.111989 -17.307423 -20.449544
6.250610 -13.285141 -21.878667
4.020869 -16.226437 -21.552776
4.613274 -14.148382 -22.214837
1.736334 -8.328461 -24.876672
5.134192 -10.386696 -23.431813
1.751640 -10.132673 -24.472033
3.483294 -11.166845 -23.710452
25.390915 -1.259629 -17.730570
21.469393 -3.492407 -18.919648
24.872397 -3.202430 -16.595206
14.645815 -7.226190 -20.743832
17.934752 -5.449580 -19.901893
23.667427 -6.761648 -14.371309
21.144000 -5.285590 -17.895174
24.288711 -5.043947 -15.469209
22.953064 -4.282106 -17.280672
9.249759 -20.600030 -14.966425
10.508973 -17.072436 -17.003875
8.288939 -19.955489 -16.450683
11.005962 -19.527003 -14.260710
12.601131 -9.928192 -20.389058
11.614583 -13.538147 -18.792789
11.052343 -10.753808 -20.778468
6.237236 -18.319855 -19.182635
9.515247 -16.293799 -18.342449
7.275912 -19.190721 -17.867779
6.822058 -16.332701 -20.035653
8.928556 -18.111342 -17.433324
14.342972 -17.385792 -12.889593
12.252401 -16.111534 -16.347551
12.708277 -18.451077 -13.566361
11.649238 -17.816038 -15.342672
7.919841 -12.414805 -21.511623
10.076725 -14.418765 -19.221975
9.486391 -11.584379 -21.154436
7.383753 -14.358445 -20.811950
10.580353 -12.600472 -20.020578
8.481611 -15.367938 -19.623923
1.727190 -1.067462 -25.799105
5.145612 -3.180163 -25.196023
1.726907 -2.857539 -25.670806
11.584129 -7.159386 -22.222492
8.455729 -5.225928 -23.998020
10.000515 -7.972801 -22.538385
1.736640 -6.452395 -25.218420
5.131971 -4.962298 -24.870700
1.728894 -4.661890 -25.477005
3.451636 -7.548706 -24.677826
3.448254 -3.921607 -25.344455
6.815377 -9.562116 -23.138447
6.836544 -6.016213 -24.226064
8.406171 -8.777370 -22.844295
5.155775 -8.591970 -23.979128
8.439762 -7.007749 -23.456045
5.156527 -6.774141 -24.460753
20.809068 -12.860711 -10.132710
19.137678 -11.827736 -13.786602
21.553007 -11.464330 -11.154667
19.207797 -14.027591 -10.826049
14.456393 -8.934542 -19.898013
16.998194 -10.505461 -17.066731
16.039716 -8.081866 -19.456965
13.941518 -10.759620 -19.089938
22.969043 -8.456413 -13.255912
19.704549 -10.329705 -14.780753
22.278794 -9.990593 -12.200088
21.917455 -7.775969 -15.121148
20.688288 -10.933220 -13.020713
16.023005 -16.257725 -12.185076
17.457366 -12.942657 -14.402019
17.607457 -15.163048 -11.512855
15.060272 -15.720857 -13.991422
18.388565 -13.520399 -12.665222
19.339208 -6.288146 -18.469386
18.565428 -9.630918 -16.491873
17.672371 -7.196340 -18.980845
20.696521 -7.047081 -16.871429
17.355776 -8.888839 -18.030777
20.211565 -8.735594 -15.828134
12.855333 -14.304849 -17.339582
16.359024 -12.260999 -16.122841
13.405912 -12.557977 -18.232857
13.995113 -15.064244 -15.725004
15.204830 -11.544578 -17.655974
15.735875 -14.004788 -15.074659
1.860458 14.324528 -24.327399
5.725687 13.444578 -25.292453
3.113437 16.134036 -24.181209
1.826485 12.359320 -24.779599
13.781818 10.669288 -25.780902
9.733811 12.236013 -25.814111
5.959921 20.178226 -23.841534
7.208298 15.320627 -25.230813
4.481221 18.084214 -24.020369
5.141699 15.769001 -24.759424
1.775099 8.514400 -25.432061
5.599547 11.328130 -25.555636
1.800009 10.412473 -25.147795
3.705210 11.878268 -25.221011
26.698355 1.324490 -18.643560
24.371686 3.964520 -21.477259
28.492111 3.668484 -19.010329
24.483433 0.000000 -19.229654
17.710687 8.738385 -25.084811
21.314229 6.476454 -23.652041
30.459555 8.702120 -18.495618
25.906186 6.476044 -21.925639
30.401515 6.313371 -19.362386
27.309888 5.094911 -20.560794
20.476878 -2.327158 -20.235781
22.111067 2.512880 -21.850729
22.407144 -1.215224 -19.760838
23.378139 1.267885 -20.617158
12.566931 27.987664 -20.333722
14.647160 23.795161 -23.699603
11.177759 26.910277 -22.183994
15.363630 27.258467 -19.907054
15.923160 12.545556 -25.764214
15.949708 18.591241 -25.807170
13.762373 13.390638 -25.873341
7.685346 22.573206 -23.636299
12.986555 22.238027 -25.034056
9.530092 25.136276 -23.403469
8.352278 19.996203 -24.529744
12.248289 24.845333 -23.915221
20.906058 25.341217 -18.787638
17.309652 22.761666 -23.095100
18.169971 26.380880 -19.396837
16.388036 25.063431 -21.583923
9.423856 14.772435 -25.596781
13.394476 19.166129 -25.550790
11.574686 14.134516 -25.811286
8.932547 17.370230 -25.177403
13.639418 16.243608 -25.809067
10.854079 19.666644 -25.113108
1.731966 1.070414 -25.870447
5.276188 3.260864 -25.835404
1.739778 2.878837 -25.862137
3.470378 0.000000 -25.758049
13.356210 8.254592 -25.621975
9.075964 5.609254 -25.758296
11.457701 9.134526 -25.822476
1.766457 6.563179 -25.651405
5.339075 5.162555 -25.874375
1.750091 4.719047 -25.789368
3.594353 7.860828 -25.698199
3.520087 4.003300 -25.872420
6.929113 -2.126896 -25.069767
7.086870 2.175319 -25.640538
5.217581 -1.074175 -25.489326
5.261816 1.083281 -25.705423
7.594618 10.655409 -25.783999
7.299687 6.423783 -25.867262
9.520653 9.941065 -25.872968
5.534996 9.223932 -25.742858
9.301351 7.723148 -25.850599
5.448639 7.157890 -25.846433
30.423787 18.802935 -14.814475
27.044617 16.714492 -19.482686
30.484546 16.215134 -15.777147
28.456734 20.782157 -16.039007
18.446789 11.400743 -25.390460
23.696402 14.645182 -23.791948
20.490572 10.324501 -24.856073
18.766567 14.483439 -25.696814
30.489478 11.225179 -17.596112
27.237959 14.278940 -20.431706
30.503611 13.678889 -16.704079
28.989608 10.285058 -20.000322
28.861365 15.252478 -18.164652
23.682653 24.029579 -18.010039
24.923196 18.477722 -20.561197
26.172550 22.539066 -17.113247
21.791262 22.747087 -20.244704
26.664524 19.605389 -18.365332
24.236194 7.880402 -23.146120
25.552941 13.255730 -22.698959
22.442398 9.138736 -24.104048
27.423859 9.337712 -22.355433
23.637054 12.105825 -24.556348
27.340590 11.816814 -21.411035
18.188795 20.239692 -24.533484
23.118556 17.327232 -22.784783
18.953831 17.754985 -25.778364
19.956279 21.480804 -22.423011
21.405165 16.252310 -24.855856
22.523624 20.045824 -21.577189
13.490016 -6.160309 -21.827304
14.289212 -2.139089 -23.120431
15.125456 -5.285736 -21.475345
11.951373 -5.215247 -22.850655
15.558822 7.105044 -25.174703
14.989956 2.243990 -24.254258
17.336781 6.058505 -24.615018
13.248240 5.781163 -25.330224
18.566584 -3.394674 -20.696629
16.051155 -1.136522 -22.842739
16.822584 -4.362785 -21.097131
19.267379 -1.174139 -21.460918
15.596353 -3.251716 -22.178233
8.695216 -3.212880 -24.466252
12.587384 -1.119849 -23.990722
10.339603 -4.223774 -23.737162
8.837300 -1.092350 -24.903812
12.287998 -3.192914 -23.445032
20.607702 3.767867 -22.971914
16.507245 1.168816 -23.491810
19.038656 4.937504 -23.876298
19.953405 1.215945 -22.225045
16.931577 3.530100 -24.076940
17.930808 0.000000 -22.555308
9.082462 3.355967 -25.555870
12.861080 1.144198 -24.512368
11.088164 4.529564 -25.455672
8.967548 1.108450 -25.270855
13.078302 3.398266 -24.952902
10.818881 0.000000 -24.717904
25.450113 36.445621 1.808046
30.135077 34.196292 5.562681
23.859474 35.759863 4.604239
28.740152 36.592317 0.000000
32.102467 22.665378 11.183011
31.808113 28.664139 8.709768
20.472171 33.714646 9.632081
27.752963 32.791446 8.197225
22.154312 34.785209 7.223716
26.059075 34.612982 6.457371
33.648297 34.049196 -3.869626
33.648297 34.049196 3.869626
31.908256 36.181304 -1.962249
31.908256 36.181304 1.962249
29.426595 2.250423 17.327051
31.749179 7.187355 16.876747
32.065591 17.141454 13.270172
31.928125 12.039242 15.134085
14.252084 29.268832 18.089133
19.984973 27.741860 17.145413
15.708498 30.351902 16.144579
30.267661 21.990195 13.590688
25.530871 25.428342 15.715580
30.024634 24.751372 12.471373
18.789421 32.557172 11.986433
21.677322 28.898518 15.149454
17.225315 31.455448 14.105727
22.147712 32.102159 11.389342
18.696475 29.706366 15.699039
28.916666 30.278507 9.845060
24.715189 27.822676 14.433167
29.609537 27.568358 11.226070
25.594025 31.396705 10.690450
27.505272 26.475582 13.559590
23.568994 30.096172 13.007798
33.718061 20.838908 -9.516232
36.197967 22.371574 -3.349014
33.865590 23.852118 -8.335353
33.718061 20.838908 9.516232
36.197967 22.371574 3.349014
33.865590 23.852118 8.335353
34.025926 30.524063 -5.580953
36.442673 25.607568 -1.813175
33.989271 27.102612 -7.028818
36.123033 32.430867 -1.976311
35.436044 24.919616 -5.195543
34.025926 30.524063 5.580953
36.442673 25.607568 1.813175
33.989271 27.102612 7.028818
36.123033 32.430867 1.976311
35.436044 24.919616 5.195543
36.592317 29.089819 0.000000
15.033103 -21.528030 1.067993
17.014386 -19.307364 3.140712
14.557567 -21.818445 2.809220
16.097184 -20.495134 0.000000
20.606818 -14.549079 7.178460
18.860117 -16.995947 5.164319
13.407682 -22.080475 6.308265
16.474288 -19.465155 4.865911
14.013754 -22.003454 4.569376
15.541596 -20.643134 3.851167
18.128675 -18.344667 -2.084836
18.128675 -18.344667 2.084836
17.133736 -19.428229 -1.053667
17.133736 -19.428229 1.053667
26.887044 -2.056208 15.831706
25.438775 -5.758811 13.522358
22.279881 -11.910261 9.220409
23.892106 -9.009074 11.324973
10.330603 -21.215471 13.111882
13.660670 -18.962867 11.719696
11.181186 -21.604247 11.491585
19.891481 -14.451647 8.931609
16.804286 -16.736802 10.343913
19.092223 -15.739033 7.930363
12.715337 -22.032366 8.111561
14.441527 -19.252319 10.092632
11.980995 -21.878704 9.811179
14.321067 -20.757773 7.364532
12.847402 -20.412919 10.787695
17.400408 -18.219887 5.924199
16.045558 -18.062996 9.370279
18.258549 -16.999868 6.922491
15.883875 -19.485069 6.634586
17.569493 -16.911760 8.661435
15.202462 -19.412620 8.390284
21.957117 -13.570244 -6.196946
22.541714 -13.931546 -2.085546
21.036122 -14.816103 -5.177630
21.957117 -13.570244 6.196946
22.541714 -13.931546 2.085546
21.036122 -14.816103 5.177630
19.146142 -17.175669 -3.140362
21.472675 -15.088437 -1.068355
20.094360 -16.022987 -4.155417
19.265546 -17.296398 -1.054029
21.326647 -14.997494 -3.126859
19.146142 -17.175669 3.140362
21.472675 -15.088437 1.068355
20.094360 -16.022987 4.155417
19.265546 -17.296398 1.054029
21.326647 -14.997494 3.126859
20.386025 -16.206292 0.000000
1.790547 -13.786258 23.413253
5.162759 -12.122758 22.805795
2.903220 -15.044677 22.548511
1.767849 -11.962548 23.984098
11.487799 -8.893357 21.489604
8.359599 -10.508543 22.169697
5.111989 -17.307423 20.449544
6.250610 -13.285141 21.878667
4.020869 -16.226437 21.552776
4.613274 -14.148382 22.214837
1.736334 -8.328461 24.876672
5.134192 -10.386696 23.431813
1.751640 -10.132673 24.472033
3.483294 -11.166845 23.710452
25.390915 -1.259629 17.730570
21.469393 -3.492407 18.919648
24.872397 -3.202430 16.595206
14.645815 -7.226190 20.743832
17.934752 -5.449580 19.901893
23.667427 -6.761648 14.371309
21.144000 -5.285590 17.895174
24.288711 -5.043947 15.469209
22.953064 -4.282106 17.280672
9.249759 -20.600030 14.966425
10.508973 -17.072436 17.003875
8.288939 -19.955489 16.450683
11.005962 -19.527003 14.260710
12.601131 -9.928192 20.389058
11.614583 -13.538147 18.792789
11.052343 -10.753808 20.778468
6.237236 -18.319855 19.182635
9.515247 -16.293799 18.342449
7.275912 -19.190721 17.867779
6.822058 -16.332701 20.035653
8.928556 -18.111342 17.433324
14.342972 -17.385792 12.889593
12.252401 -16.111534 16.347551
12.708277 -18.451077 13.566361
11.649238 -17.816038 15.342672
7.919841 -12.414805 21.511623
10.076725 -14.418765 19.221975
9.486391 -11.584379 21.154436
7.383753 -14.358445 20.811950
10.580353 -12.600472 20.020578
8.481611 -15.367938 19.623923
1.727190 -1.067462 25.799105
5.145612 -3.180163 25.196023
1.726907 -2.857539 25.670806
11.584129 -7.159386 22.222492
8.455729 -5.225928 23.998020
10.000515 -7.972801 22.538385
1.736640 -6.452395 25.218420
5.131971 -4.962298 24.870700
1.728894 -4.661890 25.477005
3.451636 -7.548706 24.677826
3.448254 -3.921607 25.344455
6.815377 -9.562116 23.138447
6.836544 -6.016213 24.226064
8.406171 -8.777370 22.844295
5.155775 -8.591970 23.979128
8.439762 -7.007749 23.456045
5.156527 -6.774141 24.460753
20.809068 -12.860711 10.132710
19.137678 -11.827736 13.786602
21.553007 -11.464330 11.154667
19.207797 -14.027591 10.826049
14.456393 -8.934542 19.898013
16.998194 -10.505461 17.066731
16.039716 -8.081866 19.456965
13.941518 -10.759620 19.089938
22.969043 -8.456413 13.255912
19.704549 -10.329705 14.780753
22.278794 -9.990593 12.200088
21.917455 -7.775969 15.121148
20.688288 -10.933220 13.020713
16.023005 -16.257725 12.185076
17.457366 -12.942657 14.402019
17.607457 -15.163048 11.512855
15.060272 -15.720857 13.991422
18.388565 -13.520399 12.665222
19.339208 -6.288146 18.469386
18.565428 -9.630918 16.491873
17.672371 -7.196340 18.980845
20.696521 -7.047081 16.871429
17.355776 -8.888839 18.030777
20.211565 -8.735594 15.828134
12.855333 -14.304849 17.339582
16.359024 -12.260999 16.122841
13.405912 -12.557977 18.232857
13.995113 -15.064244 15.725004
15.204830 -11.544578 17.655974
15.735875 -14.004788 15.074659
1.860458 14.324528 24.327399
5.725687 13.444578 25.292453
3.113437 16.134036 24.181209
1.826485 12.359320 24.779599
13.781818 10.669288 25.780902
9.733811 12.236013 25.814111
5.959921 20.178226 23.841534
7.208298 15.320627 25.230813
4.481221 18.084214 24.020369
5.141699 15.769001 24.759424
1.775099 8.514400 25.432061
5.599547 11.328130 25.555636
1.800009 10.412473 25.147795
3.705210 11.878268 25.221011
26.698355 1.324490 18.643560
24.371686 3.964520 21.477259
28.492111 3.668484 19.010329
24.483433 0.000000 19.229654
17.710687 8.738385 25.084811
21.314229 6.476454 23.652041
30.459555 8.702120 18.495618
25.906186 6.476044 21.925639
30.401515 6.313371 19.362386
27.309888 5.094911 20.560794
20.476878 -2.327158 20.235781
22.111067 2.512880 21.850729
22.407144 -1.215224 19.760838
23.378139 1.267885 20.617158
12.566931 27.987664 20.333722
14.647160 23.795161 23.699603
11.177759 26.910277 22.183994
15.363630 27.258467 19.907054
15.923160 12.545556 25.764214
15.949708 18.591241 25.807170
13.762373 13.390638 25.873341
7.685346 22.573206 23.636299
12.986555 22.238027 25.034056
9.530092 25.136276 23.403469
8.352278 19.996203 24.529744
12.248289 24.845333 23.915221
20.906058 25.341217 18.787638
17.309652 22.761666 23.095100
18.169971 26.380880 19.396837
16.388036 25.063431 21.583923
9.423856 14.772435 25.596781
13.394476 19.166129 25.550790
11.574686 14.134516 25.811286
8.932547 17.370230 25.177403
13.639418 16.243608 25.809067
10.854079 19.666644 25.113108
1.731966 1.070414 25.870447
5.276188 3.260864 25.835404
1.739778 2.878837 25.862137
3.470378 0.000000 25.758049
13.356210 8.254592 25.621975
9.075964 5.609254 25.758296
11.457701 9.134526 25.822476
1.766457 6.563179 25.651405
5.339075 5.162555 25.874375
1.750091 4.719047 25.789368
3.594353 7.860828 25.698199
3.520087 4.003300 25.872420
6.929113 -2.126896 25.069767
7.086870 2.175319 25.640538
5.217581 -1.074175 25.489326
5.261816 1.083281 25.705423
7.594618 10.655409 25.783999
7.299687 6.423783 25.867262
9.520653 9.941065 25.872968
5.534996 9.223932 25.742858
9.301351 7.723148 25.850599
5.448639 7.157890 25.846433
30.423787 18.802935 14.814475
27.044617 16.714492 19.482686
30.484546 16.215134 15.777147
28.456734 20.782157 16.039007
18.446789 11.400743 25.390460
23.696402 14.645182 23.791948
20.490572 10.324501 24.856073
18.766567 14.483439 25.696814
30.489478 11.225179 17.596112
27.237959 14.278940 20.431706
30.503611 13.678889 16.704079
28.989608 10.285058 20.000322
28.861365 15.252478 18.164652
23.682653 24.029579 18.010039
24.923196 18.477722 20.561197
26.172550 22.539066 17.113247
21.791262 22.747087 20.244704
26.664524 19.605389 18.365332
24.236194 7.880402 23.146120
25.552941 13.255730 22.698959
22.442398 9.138736 24.104048
27.423859 9.337712 22.355433
23.637054 12.105825 24.556348
27.340590 11.816814 21.411035
18.188795 20.239692 24.533484
23.118556 17.327232 22.784783
18.953831 17.754985 25.778364
19.956279 21.480804 22.423011
21.405165 16.252310 24.855856
22.523624 20.045824 21.577189
13.490016 -6.160309 21.827304
14.289212 -2.139089 23.120431
15.125456 -5.285736 21.475345
11.951373 -5.215247 22.850655
15.558822 7.105044 25.174703
14.989956 2.243990 24.254258
17.336781 6.058505 24.615018
13.248240 5.781163 25.330224
18.566584 -3.394674 20.696629
16.051155 -1.136522 22.842739
16.822584 -4.362785 21.097131
19.267379 -1.174139 21.460918
15.596353 -3.251716 22.178233
8.695216 -3.212880 24.466252
12.587384 -1.119849 23.990722
10.339603 -4.223774 23.737162
8.837300 -1.092350 24.903812
12.287998 -3.192914 23.445032
20.607702 3.767867 22.971914
16.507245 1.168816 23.491810
19.038656 4.937504 23.876298
19.953405 1.215945 22.225045
16.931577 3.530100 24.076940
17.930808 0.000000 22.555308
9.082462 3.355967 25.555870
12.861080 1.144198 24.512368
11.088164 4.529564 25.455672
8.967548 1.108450 25.270855
13.078302 3.398266 24.952902
10.818881 0.000000 24.717904
29.356196 0.000000 -15.446867
32.600354 0.000000 -11.751906
31.429026 2.316609 -15.675855
28.483676 -2.099509 -14.206803
36.417802 0.000000 -2.524025
35.069592 0.000000 -7.386521
32.958699 7.221647 -14.609709
34.626198 2.416828 -11.592506
32.829789 4.823013 -15.461753
33.336824 2.386156 -13.803150
26.693253 -5.848813 -11.832405
31.278504 -2.183167 -10.471731
27.590164 -4.053262 -12.994062
29.965989 -2.144881 -12.407452
29.356196 0.000000 15.446867
32.600354 0.000000 11.751906
31.429026 2.316609 15.675855
28.483676 -2.099509 14.206803
36.417802 0.000000 2.524025
35.069592 0.000000 7.386521
32.958699 7.221647 14.609709
34.626198 2.416828 11.592506
32.829789 4.823013 15.461753
33.336824 2.386156 13.803150
26.693253 -5.848813 11.832405
31.278504 -2.183167 10.471731
27.590164 -4.053262 12.994062
29.965989 -2.144881 12.407452
33.537758 17.482545 -10.804807
35.363561 12.460390 -7.700944
33.389295 14.815177 -11.811237
34.867342 18.236353 -7.957837
36.558811 2.447527 -1.512655
36.234082 7.399840 -4.573353
36.352548 2.445482 -4.046574
33.105633 9.751189 -13.681122
35.162757 9.922856 -8.732193
33.243516 12.232843 -12.773021
34.049736 7.321066 -12.200373
34.409772 12.381042 -10.280294
36.509039 19.155460 -1.704184
36.118816 12.836494 -4.743081
35.918897 18.825794 -4.891695
35.637987 15.523449 -6.341398
35.391910 2.437226 -9.055389
35.723034 7.371307 -7.127598
35.958474 2.440177 -6.579833
34.805771 4.868210 -10.646746
36.099883 4.911590 -5.585819
34.985796 7.375292 -9.688938
23.042417 -12.011539 -7.423539
26.382845 -9.296024 -5.745259
23.948958 -10.626401 -8.471782
23.504119 -12.293149 -5.364388
34.244802 -2.292610 -1.416911
30.058246 -6.138591 -3.793858
33.918874 -2.281765 -3.775670
25.762749 -7.588359 -10.646627
27.524901 -7.767469 -6.835435
24.859854 -9.147850 -9.551801
27.796339 -5.976517 -9.959716
25.697940 -9.246422 -7.677539
23.977579 -12.580489 -1.119235
26.747595 -9.505997 -3.512463
23.819397 -12.484211 -3.243898
25.106641 -10.936130 -4.467458
32.427063 -2.233055 -8.296802
29.535970 -6.094631 -5.893131
33.303010 -2.259975 -6.093925
30.013506 -4.197926 -9.180839
31.628579 -4.303244 -4.893964
28.754547 -6.061694 -7.963261
33.537758 17.482545 10.804807
35.363561 12.460390 7.700944
33.389295 14.815177 11.811237
34.867342 18.236353 7.957837
36.558811 2.447527 1.512655
36.234082 7.399840 4.573353
36.352548 2.445482 4.046574
36.592317 4.930078 0.000000
33.105633 9.751189 13.681122
35.162757 9.922856 8.732193
33.243516 12.232843 12.773021
34.049736 7.321066 12.200373
34.409772 12.381042 10.280294
36.509039 19.155460 1.704184
36.118816 12.836494 4.743081
35.918897 18.825794 4.891695
36.592317 16.016241 0.000000
35.637987 15.523449 6.341398
35.391910 2.437226 9.055389
35.723034 7.371307 7.127598
35.958474 2.440177 6.579833
34.805771 4.868210 10.646746
36.099883 4.911590 5.585819
34.985796 7.375292 9.688938
36.412449 10.064153 -3.089198
36.412449 10.064153 3.089198
36.551564 7.481985 -1.540361
36.537961 12.965763 -1.602656
36.551564 7.481985 1.540361
36.537961 12.965763 1.602656
23.042417 -12.011539 7.423539
26.382845 -9.296024 5.745259
23.948958 -10.626401 8.471782
23.504119 -12.293149 5.364388
34.244802 -2.292610 1.416911
30.058246 -6.138591 3.793858
33.918874 -2.281765 3.775670
32.247603 -4.344715 0.000000
25.762749 -7.588359 10.646627
27.524901 -7.767469 6.835435
24.859854 -9.147850 9.551801
27.796339 -5.976517 9.959716
25.697940 -9.246422 7.677539
23.977579 -12.580489 1.119235
26.747595 -9.505997 3.512463
23.819397 -12.484211 3.243898
25.452088 -11.140229 0.000000
25.106641 -10.936130 4.467458
32.427063 -2.233055 8.296802
29.535970 -6.094631 5.893131
33.303010 -2.259975 6.093925
30.013506 -4.197926 9.180839
31.628579 -4.303244 4.893964
28.754547 -6.061694 7.963261
28.542707 -7.889010 -2.421537
28.542707 -7.889010 2.421537
30.337611 -6.210010 -1.278492
26.979981 -9.574044 -1.183417
30.337611 -6.210010 1.278492
26.979981 -9.574044 1.183417
-15.033103 21.528030 -1.067993
-17.014386 19.307364 -3.140712
-14.557567 21.818445 -2.809220
-20.606818 14.549079 -7.178460
-18.860117 16.995947 -5.164319
-13.407682 22.080475 -6.308265
-16.474288 19.465155 -4.865911
-14.013754 22.003454 -4.569376
-15.541596 20.643134 -3.851167
-26.887044 2.056208 -15.831706
-25.438775 5.758811 -13.522358
-22.279881 11.910261 -9.220409
-23.892106 9.009074 -11.324973
-10.330603 21.215471 -13.111882
-13.660670 18.962867 -11.719696
-11.181186 21.604247 -11.491585
-19.891481 14.451647 -8.931609
-16.804286 16.736802 -10.343913
-19.092223 15.739033 -7.930363
-12.715337 22.032366 -8.111561
-14.441527 19.252319 -10.092632
-11.980995 21.878704 -9.811179
-14.321067 20.757773 -7.364532
-12.847402 20.412919 -10.787695
-17.400408 18.219887 -5.924199
-16.045558 18.062996 -9.370279
-18.258549 16.999868 -6.922491
-15.883875 19.485069 -6.634586
-17.569493 16.911760 -8.661435
-15.202462 19.412620 -8.390284
-25.450113 -36.445621 -1.808046
-30.135077 -34.196292 -5.562681
-23.859474 -35.759863 -4.604239
-32.102467 -22.665378 -11.183011
-31.808113 -28.664139 -8.709768
-20.472171 -33.714646 -9.632081
-27.752963 -32.791446 -8.197225
-22.154312 -34.785209 -7.223716
-26.059075 -34.612982 -6.457371
-29.426595 -2.250423 -17.327051
-31.749179 -7.187355 -16.876747
-32.065591 -17.141454 -13.270172
-31.928125 -12.039242 -15.134085
-14.252084 -29.268832 -18.089133
-19.984973 -27.741860 -17.145413
-15.708498 -30.351902 -16.144579
-30.267661 -21.990195 -13.590688
-25.530871 -25.428342 -15.715580
-30.024634 -24.751372 -12.471373
-18.789421 -32.557172 -11.986433
-21.677322 -28.898518 -15.149454
-17.225315 -31.455448 -14.105727
-22.147712 -32.102159 -11.389342
-18.696475 -29.706366 -15.699039
-28.916666 -30.278507 -9.845060
-24.715189 -27.822676 -14.433167
-29.609537 -27.568358 -11.226070
-25.594025 -31.396705 -10.690450
-27.505272 -26.475582 -13.559590
-23.568994 -30.096172 -13.007798
-1.860458 -14.324528 -24.327399
-5.725687 -13.444578 -25.292453
-3.113437 -16.134036 -24.181209
-1.826485 -12.359320 -24.779599
-13.781818 -10.669288 -25.780902
-9.733811 -12.236013 -25.814111
-5.959921 -20.178226 -23.841534
-7.208298 -15.320627 -25.230813
-4.481221 -18.084214 -24.020369
-5.141699 -15.769001 -24.759424
-1.775099 -8.514400 -25.432061
-5.599547 -11.328130 -25.555636
-1.800009 -10.412473 -25.147795
-3.705210 -11.878268 -25.221011
-26.698355 -1.324490 -18.643560
-24.371686 -3.964520 -21.477259
-28.492111 -3.668484 -19.010329
-17.710687 -8.738385 -25.084811
-21.314229 -6.476454 -23.652041
-30.459555 -8.702120 -18.495618
-25.906186 -6.476044 -21.925639
-30.401515 -6.313371 -19.362386
-27.309888 -5.094911 -20.560794
-12.566931 -27.987664 -20.333722
-14.647160 -23.795161 -23.699603
-11.177759 -26.910277 -22.183994
-15.363630 -27.258467 -19.907054
-15.923160 -12.545556 -25.764214
-15.949708 -18.591241 -25.807170
-13.762373 -13.390638 -25.873341
-7.685346 -22.573206 -23.636299
-12.986555 -22.238027 -25.034056
-9.530092 -25.136276 -23.403469
-8.352278 -19.996203 -24.529744
-12.248289 -24.845333 -23.915221
-20.906058 -25.341217 -18.787638
-17.309652 -22.761666 -23.095100
-18.169971 -26.380880 -19.396837
-16.388036 -25.063431 -21.583923
-9.423856 -14.772435 -25.596781
-13.394476 -19.166129 -25.550790
-11.574686 -14.134516 -25.811286
-8.932547 -17.370230 -25.177403
-13.639418 -16.243608 -25.809067
-10.854079 -19.666644 -25.113108
-1.731966 -1.070414 -25.870447
-5.276188 -3.260864 -25.835404
-1.739778 -2.878837 -25.862137
-13.356210 -8.254592 -25.621975
-9.075964 -5.609254 -25.758296
-11.457701 -9.134526 -25.822476
-1.766457 -6.563179 -25.651405
-5.339075 -5.162555 -25.874375
-1.750091 -4.719047 -25.789368
-3.594353 -7.860828 -25.698199
-3.520087 -4.003300 -25.872420
-7.594618 -10.655409 -25.783999
-7.299687 -6.423783 -25.867262
-9.520653 -9.941065 -25.872968
-5.534996 -9.223932 -25.742858
-9.301351 -7.723148 -25.850599
-5.448639 -7.157890 -25.846433
-30.423787 -18.802935 -14.814475
-27.044617 -16.714492 -19.482686
-30.484546 -16.215134 -15.777147
-28.456734 -20.782157 -16.039007
-18.446789 -11.400743 -25.390460
-23.696402 -14.645182 -23.791948
-20.490572 -10.324501 -24.856073
-18.766567 -14.483439 -25.696814
-30.489478 -11.225179 -17.596112
-27.237959 -14.278940 -20.431706
-30.503611 -13.678889 -16.704079
-28.989608 -10.285058 -20.000322
-28.861365 -15.252478 -18.164652
-23.682653 -24.029579 -18.010039
-24.923196 -18.477722 -20.561197
-26.172550 -22.539066 -17.113247
-21.791262 -22.747087 -20.244704
-26.664524 -19.605389 -18.365332
-24.236194 -7.880402 -23.146120
-25.552941 -13.255730 -22.698959
-22.442398 -9.138736 -24.104048
-27.423859 -9.337712 -22.355433
-23.637054 -12.105825 -24.556348
-27.340590 -11.816814 -21.411035
-18.188795 -20.239692 -24.533484
-23.118556 -17.327232 -22.784783
-18.953831 -17.754985 -25.778364
-19.956279 -21.480804 -22.423011
-21.405165 -16.252310 -24.855856
-22.523624 -20.045824 -21.577189
-1.790547 13.786258 -23.413253
-5.162759 12.122758 -22.805795
-2.903220 15.044677 -22.548511
-1.767849 11.962548 -23.984098
-11.487799 8.893357 -21.489604
-8.359599 10.508543 -22.169697
-5.111989 17.307423 -20.449544
-6.250610 13.285141 -21.878667
-4.020869 16.226437 -21.552776
-4.613274 14.148382 -22.214837
-1.736334 8.328461 -24.876672
-5.134192 10.386696 -23.431813
-1.751640 10.132673 -24.472033
-3.483294 11.166845 -23.710452
-25.390915 1.259629 -17.730570
-21.469393 3.492407 -18.919648
-24.872397 3.202430 -16.595206
-24.483433 0.000000 -19.229654
-14.645815 7.226190 -20.743832
-17.934752 5.449580 -19.901893
-23.667427 6.761648 -14.371309
-21.144000 5.285590 -17.895174
-24.288711 5.043947 -15.469209
-22.953064 4.282106 -17.280672
-22.111067 -2.512880 -21.850729
-20.476878 2.327158 -20.235781
-23.378139 -1.267885 -20.617158
-22.407144 1.215224 -19.760838
-9.249759 20.600030 -14.966425
-10.508973 17.072436 -17.003875
-8.288939 19.955489 -16.450683
-11.005962 19.527003 -14.260710
-12.601131 9.928192 -20.389058
-11.614583 13.538147 -18.792789
-11.052343 10.753808 -20.778468
-6.237236 18.319855 -19.182635
-9.515247 16.293799 -18.342449
-7.275912 19.190721 -17.867779
-6.822058 16.332701 -20.035653
-8.928556 18.111342 -17.433324
-14.342972 17.385792 -12.889593
-12.252401 16.111534 -16.347551
-12.708277 18.451077 -13.566361
-11.649238 17.816038 -15.342672
-7.919841 12.414805 -21.511623
-10.076725 14.418765 -19.221975
-9.486391 11.584379 -21.154436
-7.383753 14.358445 -20.811950
-10.580353 12.600472 -20.020578
-8.481611 15.367938 -19.623923
-1.727190 1.067462 -25.799105
-5.145612 3.180163 -25.196023
-1.726907 2.857539 -25.670806
-3.470378 0.000000 -25.758049
-11.584129 7.159386 -22.222492
-8.455729 5.225928 -23.998020
-10.000515 7.972801 -22.538385
-1.736640 6.452395 -25.218420
-5.131971 4.962298 -24.870700
-1.728894 4.661890 -25.477005
-3.451636 7.548706 -24.677826
-3.448254 3.921607 -25.344455
-7.086870 -2.175319 -25.640538
-6.929113 2.126896 -25.069767
-5.261816 -1.083281 -25.705423
-5.217581 1.074175 -25.489326
-6.815377 9.562116 -23.138447
-6.836544 6.016213 -24.226064
-8.406171 8.777370 -22.844295
-5.155775 8.591970 -23.979128
-8.439762 7.007749 -23.456045
-5.156527 6.774141 -24.460753
-20.809068 12.860711 -10.132710
-19.137678 11.827736 -13.786602
-21.553007 11.464330 -11.154667
-19.207797 14.027591 -10.826049
-14.456393 8.934542 -19.898013
-16.998194 10.505461 -17.066731
-16.039716 8.081866 -19.456965
-13.941518 10.759620 -19.089938
-22.969043 8.456413 -13.255912
-19.704549 10.329705 -14.780753
-22.278794 9.990593 -12.200088
-21.917455 7.775969 -15.121148
-20.688288 10.933220 -13.020713
-16.023005 16.257725 -12.185076
-17.457366 12.942657 -14.402019
-17.607457 15.163048 -11.512855
-15.060272 15.720857 -13.991422
-18.388565 13.520399 -12.665222
-19.339208 6.288146 -18.469386
-18.565428 9.630918 -16.491873
-17.672371 7.196340 -18.980845
-20.696521 7.047081 -16.871429
-17.355776 8.888839 -18.030777
-20.211565 8.735594 -15.828134
-12.855333 14.304849 -17.339582
-16.359024 12.260999 -16.122841
-13.405912 12.557977 -18.232857
-13.995113 15.064244 -15.725004
-15.204830 11.544578 -17.655974
-15.735875 14.004788 -15.074659
-15.558822 -7.105044 -25.174703
-14.989956 -2.243990 -24.254258
-17.336781 -6.058505 -24.615018
-13.248240 -5.781163 -25.330224
-13.490016 6.160309 -21.827304
-14.289212 2.139089 -23.120431
-15.125456 5.285736 -21.475345
-11.951373 5.215247 -22.850655
-20.607702 -3.767867 -22.971914
-16.507245 -1.168816 -23.491810
-19.038656 -4.937504 -23.876298
-19.953405 -1.215945 -22.225045
-16.931577 -3.530100 -24.076940
-9.082462 -3.355967 -25.555870
-12.861080 -1.144198 -24.512368
-11.088164 -4.529564 -25.455672
-8.967548 -1.108450 -25.270855
-13.078302 -3.398266 -24.952902
-18.566584 3.394674 -20.696629
-16.051155 1.136522 -22.842739
-16.822584 4.362785 -21.097131
-19.267379 1.174139 -21.460918
-15.596353 3.251716 -22.178233
-17.930808 0.000000 -22.555308
-8.695216 3.212880 -24.466252
-12.587384 1.119849 -23.990722
-10.339603 4.223774 -23.737162
-8.837300 1.092350 -24.903812
-12.287998 3.192914 -23.445032
-10.818881 0.000000 -24.717904
-15.033103 21.528030 1.067993
-17.014386 19.307364 3.140712
-14.557567 21.818445 2.809220
-16.097184 20.495134 0.000000
-20.606818 14.549079 7.178460
-18.860117 16.995947 5.164319
-13.407682 22.080475 6.308265
-16.474288 19.465155 4.865911
-14.013754 22.003454 4.569376
-15.541596 20.643134 3.851167
-18.128675 18.344667 -2.084836
-18.128675 18.344667 2.084836
-17.133736 19.428229 -1.053667
-17.133736 19.428229 1.053667
-26.887044 2.056208 15.831706
-25.438775 5.758811 13.522358
-22.279881 11.910261 9.220409
-23.892106 9.009074 11.324973
-10.330603 21.215471 13.111882
-13.660670 18.962867 11.719696
-11.181186 21.604247 11.491585
-19.891481 14.451647 8.931609
-16.804286 16.736802 10.343913
-19.092223 15.739033 7.930363
-12.715337 22.032366 8.111561
-14.441527 19.252319 10.092632
-11.980995 21.878704 9.811179
-14.321067 20.757773 7.364532
-12.847402 20.412919 10.787695
-17.400408 18.219887 5.924199
-16.045558 18.062996 9.370279
-18.258549 16.999868 6.922491
-15.883875 19.485069 6.634586
-17.569493 16.911760 8.661435
-15.202462 19.412620 8.390284
-21.957117 13.570244 -6.196946
-22.541714 13.931546 -2.085546
-21.036122 14.816103 -5.177630
-21.957117 13.570244 6.196946
-22.541714 13.931546 2.085546
-21.036122 14.816103 5.177630
-19.146142 17.175669 -3.140362
-21.472675 15.088437 -1.068355
-20.094360 16.022987 -4.155417
-19.265546 17.296398 -1.054029
-21.326647 14.997494 -3.126859
-19.146142 17.175669 3.140362
-21.472675 15.088437 1.068355
-20.094360 16.022987 4.155417
-19.265546 17.296398 1.054029
-21.326647 14.997494 3.126859
-20.386025 16.206292 0.000000
-25.450113 -36.445621 1.808046
-30.135077 -34.196292 5.562681
-23.859474 -35.759863 4.604239
-28.740152 -36.592317 0.000000
-32.102467 -22.665378 11.183011
-31.808113 -28.664139 8.709768
-20.472171 -33.714646 9.632081
-27.752963 -32.791446 8.197225
-22.154312 -34.785209 7.223716
-26.059075 -34.612982 6.457371
-33.648297 -34.049196 -3.869626
-33.648297 -34.049196 3.869626
-31.908256 -36.181304 -1.962249
-31.908256 -36.181304 1.962249
-29.426595 -2.250423 17.327051
-31.749179 -7.187355 16.876747
-32.065591 -17.141454 13.270172
-31.928125 -12.039242 15.134085
-14.252084 -29.268832 18.089133
-19.984973 -27.741860 17.145413
-15.708498 -30.351902 16.144579
-30.267661 -21.990195 13.590688
-25.530871 -25.428342 15.715580
-30.024634 -24.751372 12.471373
-18.789421 -32.557172 11.986433
-21.677322 -28.898518 15.149454
-17.225315 -31.455448 14.105727
-22.147712 -32.102159 11.389342
-18.696475 -29.706366 15.699039
-28.916666 -30.278507 9.845060
-24.715189 -27.822676 14.433167
-29.609537 -27.568358 11.226070
-25.594025 -31.396705 10.690450
-27.505272 -26.475582 13.559590
-23.568994 -30.096172 13.007798
-33.718061 -20.838908 -9.516232
-36.197967 -22.371574 -3.349014
-33.865590 -23.852118 -8.335353
-33.718061 -20.838908 9.516232
-36.197967 -22.371574 3.349014
-33.865590 -23.852118 8.335353
-34.025926 -30.524063 -5.580953
-36.442673 -25.607568 -1.813175
-33.989271 -27.102612 -7.028818
-36.123033 -32.430867 -1.976311
-35.436044 -24.919616 -5.195543
-34.025926 -30.524063 5.580953
-36.442673 -25.607568 1.813175
-33.989271 -27.102612 7.028818
-36.123033 -32.430867 1.976311
-35.436044 -24.919616 5.195543
-36.592317 -29.089819 0.000000
-1.860458 -14.324528 24.327399
-5.725687 -13.444578 25.292453
-3.113437 -16.134036 24.181209
-1.826485 -12.359320 24.779599
-13.781818 -10.669288 25.780902
-9.733811 -12.236013 25.814111
-5.959921 -20.178226 23.841534
-7.208298 -15.320627 25.230813
-4.481221 -18.084214 24.020369
-5.141699 -15.769001 24.759424
-1.775099 -8.514400 25.432061
-5.599547 -11.328130 25.555636
-1.800009 -10.412473 25.147795
-3.705210 -11.878268 25.221011
-26.698355 -1.324490 18.643560
-24.371686 -3.964520 21.477259
-28.492111 -3.668484 19.010329
-17.710687 -8.738385 25.084811
-21.314229 -6.476454 23.652041
-30.459555 -8.702120 18.495618
-25.906186 -6.476044 21.925639
-30.401515 -6.313371 19.362386
-27.309888 -5.094911 20.560794
-12.566931 -27.987664 20.333722
-14.647160 -23.795161 23.699603
-11.177759 -26.910277 22.183994
-15.363630 -27.258467 19.907054
-15.923160 -12.545556 25.764214
-15.949708 -18.591241 25.807170
-13.762373 -13.390638 25.873341
-7.685346 -22.573206 23.636299
-12.986555 -22.238027 25.034056
-9.530092 -25.136276 23.403469
-8.352278 -19.996203 24.529744
-12.248289 -24.845333 23.915221
-20.906058 -25.341217 18.787638
-17.309652 -22.761666 23.095100
-18.169971 -26.380880 19.396837
-16.388036 -25.063431 21.583923
-9.423856 -14.772435 25.596781
-13.394476 -19.166129 25.550790
-11.574686 -14.134516 25.811286
-8.932547 -17.370230 25.177403
-13.639418 -16.243608 25.809067
-10.854079 -19.666644 25.113108
-1.731966 -1.070414 25.870447
-5.276188 -3.260864 25.835404
-1.739778 -2.878837 25.862137
-13.356210 -8.254592 25.621975
-9.075964 -5.609254 25.758296
-11.457701 -9.134526 25.822476
-1.766457 -6.563179 25.651405
-5.339075 -5.162555 25.874375
-1.750091 -4.719047 25.789368
-3.594353 -7.860828 25.698199
-3.520087 -4.003300 25.872420
-7.594618 -10.655409 25.783999
-7.299687 -6.423783 25.867262
-9.520653 -9.941065 25.872968
-5.534996 -9.223932 25.742858
-9.301351 -7.723148 25.850599
-5.448639 -7.157890 25.846433
-30.423787 -18.802935 14.814475
-27.044617 -16.714492 19.482686
-30.484546 -16.215134 15.777147
-28.456734 -20.782157 16.039007
-18.446789 -11.400743 25.390460
-23.696402 -14.645182 23.791948
-20.490572 -10.324501 24.856073
-18.766567 -14.483439 25.696814
-30.489478 -11.225179 17.596112
-27.237959 -14.278940 20.431706
-30.503611 -13.678889 16.704079
-28.989608 -10.285058 20.000322
-28.861365 -15.252478 18.164652
-23.682653 -24.029579 18.010039
-24.923196 -18.477722 20.561197
-26.172550 -22.539066 17.113247
-21.791262 -22.747087 20.244704
-26.664524 -19.605389 18.365332
-24.236194 -7.880402 23.146120
-25.552941 -13.255730 22.698959
-22.442398 -9.138736 24.104048
-27.423859 -9.337712 22.355433
-23.637054 -12.105825 24.556348
-27.340590 -11.816814 21.411035
-18.188795 -20.239692 24.533484
-23.118556 -17.327232 22.784783
-18.953831 -17.754985 25.778364
-19.956279 -21.480804 22.423011
-21.405165 -16.252310 24.855856
-22.523624 -20.045824 21.577189
-1.790547 13.786258 23.413253
-5.162759 12.122758 22.805795
-2.903220 15.044677 22.548511
-1.767849 11.962548 23.984098
-11.487799 8.893357 21.489604
-8.359599 10.508543 22.169697
-5.111989 17.307423 20.449544
-6.250610 13.285141 21.878667
-4.020869 16.226437 21.552776
-4.613274 14.148382 22.214837
-1.736334 8.328461 24.876672
-5.134192 10.386696 23.431813
-1.751640 10.132673 24.472033
-3.483294 11.166845 23.710452
-25.390915 1.259629 17.730570
-21.469393 3.492407 18.919648
-24.872397 3.202430 16.595206
-24.483433 0.000000 19.229654
-14.645815 7.226190 20.743832
-17.934752 5.449580 19.901893
-23.667427 6.761648 14.371309
-21.144000 5.285590 17.895174
-24.288711 5.043947 15.469209
-22.953064 4.282106 17.280672
-22.111067 -2.512880 21.850729
-20.476878 2.327158 20.235781
-23.378139 -1.267885 20.617158
-22.407144 1.215224 19.760838
-9.249759 20.600030 14.966425
-10.508973 17.072436 17.003875
-8.288939 19.955489 16.450683
-11.005962 19.527003 14.260710
-12.601131 9.928192 20.389058
-11.614583 13.538147 18.792789
-11.052343 10.753808 20.778468
-6.237236 18.319855 19.182635
-9.515247 16.293799 18.342449
-7.275912 19.190721 17.867779
-6.822058 16.332701 20.035653
-8.928556 18.111342 17.433324
-14.342972 17.385792 12.889593
-12.252401 16.111534 16.347551
-12.708277 18.451077 13.566361
-11.649238 17.816038 15.342672
-7.919841 12.414805 21.511623
-10.076725 14.418765 19.221975
-9.486391 11.584379 21.154436
-7.383753 14.358445 20.811950
-10.580353 12.600472 20.020578
-8.481611 15.367938 19.623923
-1.727190 1.067462 25.799105
-5.145612 3.180163 25.196023
-1.726907 2.857539 25.670806
-3.470378 0.000000 25.758049
-11.584129 7.159386 22.222492
-8.455729 5.225928 23.998020
-10.000515 7.972801 22.538385
-1.736640 6.452395 25.218420
-5.131971 4.962298 24.870700
-1.728894 4.661890 25.477005
-3.451636 7.548706 24.677826
-3.448254 3.921607 25.344455
-7.086870 -2.175319 25.640538
-6.929113 2.126896 25.069767
-5.261816 -1.083281 25.705423
-5.217581 1.074175 25.489326
-6.815377 9.562116 23.138447
-6.836544 6.016213 24.226064
-8.406171 8.777370 22.844295
-5.155775 8.591970 23.979128
-8.439762 7.007749 23.456045
-5.156527 6.774141 24.460753
-20.809068 12.860711 10.132710
-19.137678 11.827736 13.786602
-21.553007 11.464330 11.154667
-19.207797 14.027591 10.826049
-14.456393 8.934542 19.898013
-16.998194 10.505461 17.066731
-16.039716 8.081866 19.456965
-13.941518 10.759620 19.089938
-22.969043 8.456413 13.255912
-19.704549 10.329705 14.780753
-22.278794 9.990593 12.200088
-21.917455 7.775969 15.121148
-20.688288 10.933220 13.020713
-16.023005 16.257725 12.185076
-17.457366 12.942657 14.402019
-17.607457 15.163048 11.512855
-15.060272 15.720857 13.991422
-18.388565 13.520399 12.665222
-19.339208 6.288146 18.469386
-18.565428 9.630918 16.491873
-17.672371 7.196340 18.980845
-20.696521 7.047081 16.871429
-17.355776 8.888839 18.030777
-20.211565 8.735594 15.828134
-12.855333 14.304849 17.339582
-16.359024 12.260999 16.122841
-13.405912 12.557977 18.232857
-13.995113 15.064244 15.725004
-15.204830 11.544578 17.655974
-15.735875 14.004788 15.074659
-15.558822 -7.105044 25.174703
-14.989956 -2.243990 24.254258
-17.336781 -6.058505 24.615018
-13.248240 -5.781163 25.330224
-13.490016 6.160309 21.827304
-14.289212 2.139089 23.120431
-15.125456 5.285736 21.475345
-11.951373 5.215247 22.850655
-20.607702 -3.767867 22.971914
-16.507245 -1.168816 23.491810
-19.038656 -4.937504 23.876298
-19.953405 -1.215945 22.225045
-16.931577 -3.530100 24.076940
-9.082462 -3.355967 25.555870
-12.861080 -1.144198 24.512368
-11.088164 -4.529564 25.455672
-8.967548 -1.108450 25.270855
-13.078302 -3.398266 24.952902
-18.566584 3.394674 20.696629
-16.051155 1.136522 22.842739
-16.822584 4.362785 21.097131
-19.267379 1.174139 21.460918
-15.596353 3.251716 22.178233
-17.930808 0.000000 22.555308
-8.695216 3.212880 24.466252
-12.587384 1.119849 23.990722
-10.339603 4.223774 23.737162
-8.837300 1.092350 24.903812
-12.287998 3.192914 23.445032
-10.818881 0.000000 24.717904
-29.356196 0.000000 -15.446867
-32.600354 0.000000 -11.751906
-28.483676 2.099509 -14.206803
-31.429026 -2.316609 -15.675855
-36.417802 0.000000 -2.524025
-35.069592 0.000000 -7.386521
-26.693253 5.848813 -11.832405
-31.278504 2.183167 -10.471731
-27.590164 4.053262 -12.994062
-29.965989 2.144881 -12.407452
-32.958699 -7.221647 -14.609709
-34.626198 -2.416828 -11.592506
-32.829789 -4.823013 -15.461753
-33.336824 -2.386156 -13.803150
-29.356196 0.000000 15.446867
-32.600354 0.000000 11.751906
-28.483676 2.099509 14.206803
-31.429026 -2.316609 15.675855
-36.417802 0.000000 2.524025
-35.069592 0.000000 7.386521
-26.693253 5.848813 11.832405
-31.278504 2.183167 10.471731
-27.590164 4.053262 12.994062
-29.965989 2.144881 12.407452
-32.958699 -7.221647 14.609709
-34.626198 -2.416828 11.592506
-32.829789 -4.823013 15.461753
-33.336824 -2.386156 13.803150
-23.042417 12.011539 -7.423539
-26.382845 9.296024 -5.745259
-23.948958 10.626401 -8.471782
-23.504119 12.293149 -5.364388
-34.244802 2.292610 -1.416911
-30.058246 6.138591 -3.793858
-33.918874 2.281765 -3.775670
-25.762749 7.588359 -10.646627
-27.524901 7.767469 -6.835435
-24.859854 9.147850 -9.551801
-27.796339 5.976517 -9.959716
-25.697940 9.246422 -7.677539
-23.977579 12.580489 -1.119235
-26.747595 9.505997 -3.512463
-23.819397 12.484211 -3.243898
-25.106641 10.936130 -4.467458
-32.427063 2.233055 -8.296802
-29.535970 6.094631 -5.893131
-33.303010 2.259975 -6.093925
-30.013506 4.197926 -9.180839
-31.628579 4.303244 -4.893964
-28.754547 6.061694 -7.963261
-33.537758 -17.482545 -10.804807
-35.363561 -12.460390 -7.700944
-33.389295 -14.815177 -11.811237
-34.867342 -18.236353 -7.957837
-36.558811 -2.447527 -1.512655
-36.234082 -7.399840 -4.573353
-36.352548 -2.445482 -4.046574
-33.105633 -9.751189 -13.681122
-35.162757 -9.922856 -8.732193
-33.243516 -12.232843 -12.773021
-34.049736 -7.321066 -12.200373
-34.409772 -12.381042 -10.280294
-36.509039 -19.155460 -1.704184
-36.118816 -12.836494 -4.743081
-35.918897 -18.825794 -4.891695
-35.637987 -15.523449 -6.341398
-35.391910 -2.437226 -9.055389
-35.723034 -7.371307 -7.127598
-35.958474 -2.440177 -6.579833
-34.805771 -4.868210 -10.646746
-36.099883 -4.911590 -5.585819
-34.985796 -7.375292 -9.688938
-23.042417 12.011539 7.423539
-26.382845 9.296024 5.745259
-23.948958 10.626401 8.471782
-23.504119 12.293149 5.364388
-34.244802 2.292610 1.416911
-30.058246 6.138591 3.793858
-33.918874 2.281765 3.775670
-32.247603 4.344715 0.000000
-25.762749 7.588359 10.646627
-27.524901 7.767469 6.835435
-24.859854 9.147850 9.551801
-27.796339 5.976517 9.959716
-25.697940 9.246422 7.677539
-23.977579 12.580489 1.119235
-26.747595 9.505997 3.512463
-23.819397 12.484211 3.243898
-25.452088 11.140229 0.000000
-25.106641 10.936130 4.467458
-32.427063 2.233055 8.296802
-29.535970 6.094631 5.893131
-33.303010 2.259975 6.093925
-30.013506 4.197926 9.180839
-31.628579 4.303244 4.893964
-28.754547 6.061694 7.963261
-28.542707 7.889010 -2.421537
-28.542707 7.889010 2.421537
-30.337611 6.210010 -1.278492
-26.979981 9.574044 -1.183417
-30.337611 6.210010 1.278492
-26.979981 9.574044 1.183417
-33.537758 -17.482545 10.804807
-35.363561 -12.460390 7.700944
-33.389295 -14.815177 11.811237
-34.867342 -18.236353 7.957837
-36.558811 -2.447527 1.512655
-36.234082 -7.399840 4.573353
-36.352548 -2.445482 4.046574
-36.592317 -4.930078 0.000000
-33.105633 -9.751189 13.681122
-35.162757 -9.922856 8.732193
-33.243516 -12.232843 12.773021
-34.049736 -7.321066 12.200373
-34.409772 -12.381042 10.280294
-36.509039 -19.155460 1.704184
-36.118816 -12.836494 4.743081
-35.918897 -18.825794 4.891695
-36.592317 -16.016241 0.000000
-35.637987 -15.523449 6.341398
-35.391910 -2.437226 9.055389
-35.723034 -7.371307 7.127598
-35.958474 -2.440177 6.579833
-34.805771 -4.868210 10.646746
-36.099883 -4.911590 5.585819
-34.985796 -7.375292 9.688938
-36.412449 -10.064153 -3.089198
-36.412449 -10.064153 3.089198
-36.551564 -7.481985 -1.540361
-36.537961 -12.965763 -1.602656
-36.551564 -7.481985 1.540361
-36.537961 -12.965763 1.602656
