-10.090925 16.327459 0
16.327459 26.418384 0
-16.327459 -26.418384 0
10.090925 -16.327459 0
0 -10.579151 17.117426
0 10.579151 17.117426
0 -10.579151 -17.117426
0 10.579151 -17.117426
19.891399 0 -12.293561
19.891399 0 12.293561
-19.891399 0 -12.293561
-19.891399 0 12.293561
0 26.418384 0
0 -26.418384 0
-8.2293198 -21.544639 13.315319
6.1711995 -16.15641 9.9852106
-6.1711995 16.15641 9.9852106
8.2293198 21.544639 13.315319
0 0 18.680618
-8.2293198 -21.544639 -13.315319
6.1711995 -16.15641 -9.9852106
-6.1711995 16.15641 -9.9852106
8.2293198 21.544639 -13.315319
0 0 -18.680618
23.177899 14.324729 -8.8531696
15.487183 -9.5716056 -5.9155776
9.426663 -5.8259981 -15.252661
11.387694 7.0379817 -18.425675
23.177899 14.324729 8.8531696
15.487183 -9.5716056 5.9155776
9.426663 -5.8259981 15.252661
11.387694 7.0379817 18.425675
26.418384 0 0
-15.487183 9.5716056 -5.9155776
-23.177899 -14.324729 -8.8531696
-11.387694 -7.0379817 -18.425675
-9.426663 5.8259981 -15.252661
-15.487183 9.5716056 5.9155776
-23.177899 -14.324729 8.8531696
-11.387694 -7.0379817 18.425675
-9.426663 5.8259981 15.252661
-26.418384 0 0
-5.8445851 20.573799 0
7.5049092 26.418384 0
-7.5049092 -26.418384 0
5.8445851 -20.573799 0
-12.316775 -24.48853 7.3775397
-3.7653915 -16.26399 16.457765
-4.3236127 -25.31087 6.9957523
8.5056765 -16.911206 5.0947564
3.2395551 -13.992726 14.15944
3.656028 -21.402761 5.9155776
0 -19.891399 12.293561
-8.5056765 16.911206 5.0947564
-3.2395551 13.992726 14.15944
-3.656028 21.402761 5.9155776
12.316775 24.48853 7.3775397
3.7653915 16.26399 16.457765
4.3236127 25.31087 6.9957523
0 19.891399 12.293561
0 -5.2028418 18.314768
0 5.2028418 18.314768
-12.316775 -24.48853 -7.3775397
-3.7653915 -16.26399 -16.457765
-4.3236127 -25.31087 -6.9957523
8.5056765 -16.911206 -5.0947564
3.2395551 -13.992726 -14.15944
3.656028 -21.402761 -5.9155776
0 -19.891399 -12.293561
-8.5056765 16.911206 -5.0947564
-3.2395551 13.992726 -14.15944
-3.656028 21.402761 -5.9155776
12.316775 24.48853 -7.3775397
3.7653915 16.26399 -16.457765
4.3236127 25.31087 -6.9957523
0 19.891399 -12.293561
0 -5.2028418 -18.314768
0 5.2028418 -18.314768
22.5842 22.853277 -5.2286282
22.989042 6.9257962 -11.562591
16.468702 19.281892 -11.916864
12.96047 -13.114886 -3.0005702
17.814387 -5.3668533 -8.9599413
11.007971 -12.888357 -7.9654425
4.8921098 -8.1673588 -16.238554
14.196235 -3.2479735 -14.029087
7.998292 -11.053368 -12.941508
4.9229142 -3.0425283 -17.811271
13.083837 -8.086256 -11.174931
5.5714405 9.3014989 -18.493481
16.550508 3.7866102 -16.35564
11.237389 15.529689 -18.182477
5.148869 3.1821761 -18.628783
18.315117 11.319365 -15.642978
10.579151 0 -17.117426
22.5842 22.853277 5.2286282
22.989042 6.9257962 11.562591
16.468702 19.281892 11.916864
26.418384 16.327459 0
12.96047 -13.114886 3.0005702
17.814387 -5.3668533 8.9599413
11.007971 -12.888357 7.9654425
16.327459 -10.090925 0
4.8921098 -8.1673588 16.238554
14.196235 -3.2479735 14.029087
7.998292 -11.053368 12.941508
4.9229142 -3.0425283 17.811271
13.083837 -8.086256 11.174931
5.5714405 9.3014989 18.493481
16.550508 3.7866102 16.35564
11.237389 15.529689 18.182477
5.148869 3.1821761 18.628783
18.315117 11.319365 15.642978
10.579151 0 17.117426
24.514046 0 -6.9639268
24.514046 0 6.9639268
25.909773 7.1612851 -4.4259176
20.336648 -5.6209111 -3.4739141
25.909773 7.1612851 4.4259176
20.336648 -5.6209111 3.4739141
-12.96047 13.114886 -3.0005702
-17.814387 5.3668533 -8.9599413
-11.007971 12.888357 -7.9654425
-22.5842 -22.853277 -5.2286282
-22.989042 -6.9257962 -11.562591
-16.468702 -19.281892 -11.916864
-5.5714405 -9.3014989 -18.493481
-16.550508 -3.7866102 -16.35564
-11.237389 -15.529689 -18.182477
-5.148869 -3.1821761 -18.628783
-18.315117 -11.319365 -15.642978
-4.8921098 8.1673588 -16.238554
-14.196235 3.2479735 -14.029087
-7.998292 11.053368 -12.941508
-4.9229142 3.0425283 -17.811271
-13.083837 8.086256 -11.174931
-10.579151 0 -17.117426
-12.96047 13.114886 3.0005702
-17.814387 5.3668533 8.9599413
-11.007971 12.888357 7.9654425
-16.327459 10.090925 0
-22.5842 -22.853277 5.2286282
-22.989042 -6.9257962 11.562591
-16.468702 -19.281892 11.916864
-26.418384 -16.327459 0
-5.5714405 -9.3014989 18.493481
-16.550508 -3.7866102 16.35564
-11.237389 -15.529689 18.182477
-5.148869 -3.1821761 18.628783
-18.315117 -11.319365 15.642978
-4.8921098 8.1673588 16.238554
-14.196235 3.2479735 14.029087
-7.998292 11.053368 12.941508
-4.9229142 3.0425283 17.811271
-13.083837 8.086256 11.174931
-10.579151 0 17.117426
-24.514046 0 -6.9639268
-24.514046 0 6.9639268
-20.336648 5.6209111 -3.4739141
-25.909773 -7.1612851 -4.4259176
-20.336648 5.6209111 3.4739141
-25.909773 -7.1612851 4.4259176
-8.0825291 18.335855 0
-3.2297979 23.188586 0
11.645345 26.418384 0
3.6796569 26.418384 0
-11.645345 -26.418384 0
-3.6796569 -26.418384 0
8.0825291 -18.335855 0
3.2297979 -23.188586 0
-14.439269 -25.780087 3.9105589
-10.235447 -23.031793 10.469478
-10.076246 -25.998804 3.7031972
-1.7406404 -13.215691 16.826381
-6.2369723 -19.957681 15.963602
-2.1784565 -26.162106 3.5248166
-6.3676812 -23.771235 10.303125
-5.94579 -26.104148 3.5869837
-8.2175972 -24.992875 7.2035243
9.3961283 -16.775988 2.544735
7.4259647 -16.7099 7.5957575
7.3024604 -18.841863 2.6837824
1.6361254 -12.422168 15.816058
4.7648012 -15.246883 12.195563
0 -15.13223 15.312521
2.0000023 -24.018966 3.2360717
5.0251616 -18.759466 8.1308823
4.8407847 -21.252779 2.9203547
0 -24.605479 6.8007871
6.2495447 -19.00727 5.4783347
-4.1188397 -22.121455 13.671811
3.3384061 -17.929904 11.08129
-1.9111579 -18.376383 14.608685
-2.1647423 -24.00736 10.50788
1.7437096 -16.766315 13.328728
1.9001763 -21.073278 9.2236494
-9.3961283 16.775988 2.544735
-7.4259647 16.7099 7.5957575
-7.3024604 18.841863 2.6837824
-1.6361254 12.422168 15.816058
-4.7648012 15.246883 12.195563
-2.0000023 24.018966 3.2360717
-5.0251616 18.759466 8.1308823
-4.8407847 21.252779 2.9203547
-6.2495447 19.00727 5.4783347
14.439269 25.780087 3.9105589
10.235447 23.031793 10.469478
10.076246 25.998804 3.7031972
1.7406404 13.215691 16.826381
6.2369723 19.957681 15.963602
0 15.13223 15.312521
2.1784565 26.162106 3.5248166
6.3676812 23.771235 10.303125
5.94579 26.104148 3.5869837
0 24.605479 6.8007871
8.2175972 24.992875 7.2035243
-3.3384061 17.929904 11.08129
4.1188397 22.121455 13.671811
-1.7437096 16.766315 13.328728
-1.9001763 21.073278 9.2236494
1.9111579 18.376383 14.608685
2.1647423 24.00736 10.50788
0 -7.8614653 17.834354
0 -2.5893822 18.590671
0 7.8614653 17.834354
0 2.5893822 18.590671
-14.439269 -25.780087 -3.9105589
-10.235447 -23.031793 -10.469478
-10.076246 -25.998804 -3.7031972
-1.7406404 -13.215691 -16.826381
-6.2369723 -19.957681 -15.963602
-2.1784565 -26.162106 -3.5248166
-6.3676812 -23.771235 -10.303125
-5.94579 -26.104148 -3.5869837
-8.2175972 -24.992875 -7.2035243
9.3961283 -16.775988 -2.544735
7.4259647 -16.7099 -7.5957575
7.3024604 -18.841863 -2.6837824
1.6361254 -12.422168 -15.816058
4.7648012 -15.246883 -12.195563
0 -15.13223 -15.312521
2.0000023 -24.018966 -3.2360717
5.0251616 -18.759466 -8.1308823
4.8407847 -21.252779 -2.9203547
0 -24.605479 -6.8007871
6.2495447 -19.00727 -5.4783347
-4.1188397 -22.121455 -13.671811
3.3384061 -17.929904 -11.08129
-1.9111579 -18.376383 -14.608685
-2.1647423 -24.00736 -10.50788
1.7437096 -16.766315 -13.328728
1.9001763 -21.073278 -9.2236494
-9.3961283 16.775988 -2.544735
-7.4259647 16.7099 -7.5957575
-7.3024604 18.841863 -2.6837824
-1.6361254 12.422168 -15.816058
-4.7648012 15.246883 -12.195563
-2.0000023 24.018966 -3.2360717
-5.0251616 18.759466 -8.1308823
-4.8407847 21.252779 -2.9203547
-6.2495447 19.00727 -5.4783347
14.439269 25.780087 -3.9105589
10.235447 23.031793 -10.469478
10.076246 25.998804 -3.7031972
1.7406404 13.215691 -16.826381
6.2369723 19.957681 -15.963602
0 15.13223 -15.312521
2.1784565 26.162106 -3.5248166
6.3676812 23.771235 -10.303125
5.94579 26.104148 -3.5869837
0 24.605479 -6.8007871
8.2175972 24.992875 -7.2035243
-3.3384061 17.929904 -11.08129
4.1188397 22.121455 -13.671811
-1.7437096 16.766315 -13.328728
-1.9001763 21.073278 -9.2236494
1.9111579 18.376383 -14.608685
2.1647423 24.00736 -10.50788
0 -7.8614653 -17.834354
0 -2.5893822 -18.590671
0 7.8614653 -17.834354
0 2.5893822 -18.590671
20.291564 25.83547 -2.6726046
23.123028 18.495476 -7.2261744
17.368914 24.10051 -6.4769631
22.762278 3.4527902 -12.749013
23.105859 10.503145 -10.268362
12.359633 20.634361 -12.752736
20.251741 17.22716 -10.646971
14.682355 22.28722 -9.8471781
19.305135 20.942134 -8.8265427
11.582789 -14.747351 -1.5255707
14.254479 -11.401766 -4.4546652
10.804557 -14.992033 -4.0290784
18.9002 -2.8669549 -10.585887
16.672629 -7.5788155 -7.4094014
8.6837511 -14.49749 -8.9599413
13.246176 -11.26787 -6.9639268
9.8184872 -14.904066 -6.5850738
12.103177 -13.129478 -5.5337198
2.5311341 -9.3459086 -16.686325
7.1662735 -7.0060812 -15.765078
4.1135576 -11.0311 -15.306377
2.4915884 -6.7795084 -17.492538
16.873443 -1.7455088 -13.252654
11.744356 -4.588515 -14.682785
16.23328 -4.362661 -11.699107
7.1483775 -13.597022 -11.566318
8.7510154 -8.4812654 -14.15944
5.7085909 -12.48565 -13.544383
9.6329951 -12.132409 -10.587686
6.5135666 -9.7118685 -14.742223
2.4874577 -1.5373334 -18.462558
7.2537865 -4.4830866 -16.735842
2.4853882 -4.1197836 -18.087326
4.9349345 -5.6296476 -17.121925
14.465037 -8.9398847 -8.6643128
11.387694 -7.0379817 -13.387037
15.389582 -6.7995897 -10.138335
12.09899 -10.558522 -9.6064607
13.697046 -5.7729341 -12.626379
10.547446 -9.5963832 -12.086297
2.7223995 10.052133 -17.947228
8.4913608 8.3015479 -18.680136
4.7821275 12.823967 -17.794098
2.6217232 7.1335997 -18.406167
18.507639 1.9145616 -14.536176
14.126785 5.519329 -17.661295
20.94085 5.6278109 -15.09179
15.373092 0 -15.192088
9.8543654 18.744117 -15.944698
11.54421 11.188359 -18.678924
7.4224963 16.234249 -17.610849
13.776287 17.350735 -15.141605
8.1582339 12.164103 -18.464615
2.5151722 1.5544619 -18.668262
8.0417918 4.9701007 -18.553918
2.561689 4.2462599 -18.642602
5.0673255 0 -18.333756
5.3819714 6.139616 -18.672935
20.742596 12.819629 -12.424464
15.487183 9.5716056 -18.206276
20.901499 9.2349241 -13.769471
17.596167 15.355788 -13.971157
18.522723 7.8068262 -17.074844
14.955716 13.60716 -17.137725
10.035978 -3.0234901 -16.238554
11.041933 3.3265492 -17.866223
12.532774 -1.6395802 -15.765078
7.6601811 -1.5780841 -17.501221
13.343072 1.7455861 -16.784358
7.9401708 1.6357651 -18.140913
20.291564 25.83547 2.6726046
23.123028 18.495476 7.2261744
17.368914 24.10051 6.4769631
26.107331 26.418384 0
22.762278 3.4527902 12.749013
23.105859 10.503145 10.268362
12.359633 20.634361 12.752736
20.251741 17.22716 10.646971
14.682355 22.28722 9.8471781
19.305135 20.942134 8.8265427
25.378304 15.684654 -4.725239
25.378304 15.684654 4.725239
25.808043 20.516637 -2.6840562
25.808043 20.516637 2.6840562
11.582789 -14.747351 1.5255707
14.254479 -11.401766 4.4546652
10.804557 -14.992033 4.0290784
13.130968 -13.287416 0
18.9002 -2.8669549 10.585887
16.672629 -7.5788155 7.4094014
8.6837511 -14.49749 8.9599413
13.246176 -11.26787 6.9639268
9.8184872 -14.904066 6.5850738
12.103177 -13.129478 5.5337198
16.115456 -9.9598995 -3.0005702
16.115456 -9.9598995 3.0005702
14.668841 -11.661299 -1.5255707
14.668841 -11.661299 1.5255707
2.5311341 -9.3459086 16.686325
7.1662735 -7.0060812 15.765078
4.1135576 -11.0311 15.306377
2.4915884 -6.7795084 17.492538
16.873443 -1.7455088 13.252654
11.744356 -4.588515 14.682785
16.23328 -4.362661 11.699107
7.1483775 -13.597022 11.566318
8.7510154 -8.4812654 14.15944
5.7085909 -12.48565 13.544383
9.6329951 -12.132409 10.587686
6.5135666 -9.7118685 14.742223
2.4874577 -1.5373334 18.462558
7.2537865 -4.4830866 16.735842
2.4853882 -4.1197836 18.087326
4.9349345 -5.6296476 17.121925
14.465037 -8.9398847 8.6643128
11.387694 -7.0379817 13.387037
15.389582 -6.7995897 10.138335
12.09899 -10.558522 9.6064607
13.697046 -5.7729341 12.626379
10.547446 -9.5963832 12.086297
2.7223995 10.052133 17.947228
8.4913608 8.3015479 18.680136
4.7821275 12.823967 17.794098
2.6217232 7.1335997 18.406167
18.507639 1.9145616 14.536176
14.126785 5.519329 17.661295
20.94085 5.6278109 15.09179
15.373092 0 15.192088
9.8543654 18.744117 15.944698
11.54421 11.188359 18.678924
7.4224963 16.234249 17.610849
13.776287 17.350735 15.141605
8.1582339 12.164103 18.464615
2.5151722 1.5544619 18.668262
8.0417918 4.9701007 18.553918
2.561689 4.2462599 18.642602
5.0673255 0 18.333756
5.3819714 6.139616 18.672935
20.742596 12.819629 12.424464
15.487183 9.5716056 18.206276
20.901499 9.2349241 13.769471
17.596167 15.355788 13.971157
18.522723 7.8068262 17.074844
14.955716 13.60716 17.137725
10.035978 -3.0234901 16.238554
11.041933 3.3265492 17.866223
12.532774 -1.6395802 15.765078
7.6601811 -1.5780841 17.501221
13.343072 1.7455861 16.784358
7.9401708 1.6357651 18.140913
22.418933 0 -9.882369
25.920315 0 -3.6102839
24.459273 3.4839107 -9.4795761
20.84926 -2.9697105 -8.080459
22.418933 0 9.882369
25.920315 0 3.6102839
24.459273 3.4839107 9.4795761
20.84926 -2.9697105 8.080459
24.982133 10.827962 -6.6920485
26.313441 3.5452061 -2.1910579
24.708271 7.121495 -8.1240202
26.231118 11.481206 -2.3652584
25.671569 3.5275427 -5.8472606
17.818445 -7.7230172 -4.7730871
23.157288 -3.119978 -1.9282524
19.289482 -5.5596746 -6.3423352
18.303667 -8.0114069 -1.6504406
22.34787 -3.0708317 -5.0902157
24.982133 10.827962 6.6920485
26.313441 3.5452061 2.1910579
24.708271 7.121495 8.1240202
26.231118 11.481206 2.3652584
25.671569 3.5275427 5.8472606
26.418384 7.3018617 0
17.818445 -7.7230172 4.7730871
23.157288 -3.119978 1.9282524
19.289482 -5.5596746 6.3423352
18.303667 -8.0114069 1.6504406
22.34787 -3.0708317 5.0902157
20.697685 -5.7206993 0
-11.582789 14.747351 -1.5255707
-14.254479 11.401766 -4.4546652
-10.804557 14.992033 -4.0290784
-18.9002 2.8669549 -10.585887
-16.672629 7.5788155 -7.4094014
-8.6837511 14.49749 -8.9599413
-13.246176 11.26787 -6.9639268
-9.8184872 14.904066 -6.5850738
-12.103177 13.129478 -5.5337198
-20.291564 -25.83547 -2.6726046
-23.123028 -18.495476 -7.2261744
-17.368914 -24.10051 -6.4769631
-22.762278 -3.4527902 -12.749013
-23.105859 -10.503145 -10.268362
-12.359633 -20.634361 -12.752736
-20.251741 -17.22716 -10.646971
-14.682355 -22.28722 -9.8471781
-19.305135 -20.942134 -8.8265427
-2.7223995 -10.052133 -17.947228
-8.4913608 -8.3015479 -18.680136
-4.7821275 -12.823967 -17.794098
-2.6217232 -7.1335997 -18.406167
-18.507639 -1.9145616 -14.536176
-14.126785 -5.519329 -17.661295
-20.94085 -5.6278109 -15.09179
-9.8543654 -18.744117 -15.944698
-11.54421 -11.188359 -18.678924
-7.4224963 -16.234249 -17.610849
-13.776287 -17.350735 -15.141605
-8.1582339 -12.164103 -18.464615
-2.5151722 -1.5544619 -18.668262
-8.0417918 -4.9701007 -18.553918
-2.561689 -4.2462599 -18.642602
-5.3819714 -6.139616 -18.672935
-20.742596 -12.819629 -12.424464
-15.487183 -9.5716056 -18.206276
-20.901499 -9.2349241 -13.769471
-17.596167 -15.355788 -13.971157
-18.522723 -7.8068262 -17.074844
-14.955716 -13.60716 -17.137725
-2.5311341 9.3459086 -16.686325
-7.1662735 7.0060812 -15.765078
-4.1135576 11.0311 -15.306377
-2.4915884 6.7795084 -17.492538
-16.873443 1.7455088 -13.252654
-11.744356 4.588515 -14.682785
-16.23328 4.362661 -11.699107
-15.373092 0 -15.192088
-7.1483775 13.597022 -11.566318
-8.7510154 8.4812654 -14.15944
-5.7085909 12.48565 -13.544383
-9.6329951 12.132409 -10.587686
-6.5135666 9.7118685 -14.742223
-2.4874577 1.5373334 -18.462558
-7.2537865 4.4830866 -16.735842
-2.4853882 4.1197836 -18.087326
-5.0673255 0 -18.333756
-4.9349345 5.6296476 -17.121925
-14.465037 8.9398847 -8.6643128
-11.387694 7.0379817 -13.387037
-15.389582 6.7995897 -10.138335
-12.09899 10.558522 -9.6064607
-13.697046 5.7729341 -12.626379
-10.547446 9.5963832 -12.086297
-11.041933 -3.3265492 -17.866223
-10.035978 3.0234901 -16.238554
-13.343072 -1.7455861 -16.784358
-7.9401708 -1.6357651 -18.140913
-12.532774 1.6395802 -15.765078
-7.6601811 1.5780841 -17.501221
-11.582789 14.747351 1.5255707
-14.254479 11.401766 4.4546652
-10.804557 14.992033 4.0290784
-13.130968 13.287416 0
-18.9002 2.8669549 10.585887
-16.672629 7.5788155 7.4094014
-8.6837511 14.49749 8.9599413
-13.246176 11.26787 6.9639268
-9.8184872 14.904066 6.5850738
-12.103177 13.129478 5.5337198
-16.115456 9.9598995 -3.0005702
-16.115456 9.9598995 3.0005702
-14.668841 11.661299 -1.5255707
-14.668841 11.661299 1.5255707
-20.291564 -25.83547 2.6726046
-23.123028 -18.495476 7.2261744
-17.368914 -24.10051 6.4769631
-26.107331 -26.418384 0
-22.762278 -3.4527902 12.749013
-23.105859 -10.503145 10.268362
-12.359633 -20.634361 12.752736
-20.251741 -17.22716 10.646971
-14.682355 -22.28722 9.8471781
-19.305135 -20.942134 8.8265427
-25.378304 -15.684654 -4.725239
-25.378304 -15.684654 4.725239
-25.808043 -20.516637 -2.6840562
-25.808043 -20.516637 2.6840562
-2.7223995 -10.052133 17.947228
-8.4913608 -8.3015479 18.680136
-4.7821275 -12.823967 17.794098
-2.6217232 -7.1335997 18.406167
-18.507639 -1.9145616 14.536176
-14.126785 -5.519329 17.661295
-20.94085 -5.6278109 15.09179
-9.8543654 -18.744117 15.944698
-11.54421 -11.188359 18.678924
-7.4224963 -16.234249 17.610849
-13.776287 -17.350735 15.141605
-8.1582339 -12.164103 18.464615
-2.5151722 -1.5544619 18.668262
-8.0417918 -4.9701007 18.553918
-2.561689 -4.2462599 18.642602
-5.3819714 -6.139616 18.672935
-20.742596 -12.819629 12.424464
-15.487183 -9.5716056 18.206276
-20.901499 -9.2349241 13.769471
-17.596167 -15.355788 13.971157
-18.522723 -7.8068262 17.074844
-14.955716 -13.60716 17.137725
-2.5311341 9.3459086 16.686325
-7.1662735 7.0060812 15.765078
-4.1135576 11.0311 15.306377
-2.4915884 6.7795084 17.492538
-16.873443 1.7455088 13.252654
-11.744356 4.588515 14.682785
-16.23328 4.362661 11.699107
-15.373092 0 15.192088
-7.1483775 13.597022 11.566318
-8.7510154 8.4812654 14.15944
-5.7085909 12.48565 13.544383
-9.6329951 12.132409 10.587686
-6.5135666 9.7118685 14.742223
-2.4874577 1.5373334 18.462558
-7.2537865 4.4830866 16.735842
-2.4853882 4.1197836 18.087326
-5.0673255 0 18.333756
-4.9349345 5.6296476 17.121925
-14.465037 8.9398847 8.6643128
-11.387694 7.0379817 13.387037
-15.389582 6.7995897 10.138335
-12.09899 10.558522 9.6064607
-13.697046 5.7729341 12.626379
-10.547446 9.5963832 12.086297
-11.041933 -3.3265492 17.866223
-10.035978 3.0234901 16.238554
-13.343072 -1.7455861 16.784358
-7.9401708 -1.6357651 18.140913
-12.532774 1.6395802 15.765078
-7.6601811 1.5780841 17.501221
-22.418933 0 -9.882369
-25.920315 0 -3.6102839
-20.84926 2.9697105 -8.080459
-24.459273 -3.4839107 -9.4795761
-22.418933 0 9.882369
-25.920315 0 3.6102839
-20.84926 2.9697105 8.080459
-24.459273 -3.4839107 9.4795761
-17.818445 7.7230172 -4.7730871
-23.157288 3.119978 -1.9282524
-19.289482 5.5596746 -6.3423352
-18.303667 8.0114069 -1.6504406
-22.34787 3.0708317 -5.0902157
-24.982133 -10.827962 -6.6920485
-26.313441 -3.5452061 -2.1910579
-24.708271 -7.121495 -8.1240202
-26.231118 -11.481206 -2.3652584
-25.671569 -3.5275427 -5.8472606
-17.818445 7.7230172 4.7730871
-23.157288 3.119978 1.9282524
-19.289482 5.5596746 6.3423352
-18.303667 8.0114069 1.6504406
-22.34787 3.0708317 5.0902157
-20.697685 5.7206993 0
-24.982133 -10.827962 6.6920485
-26.313441 -3.5452061 2.1910579
-24.708271 -7.121495 8.1240202
-26.231118 -11.481206 2.3652584
-25.671569 -3.5275427 5.8472606
-26.418384 -7.3018617 0
-9.1083341 17.31005 0
-7.0000121 19.418372 0
-1.7123146 24.706069 0
-4.5962742 21.82211 0
13.901027 26.418384 0
9.5234044 26.418384 0
1.8309908 26.418384 0
5.5643628 26.418384 0
-13.901027 -26.418384 0
-9.5234044 -26.418384 0
-1.8309908 -26.418384 0
-5.5643628 -26.418384 0
9.1083341 -17.31005 0
7.0000121 -19.418372 0
1.7123146 -24.706069 0
4.5962742 -21.82211 0
-15.447721 -26.234922 2.0063369
-13.381052 -25.172945 5.6986323
-13.106416 -26.277475 1.9368918
-9.2244486 -22.289642 11.915479
-11.2661 -23.767901 8.9622396
-8.8125175 -26.322521 1.8372508
-11.257846 -25.397079 5.5648054
-10.891297 -26.304233 1.8827832
-12.202212 -25.908837 3.8062585
-0.84234609 -11.856889 16.979559
-2.7091095 -14.676238 16.654111
-7.2445133 -20.796433 14.682953
-4.9317793 -18.010881 16.230652
-1.0905422 -26.356918 1.7645343
-3.25869 -25.81818 5.2726712
-2.9333081 -26.351481 1.7726972
-7.3257607 -22.738915 11.85333
-5.363522 -24.629867 8.6783608
-8.2902869 -23.435888 10.398747
-6.7380398 -26.334827 1.8135201
-5.1386924 -25.754775 5.3143958
-4.8206081 -26.344393 1.787756
-7.9709896 -26.058333 3.6447243
-4.0440555 -26.135815 3.555923
-10.237644 -24.773091 7.2968573
-6.2500899 -25.167837 7.1023103
-9.2680906 -24.12146 8.8761383
-9.1529566 -25.544773 5.4924057
-7.2906777 -24.403053 8.7805067
-7.1064679 -25.660752 5.4094964
9.7681326 -16.589256 1.2686768
8.9751202 -16.884339 3.8222638
8.7704868 -17.584231 1.2961197
6.8192251 -16.477742 8.8085842
7.9887944 -16.853825 6.3551266
6.6081747 -19.738267 1.3776851
7.9331084 -17.896655 3.9213723
7.7158751 -18.635078 1.3338466
8.3753822 -17.783368 2.6125485
0.81922561 -11.531445 16.513509
2.4448387 -13.244586 15.02952
0 -12.826666 16.331069
5.4851159 -15.745826 11.117062
4.0146482 -14.661514 13.212342
-1.805634 -15.700874 15.88794
1.6746995 -14.562335 14.735836
-0.87438301 -14.218394 16.122475
0.84480368 -13.737403 15.577071
1.0453435 -25.264528 1.6914013
2.8679453 -22.722361 4.640433
2.6365516 -23.685558 1.5933572
0 -25.951508 3.4964429
5.6223827 -17.451687 9.0972063
4.3723391 -20.078249 7.0745932
6.2631798 -17.705441 7.8560878
5.3661902 -20.973116 1.4442915
4.2697899 -21.399895 4.4157836
4.0730195 -22.258857 1.5105076
6.1184223 -20.002019 2.7976403
3.4918778 -22.567216 3.0703952
-2.1551274 -25.402534 7.0210876
1.9437101 -22.910554 6.3323213
-1.0900072 -25.865021 5.294485
1.0293321 -24.425248 4.9997682
7.4099464 -17.930617 5.2814224
5.0059177 -20.157809 5.6884911
6.8640261 -17.864557 6.5737429
6.80062 -18.979692 4.0808414
5.6583661 -18.939448 6.8146369
5.5795016 -20.147028 4.2471582
-6.1793498 -21.894769 13.531711
-1.9399415 -20.967942 12.958901
-5.2053194 -21.14862 14.895338
-5.2494106 -23.000344 12.029664
4.8048121 -17.024485 10.521711
1.7469674 -18.882172 11.669824
4.0759659 -16.560186 11.663624
4.2054 -18.426001 9.6371861
-2.8520125 -17.388135 15.598592
-0.95598002 -19.214067 13.501357
-3.9625562 -19.161741 15.279329
-0.91310251 -16.689695 14.983827
-2.9557398 -20.159536 14.176749
-3.2499836 -24.748801 8.7956327
-1.0207887 -21.868546 11.473927
-4.2634473 -23.960124 10.436722
-1.0731108 -24.465181 8.6816487
-3.1609042 -23.209991 12.164809
2.5167032 -15.343823 13.764676
0.90931447 -18.276145 12.842297
3.3076833 -15.994971 12.754186
0.87566253 -16.005367 14.369444
2.5519397 -17.405429 12.239984
0 -17.557885 13.958003
2.8024229 -21.340602 7.5843713
0.96115415 -20.590983 10.803619
3.5363739 -19.874048 8.6568801
1.000478 -22.809271 8.0940369
2.6521341 -19.474177 10.206796
0 -22.463181 9.8320017
-9.7681326 16.589256 1.2686768
-8.9751202 16.884339 3.8222638
-8.7704868 17.584231 1.2961197
-6.8192251 16.477742 8.8085842
-7.9887944 16.853825 6.3551266
-6.6081747 19.738267 1.3776851
-7.9331084 17.896655 3.9213723
-7.7158751 18.635078 1.3338466
-8.3753822 17.783368 2.6125485
-0.81922561 11.531445 16.513509
-2.4448387 13.244586 15.02952
-5.4851159 15.745826 11.117062
-4.0146482 14.661514 13.212342
-1.0453435 25.264528 1.6914013
-2.8679453 22.722361 4.640433
-2.6365516 23.685558 1.5933572
-5.6223827 17.451687 9.0972063
-4.3723391 20.078249 7.0745932
-6.2631798 17.705441 7.8560878
-5.3661902 20.973116 1.4442915
-4.2697899 21.399895 4.4157836
-4.0730195 22.258857 1.5105076
-6.1184223 20.002019 2.7976403
-3.4918778 22.567216 3.0703952
-7.4099464 17.930617 5.2814224
-5.0059177 20.157809 5.6884911
-6.8640261 17.864557 6.5737429
-6.80062 18.979692 4.0808414
-5.6583661 18.939448 6.8146369
-5.5795016 20.147028 4.2471582
15.447721 26.234922 2.0063369
13.381052 25.172945 5.6986323
13.106416 26.277475 1.9368918
9.2244486 22.289642 11.915479
11.2661 23.767901 8.9622396
8.8125175 26.322521 1.8372508
11.257846 25.397079 5.5648054
10.891297 26.304233 1.8827832
12.202212 25.908837 3.8062585
0.84234609 11.856889 16.979559
2.7091095 14.676238 16.654111
0 12.826666 16.331069
7.2445133 20.796433 14.682953
4.9317793 18.010881 16.230652
-1.6746995 14.562335 14.735836
1.805634 15.700874 15.88794
-0.84480368 13.737403 15.577071
0.87438301 14.218394 16.122475
1.0905422 26.356918 1.7645343
3.25869 25.81818 5.2726712
2.9333081 26.351481 1.7726972
0 25.951508 3.4964429
7.3257607 22.738915 11.85333
5.363522 24.629867 8.6783608
8.2902869 23.435888 10.398747
6.7380398 26.334827 1.8135201
5.1386924 25.754775 5.3143958
4.8206081 26.344393 1.787756
7.9709896 26.058333 3.6447243
4.0440555 26.135815 3.555923
-1.9437101 22.910554 6.3323213
2.1551274 25.402534 7.0210876
-1.0293321 24.425248 4.9997682
1.0900072 25.865021 5.294485
10.237644 24.773091 7.2968573
6.2500899 25.167837 7.1023103
9.2680906 24.12146 8.8761383
9.1529566 25.544773 5.4924057
7.2906777 24.403053 8.7805067
7.1064679 25.660752 5.4094964
-4.8048121 17.024485 10.521711
-1.7469674 18.882172 11.669824
-4.0759659 16.560186 11.663624
-4.2054 18.426001 9.6371861
6.1793498 21.894769 13.531711
1.9399415 20.967942 12.958901
5.2053194 21.14862 14.895338
5.2494106 23.000344 12.029664
-2.5167032 15.343823 13.764676
-0.90931447 18.276145 12.842297
-3.3076833 15.994971 12.754186
-0.87566253 16.005367 14.369444
-2.5519397 17.405429 12.239984
-2.8024229 21.340602 7.5843713
-0.96115415 20.590983 10.803619
-3.5363739 19.874048 8.6568801
-1.000478 22.809271 8.0940369
-2.6521341 19.474177 10.206796
2.8520125 17.388135 15.598592
0.95598002 19.214067 13.501357
3.9625562 19.161741 15.279329
0.91310251 16.689695 14.983827
2.9557398 20.159536 14.176749
0 17.557885 13.958003
3.2499836 24.748801 8.7956327
1.0207887 21.868546 11.473927
4.2634473 23.960124 10.436722
1.0731108 24.465181 8.6816487
3.1609042 23.209991 12.164809
0 22.463181 9.8320017
0 -9.2124986 17.508011
0 -6.5254077 18.101796
0 -1.293154 18.658226
0 -3.8916741 18.476822
0 9.2124986 17.508011
0 6.5254077 18.101796
0 1.293154 18.658226
0 3.8916741 18.476822
-15.447721 -26.234922 -2.0063369
-13.381052 -25.172945 -5.6986323
-13.106416 -26.277475 -1.9368918
-9.2244486 -22.289642 -11.915479
-11.2661 -23.767901 -8.9622396
-8.8125175 -26.322521 -1.8372508
-11.257846 -25.397079 -5.5648054
-10.891297 -26.304233 -1.8827832
-12.202212 -25.908837 -3.8062585
-0.84234609 -11.856889 -16.979559
-2.7091095 -14.676238 -16.654111
-7.2445133 -20.796433 -14.682953
-4.9317793 -18.010881 -16.230652
-1.0905422 -26.356918 -1.7645343
-3.25869 -25.81818 -5.2726712
-2.9333081 -26.351481 -1.7726972
-7.3257607 -22.738915 -11.85333
-5.363522 -24.629867 -8.6783608
-8.2902869 -23.435888 -10.398747
-6.7380398 -26.334827 -1.8135201
-5.1386924 -25.754775 -5.3143958
-4.8206081 -26.344393 -1.787756
-7.9709896 -26.058333 -3.6447243
-4.0440555 -26.135815 -3.555923
-10.237644 -24.773091 -7.2968573
-6.2500899 -25.167837 -7.1023103
-9.2680906 -24.12146 -8.8761383
-9.1529566 -25.544773 -5.4924057
-7.2906777 -24.403053 -8.7805067
-7.1064679 -25.660752 -5.4094964
9.7681326 -16.589256 -1.2686768
8.9751202 -16.884339 -3.8222638
8.7704868 -17.584231 -1.2961197
6.8192251 -16.477742 -8.8085842
7.9887944 -16.853825 -6.3551266
6.6081747 -19.738267 -1.3776851
7.9331084 -17.896655 -3.9213723
7.7158751 -18.635078 -1.3338466
8.3753822 -17.783368 -2.6125485
0.81922561 -11.531445 -16.513509
2.4448387 -13.244586 -15.02952
0 -12.826666 -16.331069
5.4851159 -15.745826 -11.117062
4.0146482 -14.661514 -13.212342
-1.805634 -15.700874 -15.88794
1.6746995 -14.562335 -14.735836
-0.87438301 -14.218394 -16.122475
0.84480368 -13.737403 -15.577071
1.0453435 -25.264528 -1.6914013
2.8679453 -22.722361 -4.640433
2.6365516 -23.685558 -1.5933572
0 -25.951508 -3.4964429
5.6223827 -17.451687 -9.0972063
4.3723391 -20.078249 -7.0745932
6.2631798 -17.705441 -7.8560878
5.3661902 -20.973116 -1.4442915
4.2697899 -21.399895 -4.4157836
4.0730195 -22.258857 -1.5105076
6.1184223 -20.002019 -2.7976403
3.4918778 -22.567216 -3.0703952
-2.1551274 -25.402534 -7.0210876
1.9437101 -22.910554 -6.3323213
-1.0900072 -25.865021 -5.294485
1.0293321 -24.425248 -4.9997682
7.4099464 -17.930617 -5.2814224
5.0059177 -20.157809 -5.6884911
6.8640261 -17.864557 -6.5737429
6.80062 -18.979692 -4.0808414
5.6583661 -18.939448 -6.8146369
5.5795016 -20.147028 -4.2471582
-6.1793498 -21.894769 -13.531711
-1.9399415 -20.967942 -12.958901
-5.2053194 -21.14862 -14.895338
-5.2494106 -23.000344 -12.029664
4.8048121 -17.024485 -10.521711
1.7469674 -18.882172 -11.669824
4.0759659 -16.560186 -11.663624
4.2054 -18.426001 -9.6371861
-2.8520125 -17.388135 -15.598592
-0.95598002 -19.214067 -13.501357
-3.9625562 -19.161741 -15.279329
-0.91310251 -16.689695 -14.983827
-2.9557398 -20.159536 -14.176749
-3.2499836 -24.748801 -8.7956327
-1.0207887 -21.868546 -11.473927
-4.2634473 -23.960124 -10.436722
-1.0731108 -24.465181 -8.6816487
-3.1609042 -23.209991 -12.164809
2.5167032 -15.343823 -13.764676
0.90931447 -18.276145 -12.842297
3.3076833 -15.994971 -12.754186
0.87566253 -16.005367 -14.369444
2.5519397 -17.405429 -12.239984
0 -17.557885 -13.958003
2.8024229 -21.340602 -7.5843713
0.96115415 -20.590983 -10.803619
3.5363739 -19.874048 -8.6568801
1.000478 -22.809271 -8.0940369
2.6521341 -19.474177 -10.206796
0 -22.463181 -9.8320017
-9.7681326 16.589256 -1.2686768
-8.9751202 16.884339 -3.8222638
-8.7704868 17.584231 -1.2961197
-6.8192251 16.477742 -8.8085842
-7.9887944 16.853825 -6.3551266
-6.6081747 19.738267 -1.3776851
-7.9331084 17.896655 -3.9213723
-7.7158751 18.635078 -1.3338466
-8.3753822 17.783368 -2.6125485
-0.81922561 11.531445 -16.513509
-2.4448387 13.244586 -15.02952
-5.4851159 15.745826 -11.117062
-4.0146482 14.661514 -13.212342
-1.0453435 25.264528 -1.6914013
-2.8679453 22.722361 -4.640433
-2.6365516 23.685558 -1.5933572
-5.6223827 17.451687 -9.0972063
-4.3723391 20.078249 -7.0745932
-6.2631798 17.705441 -7.8560878
-5.3661902 20.973116 -1.4442915
-4.2697899 21.399895 -4.4157836
-4.0730195 22.258857 -1.5105076
-6.1184223 20.002019 -2.7976403
-3.4918778 22.567216 -3.0703952
-7.4099464 17.930617 -5.2814224
-5.0059177 20.157809 -5.6884911
-6.8640261 17.864557 -6.5737429
-6.80062 18.979692 -4.0808414
-5.6583661 18.939448 -6.8146369
-5.5795016 20.147028 -4.2471582
15.447721 26.234922 -2.0063369
13.381052 25.172945 -5.6986323
13.106416 26.277475 -1.9368918
9.2244486 22.289642 -11.915479
11.2661 23.767901 -8.9622396
8.8125175 26.322521 -1.8372508
11.257846 25.397079 -5.5648054
10.891297 26.304233 -1.8827832
12.202212 25.908837 -3.8062585
0.84234609 11.856889 -16.979559
2.7091095 14.676238 -16.654111
0 12.826666 -16.331069
7.2445133 20.796433 -14.682953
4.9317793 18.010881 -16.230652
-1.6746995 14.562335 -14.735836
1.805634 15.700874 -15.88794
-0.84480368 13.737403 -15.577071
0.87438301 14.218394 -16.122475
1.0905422 26.356918 -1.7645343
3.25869 25.81818 -5.2726712
2.9333081 26.351481 -1.7726972
0 25.951508 -3.4964429
7.3257607 22.738915 -11.85333
5.363522 24.629867 -8.6783608
8.2902869 23.435888 -10.398747
6.7380398 26.334827 -1.8135201
5.1386924 25.754775 -5.3143958
4.8206081 26.344393 -1.787756
7.9709896 26.058333 -3.6447243
4.0440555 26.135815 -3.555923
-1.9437101 22.910554 -6.3323213
2.1551274 25.402534 -7.0210876
-1.0293321 24.425248 -4.9997682
1.0900072 25.865021 -5.294485
10.237644 24.773091 -7.2968573
6.2500899 25.167837 -7.1023103
9.2680906 24.12146 -8.8761383
9.1529566 25.544773 -5.4924057
7.2906777 24.403053 -8.7805067
7.1064679 25.660752 -5.4094964
-4.8048121 17.024485 -10.521711
-1.7469674 18.882172 -11.669824
-4.0759659 16.560186 -11.663624
-4.2054 18.426001 -9.6371861
6.1793498 21.894769 -13.531711
1.9399415 20.967942 -12.958901
5.2053194 21.14862 -14.895338
5.2494106 23.000344 -12.029664
-2.5167032 15.343823 -13.764676
-0.90931447 18.276145 -12.842297
-3.3076833 15.994971 -12.754186
-0.87566253 16.005367 -14.369444
-2.5519397 17.405429 -12.239984
-2.8024229 21.340602 -7.5843713
-0.96115415 20.590983 -10.803619
-3.5363739 19.874048 -8.6568801
-1.000478 22.809271 -8.0940369
-2.6521341 19.474177 -10.206796
2.8520125 17.388135 -15.598592
0.95598002 19.214067 -13.501357
3.9625562 19.161741 -15.279329
0.91310251 16.689695 -14.983827
2.9557398 20.159536 -14.176749
0 17.557885 -13.958003
3.2499836 24.748801 -8.7956327
1.0207887 21.868546 -11.473927
4.2634473 23.960124 -10.436722
1.0731108 24.465181 -8.6816487
3.1609042 23.209991 -12.164809
0 22.463181 -9.8320017
0 -9.2124986 -17.508011
0 -6.5254077 -18.101796
0 -1.293154 -18.658226
0 -3.8916741 -18.476822
0 9.2124986 -17.508011
0 6.5254077 -18.101796
0 1.293154 -18.658226
0 3.8916741 -18.476822
18.374099 26.312475 -1.3053466
21.756481 24.688537 -4.0160625
17.225712 25.817381 -3.324101
23.176868 16.363617 -8.0737464
22.964354 20.694514 -6.2881503
14.780197 24.340805 -6.9540283
20.036676 23.674287 -5.9181121
15.994645 25.113714 -5.2152727
18.813748 24.989373 -4.6619977
21.244981 1.6247271 -12.50953
22.921806 5.1890212 -12.184426
23.150244 12.375535 -9.5806042
23.050999 8.691915 -10.926285
10.289511 21.131082 -13.059727
14.428458 20.028661 -12.378393
11.340991 21.91302 -11.655826
21.852202 15.876158 -9.8120054
18.432403 18.358381 -11.346103
21.676744 17.869632 -9.003899
13.56531 23.505149 -8.6537886
15.650275 20.863728 -10.93738
12.43608 22.709742 -10.183845
15.98988 23.176645 -8.2227102
13.498206 21.446966 -11.334162
20.87683 21.860032 -7.1077921
17.843509 20.087007 -10.420246
21.377059 19.903398 -8.1048333
18.477999 22.667332 -7.718134
19.857852 19.114452 -9.7895534
17.015996 21.728392 -9.3911789
10.853379 -15.542491 -0.77105397
12.283797 -13.939247 -2.267485
10.510059 -15.75216 -2.0281597
14.877408 -10.50393 -5.1825993
13.61635 -12.270484 -3.7284591
9.6798813 -15.941337 -4.5543486
11.893864 -14.053167 -3.5130188
10.117445 -15.88573 -3.2989312
11.220493 -14.903627 -2.780409
19.411513 -1.4845112 -11.429942
18.365913 -4.1576616 -9.7626733
16.085301 -8.5987951 -6.6568155
17.249272 -6.5042389 -8.176238
7.4583371 -15.316834 -9.4663241
9.8625297 -13.690532 -8.4612142
8.0724287 -15.597517 -8.2965259
14.360959 -10.433588 -6.4483118
12.132112 -12.083391 -7.4679462
13.783922 -11.363036 -5.7254468
9.180032 -15.906604 -5.8562655
10.426281 -13.899506 -7.2865306
8.6498629 -15.795666 -7.0833307
10.339314 -14.986392 -5.3169367
9.2753787 -14.73742 -7.7883416
12.562491 -13.154126 -4.2770658
11.584336 -13.040856 -6.7650165
13.182039 -12.273315 -4.9977983
11.467607 -14.067544 -4.7899413
12.684564 -12.209704 -6.2532554
10.975651 -14.015238 -6.0574942
1.2927132 -9.9532 -16.903557
3.7273327 -8.752211 -16.464993
2.0960239 -10.861735 -16.279243
1.2763255 -8.6365448 -17.315687
8.2937921 -6.4206954 -15.514749
6.0353409 -7.5868036 -16.005752
3.6906787 -12.495359 -14.763861
4.5127234 -9.5914107 -15.795639
2.9029279 -11.714925 -15.560356
3.3306235 -10.214641 -16.038342
1.2535728 -6.0128603 -17.960094
3.7067085 -7.4988341 -16.916956
1.2646229 -7.3154386 -17.667959
2.5148178 -8.0620745 -17.118124
18.33136 -0.90940814 -12.800857
15.500157 -2.5213969 -13.65933
17.957008 -2.3120435 -11.981163
10.573771 -5.2170582 -14.976327
12.948269 -3.934408 -14.368476
17.087061 -4.8816755 -10.375587
15.265234 -3.8160123 -12.919695
17.535607 -3.641555 -11.168232
16.571316 -3.0915316 -12.476046
6.6780054 -14.872507 -10.80524
7.587114 -12.325707 -12.276208
5.9843264 -14.407171 -11.876823
7.9459229 -14.097819 -10.295738
9.0975792 -7.1678099 -14.720192
8.3853257 -9.7740729 -13.567742
7.9794079 -7.7638765 -15.001333
4.5030682 -13.2263 -13.849197
6.8696782 -11.763558 -13.242612
5.2529559 -13.855035 -12.899917
4.9252893 -11.791644 -14.465047
6.4461079 -13.075761 -12.586255
10.355128 -12.551939 -9.3058389
8.8458085 -11.631969 -11.802365
9.1749356 -13.321038 -9.7944421
8.4103458 -12.862562 -11.076877
5.7178505 -8.9630586 -15.530646
7.2750461 -10.409848 -13.877599
6.8488456 -8.3635196 -15.272769
5.3308138 -10.366299 -15.025506
7.6386477 -9.0971036 -14.454163
6.1234289 -11.095118 -14.167792
1.2469712 -0.77067061 -18.626059
3.7149535 -2.2959676 -18.190655
1.2467672 -2.063044 -18.533431
8.3633396 -5.1688281 -16.043869
6.104743 -3.7729387 -17.325738
7.2200251 -5.7560859 -16.271932
1.2537938 -4.6584056 -18.206824
3.7051047 -3.5826073 -17.955783
1.2482016 -3.3657227 -18.393514
2.4919612 -5.449904 -17.816534
2.4895199 -2.8312639 -18.297818
4.9204655 -6.9035163 -16.705156
4.9357476 -4.3434974 -17.490378
6.0689639 -6.336957 -16.492788
3.7222907 -6.2031042 -17.312099
6.0932154 -5.0593515 -16.934451
3.7228334 -4.8906949 -17.659815
15.023425 -9.2849875 -7.3154654
13.81674 -8.539215 -9.9534487
15.560523 -8.2768484 -8.0532828
13.867363 -10.127435 -7.8160315
10.437014 -6.4504294 -14.365675
12.272106 -7.5845788 -12.321588
11.580118 -5.8348271 -14.047254
10.065293 -7.7680724 -13.782273
16.582852 -6.1052368 -9.5703089
14.226001 -7.4576885 -10.671191
16.084517 -7.2128617 -8.8080407
15.823643 -5.6139801 -10.916944
14.936226 -7.8934058 -9.4005029
11.568054 -11.737514 -8.7972026
12.603613 -9.3441491 -10.397758
12.711974 -10.947195 -8.3118818
10.872994 -11.349914 -10.101322
13.275906 -9.7612588 -9.1438511
13.962237 -4.5398233 -13.334256
13.403595 -6.953189 -11.90656
12.758839 -5.1955078 -13.703511
14.94217 -5.087748 -12.180587
12.530268 -6.4174337 -13.017596
14.592049 -6.3067961 -11.427364
9.2811045 -10.327605 -12.518577
11.810648 -8.8520161 -11.640132
9.6786036 -9.0664239 -13.16349
10.103986 -10.875862 -11.352907
10.97736 -8.3347851 -12.747001
11.360756 -10.110971 -10.883381
1.3431858 10.341812 -17.563538
4.1337471 9.7065192 -18.260274
2.2477932 11.648214 -17.457994
1.3186585 8.9230006 -17.890011
9.9499946 7.7028557 -18.612917
7.0274737 8.8339772 -18.636893
4.302856 14.567979 -17.212761
5.2041415 11.060961 -18.215772
3.2352863 13.056176 -17.341873
3.712128 11.384672 -17.875445
1.2815597 6.1471018 -18.361066
4.0426787 8.1785166 -18.450283
1.2995438 7.5174443 -18.155835
2.6750332 8.5756976 -18.208695
19.275286 0.95623578 -13.460004
17.595512 2.8622463 -15.505836
20.570316 2.6485184 -13.724798
17.67619 0 -13.883143
12.786502 6.3088112 -18.110364
15.388134 4.6757754 -17.075954
21.990742 6.282629 -13.353195
18.703367 4.6754788 -15.829551
21.948839 4.5580347 -13.978971
19.716792 3.6783491 -14.84418
14.783595 -1.6801273 -14.609532
15.963424 1.8142125 -15.775469
16.177181 -0.87734992 -14.266639
16.878205 0.91536917 -14.884873
9.0728883 20.206123 -14.680242
10.574742 17.179281 -17.110291
8.069954 19.428287 -16.016074
11.092008 19.679668 -14.372202
11.495969 9.057456 -18.600869
11.515136 13.422231 -18.631881
9.9359557 9.6675759 -18.679654
5.5485531 16.297072 -17.064588
9.3758426 16.055084 -18.07372
6.8803957 18.14752 -16.896493
6.0300548 14.436565 -17.709624
8.8428401 17.937469 -17.26596
15.093449 18.29548 -13.564023
12.496968 16.433133 -16.673861
13.118089 19.04608 -14.003844
11.831593 18.094928 -15.582844
6.8036971 10.665185 -18.479988
9.6703474 13.83728 -18.446784
8.356522 10.20463 -18.634853
6.4489894 12.540703 -18.177211
9.847187 11.727322 -18.633251
7.8362687 14.198635 -18.130793
1.2504195 0.77280174 -18.677565
3.8092251 2.3542306 -18.652265
1.2560597 2.0784204 -18.671566
2.5054926 0 -18.596418
9.6427202 5.9595288 -18.498177
6.5525312 4.049687 -18.596596
8.2720624 6.594811 -18.642932
1.2753206 4.7383876 -18.519425
3.8546268 3.727186 -18.680401
1.2635053 3.4069884 -18.619029
2.5949983 5.6752454 -18.553208
2.5413804 2.8902435 -18.67899
5.0025793 -1.535545 -18.099502
5.1164746 1.5705052 -18.511579
3.7669129 -0.77551681 -18.402409
3.7988485 0.78209159 -18.558424
5.4830509 7.6928354 -18.615153
5.2701206 4.6377483 -18.675266
6.8735809 7.1771043 -18.679385
3.9960751 6.6593592 -18.58545
6.7152526 5.5758448 -18.663236
3.9337286 5.1677484 -18.660228
21.964919 13.575067 -10.695537
19.525275 12.067284 -14.065823
22.008785 11.706764 -11.390553
20.544775 15.003996 -11.579607
13.317942 8.2309409 -18.331031
17.107981 10.573314 -17.176961
14.793482 7.4539316 -17.945222
13.548811 10.456541 -18.552208
22.012346 8.1041898 -12.703782
19.664862 10.3089 -14.750983
22.022549 9.8756837 -12.059766
20.929492 7.4254553 -14.439539
20.836904 11.01176 -13.114248
17.098054 17.348522 -13.002623
17.993683 13.340275 -14.844471
18.895673 16.272424 -12.355171
15.732535 16.422608 -14.615974
19.250861 14.154411 -13.259133
17.497692 5.6893767 -16.710696
18.448337 9.5701772 -16.387861
16.202633 6.5978502 -17.402287
19.799075 6.7415043 -16.139847
17.065133 8.7399856 -17.728831
19.738957 8.5313298 -15.458025
13.131679 14.612355 -17.712324
16.690796 12.509661 -16.449823
13.684008 12.818484 -18.611085
14.407742 15.508395 -16.188636
15.453787 11.733604 -17.945066
16.261275 14.47239 -15.577982
9.7393235 -4.4475296 -15.758556
10.316315 -1.5443477 -16.692149
10.920054 -3.8161183 -15.504455
8.628477 -3.7652273 -16.49738
11.23293 5.1295953 -18.175262
10.822228 1.6200826 -17.510733
12.516554 4.3740307 -17.771189
9.5647697 4.1737995 -18.287543
13.404429 -2.4508366 -14.942248
11.588377 -0.82052918 -16.491665
12.145322 -3.1497797 -15.231397
13.91038 -0.84768749 -15.494039
11.260026 -2.3476261 -16.011915
6.2776443 -2.3195877 -17.663785
9.087655 -0.80849177 -17.320469
7.4648347 -3.0494181 -17.137408
6.3802242 -0.78863908 -17.979689
8.8715087 -2.305173 -16.9265
14.878046 2.7202694 -16.584925
11.917658 0.84384432 -16.960272
13.745249 3.5647065 -17.237859
14.405666 0.87786984 -16.045712
12.224011 2.5486095 -17.382716
12.945421 0 -16.28415
6.5572226 2.4228918 -18.450451
9.2852539 0.82607135 -17.697079
8.0052695 3.2701881 -18.378112
6.4742587 0.80026239 -18.244681
9.4420806 2.4534305 -18.015129
7.8108565 0 -17.845469
18.374099 26.312475 1.3053466
21.756481 24.688537 4.0160625
17.225712 25.817381 3.324101
20.749393 26.418384 0
23.176868 16.363617 8.0737464
22.964354 20.694514 6.2881503
14.780197 24.340805 6.9540283
20.036676 23.674287 5.9181121
15.994645 25.113714 5.2152727
18.813748 24.989373 4.6619977
24.292903 24.582338 -2.7937356
24.292903 24.582338 2.7937356
23.036654 26.121647 -1.4166761
23.036654 26.121647 1.4166761
21.244981 1.6247271 12.50953
22.921806 5.1890212 12.184426
23.150244 12.375535 9.5806042
23.050999 8.691915 10.926285
10.289511 21.131082 13.059727
14.428458 20.028661 12.378393
11.340991 21.91302 11.655826
21.852202 15.876158 9.8120054
18.432403 18.358381 11.346103
21.676744 17.869632 9.003899
13.56531 23.505149 8.6537886
15.650275 20.863728 10.93738
12.43608 22.709742 10.183845
15.98988 23.176645 8.2227102
13.498206 21.446966 11.334162
20.87683 21.860032 7.1077921
17.843509 20.087007 10.420246
21.377059 19.903398 8.1048333
18.477999 22.667332 7.718134
19.857852 19.114452 9.7895534
17.015996 21.728392 9.3911789
24.343271 15.044969 -6.8703893
26.133677 16.151501 -2.4178722
24.449781 17.220402 -6.0178356
24.343271 15.044969 6.8703893
26.133677 16.151501 2.4178722
24.449781 17.220402 6.0178356
24.565538 22.037315 -4.0292544
26.310346 18.487776 -1.3090495
24.539075 19.567146 -5.0745629
26.079577 23.413961 -1.4268282
25.583595 17.991099 -3.7510015
24.565538 22.037315 4.0292544
26.310346 18.487776 1.3090495
24.539075 19.567146 5.0745629
26.079577 23.413961 1.4268282
25.583595 17.991099 3.7510015
26.418384 21.00184 0
10.853379 -15.542491 0.77105397
12.283797 -13.939247 2.267485
10.510059 -15.75216 2.0281597
11.621608 -14.796776 0
14.877408 -10.50393 5.1825993
13.61635 -12.270484 3.7284591
9.6798813 -15.941337 4.5543486
11.893864 -14.053167 3.5130188
10.117445 -15.88573 3.2989312
11.220493 -14.903627 2.780409
13.088274 -13.244213 -1.5051794
13.088274 -13.244213 1.5051794
12.369963 -14.026507 -0.76071075
12.369963 -14.026507 0.76071075
19.411513 -1.4845112 11.429942
18.365913 -4.1576616 9.7626733
16.085301 -8.5987951 6.6568155
17.249272 -6.5042389 8.176238
7.4583371 -15.316834 9.4663241
9.8625297 -13.690532 8.4612142
8.0724287 -15.597517 8.2965259
14.360959 -10.433588 6.4483118
12.132112 -12.083391 7.4679462
13.783922 -11.363036 5.7254468
9.180032 -15.906604 5.8562655
10.426281 -13.899506 7.2865306
8.6498629 -15.795666 7.0833307
10.339314 -14.986392 5.3169367
9.2753787 -14.73742 7.7883416
12.562491 -13.154126 4.2770658
11.584336 -13.040856 6.7650165
13.182039 -12.273315 4.9977983
11.467607 -14.067544 4.7899413
12.684564 -12.209704 6.2532554
10.975651 -14.015238 6.0574942
15.852277 -9.7972458 -4.4739803
16.274336 -10.058093 -1.5056919
15.18735 -10.696712 -3.7380693
15.852277 -9.7972458 4.4739803
16.274336 -10.058093 1.5056919
15.18735 -10.696712 3.7380693
13.82285 -12.400237 -2.2672323
15.502526 -10.893328 -0.77131539
14.507431 -11.568041 -3.0000671
13.909056 -12.487399 -0.7609722
15.397099 -10.82767 -2.2574835
13.82285 -12.400237 2.2672323
15.502526 -10.893328 0.77131539
14.507431 -11.568041 3.0000671
13.909056 -12.487399 0.7609722
15.397099 -10.82767 2.2574835
14.718003 -11.700381 0
1.2927132 -9.9532 16.903557
3.7273327 -8.752211 16.464993
2.0960239 -10.861735 16.279243
1.2763255 -8.6365448 17.315687
8.2937921 -6.4206954 15.514749
6.0353409 -7.5868036 16.005752
3.6906787 -12.495359 14.763861
4.5127234 -9.5914107 15.795639
2.9029279 -11.714925 15.560356
3.3306235 -10.214641 16.038342
1.2535728 -6.0128603 17.960094
3.7067085 -7.4988341 16.916956
1.2646229 -7.3154386 17.667959
2.5148178 -8.0620745 17.118124
18.33136 -0.90940814 12.800857
15.500157 -2.5213969 13.65933
17.957008 -2.3120435 11.981163
10.573771 -5.2170582 14.976327
12.948269 -3.934408 14.368476
17.087061 -4.8816755 10.375587
15.265234 -3.8160123 12.919695
17.535607 -3.641555 11.168232
16.571316 -3.0915316 12.476046
6.6780054 -14.872507 10.80524
7.587114 -12.325707 12.276208
5.9843264 -14.407171 11.876823
7.9459229 -14.097819 10.295738
9.0975792 -7.1678099 14.720192
8.3853257 -9.7740729 13.567742
7.9794079 -7.7638765 15.001333
4.5030682 -13.2263 13.849197
6.8696782 -11.763558 13.242612
5.2529559 -13.855035 12.899917
4.9252893 -11.791644 14.465047
6.4461079 -13.075761 12.586255
10.355128 -12.551939 9.3058389
8.8458085 -11.631969 11.802365
9.1749356 -13.321038 9.7944421
8.4103458 -12.862562 11.076877
5.7178505 -8.9630586 15.530646
7.2750461 -10.409848 13.877599
6.8488456 -8.3635196 15.272769
5.3308138 -10.366299 15.025506
7.6386477 -9.0971036 14.454163
6.1234289 -11.095118 14.167792
1.2469712 -0.77067061 18.626059
3.7149535 -2.2959676 18.190655
1.2467672 -2.063044 18.533431
8.3633396 -5.1688281 16.043869
6.104743 -3.7729387 17.325738
7.2200251 -5.7560859 16.271932
1.2537938 -4.6584056 18.206824
3.7051047 -3.5826073 17.955783
1.2482016 -3.3657227 18.393514
2.4919612 -5.449904 17.816534
2.4895199 -2.8312639 18.297818
4.9204655 -6.9035163 16.705156
4.9357476 -4.3434974 17.490378
6.0689639 -6.336957 16.492788
3.7222907 -6.2031042 17.312099
6.0932154 -5.0593515 16.934451
3.7228334 -4.8906949 17.659815
15.023425 -9.2849875 7.3154654
13.81674 -8.539215 9.9534487
15.560523 -8.2768484 8.0532828
13.867363 -10.127435 7.8160315
10.437014 -6.4504294 14.365675
12.272106 -7.5845788 12.321588
11.580118 -5.8348271 14.047254
10.065293 -7.7680724 13.782273
16.582852 -6.1052368 9.5703089
14.226001 -7.4576885 10.671191
16.084517 -7.2128617 8.8080407
15.823643 -5.6139801 10.916944
14.936226 -7.8934058 9.4005029
11.568054 -11.737514 8.7972026
12.603613 -9.3441491 10.397758
12.711974 -10.947195 8.3118818
10.872994 -11.349914 10.101322
13.275906 -9.7612588 9.1438511
13.962237 -4.5398233 13.334256
13.403595 -6.953189 11.90656
12.758839 -5.1955078 13.703511
14.94217 -5.087748 12.180587
12.530268 -6.4174337 13.017596
14.592049 -6.3067961 11.427364
9.2811045 -10.327605 12.518577
11.810648 -8.8520161 11.640132
9.6786036 -9.0664239 13.16349
10.103986 -10.875862 11.352907
10.97736 -8.3347851 12.747001
11.360756 -10.110971 10.883381
1.3431858 10.341812 17.563538
4.1337471 9.7065192 18.260274
2.2477932 11.648214 17.457994
1.3186585 8.9230006 17.890011
9.9499946 7.7028557 18.612917
7.0274737 8.8339772 18.636893
4.302856 14.567979 17.212761
5.2041415 11.060961 18.215772
3.2352863 13.056176 17.341873
3.712128 11.384672 17.875445
1.2815597 6.1471018 18.361066
4.0426787 8.1785166 18.450283
1.2995438 7.5174443 18.155835
2.6750332 8.5756976 18.208695
19.275286 0.95623578 13.460004
17.595512 2.8622463 15.505836
20.570316 2.6485184 13.724798
17.67619 0 13.883143
12.786502 6.3088112 18.110364
15.388134 4.6757754 17.075954
21.990742 6.282629 13.353195
18.703367 4.6754788 15.829551
21.948839 4.5580347 13.978971
19.716792 3.6783491 14.84418
14.783595 -1.6801273 14.609532
15.963424 1.8142125 15.775469
16.177181 -0.87734992 14.266639
16.878205 0.91536917 14.884873
9.0728883 20.206123 14.680242
10.574742 17.179281 17.110291
8.069954 19.428287 16.016074
11.092008 19.679668 14.372202
11.495969 9.057456 18.600869
11.515136 13.422231 18.631881
9.9359557 9.6675759 18.679654
5.5485531 16.297072 17.064588
9.3758426 16.055084 18.07372
6.8803957 18.14752 16.896493
6.0300548 14.436565 17.709624
8.8428401 17.937469 17.26596
15.093449 18.29548 13.564023
12.496968 16.433133 16.673861
13.118089 19.04608 14.003844
11.831593 18.094928 15.582844
6.8036971 10.665185 18.479988
9.6703474 13.83728 18.446784
8.356522 10.20463 18.634853
6.4489894 12.540703 18.177211
9.847187 11.727322 18.633251
7.8362687 14.198635 18.130793
1.2504195 0.77280174 18.677565
3.8092251 2.3542306 18.652265
1.2560597 2.0784204 18.671566
2.5054926 0 18.596418
9.6427202 5.9595288 18.498177
6.5525312 4.049687 18.596596
8.2720624 6.594811 18.642932
1.2753206 4.7383876 18.519425
3.8546268 3.727186 18.680401
1.2635053 3.4069884 18.619029
2.5949983 5.6752454 18.553208
2.5413804 2.8902435 18.67899
5.0025793 -1.535545 18.099502
5.1164746 1.5705052 18.511579
3.7669129 -0.77551681 18.402409
3.7988485 0.78209159 18.558424
5.4830509 7.6928354 18.615153
5.2701206 4.6377483 18.675266
6.8735809 7.1771043 18.679385
3.9960751 6.6593592 18.58545
6.7152526 5.5758448 18.663236
3.9337286 5.1677484 18.660228
21.964919 13.575067 10.695537
19.525275 12.067284 14.065823
22.008785 11.706764 11.390553
20.544775 15.003996 11.579607
13.317942 8.2309409 18.331031
17.107981 10.573314 17.176961
14.793482 7.4539316 17.945222
13.548811 10.456541 18.552208
22.012346 8.1041898 12.703782
19.664862 10.3089 14.750983
22.022549 9.8756837 12.059766
20.929492 7.4254553 14.439539
20.836904 11.01176 13.114248
17.098054 17.348522 13.002623
17.993683 13.340275 14.844471
18.895673 16.272424 12.355171
15.732535 16.422608 14.615974
19.250861 14.154411 13.259133
17.497692 5.6893767 16.710696
18.448337 9.5701772 16.387861
16.202633 6.5978502 17.402287
19.799075 6.7415043 16.139847
17.065133 8.7399856 17.728831
19.738957 8.5313298 15.458025
13.131679 14.612355 17.712324
16.690796 12.509661 16.449823
13.684008 12.818484 18.611085
14.407742 15.508395 16.188636
15.453787 11.733604 17.945066
16.261275 14.47239 15.577982
9.7393235 -4.4475296 15.758556
10.316315 -1.5443477 16.692149
10.920054 -3.8161183 15.504455
8.628477 -3.7652273 16.49738
11.23293 5.1295953 18.175262
10.822228 1.6200826 17.510733
12.516554 4.3740307 17.771189
9.5647697 4.1737995 18.287543
13.404429 -2.4508366 14.942248
11.588377 -0.82052918 16.491665
12.145322 -3.1497797 15.231397
13.91038 -0.84768749 15.494039
11.260026 -2.3476261 16.011915
6.2776443 -2.3195877 17.663785
9.087655 -0.80849177 17.320469
7.4648347 -3.0494181 17.137408
6.3802242 -0.78863908 17.979689
8.8715087 -2.305173 16.9265
14.878046 2.7202694 16.584925
11.917658 0.84384432 16.960272
13.745249 3.5647065 17.237859
14.405666 0.87786984 16.045712
12.224011 2.5486095 17.382716
12.945421 0 16.28415
6.5572226 2.4228918 18.450451
9.2852539 0.82607135 17.697079
8.0052695 3.2701881 18.378112
6.4742587 0.80026239 18.244681
9.4420806 2.4534305 18.015129
7.8108565 0 17.845469
21.194156 0 -11.152102
23.536325 0 -8.4844684
22.690667 1.672511 -11.317423
20.564226 -1.5157728 -10.256819
26.29239 0 -1.8222585
25.319029 0 -5.3328117
23.795038 5.2137788 -10.547704
24.998914 1.744866 -8.3693869
23.701969 3.4820482 -11.162849
24.06803 1.7227221 -9.9653954
19.271603 -4.2226399 -8.5425861
22.581995 -1.5761707 -7.5602265
19.919142 -2.9263144 -9.3812617
21.634404 -1.54853 -8.9577498
21.194156 0 11.152102
23.536325 0 8.4844684
22.690667 1.672511 11.317423
20.564226 -1.5157728 10.256819
26.29239 0 1.8222585
25.319029 0 5.3328117
23.795038 5.2137788 10.547704
24.998914 1.744866 8.3693869
23.701969 3.4820482 11.162849
24.06803 1.7227221 9.9653954
19.271603 -4.2226399 8.5425861
22.581995 -1.5761707 7.5602265
19.919142 -2.9263144 9.3812617
21.634404 -1.54853 8.9577498
24.213098 12.621791 -7.8006961
25.531264 8.995969 -5.5598146
24.105913 10.696044 -8.5273036
25.173011 13.166015 -5.7452826
26.394194 1.7670298 -1.0920845
26.15975 5.3424277 -3.3018019
26.245278 1.7655529 -2.9214862
23.901119 7.0400199 -9.8772956
25.386291 7.1639577 -6.3043401
24.000666 8.8316887 -9.2216782
24.582728 5.2855555 -8.8082459
24.842662 8.9386829 -7.4220154
26.35826 13.829578 -1.2303614
26.076533 9.2675038 -3.4243398
25.932198 13.591571 -3.531634
25.72939 11.207392 -4.5782693
25.551731 1.759593 -6.5376765
25.790792 5.3218278 -5.1458787
25.960771 1.761723 -4.7504113
25.128559 3.5146788 -7.686581
26.062863 3.5459975 -4.0327675
25.258532 5.324705 -6.9950773
16.635826 -8.6719146 -5.359538
19.047499 -6.7114071 -4.1478777
17.290317 -7.6718932 -6.1163327
16.969159 -8.875227 -3.8729022
24.723559 -1.6551847 -1.0229604
21.701011 -4.4318497 -2.7390337
24.488251 -1.6473554 -2.7259031
18.599811 -5.4785319 -7.6864951
19.872024 -5.6078431 -4.9349468
17.947952 -6.6044304 -6.8960686
20.067993 -4.314838 -7.1905694
18.553022 -6.6755962 -5.542917
17.31098 -9.0826765 -0.80804886
19.310836 -6.863 -2.5358764
17.196779 -9.013167 -2.3419815
18.126124 -7.8955066 -3.2253495
23.411215 -1.6121886 -5.9900032
21.323946 -4.4001118 -4.2546363
24.043618 -1.6316232 -4.3996025
21.66871 -3.030757 -6.628247
22.834737 -3.106793 -3.533272
20.759786 -4.3763326 -5.7491983
24.213098 12.621791 7.8006961
25.531264 8.995969 5.5598146
24.105913 10.696044 8.5273036
25.173011 13.166015 5.7452826
26.394194 1.7670298 1.0920845
26.15975 5.3424277 3.3018019
26.245278 1.7655529 2.9214862
26.418384 3.559345 0
23.901119 7.0400199 9.8772956
25.386291 7.1639577 6.3043401
24.000666 8.8316887 9.2216782
24.582728 5.2855555 8.8082459
24.842662 8.9386829 7.4220154
26.35826 13.829578 1.2303614
26.076533 9.2675038 3.4243398
25.932198 13.591571 3.531634
26.418384 11.563171 0
25.72939 11.207392 4.5782693
25.551731 1.759593 6.5376765
25.790792 5.3218278 5.1458787
25.960771 1.761723 4.7504113
25.128559 3.5146788 7.686581
26.062863 3.5459975 4.0327675
25.258532 5.324705 6.9950773
26.288525 7.2659697 -2.2302941
26.288525 7.2659697 2.2302941
26.388961 5.4017338 -1.1120871
26.37914 9.3608312 -1.1570624
26.388961 5.4017338 1.1120871
26.37914 9.3608312 1.1570624
16.635826 -8.6719146 5.359538
19.047499 -6.7114071 4.1478777
17.290317 -7.6718932 6.1163327
16.969159 -8.875227 3.8729022
24.723559 -1.6551847 1.0229604
21.701011 -4.4318497 2.7390337
24.488251 -1.6473554 2.7259031
23.281651 -3.1367333 0
18.599811 -5.4785319 7.6864951
19.872024 -5.6078431 4.9349468
17.947952 -6.6044304 6.8960686
20.067993 -4.314838 7.1905694
18.553022 -6.6755962 5.542917
17.31098 -9.0826765 0.80804886
19.310836 -6.863 2.5358764
17.196779 -9.013167 2.3419815
18.375525 -8.0428589 0
18.126124 -7.8955066 3.2253495
23.411215 -1.6121886 5.9900032
21.323946 -4.4001118 4.2546363
24.043618 -1.6316232 4.3996025
21.66871 -3.030757 6.628247
22.834737 -3.106793 3.533272
20.759786 -4.3763326 5.7491983
20.606844 -5.6955917 -1.7482656
20.606844 -5.6955917 1.7482656
21.902703 -4.4834115 -0.92302666
19.478611 -6.9121276 -0.85438596
21.902703 -4.4834115 0.92302666
19.478611 -6.9121276 0.85438596
-10.853379 15.542491 -0.77105397
-12.283797 13.939247 -2.267485
-10.510059 15.75216 -2.0281597
-14.877408 10.50393 -5.1825993
-13.61635 12.270484 -3.7284591
-9.6798813 15.941337 -4.5543486
-11.893864 14.053167 -3.5130188
-10.117445 15.88573 -3.2989312
-11.220493 14.903627 -2.780409
-19.411513 1.4845112 -11.429942
-18.365913 4.1576616 -9.7626733
-16.085301 8.5987951 -6.6568155
-17.249272 6.5042389 -8.176238
-7.4583371 15.316834 -9.4663241
-9.8625297 13.690532 -8.4612142
-8.0724287 15.597517 -8.2965259
-14.360959 10.433588 -6.4483118
-12.132112 12.083391 -7.4679462
-13.783922 11.363036 -5.7254468
-9.180032 15.906604 -5.8562655
-10.426281 13.899506 -7.2865306
-8.6498629 15.795666 -7.0833307
-10.339314 14.986392 -5.3169367
-9.2753787 14.73742 -7.7883416
-12.562491 13.154126 -4.2770658
-11.584336 13.040856 -6.7650165
-13.182039 12.273315 -4.9977983
-11.467607 14.067544 -4.7899413
-12.684564 12.209704 -6.2532554
-10.975651 14.015238 -6.0574942
-18.374099 -26.312475 -1.3053466
-21.756481 -24.688537 -4.0160625
-17.225712 -25.817381 -3.324101
-23.176868 -16.363617 -8.0737464
-22.964354 -20.694514 -6.2881503
-14.780197 -24.340805 -6.9540283
-20.036676 -23.674287 -5.9181121
-15.994645 -25.113714 -5.2152727
-18.813748 -24.989373 -4.6619977
-21.244981 -1.6247271 -12.50953
-22.921806 -5.1890212 -12.184426
-23.150244 -12.375535 -9.5806042
-23.050999 -8.691915 -10.926285
-10.289511 -21.131082 -13.059727
-14.428458 -20.028661 -12.378393
-11.340991 -21.91302 -11.655826
-21.852202 -15.876158 -9.8120054
-18.432403 -18.358381 -11.346103
-21.676744 -17.869632 -9.003899
-13.56531 -23.505149 -8.6537886
-15.650275 -20.863728 -10.93738
-12.43608 -22.709742 -10.183845
-15.98988 -23.176645 -8.2227102
-13.498206 -21.446966 -11.334162
-20.87683 -21.860032 -7.1077921
-17.843509 -20.087007 -10.420246
-21.377059 -19.903398 -8.1048333
-18.477999 -22.667332 -7.718134
-19.857852 -19.114452 -9.7895534
-17.015996 -21.728392 -9.3911789
-1.3431858 -10.341812 -17.563538
-4.1337471 -9.7065192 -18.260274
-2.2477932 -11.648214 -17.457994
-1.3186585 -8.9230006 -17.890011
-9.9499946 -7.7028557 -18.612917
-7.0274737 -8.8339772 -18.636893
-4.302856 -14.567979 -17.212761
-5.2041415 -11.060961 -18.215772
-3.2352863 -13.056176 -17.341873
-3.712128 -11.384672 -17.875445
-1.2815597 -6.1471018 -18.361066
-4.0426787 -8.1785166 -18.450283
-1.2995438 -7.5174443 -18.155835
-2.6750332 -8.5756976 -18.208695
-19.275286 -0.95623578 -13.460004
-17.595512 -2.8622463 -15.505836
-20.570316 -2.6485184 -13.724798
-12.786502 -6.3088112 -18.110364
-15.388134 -4.6757754 -17.075954
-21.990742 -6.282629 -13.353195
-18.703367 -4.6754788 -15.829551
-21.948839 -4.5580347 -13.978971
-19.716792 -3.6783491 -14.84418
-9.0728883 -20.206123 -14.680242
-10.574742 -17.179281 -17.110291
-8.069954 -19.428287 -16.016074
-11.092008 -19.679668 -14.372202
-11.495969 -9.057456 -18.600869
-11.515136 -13.422231 -18.631881
-9.9359557 -9.6675759 -18.679654
-5.5485531 -16.297072 -17.064588
-9.3758426 -16.055084 -18.07372
-6.8803957 -18.14752 -16.896493
-6.0300548 -14.436565 -17.709624
-8.8428401 -17.937469 -17.26596
-15.093449 -18.29548 -13.564023
-12.496968 -16.433133 -16.673861
-13.118089 -19.04608 -14.003844
-11.831593 -18.094928 -15.582844
-6.8036971 -10.665185 -18.479988
-9.6703474 -13.83728 -18.446784
-8.356522 -10.20463 -18.634853
-6.4489894 -12.540703 -18.177211
-9.847187 -11.727322 -18.633251
-7.8362687 -14.198635 -18.130793
-1.2504195 -0.77280174 -18.677565
-3.8092251 -2.3542306 -18.652265
-1.2560597 -2.0784204 -18.671566
-9.6427202 -5.9595288 -18.498177
-6.5525312 -4.049687 -18.596596
-8.2720624 -6.594811 -18.642932
-1.2753206 -4.7383876 -18.519425
-3.8546268 -3.727186 -18.680401
-1.2635053 -3.4069884 -18.619029
-2.5949983 -5.6752454 -18.553208
-2.5413804 -2.8902435 -18.67899
-5.4830509 -7.6928354 -18.615153
-5.2701206 -4.6377483 -18.675266
-6.8735809 -7.1771043 -18.679385
-3.9960751 -6.6593592 -18.58545
-6.7152526 -5.5758448 -18.663236
-3.9337286 -5.1677484 -18.660228
-21.964919 -13.575067 -10.695537
-19.525275 -12.067284 -14.065823
-22.008785 -11.706764 -11.390553
-20.544775 -15.003996 -11.579607
-13.317942 -8.2309409 -18.331031
-17.107981 -10.573314 -17.176961
-14.793482 -7.4539316 -17.945222
-13.548811 -10.456541 -18.552208
-22.012346 -8.1041898 -12.703782
-19.664862 -10.3089 -14.750983
-22.022549 -9.8756837 -12.059766
-20.929492 -7.4254553 -14.439539
-20.836904 -11.01176 -13.114248
-17.098054 -17.348522 -13.002623
-17.993683 -13.340275 -14.844471
-18.895673 -16.272424 -12.355171
-15.732535 -16.422608 -14.615974
-19.250861 -14.154411 -13.259133
-17.497692 -5.6893767 -16.710696
-18.448337 -9.5701772 -16.387861
-16.202633 -6.5978502 -17.402287
-19.799075 -6.7415043 -16.139847
-17.065133 -8.7399856 -17.728831
-19.738957 -8.5313298 -15.458025
-13.131679 -14.612355 -17.712324
-16.690796 -12.509661 -16.449823
-13.684008 -12.818484 -18.611085
-14.407742 -15.508395 -16.188636
-15.453787 -11.733604 -17.945066
-16.261275 -14.47239 -15.577982
-1.2927132 9.9532 -16.903557
-3.7273327 8.752211 -16.464993
-2.0960239 10.861735 -16.279243
-1.2763255 8.6365448 -17.315687
-8.2937921 6.4206954 -15.514749
-6.0353409 7.5868036 -16.005752
-3.6906787 12.495359 -14.763861
-4.5127234 9.5914107 -15.795639
-2.9029279 11.714925 -15.560356
-3.3306235 10.214641 -16.038342
-1.2535728 6.0128603 -17.960094
-3.7067085 7.4988341 -16.916956
-1.2646229 7.3154386 -17.667959
-2.5148178 8.0620745 -17.118124
-18.33136 0.90940814 -12.800857
-15.500157 2.5213969 -13.65933
-17.957008 2.3120435 -11.981163
-17.67619 0 -13.883143
-10.573771 5.2170582 -14.976327
-12.948269 3.934408 -14.368476
-17.087061 4.8816755 -10.375587
-15.265234 3.8160123 -12.919695
-17.535607 3.641555 -11.168232
-16.571316 3.0915316 -12.476046
-15.963424 -1.8142125 -15.775469
-14.783595 1.6801273 -14.609532
-16.878205 -0.91536917 -14.884873
-16.177181 0.87734992 -14.266639
-6.6780054 14.872507 -10.80524
-7.587114 12.325707 -12.276208
-5.9843264 14.407171 -11.876823
-7.9459229 14.097819 -10.295738
-9.0975792 7.1678099 -14.720192
-8.3853257 9.7740729 -13.567742
-7.9794079 7.7638765 -15.001333
-4.5030682 13.2263 -13.849197
-6.8696782 11.763558 -13.242612
-5.2529559 13.855035 -12.899917
-4.9252893 11.791644 -14.465047
-6.4461079 13.075761 -12.586255
-10.355128 12.551939 -9.3058389
-8.8458085 11.631969 -11.802365
-9.1749356 13.321038 -9.7944421
-8.4103458 12.862562 -11.076877
-5.7178505 8.9630586 -15.530646
-7.2750461 10.409848 -13.877599
-6.8488456 8.3635196 -15.272769
-5.3308138 10.366299 -15.025506
-7.6386477 9.0971036 -14.454163
-6.1234289 11.095118 -14.167792
-1.2469712 0.77067061 -18.626059
-3.7149535 2.2959676 -18.190655
-1.2467672 2.063044 -18.533431
-2.5054926 0 -18.596418
-8.3633396 5.1688281 -16.043869
-6.104743 3.7729387 -17.325738
-7.2200251 5.7560859 -16.271932
-1.2537938 4.6584056 -18.206824
-3.7051047 3.5826073 -17.955783
-1.2482016 3.3657227 -18.393514
-2.4919612 5.449904 -17.816534
-2.4895199 2.8312639 -18.297818
-5.1164746 -1.5705052 -18.511579
-5.0025793 1.535545 -18.099502
-3.7988485 -0.78209159 -18.558424
-3.7669129 0.77551681 -18.402409
-4.9204655 6.9035163 -16.705156
-4.9357476 4.3434974 -17.490378
-6.0689639 6.336957 -16.492788
-3.7222907 6.2031042 -17.312099
-6.0932154 5.0593515 -16.934451
-3.7228334 4.8906949 -17.659815
-15.023425 9.2849875 -7.3154654
-13.81674 8.539215 -9.9534487
-15.560523 8.2768484 -8.0532828
-13.867363 10.127435 -7.8160315
-10.437014 6.4504294 -14.365675
-12.272106 7.5845788 -12.321588
-11.580118 5.8348271 -14.047254
-10.065293 7.7680724 -13.782273
-16.582852 6.1052368 -9.5703089
-14.226001 7.4576885 -10.671191
-16.084517 7.2128617 -8.8080407
-15.823643 5.6139801 -10.916944
-14.936226 7.8934058 -9.4005029
-11.568054 11.737514 -8.7972026
-12.603613 9.3441491 -10.397758
-12.711974 10.947195 -8.3118818
-10.872994 11.349914 -10.101322
-13.275906 9.7612588 -9.1438511
-13.962237 4.5398233 -13.334256
-13.403595 6.953189 -11.90656
-12.758839 5.1955078 -13.703511
-14.94217 5.087748 -12.180587
-12.530268 6.4174337 -13.017596
-14.592049 6.3067961 -11.427364
-9.2811045 10.327605 -12.518577
-11.810648 8.8520161 -11.640132
-9.6786036 9.0664239 -13.16349
-10.103986 10.875862 -11.352907
-10.97736 8.3347851 -12.747001
-11.360756 10.110971 -10.883381
-11.23293 -5.1295953 -18.175262
-10.822228 -1.6200826 -17.510733
-12.516554 -4.3740307 -17.771189
-9.5647697 -4.1737995 -18.287543
-9.7393235 4.4475296 -15.758556
-10.316315 1.5443477 -16.692149
-10.920054 3.8161183 -15.504455
-8.628477 3.7652273 -16.49738
-14.878046 -2.7202694 -16.584925
-11.917658 -0.84384432 -16.960272
-13.745249 -3.5647065 -17.237859
-14.405666 -0.87786984 -16.045712
-12.224011 -2.5486095 -17.382716
-6.5572226 -2.4228918 -18.450451
-9.2852539 -0.82607135 -17.697079
-8.0052695 -3.2701881 -18.378112
-6.4742587 -0.80026239 -18.244681
-9.4420806 -2.4534305 -18.015129
-13.404429 2.4508366 -14.942248
-11.588377 0.82052918 -16.491665
-12.145322 3.1497797 -15.231397
-13.91038 0.84768749 -15.494039
-11.260026 2.3476261 -16.011915
-12.945421 0 -16.28415
-6.2776443 2.3195877 -17.663785
-9.087655 0.80849177 -17.320469
-7.4648347 3.0494181 -17.137408
-6.3802242 0.78863908 -17.979689
-8.8715087 2.305173 -16.9265
-7.8108565 0 -17.845469
-10.853379 15.542491 0.77105397
-12.283797 13.939247 2.267485
-10.510059 15.75216 2.0281597
-11.621608 14.796776 0
-14.877408 10.50393 5.1825993
-13.61635 12.270484 3.7284591
-9.6798813 15.941337 4.5543486
-11.893864 14.053167 3.5130188
-10.117445 15.88573 3.2989312
-11.220493 14.903627 2.780409
-13.088274 13.244213 -1.5051794
-13.088274 13.244213 1.5051794
-12.369963 14.026507 -0.76071075
-12.369963 14.026507 0.76071075
-19.411513 1.4845112 11.429942
-18.365913 4.1576616 9.7626733
-16.085301 8.5987951 6.6568155
-17.249272 6.5042389 8.176238
-7.4583371 15.316834 9.4663241
-9.8625297 13.690532 8.4612142
-8.0724287 15.597517 8.2965259
-14.360959 10.433588 6.4483118
-12.132112 12.083391 7.4679462
-13.783922 11.363036 5.7254468
-9.180032 15.906604 5.8562655
-10.426281 13.899506 7.2865306
-8.6498629 15.795666 7.0833307
-10.339314 14.986392 5.3169367
-9.2753787 14.73742 7.7883416
-12.562491 13.154126 4.2770658
-11.584336 13.040856 6.7650165
-13.182039 12.273315 4.9977983
-11.467607 14.067544 4.7899413
-12.684564 12.209704 6.2532554
-10.975651 14.015238 6.0574942
-15.852277 9.7972458 -4.4739803
-16.274336 10.058093 -1.5056919
-15.18735 10.696712 -3.7380693
-15.852277 9.7972458 4.4739803
-16.274336 10.058093 1.5056919
-15.18735 10.696712 3.7380693
-13.82285 12.400237 -2.2672323
-15.502526 10.893328 -0.77131539
-14.507431 11.568041 -3.0000671
-13.909056 12.487399 -0.7609722
-15.397099 10.82767 -2.2574835
-13.82285 12.400237 2.2672323
-15.502526 10.893328 0.77131539
-14.507431 11.568041 3.0000671
-13.909056 12.487399 0.7609722
-15.397099 10.82767 2.2574835
-14.718003 11.700381 0
-18.374099 -26.312475 1.3053466
-21.756481 -24.688537 4.0160625
-17.225712 -25.817381 3.324101
-20.749393 -26.418384 0
-23.176868 -16.363617 8.0737464
-22.964354 -20.694514 6.2881503
-14.780197 -24.340805 6.9540283
-20.036676 -23.674287 5.9181121
-15.994645 -25.113714 5.2152727
-18.813748 -24.989373 4.6619977
-24.292903 -24.582338 -2.7937356
-24.292903 -24.582338 2.7937356
-23.036654 -26.121647 -1.4166761
-23.036654 -26.121647 1.4166761
-21.244981 -1.6247271 12.50953
-22.921806 -5.1890212 12.184426
-23.150244 -12.375535 9.5806042
-23.050999 -8.691915 10.926285
-10.289511 -21.131082 13.059727
-14.428458 -20.028661 12.378393
-11.340991 -21.91302 11.655826
-21.852202 -15.876158 9.8120054
-18.432403 -18.358381 11.346103
-21.676744 -17.869632 9.003899
-13.56531 -23.505149 8.6537886
-15.650275 -20.863728 10.93738
-12.43608 -22.709742 10.183845
-15.98988 -23.176645 8.2227102
-13.498206 -21.446966 11.334162
-20.87683 -21.860032 7.1077921
-17.843509 -20.087007 10.420246
-21.377059 -19.903398 8.1048333
-18.477999 -22.667332 7.718134
-19.857852 -19.114452 9.7895534
-17.015996 -21.728392 9.3911789
-24.343271 -15.044969 -6.8703893
-26.133677 -16.151501 -2.4178722
-24.449781 -17.220402 -6.0178356
-24.343271 -15.044969 6.8703893
-26.133677 -16.151501 2.4178722
-24.449781 -17.220402 6.0178356
-24.565538 -22.037315 -4.0292544
-26.310346 -18.487776 -1.3090495
-24.539075 -19.567146 -5.0745629
-26.079577 -23.413961 -1.4268282
-25.583595 -17.991099 -3.7510015
-24.565538 -22.037315 4.0292544
-26.310346 -18.487776 1.3090495
-24.539075 -19.567146 5.0745629
-26.079577 -23.413961 1.4268282
-25.583595 -17.991099 3.7510015
-26.418384 -21.00184 0
-1.3431858 -10.341812 17.563538
-4.1337471 -9.7065192 18.260274
-2.2477932 -11.648214 17.457994
-1.3186585 -8.9230006 17.890011
-9.9499946 -7.7028557 18.612917
-7.0274737 -8.8339772 18.636893
-4.302856 -14.567979 17.212761
-5.2041415 -11.060961 18.215772
-3.2352863 -13.056176 17.341873
-3.712128 -11.384672 17.875445
-1.2815597 -6.1471018 18.361066
-4.0426787 -8.1785166 18.450283
-1.2995438 -7.5174443 18.155835
-2.6750332 -8.5756976 18.208695
-19.275286 -0.95623578 13.460004
-17.595512 -2.8622463 15.505836
-20.570316 -2.6485184 13.724798
-12.786502 -6.3088112 18.110364
-15.388134 -4.6757754 17.075954
-21.990742 -6.282629 13.353195
-18.703367 -4.6754788 15.829551
-21.948839 -4.5580347 13.978971
-19.716792 -3.6783491 14.84418
-9.0728883 -20.206123 14.680242
-10.574742 -17.179281 17.110291
-8.069954 -19.428287 16.016074
-11.092008 -19.679668 14.372202
-11.495969 -9.057456 18.600869
-11.515136 -13.422231 18.631881
-9.9359557 -9.6675759 18.679654
-5.5485531 -16.297072 17.064588
-9.3758426 -16.055084 18.07372
-6.8803957 -18.14752 16.896493
-6.0300548 -14.436565 17.709624
-8.8428401 -17.937469 17.26596
-15.093449 -18.29548 13.564023
-12.496968 -16.433133 16.673861
-13.118089 -19.04608 14.003844
-11.831593 -18.094928 15.582844
-6.8036971 -10.665185 18.479988
-9.6703474 -13.83728 18.446784
-8.356522 -10.20463 18.634853
-6.4489894 -12.540703 18.177211
-9.847187 -11.727322 18.633251
-7.8362687 -14.198635 18.130793
-1.2504195 -0.77280174 18.677565
-3.8092251 -2.3542306 18.652265
-1.2560597 -2.0784204 18.671566
-9.6427202 -5.9595288 18.498177
-6.5525312 -4.049687 18.596596
-8.2720624 -6.594811 18.642932
-1.2753206 -4.7383876 18.519425
-3.8546268 -3.727186 18.680401
-1.2635053 -3.4069884 18.619029
-2.5949983 -5.6752454 18.553208
-2.5413804 -2.8902435 18.67899
-5.4830509 -7.6928354 18.615153
-5.2701206 -4.6377483 18.675266
-6.8735809 -7.1771043 18.679385
-3.9960751 -6.6593592 18.58545
-6.7152526 -5.5758448 18.663236
-3.9337286 -5.1677484 18.660228
-21.964919 -13.575067 10.695537
-19.525275 -12.067284 14.065823
-22.008785 -11.706764 11.390553
-20.544775 -15.003996 11.579607
-13.317942 -8.2309409 18.331031
-17.107981 -10.573314 17.176961
-14.793482 -7.4539316 17.945222
-13.548811 -10.456541 18.552208
-22.012346 -8.1041898 12.703782
-19.664862 -10.3089 14.750983
-22.022549 -9.8756837 12.059766
-20.929492 -7.4254553 14.439539
-20.836904 -11.01176 13.114248
-17.098054 -17.348522 13.002623
-17.993683 -13.340275 14.844471
-18.895673 -16.272424 12.355171
-15.732535 -16.422608 14.615974
-19.250861 -14.154411 13.259133
-17.497692 -5.6893767 16.710696
-18.448337 -9.5701772 16.387861
-16.202633 -6.5978502 17.402287
-19.799075 -6.7415043 16.139847
-17.065133 -8.7399856 17.728831
-19.738957 -8.5313298 15.458025
-13.131679 -14.612355 17.712324
-16.690796 -12.509661 16.449823
-13.684008 -12.818484 18.611085
-14.407742 -15.508395 16.188636
-15.453787 -11.733604 17.945066
-16.261275 -14.47239 15.577982
-1.2927132 9.9532 16.903557
-3.7273327 8.752211 16.464993
-2.0960239 10.861735 16.279243
-1.2763255 8.6365448 17.315687
-8.2937921 6.4206954 15.514749
-6.0353409 7.5868036 16.005752
-3.6906787 12.495359 14.763861
-4.5127234 9.5914107 15.795639
-2.9029279 11.714925 15.560356
-3.3306235 10.214641 16.038342
-1.2535728 6.0128603 17.960094
-3.7067085 7.4988341 16.916956
-1.2646229 7.3154386 17.667959
-2.5148178 8.0620745 17.118124
-18.33136 0.90940814 12.800857
-15.500157 2.5213969 13.65933
-17.957008 2.3120435 11.981163
-17.67619 0 13.883143
-10.573771 5.2170582 14.976327
-12.948269 3.934408 14.368476
-17.087061 4.8816755 10.375587
-15.265234 3.8160123 12.919695
-17.535607 3.641555 11.168232
-16.571316 3.0915316 12.476046
-15.963424 -1.8142125 15.775469
-14.783595 1.6801273 14.609532
-16.878205 -0.91536917 14.884873
-16.177181 0.87734992 14.266639
-6.6780054 14.872507 10.80524
-7.587114 12.325707 12.276208
-5.9843264 14.407171 11.876823
-7.9459229 14.097819 10.295738
-9.0975792 7.1678099 14.720192
-8.3853257 9.7740729 13.567742
-7.9794079 7.7638765 15.001333
-4.5030682 13.2263 13.849197
-6.8696782 11.763558 13.242612
-5.2529559 13.855035 12.899917
-4.9252893 11.791644 14.465047
-6.4461079 13.075761 12.586255
-10.355128 12.551939 9.3058389
-8.8458085 11.631969 11.802365
-9.1749356 13.321038 9.7944421
-8.4103458 12.862562 11.076877
-5.7178505 8.9630586 15.530646
-7.2750461 10.409848 13.877599
-6.8488456 8.3635196 15.272769
-5.3308138 10.366299 15.025506
-7.6386477 9.0971036 14.454163
-6.1234289 11.095118 14.167792
-1.2469712 0.77067061 18.626059
-3.7149535 2.2959676 18.190655
-1.2467672 2.063044 18.533431
-2.5054926 0 18.596418
-8.3633396 5.1688281 16.043869
-6.104743 3.7729387 17.325738
-7.2200251 5.7560859 16.271932
-1.2537938 4.6584056 18.206824
-3.7051047 3.5826073 17.955783
-1.2482016 3.3657227 18.393514
-2.4919612 5.449904 17.816534
-2.4895199 2.8312639 18.297818
-5.1164746 -1.5705052 18.511579
-5.0025793 1.535545 18.099502
-3.7988485 -0.78209159 18.558424
-3.7669129 0.77551681 18.402409
-4.9204655 6.9035163 16.705156
-4.9357476 4.3434974 17.490378
-6.0689639 6.336957 16.492788
-3.7222907 6.2031042 17.312099
-6.0932154 5.0593515 16.934451
-3.7228334 4.8906949 17.659815
-15.023425 9.2849875 7.3154654
-13.81674 8.539215 9.9534487
-15.560523 8.2768484 8.0532828
-13.867363 10.127435 7.8160315
-10.437014 6.4504294 14.365675
-12.272106 7.5845788 12.321588
-11.580118 5.8348271 14.047254
-10.065293 7.7680724 13.782273
-16.582852 6.1052368 9.5703089
-14.226001 7.4576885 10.671191
-16.084517 7.2128617 8.8080407
-15.823643 5.6139801 10.916944
-14.936226 7.8934058 9.4005029
-11.568054 11.737514 8.7972026
-12.603613 9.3441491 10.397758
-12.711974 10.947195 8.3118818
-10.872994 11.349914 10.101322
-13.275906 9.7612588 9.1438511
-13.962237 4.5398233 13.334256
-13.403595 6.953189 11.90656
-12.758839 5.1955078 13.703511
-14.94217 5.087748 12.180587
-12.530268 6.4174337 13.017596
-14.592049 6.3067961 11.427364
-9.2811045 10.327605 12.518577
-11.810648 8.8520161 11.640132
-9.6786036 9.0664239 13.16349
-10.103986 10.875862 11.352907
-10.97736 8.3347851 12.747001
-11.360756 10.110971 10.883381
-11.23293 -5.1295953 18.175262
-10.822228 -1.6200826 17.510733
-12.516554 -4.3740307 17.771189
-9.5647697 -4.1737995 18.287543
-9.7393235 4.4475296 15.758556
-10.316315 1.5443477 16.692149
-10.920054 3.8161183 15.504455
-8.628477 3.7652273 16.49738
-14.878046 -2.7202694 16.584925
-11.917658 -0.84384432 16.960272
-13.745249 -3.5647065 17.237859
-14.405666 -0.87786984 16.045712
-12.224011 -2.5486095 17.382716
-6.5572226 -2.4228918 18.450451
-9.2852539 -0.82607135 17.697079
-8.0052695 -3.2701881 18.378112
-6.4742587 -0.80026239 18.244681
-9.4420806 -2.4534305 18.015129
-13.404429 2.4508366 14.942248
-11.588377 0.82052918 16.491665
-12.145322 3.1497797 15.231397
-13.91038 0.84768749 15.494039
-11.260026 2.3476261 16.011915
-12.945421 0 16.28415
-6.2776443 2.3195877 17.663785
-9.087655 0.80849177 17.320469
-7.4648347 3.0494181 17.137408
-6.3802242 0.78863908 17.979689
-8.8715087 2.305173 16.9265
-7.8108565 0 17.845469
-21.194156 0 -11.152102
-23.536325 0 -8.4844684
-20.564226 1.5157728 -10.256819
-22.690667 -1.672511 -11.317423
-26.29239 0 -1.8222585
-25.319029 0 -5.3328117
-19.271603 4.2226399 -8.5425861
-22.581995 1.5761707 -7.5602265
-19.919142 2.9263144 -9.3812617
-21.634404 1.54853 -8.9577498
-23.795038 -5.2137788 -10.547704
-24.998914 -1.744866 -8.3693869
-23.701969 -3.4820482 -11.162849
-24.06803 -1.7227221 -9.9653954
-21.194156 0 11.152102
-23.536325 0 8.4844684
-20.564226 1.5157728 10.256819
-22.690667 -1.672511 11.317423
-26.29239 0 1.8222585
-25.319029 0 5.3328117
-19.271603 4.2226399 8.5425861
-22.581995 1.5761707 7.5602265
-19.919142 2.9263144 9.3812617
-21.634404 1.54853 8.9577498
-23.795038 -5.2137788 10.547704
-24.998914 -1.744866 8.3693869
-23.701969 -3.4820482 11.162849
-24.06803 -1.7227221 9.9653954
-16.635826 8.6719146 -5.359538
-19.047499 6.7114071 -4.1478777
-17.290317 7.6718932 -6.1163327
-16.969159 8.875227 -3.8729022
-24.723559 1.6551847 -1.0229604
-21.701011 4.4318497 -2.7390337
-24.488251 1.6473554 -2.7259031
-18.599811 5.4785319 -7.6864951
-19.872024 5.6078431 -4.9349468
-17.947952 6.6044304 -6.8960686
-20.067993 4.314838 -7.1905694
-18.553022 6.6755962 -5.542917
-17.31098 9.0826765 -0.80804886
-19.310836 6.863 -2.5358764
-17.196779 9.013167 -2.3419815
-18.126124 7.8955066 -3.2253495
-23.411215 1.6121886 -5.9900032
-21.323946 4.4001118 -4.2546363
-24.043618 1.6316232 -4.3996025
-21.66871 3.030757 -6.628247
-22.834737 3.106793 -3.533272
-20.759786 4.3763326 -5.7491983
-24.213098 -12.621791 -7.8006961
-25.531264 -8.995969 -5.5598146
-24.105913 -10.696044 -8.5273036
-25.173011 -13.166015 -5.7452826
-26.394194 -1.7670298 -1.0920845
-26.15975 -5.3424277 -3.3018019
-26.245278 -1.7655529 -2.9214862
-23.901119 -7.0400199 -9.8772956
-25.386291 -7.1639577 -6.3043401
-24.000666 -8.8316887 -9.2216782
-24.582728 -5.2855555 -8.8082459
-24.842662 -8.9386829 -7.4220154
-26.35826 -13.829578 -1.2303614
-26.076533 -9.2675038 -3.4243398
-25.932198 -13.591571 -3.531634
-25.72939 -11.207392 -4.5782693
-25.551731 -1.759593 -6.5376765
-25.790792 -5.3218278 -5.1458787
-25.960771 -1.761723 -4.7504113
-25.128559 -3.5146788 -7.686581
-26.062863 -3.5459975 -4.0327675
-25.258532 -5.324705 -6.9950773
-16.635826 8.6719146 5.359538
-19.047499 6.7114071 4.1478777
-17.290317 7.6718932 6.1163327
-16.969159 8.875227 3.8729022
-24.723559 1.6551847 1.0229604
-21.701011 4.4318497 2.7390337
-24.488251 1.6473554 2.7259031
-23.281651 3.1367333 0
-18.599811 5.4785319 7.6864951
-19.872024 5.6078431 4.9349468
-17.947952 6.6044304 6.8960686
-20.067993 4.314838 7.1905694
-18.553022 6.6755962 5.542917
-17.31098 9.0826765 0.80804886
-19.310836 6.863 2.5358764
-17.196779 9.013167 2.3419815
-18.375525 8.0428589 0
-18.126124 7.8955066 3.2253495
-23.411215 1.6121886 5.9900032
-21.323946 4.4001118 4.2546363
-24.043618 1.6316232 4.3996025
-21.66871 3.030757 6.628247
-22.834737 3.106793 3.533272
-20.759786 4.3763326 5.7491983
-20.606844 5.6955917 -1.7482656
-20.606844 5.6955917 1.7482656
-21.902703 4.4834115 -0.92302666
-19.478611 6.9121276 -0.85438596
-21.902703 4.4834115 0.92302666
-19.478611 6.9121276 0.85438596
-24.213098 -12.621791 7.8006961
-25.531264 -8.995969 5.5598146
-24.105913 -10.696044 8.5273036
-25.173011 -13.166015 5.7452826
-26.394194 -1.7670298 1.0920845
-26.15975 -5.3424277 3.3018019
-26.245278 -1.7655529 2.9214862
-26.418384 -3.559345 0
-23.901119 -7.0400199 9.8772956
-25.386291 -7.1639577 6.3043401
-24.000666 -8.8316887 9.2216782
-24.582728 -5.2855555 8.8082459
-24.842662 -8.9386829 7.4220154
-26.35826 -13.829578 1.2303614
-26.076533 -9.2675038 3.4243398
-25.932198 -13.591571 3.531634
-26.418384 -11.563171 0
-25.72939 -11.207392 4.5782693
-25.551731 -1.759593 6.5376765
-25.790792 -5.3218278 5.1458787
-25.960771 -1.761723 4.7504113
-25.128559 -3.5146788 7.686581
-26.062863 -3.5459975 4.0327675
-25.258532 -5.324705 6.9950773
-26.288525 -7.2659697 -2.2302941
-26.288525 -7.2659697 2.2302941
-26.388961 -5.4017338 -1.1120871
-26.37914 -9.3608312 -1.1570624
-26.388961 -5.4017338 1.1120871
-26.37914 -9.3608312 1.1570624
