-13.45333 21.767946 0
16.496502 26.691901 0
-16.496502 -26.691901 0
13.45333 -21.767946 0
0 -13.181832 21.328652
0 13.181832 21.328652
0 -13.181832 -21.328652
0 13.181832 -21.328652
29.313377 0 -18.116663
29.313377 0 18.116663
-29.313377 0 -18.116663
-29.313377 0 18.116663
0 27.067921 0
0 -27.067921 0
-8.1180797 -21.253409 13.135329
7.5819172 -19.849717 12.2678
-7.5819172 19.849717 12.2678
8.1180797 21.253409 13.135329
0 0 27.034833
-8.1180797 -21.253409 -13.135329
7.5819172 -19.849717 -12.2678
-7.5819172 19.849717 -12.2678
8.1180797 21.253409 -13.135329
0 0 -27.034833
26.113775 16.139201 -9.9745746
22.44424 -13.871303 -8.5729368
13.171672 -8.1405411 -21.312213
14.151783 8.746283 -22.898066
26.113775 16.139201 9.9745746
22.44424 -13.871303 8.5729368
13.171672 -8.1405411 21.312213
14.151783 8.746283 22.898066
42.407571 0 0
-22.44424 13.871303 -8.5729368
-26.113775 -16.139201 -9.9745746
-14.151783 -8.746283 -22.898066
-13.171672 8.1405411 -21.312213
-22.44424 13.871303 8.5729368
-26.113775 -16.139201 9.9745746
-14.151783 -8.746283 22.898066
-13.171672 8.1405411 21.312213
-42.407571 0 0
-7.0701603 24.888004 0
7.9041947 27.823927 0
-7.9041947 -27.823927 0
7.0701603 -24.888004 0
-12.452957 -24.759292 7.4591107
-4.0456522 -17.47453 17.682728
-4.3997612 -25.75665 7.1189631
10.912887 -21.697286 6.5366351
3.9216793 -16.939049 17.140867
4.1713311 -24.419398 6.7493556
0 -21.337471 13.187282
-10.912887 21.697286 6.5366351
-3.9216793 16.939049 17.140867
-4.1713311 24.419398 6.7493556
12.452957 24.759292 7.4591107
4.0456522 17.47453 17.682728
4.3997612 25.75665 7.1189631
0 21.337471 13.187282
0 -7.1699229 25.239183
0 7.1699229 25.239183
-12.452957 -24.759292 -7.4591107
-4.0456522 -17.47453 -17.682728
-4.3997612 -25.75665 -7.1189631
10.912887 -21.697286 -6.5366351
3.9216793 -16.939049 -17.140867
4.1713311 -24.419398 -6.7493556
0 -21.337471 -13.187282
-10.912887 21.697286 -6.5366351
-3.9216793 16.939049 -17.140867
-4.1713311 24.419398 -6.7493556
12.452957 24.759292 -7.4591107
4.0456522 17.47453 -17.682728
4.3997612 25.75665 -7.1189631
0 21.337471 -13.187282
0 -7.1699229 -25.239183
0 7.1699229 -25.239183
22.308361 22.574151 -5.1647668
29.49669 8.8863234 -14.835683
16.678699 19.527761 -12.06882
18.159881 -18.376245 -4.2043228
26.615818 -8.0184173 -13.386717
14.7869 -17.312804 -10.699902
6.5277737 -10.898094 -21.667872
20.633301 -4.7207173 -20.390362
10.476981 -14.478831 -16.952111
7.0251186 -4.3417621 -25.417118
18.340227 -11.334884 -15.664424
6.8327683 11.407281 -22.680251
22.01885 5.0377187 -21.759598
11.272249 15.577865 -18.238882
7.226538 4.4662461 -26.14586
20.260404 12.521618 -17.304451
15.235698 0 -24.651878
22.308361 22.574151 5.1647668
29.49669 8.8863234 14.835683
16.678699 19.527761 12.06882
30.240797 18.68984 0
18.159881 -18.376245 4.2043228
26.615818 -8.0184173 13.386717
14.7869 -17.312804 10.699902
24.263532 -14.995688 0
6.5277737 -10.898094 21.667872
20.633301 -4.7207173 20.390362
10.476981 -14.478831 16.952111
7.0251186 -4.3417621 25.417118
18.340227 -11.334884 15.664424
6.8327683 11.407281 22.680251
22.01885 5.0377187 21.759598
11.272249 15.577865 18.238882
7.226538 4.4662461 26.14586
20.260404 12.521618 17.304451
15.235698 0 24.651878
37.945422 0 -10.779499
37.945422 0 10.779499
36.558799 10.104604 -6.2449884
31.947702 -8.8301275 -5.4573189
36.558799 10.104604 6.2449884
31.947702 -8.8301275 5.4573189
-18.159881 18.376245 -4.2043228
-26.615818 8.0184173 -13.386717
-14.7869 17.312804 -10.699902
-22.308361 -22.574151 -5.1647668
-29.49669 -8.8863234 -14.835683
-16.678699 -19.527761 -12.06882
-6.8327683 -11.407281 -22.680251
-22.01885 -5.0377187 -21.759598
-11.272249 -15.577865 -18.238882
-7.226538 -4.4662461 -26.14586
-20.260404 -12.521618 -17.304451
-6.5277737 10.898094 -21.667872
-20.633301 4.7207173 -20.390362
-10.476981 14.478831 -16.952111
-7.0251186 4.3417621 -25.417118
-18.340227 11.334884 -15.664424
-15.235698 0 -24.651878
-18.159881 18.376245 4.2043228
-26.615818 8.0184173 13.386717
-14.7869 17.312804 10.699902
-24.263532 14.995688 0
-22.308361 -22.574151 5.1647668
-29.49669 -8.8863234 14.835683
-16.678699 -19.527761 12.06882
-30.240797 -18.68984 0
-6.8327683 -11.407281 22.680251
-22.01885 -5.0377187 21.759598
-11.272249 -15.577865 18.238882
-7.226538 -4.4662461 26.14586
-20.260404 -12.521618 17.304451
-6.5277737 10.898094 21.667872
-20.633301 4.7207173 20.390362
-10.476981 14.478831 16.952111
-7.0251186 4.3417621 25.417118
-18.340227 11.334884 15.664424
-15.235698 0 24.651878
-37.945422 0 -10.779499
-37.945422 0 10.779499
-31.947702 8.8301275 -5.4573189
-36.558799 -10.104604 -6.2449884
-31.947702 8.8301275 5.4573189
-36.558799 -10.104604 6.2449884
-10.322578 23.417583 0
-3.6390697 26.126985 0
12.138361 27.53683 0
3.8511302 27.64949 0
-12.138361 -27.53683 0
-3.8511302 -27.64949 0
10.322578 -23.417583 0
3.6390697 -26.126985 0
-14.685018 -26.218851 3.9771147
-10.237558 -23.036544 10.471637
-10.461839 -26.993714 3.8449094
-2.0291831 -15.406431 19.615658
-6.0663854 -19.411821 15.526983
-2.2451296 -26.962814 3.632696
-6.3579867 -23.735045 10.287439
-6.2000499 -27.22044 3.7403739
-8.3837896 -25.49833 7.3492082
12.326592 -22.00808 3.3383866
9.3061274 -20.94064 9.5189097
9.1458982 -23.598315 3.3612782
1.9980105 -15.169755 19.31432
5.7821995 -18.502455 14.799605
0 -17.369746 17.576696
2.1749496 -26.11999 3.5191424
5.9645025 -22.266126 9.6507678
5.6990496 -25.020869 3.4381298
0 -25.34445 7.0050336
7.6183611 -23.170368 6.6782355
-4.0054077 -21.512235 13.295292
3.8650894 -20.758614 12.829529
-2.0313153 -19.531734 15.527156
-2.134616 -23.673254 10.361644
1.9972492 -19.204178 15.266758
2.0874732 -23.150433 10.132808
-12.326592 22.00808 3.3383866
-9.3061274 20.94064 9.5189097
-9.1458982 23.598315 3.3612782
-1.9980105 15.169755 19.31432
-5.7821995 18.502455 14.799605
-2.1749496 26.11999 3.5191424
-5.9645025 22.266126 9.6507678
-5.6990496 25.020869 3.4381298
-7.6183611 23.170368 6.6782355
14.685018 26.218851 3.9771147
10.237558 23.036544 10.471637
10.461839 26.993714 3.8449094
2.0291831 15.406431 19.615658
6.0663854 19.411821 15.526983
0 17.369746 17.576696
2.2451296 26.962814 3.632696
6.3579867 23.735045 10.287439
6.2000499 27.22044 3.7403739
0 25.34445 7.0050336
8.3837896 25.49833 7.3492082
-3.8650894 20.758614 12.829529
4.0054077 21.512235 13.295292
-1.9972492 19.204178 15.266758
-2.0874732 23.150433 10.132808
2.0313153 19.531734 15.527156
2.134616 23.673254 10.361644
0 -10.324397 23.42171
0 -3.6974773 26.546327
0 10.324397 23.42171
0 3.6974773 26.546327
-14.685018 -26.218851 -3.9771147
-10.237558 -23.036544 -10.471637
-10.461839 -26.993714 -3.8449094
-2.0291831 -15.406431 -19.615658
-6.0663854 -19.411821 -15.526983
-2.2451296 -26.962814 -3.632696
-6.3579867 -23.735045 -10.287439
-6.2000499 -27.22044 -3.7403739
-8.3837896 -25.49833 -7.3492082
12.326592 -22.00808 -3.3383866
9.3061274 -20.94064 -9.5189097
9.1458982 -23.598315 -3.3612782
1.9980105 -15.169755 -19.31432
5.7821995 -18.502455 -14.799605
0 -17.369746 -17.576696
2.1749496 -26.11999 -3.5191424
5.9645025 -22.266126 -9.6507678
5.6990496 -25.020869 -3.4381298
0 -25.34445 -7.0050336
7.6183611 -23.170368 -6.6782355
-4.0054077 -21.512235 -13.295292
3.8650894 -20.758614 -12.829529
-2.0313153 -19.531734 -15.527156
-2.134616 -23.673254 -10.361644
1.9972492 -19.204178 -15.266758
2.0874732 -23.150433 -10.132808
-12.326592 22.00808 -3.3383866
-9.3061274 20.94064 -9.5189097
-9.1458982 23.598315 -3.3612782
-1.9980105 15.169755 -19.31432
-5.7821995 18.502455 -14.799605
-2.1749496 26.11999 -3.5191424
-5.9645025 22.266126 -9.6507678
-5.6990496 25.020869 -3.4381298
-7.6183611 23.170368 -6.6782355
14.685018 26.218851 -3.9771147
10.237558 23.036544 -10.471637
10.461839 26.993714 -3.8449094
2.0291831 15.406431 -19.615658
6.0663854 19.411821 -15.526983
0 17.369746 -17.576696
2.2451296 26.962814 -3.632696
6.3579867 23.735045 -10.287439
6.2000499 27.22044 -3.7403739
0 25.34445 -7.0050336
8.3837896 25.49833 -7.3492082
-3.8650894 20.758614 -12.829529
4.0054077 21.512235 -13.295292
-1.9972492 19.204178 -15.266758
-2.0874732 23.150433 -10.132808
2.0313153 19.531734 -15.527156
2.134616 23.673254 -10.361644
0 -10.324397 -23.42171
0 -3.6974773 -26.546327
0 10.324397 -23.42171
0 3.6974773 -26.546327
19.752595 25.149249 -2.601617
24.329582 19.460564 -7.6032342
17.294128 23.996739 -6.4490747
30.494362 4.6256632 -17.079706
27.840357 12.655288 -12.372397
12.328348 20.58213 -12.720456
21.249712 18.076085 -11.171635
14.684272 22.290129 -9.8484634
19.456559 21.106398 -8.8957753
15.877972 -20.21603 -2.0912898
20.333774 -16.264428 -6.354505
14.535684 -20.169217 -5.420436
28.498957 -4.3229819 -15.962092
24.535318 -11.152929 -10.903621
11.193074 -18.686795 -11.549075
18.485842 -15.724996 -9.718582
12.912832 -19.601156 -8.6603924
16.61356 -18.022324 -7.5959217
3.2778006 -12.102885 -21.608671
9.7994897 -9.5804354 -21.557888
5.2360029 -14.0411 -19.482949
3.3691165 -9.1672259 -23.653344
24.889983 -2.5747967 -19.548964
16.746214 -6.5427385 -20.936103
23.841685 -6.4074044 -17.182383
9.0702903 -17.252717 -14.676038
11.839822 -11.47486 -19.157235
7.2170904 -15.784992 -17.123497
12.718272 -16.018204 -13.978734
8.5743416 -12.784528 -19.406396
3.5856652 -2.216063 -26.61374
10.228343 -6.3214637 -23.598701
3.4968838 -5.7964403 -25.448449
6.8320647 -7.7938454 -23.704083
20.563442 -12.708906 -12.317154
15.870111 -9.8082678 -18.656434
22.237013 -9.8249949 -14.64928
16.590321 -14.478008 -13.172527
19.574471 -8.2501099 -18.04438
14.30001 -13.010579 -16.386354
3.3584677 12.400739 -22.140464
10.425842 10.192787 -22.9358
5.4455082 14.602919 -20.26251
3.4473451 9.3800828 -24.202559
25.938324 2.6832446 -20.372347
18.026403 7.0429079 -22.536594
25.942802 6.9720751 -18.696629
22.232963 0 -21.97119
9.7357953 18.518583 -15.752848
12.761648 12.36827 -20.64878
7.6210561 16.668533 -18.081958
13.946279 17.564834 -15.328444
9.1039293 13.574155 -20.605017
3.6144271 2.2338388 -26.827218
10.775378 6.6595497 -24.860812
3.5610608 5.9028203 -25.915496
7.3192988 0 -26.481472
7.1232327 8.1260025 -24.714301
23.169538 14.319562 -13.878162
17.295539 10.689231 -20.332126
24.684803 10.906504 -16.261833
18.499324 16.143953 -14.688254
21.400323 9.0196568 -19.727508
15.635892 14.226004 -17.917137
14.404076 -4.3394456 -23.306285
15.149892 4.5641338 -24.51304
18.167518 -2.3767365 -22.853067
11.046138 -2.2756296 -25.237119
18.7895 2.4581063 -23.635463
11.304595 2.3288747 -25.827616
19.752595 25.149249 2.601617
24.329582 19.460564 7.6032342
17.294128 23.996739 6.4490747
23.51 23.790108 0
30.494362 4.6256632 17.079706
27.840357 12.655288 12.372397
12.328348 20.58213 12.720456
21.249712 18.076085 11.171635
14.684272 22.290129 9.8484634
19.456559 21.106398 8.8957753
28.88298 17.850663 -5.3777819
28.88298 17.850663 5.3777819
26.597142 21.143947 -2.7661231
26.597142 21.143947 2.7661231
15.877972 -20.21603 2.0912898
20.333774 -16.264428 6.354505
14.535684 -20.169217 5.420436
18.5194 -18.740048 0
28.498957 -4.3229819 15.962092
24.535318 -11.152929 10.903621
11.193074 -18.686795 11.549075
18.485842 -15.724996 9.718582
12.912832 -19.601156 8.6603924
16.61356 -18.022324 7.5959217
23.771999 -14.691903 -4.4261579
23.771999 -14.691903 4.4261579
21.20415 -16.856677 -2.2052478
21.20415 -16.856677 2.2052478
3.2778006 -12.102885 21.608671
9.7994897 -9.5804354 21.557888
5.2360029 -14.0411 19.482949
3.3691165 -9.1672259 23.653344
24.889983 -2.5747967 19.548964
16.746214 -6.5427385 20.936103
23.841685 -6.4074044 17.182383
9.0702903 -17.252717 14.676038
11.839822 -11.47486 19.157235
7.2170904 -15.784992 17.123497
12.718272 -16.018204 13.978734
8.5743416 -12.784528 19.406396
3.5856652 -2.216063 26.61374
10.228343 -6.3214637 23.598701
3.4968838 -5.7964403 25.448449
6.8320647 -7.7938454 23.704083
20.563442 -12.708906 12.317154
15.870111 -9.8082678 18.656434
22.237013 -9.8249949 14.64928
16.590321 -14.478008 13.172527
19.574471 -8.2501099 18.04438
14.30001 -13.010579 16.386354
3.3584677 12.400739 22.140464
10.425842 10.192787 22.9358
5.4455082 14.602919 20.26251
3.4473451 9.3800828 24.202559
25.938324 2.6832446 20.372347
18.026403 7.0429079 22.536594
25.942802 6.9720751 18.696629
22.232963 0 21.97119
9.7357953 18.518583 15.752848
12.761648 12.36827 20.64878
7.6210561 16.668533 18.081958
13.946279 17.564834 15.328444
9.1039293 13.574155 20.605017
3.6144271 2.2338388 26.827218
10.775378 6.6595497 24.860812
3.5610608 5.9028203 25.915496
7.3192988 0 26.481472
7.1232327 8.1260025 24.714301
23.169538 14.319562 13.878162
17.295539 10.689231 20.332126
24.684803 10.906504 16.261833
18.499324 16.143953 14.688254
21.400323 9.0196568 19.727508
15.635892 14.226004 17.917137
14.404076 -4.3394456 23.306285
15.149892 4.5641338 24.51304
18.167518 -2.3767365 22.853067
11.046138 -2.2756296 25.237119
18.7895 2.4581063 23.635463
11.304595 2.3288747 25.827616
33.759925 0 -14.88153
41.159771 0 -5.7328956
34.812719 4.9586266 -13.492217
32.307084 -4.601731 -12.521119
33.759925 0 14.88153
41.159771 0 5.7328956
34.812719 4.9586266 13.492217
32.307084 -4.601731 12.521119
31.269249 13.552976 -8.3761995
41.30707 5.5652955 -3.4395418
33.274041 9.5903477 -10.940425
33.656302 14.731165 -3.0347868
38.784895 5.3294512 -8.8341071
26.855964 -11.640133 -7.1939978
37.751881 -5.0863054 -3.1435096
29.574325 -8.524004 -9.7239668
28.013487 -12.261338 -2.5259746
35.683222 -4.9032489 -8.1276334
31.269249 13.552976 8.3761995
41.30707 5.5652955 3.4395418
33.274041 9.5903477 10.940425
33.656302 14.731165 3.0347868
38.784895 5.3294512 8.8341071
38.079956 10.525041 0
26.855964 -11.640133 7.1939978
37.751881 -5.0863054 3.1435096
29.574325 -8.524004 9.7239668
28.013487 -12.261338 2.5259746
35.683222 -4.9032489 8.1276334
32.877707 -9.0871746 0
-15.877972 20.21603 -2.0912898
-20.333774 16.264428 -6.354505
-14.535684 20.169217 -5.420436
-28.498957 4.3229819 -15.962092
-24.535318 11.152929 -10.903621
-11.193074 18.686795 -11.549075
-18.485842 15.724996 -9.718582
-12.912832 19.601156 -8.6603924
-16.61356 18.022324 -7.5959217
-19.752595 -25.149249 -2.601617
-24.329582 -19.460564 -7.6032342
-17.294128 -23.996739 -6.4490747
-30.494362 -4.6256632 -17.079706
-27.840357 -12.655288 -12.372397
-12.328348 -20.58213 -12.720456
-21.249712 -18.076085 -11.171635
-14.684272 -22.290129 -9.8484634
-19.456559 -21.106398 -8.8957753
-3.3584677 -12.400739 -22.140464
-10.425842 -10.192787 -22.9358
-5.4455082 -14.602919 -20.26251
-3.4473451 -9.3800828 -24.202559
-25.938324 -2.6832446 -20.372347
-18.026403 -7.0429079 -22.536594
-25.942802 -6.9720751 -18.696629
-9.7357953 -18.518583 -15.752848
-12.761648 -12.36827 -20.64878
-7.6210561 -16.668533 -18.081958
-13.946279 -17.564834 -15.328444
-9.1039293 -13.574155 -20.605017
-3.6144271 -2.2338388 -26.827218
-10.775378 -6.6595497 -24.860812
-3.5610608 -5.9028203 -25.915496
-7.1232327 -8.1260025 -24.714301
-23.169538 -14.319562 -13.878162
-17.295539 -10.689231 -20.332126
-24.684803 -10.906504 -16.261833
-18.499324 -16.143953 -14.688254
-21.400323 -9.0196568 -19.727508
-15.635892 -14.226004 -17.917137
-3.2778006 12.102885 -21.608671
-9.7994897 9.5804354 -21.557888
-5.2360029 14.0411 -19.482949
-3.3691165 9.1672259 -23.653344
-24.889983 2.5747967 -19.548964
-16.746214 6.5427385 -20.936103
-23.841685 6.4074044 -17.182383
-22.232963 0 -21.97119
-9.0702903 17.252717 -14.676038
-11.839822 11.47486 -19.157235
-7.2170904 15.784992 -17.123497
-12.718272 16.018204 -13.978734
-8.5743416 12.784528 -19.406396
-3.5856652 2.216063 -26.61374
-10.228343 6.3214637 -23.598701
-3.4968838 5.7964403 -25.448449
-7.3192988 0 -26.481472
-6.8320647 7.7938454 -23.704083
-20.563442 12.708906 -12.317154
-15.870111 9.8082678 -18.656434
-22.237013 9.8249949 -14.64928
-16.590321 14.478008 -13.172527
-19.574471 8.2501099 -18.04438
-14.30001 13.010579 -16.386354
-15.149892 -4.5641338 -24.51304
-14.404076 4.3394456 -23.306285
-18.7895 -2.4581063 -23.635463
-11.304595 -2.3288747 -25.827616
-18.167518 2.3767365 -22.853067
-11.046138 2.2756296 -25.237119
-15.877972 20.21603 2.0912898
-20.333774 16.264428 6.354505
-14.535684 20.169217 5.420436
-18.5194 18.740048 0
-28.498957 4.3229819 15.962092
-24.535318 11.152929 10.903621
-11.193074 18.686795 11.549075
-18.485842 15.724996 9.718582
-12.912832 19.601156 8.6603924
-16.61356 18.022324 7.5959217
-23.771999 14.691903 -4.4261579
-23.771999 14.691903 4.4261579
-21.20415 16.856677 -2.2052478
-21.20415 16.856677 2.2052478
-19.752595 -25.149249 2.601617
-24.329582 -19.460564 7.6032342
-17.294128 -23.996739 6.4490747
-23.51 -23.790108 0
-30.494362 -4.6256632 17.079706
-27.840357 -12.655288 12.372397
-12.328348 -20.58213 12.720456
-21.249712 -18.076085 11.171635
-14.684272 -22.290129 9.8484634
-19.456559 -21.106398 8.8957753
-28.88298 -17.850663 -5.3777819
-28.88298 -17.850663 5.3777819
-26.597142 -21.143947 -2.7661231
-26.597142 -21.143947 2.7661231
-3.3584677 -12.400739 22.140464
-10.425842 -10.192787 22.9358
-5.4455082 -14.602919 20.26251
-3.4473451 -9.3800828 24.202559
-25.938324 -2.6832446 20.372347
-18.026403 -7.0429079 22.536594
-25.942802 -6.9720751 18.696629
-9.7357953 -18.518583 15.752848
-12.761648 -12.36827 20.64878
-7.6210561 -16.668533 18.081958
-13.946279 -17.564834 15.328444
-9.1039293 -13.574155 20.605017
-3.6144271 -2.2338388 26.827218
-10.775378 -6.6595497 24.860812
-3.5610608 -5.9028203 25.915496
-7.1232327 -8.1260025 24.714301
-23.169538 -14.319562 13.878162
-17.295539 -10.689231 20.332126
-24.684803 -10.906504 16.261833
-18.499324 -16.143953 14.688254
-21.400323 -9.0196568 19.727508
-15.635892 -14.226004 17.917137
-3.2778006 12.102885 21.608671
-9.7994897 9.5804354 21.557888
-5.2360029 14.0411 19.482949
-3.3691165 9.1672259 23.653344
-24.889983 2.5747967 19.548964
-16.746214 6.5427385 20.936103
-23.841685 6.4074044 17.182383
-22.232963 0 21.97119
-9.0702903 17.252717 14.676038
-11.839822 11.47486 19.157235
-7.2170904 15.784992 17.123497
-12.718272 16.018204 13.978734
-8.5743416 12.784528 19.406396
-3.5856652 2.216063 26.61374
-10.228343 6.3214637 23.598701
-3.4968838 5.7964403 25.448449
-7.3192988 0 26.481472
-6.8320647 7.7938454 23.704083
-20.563442 12.708906 12.317154
-15.870111 9.8082678 18.656434
-22.237013 9.8249949 14.64928
-16.590321 14.478008 13.172527
-19.574471 8.2501099 18.04438
-14.30001 13.010579 16.386354
-15.149892 -4.5641338 24.51304
-14.404076 4.3394456 23.306285
-18.7895 -2.4581063 23.635463
-11.304595 -2.3288747 25.827616
-18.167518 2.3767365 22.853067
-11.046138 2.2756296 25.237119
-33.759925 0 -14.88153
-41.159771 0 -5.7328956
-32.307084 4.601731 -12.521119
-34.812719 -4.9586266 -13.492217
-33.759925 0 14.88153
-41.159771 0 5.7328956
-32.307084 4.601731 12.521119
-34.812719 -4.9586266 13.492217
-26.855964 11.640133 -7.1939978
-37.751881 5.0863054 -3.1435096
-29.574325 8.524004 -9.7239668
-28.013487 12.261338 -2.5259746
-35.683222 4.9032489 -8.1276334
-31.269249 -13.552976 -8.3761995
-41.30707 -5.5652955 -3.4395418
-33.274041 -9.5903477 -10.940425
-33.656302 -14.731165 -3.0347868
-38.784895 -5.3294512 -8.8341071
-26.855964 11.640133 7.1939978
-37.751881 5.0863054 3.1435096
-29.574325 8.524004 9.7239668
-28.013487 12.261338 2.5259746
-35.683222 4.9032489 8.1276334
-32.877707 9.0871746 0
-31.269249 -13.552976 8.3761995
-41.30707 -5.5652955 3.4395418
-33.274041 -9.5903477 10.940425
-33.656302 -14.731165 3.0347868
-38.784895 -5.3294512 8.8341071
-38.079956 -10.525041 0
-11.898631 22.612906 0
-8.7157502 24.177912 0
-1.8462726 26.638876 0
-5.3794543 25.540478 0
14.308202 27.192206 0
10.000831 27.742789 0
1.8994986 27.406846 0
5.8533453 27.79041 0
-14.308202 -27.192206 0
-10.000831 -27.742789 0
-1.8994986 -27.406846 0
-5.8533453 -27.79041 0
11.898631 -22.612906 0
8.7157502 -24.177912 0
1.8462726 -26.638876 0
5.3794543 -25.540478 0
-15.689298 -26.645193 2.0377127
-13.582421 -25.551768 5.78439
-13.522808 -27.112314 1.9984271
-9.1668746 -22.150522 11.841109
-11.333477 -23.910045 9.0158382
-9.2440496 -27.611485 1.9272174
-11.530232 -26.011567 5.6994471
-11.357776 -27.430854 1.9634236
-12.56337 -26.675682 3.9189154
-1.0169738 -14.314954 20.49961
-3.0381294 -16.458659 18.676744
-7.0862431 -20.342095 14.362176
-5.0540839 -18.457538 16.63316
-1.1237252 -27.158906 1.8182255
-3.342883 -26.485231 5.4088983
-3.0535798 -27.431946 1.8453815
-7.2599069 -22.534507 11.746776
-5.4056668 -24.823401 8.7465525
-8.2916151 -23.439643 10.400413
-7.0787173 -27.666325 1.9052123
-5.2996534 -26.5615 5.4808604
-5.0511314 -27.604192 1.8732472
-8.3113701 -27.171086 3.8003628
-4.200266 -27.145368 3.6932783
-10.409563 -25.189102 7.4193924
-6.3790922 -25.687303 7.2489025
-9.3495104 -24.333366 8.9541148
-9.4295998 -26.31685 5.6584107
-7.3612099 -24.639136 8.8654519
-7.338752 -26.499507 5.5863127
12.931246 -21.961183 1.6794992
11.649739 -21.915933 4.9613125
11.368806 -22.793684 1.6801044
8.455319 -20.431144 10.921972
10.128141 -21.367168 8.0569876
8.1466271 -24.333542 1.6984246
10.066802 -22.71015 4.9760668
9.7676628 -23.590474 1.68854
10.749659 -22.824645 3.3531609
1.0091402 -14.204688 20.341705
2.9683162 -16.080456 18.247571
0 -15.323382 19.50992
6.6900665 -19.204812 13.559218
4.8593925 -17.746524 15.992424
-2.0086013 -17.465775 17.673869
1.9770817 -17.191697 17.396525
-1.009571 -16.416695 18.615164
1.0016524 -16.28793 18.469156
1.1051262 -26.709394 1.7881317
3.1986977 -25.342869 5.1756016
2.9203508 -26.235079 1.7648667
0 -26.606424 3.5846796
6.7924304 -21.083475 10.990383
5.0923662 -23.384691 8.2396217
7.6512643 -21.62943 9.5972024
6.4095497 -25.050963 1.7251081
4.9491749 -24.804926 5.1183983
4.6983299 -25.676149 1.7424083
7.4452829 -24.33972 3.4043456
3.9623368 -25.607686 3.4840681
-2.1735544 -25.619734 7.0811202
2.1158943 -24.940093 6.8932721
-1.1055168 -26.233053 5.36982
1.0892197 -25.846334 5.2906599
9.2809565 -22.458095 6.6149805
5.9171222 -23.827044 6.7239414
8.4892738 -22.094484 8.1302581
8.4062826 -23.460898 5.0443498
6.8036056 -22.772746 8.1939028
6.6924026 -24.165603 5.0943067
-6.0500292 -21.436558 13.248521
-1.9871878 -21.478605 13.274508
-5.044242 -20.494181 14.434405
-5.1676965 -22.642312 11.842406
5.7406003 -20.340185 12.570925
1.9516536 -21.094532 13.037138
4.8356916 -19.646865 13.837625
4.9224388 -21.567714 11.280368
-3.0397432 -18.532691 16.625353
-1.0183964 -20.468562 14.382867
-4.0369 -19.521246 15.565993
-1.0104019 -18.468134 16.58049
-3.0109775 -20.536283 14.441688
-3.2508949 -24.75574 8.798099
-1.0516698 -22.530116 11.821038
-4.2289269 -23.766123 10.352218
-1.0788518 -24.596068 8.7280947
-3.0834656 -22.641372 11.866785
2.9668292 -18.088149 16.226563
1.0093886 -20.287516 14.255649
3.9063355 -18.889875 15.062546
1.0021353 -18.317036 16.444836
2.9342071 -20.012673 14.073471
0 -19.416124 15.435249
3.1340737 -23.86614 8.4819385
1.0409177 -22.299773 11.700182
4.0490479 -22.755222 9.9118825
1.0655877 -24.293667 8.6207857
2.9933825 -21.979907 11.520098
0 -23.474358 10.274588
-12.931246 21.961183 1.6794992
-11.649739 21.915933 4.9613125
-11.368806 22.793684 1.6801044
-8.455319 20.431144 10.921972
-10.128141 21.367168 8.0569876
-8.1466271 24.333542 1.6984246
-10.066802 22.71015 4.9760668
-9.7676628 23.590474 1.68854
-10.749659 22.824645 3.3531609
-1.0091402 14.204688 20.341705
-2.9683162 16.080456 18.247571
-6.6900665 19.204812 13.559218
-4.8593925 17.746524 15.992424
-1.1051262 26.709394 1.7881317
-3.1986977 25.342869 5.1756016
-2.9203508 26.235079 1.7648667
-6.7924304 21.083475 10.990383
-5.0923662 23.384691 8.2396217
-7.6512643 21.62943 9.5972024
-6.4095497 25.050963 1.7251081
-4.9491749 24.804926 5.1183983
-4.6983299 25.676149 1.7424083
-7.4452829 24.33972 3.4043456
-3.9623368 25.607686 3.4840681
-9.2809565 22.458095 6.6149805
-5.9171222 23.827044 6.7239414
-8.4892738 22.094484 8.1302581
-8.4062826 23.460898 5.0443498
-6.8036056 22.772746 8.1939028
-6.6924026 24.165603 5.0943067
15.689298 26.645193 2.0377127
13.582421 25.551768 5.78439
13.522808 27.112314 1.9984271
9.1668746 22.150522 11.841109
11.333477 23.910045 9.0158382
9.2440496 27.611485 1.9272174
11.530232 26.011567 5.6994471
11.357776 27.430854 1.9634236
12.56337 26.675682 3.9189154
1.0169738 14.314954 20.49961
3.0381294 16.458659 18.676744
0 15.323382 19.50992
7.0862431 20.342095 14.362176
5.0540839 18.457538 16.63316
-1.9770817 17.191697 17.396525
2.0086013 17.465775 17.673869
-1.0016524 16.28793 18.469156
1.009571 16.416695 18.615164
1.1237252 27.158906 1.8182255
3.342883 26.485231 5.4088983
3.0535798 27.431946 1.8453815
0 26.606424 3.5846796
7.2599069 22.534507 11.746776
5.4056668 24.823401 8.7465525
8.2916151 23.439643 10.400413
7.0787173 27.666325 1.9052123
5.2996534 26.5615 5.4808604
5.0511314 27.604192 1.8732472
8.3113701 27.171086 3.8003628
4.200266 27.145368 3.6932783
-2.1158943 24.940093 6.8932721
2.1735544 25.619734 7.0811202
-1.0892197 25.846334 5.2906599
1.1055168 26.233053 5.36982
10.409563 25.189102 7.4193924
6.3790922 25.687303 7.2489025
9.3495104 24.333366 8.9541148
9.4295998 26.31685 5.6584107
7.3612099 24.639136 8.8654519
7.338752 26.499507 5.5863127
-5.7406003 20.340185 12.570925
-1.9516536 21.094532 13.037138
-4.8356916 19.646865 13.837625
-4.9224388 21.567714 11.280368
6.0500292 21.436558 13.248521
1.9871878 21.478605 13.274508
5.044242 20.494181 14.434405
5.1676965 22.642312 11.842406
-2.9668292 18.088149 16.226563
-1.0093886 20.287516 14.255649
-3.9063355 18.889875 15.062546
-1.0021353 18.317036 16.444836
-2.9342071 20.012673 14.073471
-3.1340737 23.86614 8.4819385
-1.0409177 22.299773 11.700182
-4.0490479 22.755222 9.9118825
-1.0655877 24.293667 8.6207857
-2.9933825 21.979907 11.520098
3.0397432 18.532691 16.625353
1.0183964 20.468562 14.382867
4.0369 19.521246 15.565993
1.0104019 18.468134 16.58049
3.0109775 20.536283 14.441688
0 19.416124 15.435249
3.2508949 24.75574 8.798099
1.0516698 22.530116 11.821038
4.2289269 23.766123 10.352218
1.0788518 24.596068 8.7280947
3.0834656 22.641372 11.866785
0 23.474358 10.274588
0 -11.786631 22.400053
0 -8.7873415 24.37651
0 -1.8650454 26.909739
0 -5.4711638 25.975895
0 11.786631 22.400053
0 8.7873415 24.37651
0 1.8650454 26.909739
0 5.4711638 25.975895
-15.689298 -26.645193 -2.0377127
-13.582421 -25.551768 -5.78439
-13.522808 -27.112314 -1.9984271
-9.1668746 -22.150522 -11.841109
-11.333477 -23.910045 -9.0158382
-9.2440496 -27.611485 -1.9272174
-11.530232 -26.011567 -5.6994471
-11.357776 -27.430854 -1.9634236
-12.56337 -26.675682 -3.9189154
-1.0169738 -14.314954 -20.49961
-3.0381294 -16.458659 -18.676744
-7.0862431 -20.342095 -14.362176
-5.0540839 -18.457538 -16.63316
-1.1237252 -27.158906 -1.8182255
-3.342883 -26.485231 -5.4088983
-3.0535798 -27.431946 -1.8453815
-7.2599069 -22.534507 -11.746776
-5.4056668 -24.823401 -8.7465525
-8.2916151 -23.439643 -10.400413
-7.0787173 -27.666325 -1.9052123
-5.2996534 -26.5615 -5.4808604
-5.0511314 -27.604192 -1.8732472
-8.3113701 -27.171086 -3.8003628
-4.200266 -27.145368 -3.6932783
-10.409563 -25.189102 -7.4193924
-6.3790922 -25.687303 -7.2489025
-9.3495104 -24.333366 -8.9541148
-9.4295998 -26.31685 -5.6584107
-7.3612099 -24.639136 -8.8654519
-7.338752 -26.499507 -5.5863127
12.931246 -21.961183 -1.6794992
11.649739 -21.915933 -4.9613125
11.368806 -22.793684 -1.6801044
8.455319 -20.431144 -10.921972
10.128141 -21.367168 -8.0569876
8.1466271 -24.333542 -1.6984246
10.066802 -22.71015 -4.9760668
9.7676628 -23.590474 -1.68854
10.749659 -22.824645 -3.3531609
1.0091402 -14.204688 -20.341705
2.9683162 -16.080456 -18.247571
0 -15.323382 -19.50992
6.6900665 -19.204812 -13.559218
4.8593925 -17.746524 -15.992424
-2.0086013 -17.465775 -17.673869
1.9770817 -17.191697 -17.396525
-1.009571 -16.416695 -18.615164
1.0016524 -16.28793 -18.469156
1.1051262 -26.709394 -1.7881317
3.1986977 -25.342869 -5.1756016
2.9203508 -26.235079 -1.7648667
0 -26.606424 -3.5846796
6.7924304 -21.083475 -10.990383
5.0923662 -23.384691 -8.2396217
7.6512643 -21.62943 -9.5972024
6.4095497 -25.050963 -1.7251081
4.9491749 -24.804926 -5.1183983
4.6983299 -25.676149 -1.7424083
7.4452829 -24.33972 -3.4043456
3.9623368 -25.607686 -3.4840681
-2.1735544 -25.619734 -7.0811202
2.1158943 -24.940093 -6.8932721
-1.1055168 -26.233053 -5.36982
1.0892197 -25.846334 -5.2906599
9.2809565 -22.458095 -6.6149805
5.9171222 -23.827044 -6.7239414
8.4892738 -22.094484 -8.1302581
8.4062826 -23.460898 -5.0443498
6.8036056 -22.772746 -8.1939028
6.6924026 -24.165603 -5.0943067
-6.0500292 -21.436558 -13.248521
-1.9871878 -21.478605 -13.274508
-5.044242 -20.494181 -14.434405
-5.1676965 -22.642312 -11.842406
5.7406003 -20.340185 -12.570925
1.9516536 -21.094532 -13.037138
4.8356916 -19.646865 -13.837625
4.9224388 -21.567714 -11.280368
-3.0397432 -18.532691 -16.625353
-1.0183964 -20.468562 -14.382867
-4.0369 -19.521246 -15.565993
-1.0104019 -18.468134 -16.58049
-3.0109775 -20.536283 -14.441688
-3.2508949 -24.75574 -8.798099
-1.0516698 -22.530116 -11.821038
-4.2289269 -23.766123 -10.352218
-1.0788518 -24.596068 -8.7280947
-3.0834656 -22.641372 -11.866785
2.9668292 -18.088149 -16.226563
1.0093886 -20.287516 -14.255649
3.9063355 -18.889875 -15.062546
1.0021353 -18.317036 -16.444836
2.9342071 -20.012673 -14.073471
0 -19.416124 -15.435249
3.1340737 -23.86614 -8.4819385
1.0409177 -22.299773 -11.700182
4.0490479 -22.755222 -9.9118825
1.0655877 -24.293667 -8.6207857
2.9933825 -21.979907 -11.520098
0 -23.474358 -10.274588
-12.931246 21.961183 -1.6794992
-11.649739 21.915933 -4.9613125
-11.368806 22.793684 -1.6801044
-8.455319 20.431144 -10.921972
-10.128141 21.367168 -8.0569876
-8.1466271 24.333542 -1.6984246
-10.066802 22.71015 -4.9760668
-9.7676628 23.590474 -1.68854
-10.749659 22.824645 -3.3531609
-1.0091402 14.204688 -20.341705
-2.9683162 16.080456 -18.247571
-6.6900665 19.204812 -13.559218
-4.8593925 17.746524 -15.992424
-1.1051262 26.709394 -1.7881317
-3.1986977 25.342869 -5.1756016
-2.9203508 26.235079 -1.7648667
-6.7924304 21.083475 -10.990383
-5.0923662 23.384691 -8.2396217
-7.6512643 21.62943 -9.5972024
-6.4095497 25.050963 -1.7251081
-4.9491749 24.804926 -5.1183983
-4.6983299 25.676149 -1.7424083
-7.4452829 24.33972 -3.4043456
-3.9623368 25.607686 -3.4840681
-9.2809565 22.458095 -6.6149805
-5.9171222 23.827044 -6.7239414
-8.4892738 22.094484 -8.1302581
-8.4062826 23.460898 -5.0443498
-6.8036056 22.772746 -8.1939028
-6.6924026 24.165603 -5.0943067
15.689298 26.645193 -2.0377127
13.582421 25.551768 -5.78439
13.522808 27.112314 -1.9984271
9.1668746 22.150522 -11.841109
11.333477 23.910045 -9.0158382
9.2440496 27.611485 -1.9272174
11.530232 26.011567 -5.6994471
11.357776 27.430854 -1.9634236
12.56337 26.675682 -3.9189154
1.0169738 14.314954 -20.49961
3.0381294 16.458659 -18.676744
0 15.323382 -19.50992
7.0862431 20.342095 -14.362176
5.0540839 18.457538 -16.63316
-1.9770817 17.191697 -17.396525
2.0086013 17.465775 -17.673869
-1.0016524 16.28793 -18.469156
1.009571 16.416695 -18.615164
1.1237252 27.158906 -1.8182255
3.342883 26.485231 -5.4088983
3.0535798 27.431946 -1.8453815
0 26.606424 -3.5846796
7.2599069 22.534507 -11.746776
5.4056668 24.823401 -8.7465525
8.2916151 23.439643 -10.400413
7.0787173 27.666325 -1.9052123
5.2996534 26.5615 -5.4808604
5.0511314 27.604192 -1.8732472
8.3113701 27.171086 -3.8003628
4.200266 27.145368 -3.6932783
-2.1158943 24.940093 -6.8932721
2.1735544 25.619734 -7.0811202
-1.0892197 25.846334 -5.2906599
1.1055168 26.233053 -5.36982
10.409563 25.189102 -7.4193924
6.3790922 25.687303 -7.2489025
9.3495104 24.333366 -8.9541148
9.4295998 26.31685 -5.6584107
7.3612099 24.639136 -8.8654519
7.338752 26.499507 -5.5863127
-5.7406003 20.340185 -12.570925
-1.9516536 21.094532 -13.037138
-4.8356916 19.646865 -13.837625
-4.9224388 21.567714 -11.280368
6.0500292 21.436558 -13.248521
1.9871878 21.478605 -13.274508
5.044242 20.494181 -14.434405
5.1676965 22.642312 -11.842406
-2.9668292 18.088149 -16.226563
-1.0093886 20.287516 -14.255649
-3.9063355 18.889875 -15.062546
-1.0021353 18.317036 -16.444836
-2.9342071 20.012673 -14.073471
-3.1340737 23.86614 -8.4819385
-1.0409177 22.299773 -11.700182
-4.0490479 22.755222 -9.9118825
-1.0655877 24.293667 -8.6207857
-2.9933825 21.979907 -11.520098
3.0397432 18.532691 -16.625353
1.0183964 20.468562 -14.382867
4.0369 19.521246 -15.565993
1.0104019 18.468134 -16.58049
3.0109775 20.536283 -14.441688
0 19.416124 -15.435249
3.2508949 24.75574 -8.798099
1.0516698 22.530116 -11.821038
4.2289269 23.766123 -10.352218
1.0788518 24.596068 -8.7280947
3.0834656 22.641372 -11.866785
0 23.474358 -10.274588
0 -11.786631 -22.400053
0 -8.7873415 -24.37651
0 -1.8650454 -26.909739
0 -5.4711638 -25.975895
0 11.786631 -22.400053
0 8.7873415 -24.37651
0 1.8650454 -26.909739
0 5.4711638 -25.975895
18.205031 26.070363 -1.2933356
21.116094 23.961847 -3.8978525
17.212125 25.797017 -3.321479
25.236621 17.81787 -8.7912691
23.365581 21.056083 -6.3980152
14.845627 24.448559 -6.9848131
19.789116 23.381782 -5.8449917
16.051882 25.203585 -5.2339358
18.583384 24.683392 -4.6049142
30.252102 2.3135539 -17.813128
30.160412 6.8276914 -16.032214
26.978947 14.422262 -11.165092
28.691562 10.81882 -13.599939
10.209617 20.967007 -12.958323
14.481445 20.102215 -12.423852
11.304263 21.842054 -11.618078
23.642621 17.176942 -10.615934
18.931208 18.855183 -11.653144
22.780122 18.779222 -9.4622104
13.605981 23.575621 -8.679734
15.70326 20.934363 -10.97441
12.440744 22.71826 -10.187665
15.977623 23.158879 -8.2164068
13.490343 21.434471 -11.327559
20.895933 21.880034 -7.114296
18.045947 20.314897 -10.538466
21.868541 20.360999 -8.2911723
18.420909 22.5973 -7.6942882
20.372007 19.609358 -10.043022
17.041903 21.761473 -9.4054768
14.685102 -21.029677 -1.0432701
17.03491 -19.330655 -3.1445005
14.109367 -21.146696 -2.7227298
21.393984 -15.104843 -7.4526722
19.257688 -17.354222 -5.2731827
12.731188 -20.966389 -5.9899771
16.340149 -19.306664 -4.8262912
13.45164 -21.120859 -4.3860912
15.249807 -20.255565 -3.7788624
29.13469 -2.228099 -17.155171
27.612492 -6.250895 -14.677829
23.490024 -12.557172 -9.7212202
25.580254 -9.6456295 -12.125164
9.3960933 -19.296313 -11.925777
12.985213 -18.025241 -11.140212
10.264721 -19.833456 -10.549678
20.421536 -14.836745 -9.1696125
16.614391 -16.54767 -10.227022
19.45033 -16.034246 -8.0791103
11.93215 -20.675308 -7.6119385
13.861987 -18.479721 -9.6876142
11.116668 -20.300341 -9.1033851
13.755008 -19.937295 -7.0734393
12.070901 -19.179156 -10.135683
17.430775 -18.251684 -5.9345374
15.727111 -17.704511 -9.1843129
18.450192 -17.1783 -6.9951499
15.591187 -19.126022 -6.5123325
17.55914 -16.901794 -8.6563307
14.755864 -18.842341 -8.1438054
1.6442176 -12.659596 -21.49984
4.9039086 -11.514948 -21.662359
2.6377445 -13.668967 -20.486638
1.6626247 -11.250526 -22.556541
11.467108 -8.8773396 -21.4509
8.1566165 -10.253381 -21.631385
4.5828585 -15.515971 -18.332858
5.8837679 -12.505449 -20.594631
3.6238815 -14.624373 -19.424833
4.2712568 -13.099456 -20.567884
1.7103589 -8.2038709 -24.504526
4.9745734 -10.063781 -22.703334
1.6870483 -9.7590336 -23.569634
3.3285031 -10.67061 -22.656802
27.113877 -1.3451037 -18.933721
22.718039 -3.6955233 -20.020002
26.764031 -3.4459863 -17.85733
14.926627 -7.3647411 -21.141564
18.644497 -5.6652405 -20.689485
25.291952 -7.2257657 -15.357752
22.284472 -5.5706854 -18.86041
26.102619 -5.4206349 -16.624467
24.457482 -4.5627685 -18.413303
8.3391513 -18.572026 -13.49303
9.7811527 -15.89005 -15.826238
7.434686 -17.898889 -14.755286
10.149084 -18.006712 -13.150431
12.51077 -9.8569985 -20.242852
11.162173 -13.010811 -18.060775
10.84365 -10.550752 -20.386125
5.5777419 -16.382805 -17.154359
8.8470431 -15.149574 -17.054359
6.5078243 -17.164837 -15.981553
6.2398625 -14.938866 -18.325807
8.1550175 -16.542239 -15.922962
13.776927 -16.699663 -12.380906
11.617449 -15.276591 -15.500377
11.968769 -17.377389 -12.776919
10.892664 -16.658953 -14.346223
7.5703989 -11.867035 -20.56248
9.5424237 -13.654234 -18.202762
9.1906828 -11.223272 -20.495013
6.9062424 -13.429877 -19.466031
10.198197 -12.14535 -19.297446
7.9003387 -14.314724 -18.279032
1.8027939 -1.1141879 -26.928404
5.3309909 -3.2947335 -26.103749
1.7903417 -2.9625046 -26.613769
11.732025 -7.25079 -22.506208
8.6590737 -5.3516019 -24.575129
10.030743 -7.9968995 -22.606509
1.7475589 -6.4929643 -25.376979
5.2536543 -5.0799591 -25.460407
1.7698081 -4.7722124 -26.079913
3.4412878 -7.5260753 -24.603842
3.5540164 -4.0418872 -26.121802
6.6899297 -9.3861117 -22.71255
6.9471525 -6.1135498 -24.618018
8.3441911 -8.7126536 -22.67586
5.0968577 -8.4937858 -23.705109
8.5173714 -7.0721898 -23.67174
5.1944392 -6.8239468 -24.640596
21.556887 -13.322889 -10.496851
19.486317 -12.043206 -14.037758
22.498468 -11.967233 -11.643987
19.530474 -14.263245 -11.007918
14.550079 -8.9924431 -20.026964
17.133599 -10.589147 -17.202683
16.327588 -8.2269156 -19.806169
13.822583 -10.667829 -18.927081
24.35507 -8.9667005 -14.055817
20.239408 -10.610094 -15.181961
23.439339 -10.511022 -12.835614
23.059431 -8.1811242 -15.909012
21.40351 -11.311197 -13.470856
15.698915 -15.928888 -11.938615
17.468893 -12.951203 -14.411529
17.573258 -15.133597 -11.490493
14.633195 -15.275047 -13.594656
18.533379 -13.626874 -12.764963
20.141418 -6.5489846 -19.235515
18.968385 -9.8399548 -16.849825
18.196702 -7.4098522 -19.543998
21.643686 -7.3695866 -17.643541
17.68087 -9.0553379 -18.368515
20.946657 -9.0533068 -16.403801
12.372734 -13.767835 -16.688641
16.280748 -12.202332 -16.045695
13.092616 -12.264497 -17.806755
13.515626 -14.548128 -15.18625
15.086821 -11.454978 -17.518942
15.471656 -13.769635 -14.821542
1.6646751 12.817108 -21.767343
5.0811668 11.931171 -22.445374
2.6911742 13.945844 -20.901612
1.6830129 11.388487 -22.833144
12.270947 9.4996365 -22.954597
8.6138561 10.82816 -22.843986
4.7474125 16.073093 -18.991125
6.1412191 13.05264 -21.495773
3.7257802 15.035591 -19.971033
4.4097894 13.52432 -21.234976
1.7294594 8.2954878 -24.778181
5.1500858 10.41885 -23.504351
1.7071234 9.8751618 -23.850102
3.4091212 10.929058 -23.205562
27.733152 1.3758256 -19.366163
24.010159 3.9057114 -21.158668
28.273337 3.6403161 -18.86436
25.745769 0 -20.221111
16.070381 7.9290647 -22.761538
20.01426 6.081451 -22.209487
27.764464 7.9321481 -16.859108
24.027099 6.0063084 -20.335279
28.222871 5.8609398 -17.974832
26.15934 4.8802659 -19.694581
21.577588 -2.4522515 -21.323531
22.402002 2.5459445 -22.138238
23.652192 -1.2827482 -20.858844
24.145962 1.3095272 -21.2943
8.940631 19.911574 -14.466245
10.511025 17.075771 -17.007196
7.8944802 19.005836 -15.667819
11.02198 19.555422 -14.281465
13.479308 10.620091 -21.809978
12.022835 14.014013 -19.453355
11.616575 11.3028 -21.839228
5.8246999 17.108164 -17.913878
9.435782 16.157724 -18.189265
6.8504036 18.068414 -16.82284
6.5390405 15.655129 -19.204461
8.6790653 17.605256 -16.946184
15.29735 18.542639 -13.747263
12.609607 16.581249 -16.824147
13.15172 19.09491 -14.039746
11.824851 18.084617 -15.573965
7.9831787 12.51409 -21.683659
10.198443 14.592931 -19.454158
9.7748486 11.93663 -21.797689
7.2617722 14.12124 -20.468132
10.916961 13.001349 -20.657521
8.3665653 15.159486 -19.357742
1.8065109 1.1164852 -26.983925
5.4228186 3.3514862 -26.553393
1.7998167 2.978183 -26.754616
3.6240863 0 -26.898911
12.491368 7.7200903 -23.962901
9.0154327 5.5718438 -25.586503
10.636379 8.4797366 -23.971446
1.7648951 6.5573762 -25.628725
5.3837336 5.2057378 -26.090802
1.7839119 4.8102426 -26.287747
3.5152048 7.6877313 -25.13232
3.6034407 4.098096 -26.485067
7.2125686 -2.2139026 -26.095318
7.3258309 2.2486685 -26.505105
5.44447 -1.1208855 -26.597739
5.4779477 1.1277777 -26.761287
6.994594 9.8135621 -23.746896
7.2054572 6.34086 -25.533349
8.7935313 9.1818358 -23.89697
5.2686918 8.7801431 -24.504297
8.9363684 7.4200936 -24.836229
5.352125 7.0310991 -25.388603
24.637351 15.22672 -11.996844
21.71395 13.419959 -15.642524
25.457754 13.541316 -13.175552
22.215987 16.224494 -12.521548
15.751966 9.7352505 -21.681262
18.793253 11.614869 -18.869028
17.715723 8.9263495 -21.490045
14.995462 11.57302 -20.533089
27.041984 9.95593 -15.606491
22.426978 11.756882 -16.822898
26.271865 11.781226 -14.386733
25.381507 9.0049604 -17.511044
23.934709 12.648869 -15.063932
17.600816 17.858649 -13.38496
19.385038 14.371807 -15.992315
19.85903 17.102039 -12.985073
16.191407 16.901607 -15.042279
20.788893 15.285266 -14.31846
21.821982 7.0954202 -20.840492
20.858513 10.820469 -18.528847
19.750867 8.0427213 -21.213234
23.636925 8.0482764 -19.268393
19.314979 9.8922543 -20.066178
23.065202 9.9689584 -18.062882
13.429834 14.944129 -18.114483
17.906488 13.420815 -17.647964
14.211255 13.312381 -19.328172
14.797713 15.928158 -16.626811
16.476152 12.509855 -19.132244
17.065343 15.188002 -16.348263
13.811268 -6.3070113 -22.347101
14.902595 -2.2309117 -24.112905
15.619307 -5.4583173 -22.176522
12.282258 -5.3596358 -23.483296
14.732379 6.727643 -23.83749
15.329141 2.2947653 -24.80307
16.637934 5.8142866 -23.622785
12.95566 5.6534896 -24.770819
19.46166 -3.5583274 -21.694392
16.755139 -1.1863681 -23.844594
17.511883 -4.5415489 -21.961578
20.189646 -1.230341 -22.488182
16.255859 -3.3892177 -23.11606
9.0154386 -3.3312018 -25.367282
13.121527 -1.167369 -25.008762
10.673263 -4.3600751 -24.503162
9.2146881 -1.1389981 -25.967304
12.764224 -3.3166563 -24.353653
20.466743 3.7420945 -22.814783
17.030529 1.2058674 -24.236507
18.568698 4.8156244 -23.286925
20.569016 1.2534595 -22.910743
16.986658 3.5415836 -24.155266
18.656904 0 -23.46867
9.2711082 3.4256717 -26.086675
13.302099 1.1834337 -25.35292
11.117384 4.5415007 -25.522755
9.3078962 1.1505192 -26.229968
13.242755 3.4409977 -25.26667
11.261336 0 -25.728783
18.205031 26.070363 1.2933356
21.116094 23.961847 3.8978525
17.212125 25.797017 3.321479
20.03224 25.505296 0
25.236621 17.81787 8.7912691
23.365581 21.056083 6.3980152
14.845627 24.448559 6.9848131
19.789116 23.381782 5.8449917
16.051882 25.203585 5.2339358
18.583384 24.683392 4.6049142
23.171023 23.447092 -2.664717
23.171023 23.447092 2.664717
21.711549 24.619088 -1.3351866
21.711549 24.619088 1.3351866
30.252102 2.3135539 17.813128
30.160412 6.8276914 16.032214
26.978947 14.422262 11.165092
28.691562 10.81882 13.599939
10.209617 20.967007 12.958323
14.481445 20.102215 12.423852
11.304263 21.842054 11.618078
23.642621 17.176942 10.615934
18.931208 18.855183 11.653144
22.780122 18.779222 9.4622104
13.605981 23.575621 8.679734
15.70326 20.934363 10.97441
12.440744 22.71826 10.187665
15.977623 23.158879 8.2164068
13.490343 21.434471 11.327559
20.895933 21.880034 7.114296
18.045947 20.314897 10.538466
21.868541 20.360999 8.2911723
18.420909 22.5973 7.6942882
20.372007 19.609358 10.043022
17.041903 21.761473 9.4054768
27.563121 17.034945 -7.779126
29.866339 18.458412 -2.7632159
26.616851 18.746706 -6.5512174
27.563121 17.034945 7.779126
29.866339 18.458412 2.7632159
26.616851 18.746706 6.5512174
24.499149 21.977758 -4.0183652
28.527364 20.045632 -1.4193554
25.60337 20.415802 -5.2946542
25.17297 22.600019 -1.3772272
27.805024 19.55327 -4.0767017
24.499149 21.977758 4.0183652
28.527364 20.045632 1.4193554
25.60337 20.415802 5.2946542
25.17297 22.600019 1.3772272
27.805024 19.55327 4.0767017
26.982082 21.449963 0
14.685102 -21.029677 1.0432701
17.03491 -19.330655 3.1445005
14.109367 -21.146696 2.7227298
15.956985 -20.316631 0
21.393984 -15.104843 7.4526722
19.257688 -17.354222 5.2731827
12.731188 -20.966389 5.9899771
16.340149 -19.306664 4.8262912
13.45164 -21.120859 4.3860912
15.249807 -20.255565 3.7788624
18.427611 -18.647164 -2.1192144
18.427611 -18.647164 2.1192144
17.211712 -19.516647 -1.0584619
17.211712 -19.516647 1.0584619
29.13469 -2.228099 17.155171
27.612492 -6.250895 14.677829
23.490024 -12.557172 9.7212202
25.580254 -9.6456295 12.125164
9.3960933 -19.296313 11.925777
12.985213 -18.025241 11.140212
10.264721 -19.833456 10.549678
20.421536 -14.836745 9.1696125
16.614391 -16.54767 10.227022
19.45033 -16.034246 8.0791103
11.93215 -20.675308 7.6119385
13.861987 -18.479721 9.6876142
11.116668 -20.300341 9.1033851
13.755008 -19.937295 7.0734393
12.070901 -19.179156 10.135683
17.430775 -18.251684 5.9345374
15.727111 -17.704511 9.1843129
18.450192 -17.1783 6.9951499
15.591187 -19.126022 6.5123325
17.55914 -16.901794 8.6563307
14.755864 -18.842341 8.1438054
23.194914 -14.335245 -6.5462891
24.137887 -14.918035 -2.233223
22.034012 -15.518934 -5.4232414
23.194914 -14.335245 6.5462891
24.137887 -14.918035 2.233223
22.034012 -15.518934 5.4232414
19.681116 -17.655585 -3.2281085
22.731091 -15.972702 -1.1309666
20.857235 -16.631294 -4.3131762
19.871554 -17.840466 -1.0871838
22.492081 -15.81706 -3.2977316
19.681116 -17.655585 3.2281085
22.731091 -15.972702 1.1309666
20.857235 -16.631294 4.3131762
19.871554 -17.840466 1.0871838
22.492081 -15.81706 3.2977316
21.315238 -16.944989 0
1.6442176 -12.659596 21.49984
4.9039086 -11.514948 21.662359
2.6377445 -13.668967 20.486638
1.6626247 -11.250526 22.556541
11.467108 -8.8773396 21.4509
8.1566165 -10.253381 21.631385
4.5828585 -15.515971 18.332858
5.8837679 -12.505449 20.594631
3.6238815 -14.624373 19.424833
4.2712568 -13.099456 20.567884
1.7103589 -8.2038709 24.504526
4.9745734 -10.063781 22.703334
1.6870483 -9.7590336 23.569634
3.3285031 -10.67061 22.656802
27.113877 -1.3451037 18.933721
22.718039 -3.6955233 20.020002
26.764031 -3.4459863 17.85733
14.926627 -7.3647411 21.141564
18.644497 -5.6652405 20.689485
25.291952 -7.2257657 15.357752
22.284472 -5.5706854 18.86041
26.102619 -5.4206349 16.624467
24.457482 -4.5627685 18.413303
8.3391513 -18.572026 13.49303
9.7811527 -15.89005 15.826238
7.434686 -17.898889 14.755286
10.149084 -18.006712 13.150431
12.51077 -9.8569985 20.242852
11.162173 -13.010811 18.060775
10.84365 -10.550752 20.386125
5.5777419 -16.382805 17.154359
8.8470431 -15.149574 17.054359
6.5078243 -17.164837 15.981553
6.2398625 -14.938866 18.325807
8.1550175 -16.542239 15.922962
13.776927 -16.699663 12.380906
11.617449 -15.276591 15.500377
11.968769 -17.377389 12.776919
10.892664 -16.658953 14.346223
7.5703989 -11.867035 20.56248
9.5424237 -13.654234 18.202762
9.1906828 -11.223272 20.495013
6.9062424 -13.429877 19.466031
10.198197 -12.14535 19.297446
7.9003387 -14.314724 18.279032
1.8027939 -1.1141879 26.928404
5.3309909 -3.2947335 26.103749
1.7903417 -2.9625046 26.613769
11.732025 -7.25079 22.506208
8.6590737 -5.3516019 24.575129
10.030743 -7.9968995 22.606509
1.7475589 -6.4929643 25.376979
5.2536543 -5.0799591 25.460407
1.7698081 -4.7722124 26.079913
3.4412878 -7.5260753 24.603842
3.5540164 -4.0418872 26.121802
6.6899297 -9.3861117 22.71255
6.9471525 -6.1135498 24.618018
8.3441911 -8.7126536 22.67586
5.0968577 -8.4937858 23.705109
8.5173714 -7.0721898 23.67174
5.1944392 -6.8239468 24.640596
21.556887 -13.322889 10.496851
19.486317 -12.043206 14.037758
22.498468 -11.967233 11.643987
19.530474 -14.263245 11.007918
14.550079 -8.9924431 20.026964
17.133599 -10.589147 17.202683
16.327588 -8.2269156 19.806169
13.822583 -10.667829 18.927081
24.35507 -8.9667005 14.055817
20.239408 -10.610094 15.181961
23.439339 -10.511022 12.835614
23.059431 -8.1811242 15.909012
21.40351 -11.311197 13.470856
15.698915 -15.928888 11.938615
17.468893 -12.951203 14.411529
17.573258 -15.133597 11.490493
14.633195 -15.275047 13.594656
18.533379 -13.626874 12.764963
20.141418 -6.5489846 19.235515
18.968385 -9.8399548 16.849825
18.196702 -7.4098522 19.543998
21.643686 -7.3695866 17.643541
17.68087 -9.0553379 18.368515
20.946657 -9.0533068 16.403801
12.372734 -13.767835 16.688641
16.280748 -12.202332 16.045695
13.092616 -12.264497 17.806755
13.515626 -14.548128 15.18625
15.086821 -11.454978 17.518942
15.471656 -13.769635 14.821542
1.6646751 12.817108 21.767343
5.0811668 11.931171 22.445374
2.6911742 13.945844 20.901612
1.6830129 11.388487 22.833144
12.270947 9.4996365 22.954597
8.6138561 10.82816 22.843986
4.7474125 16.073093 18.991125
6.1412191 13.05264 21.495773
3.7257802 15.035591 19.971033
4.4097894 13.52432 21.234976
1.7294594 8.2954878 24.778181
5.1500858 10.41885 23.504351
1.7071234 9.8751618 23.850102
3.4091212 10.929058 23.205562
27.733152 1.3758256 19.366163
24.010159 3.9057114 21.158668
28.273337 3.6403161 18.86436
25.745769 0 20.221111
16.070381 7.9290647 22.761538
20.01426 6.081451 22.209487
27.764464 7.9321481 16.859108
24.027099 6.0063084 20.335279
28.222871 5.8609398 17.974832
26.15934 4.8802659 19.694581
21.577588 -2.4522515 21.323531
22.402002 2.5459445 22.138238
23.652192 -1.2827482 20.858844
24.145962 1.3095272 21.2943
8.940631 19.911574 14.466245
10.511025 17.075771 17.007196
7.8944802 19.005836 15.667819
11.02198 19.555422 14.281465
13.479308 10.620091 21.809978
12.022835 14.014013 19.453355
11.616575 11.3028 21.839228
5.8246999 17.108164 17.913878
9.435782 16.157724 18.189265
6.8504036 18.068414 16.82284
6.5390405 15.655129 19.204461
8.6790653 17.605256 16.946184
15.29735 18.542639 13.747263
12.609607 16.581249 16.824147
13.15172 19.09491 14.039746
11.824851 18.084617 15.573965
7.9831787 12.51409 21.683659
10.198443 14.592931 19.454158
9.7748486 11.93663 21.797689
7.2617722 14.12124 20.468132
10.916961 13.001349 20.657521
8.3665653 15.159486 19.357742
1.8065109 1.1164852 26.983925
5.4228186 3.3514862 26.553393
1.7998167 2.978183 26.754616
3.6240863 0 26.898911
12.491368 7.7200903 23.962901
9.0154327 5.5718438 25.586503
10.636379 8.4797366 23.971446
1.7648951 6.5573762 25.628725
5.3837336 5.2057378 26.090802
1.7839119 4.8102426 26.287747
3.5152048 7.6877313 25.13232
3.6034407 4.098096 26.485067
7.2125686 -2.2139026 26.095318
7.3258309 2.2486685 26.505105
5.44447 -1.1208855 26.597739
5.4779477 1.1277777 26.761287
6.994594 9.8135621 23.746896
7.2054572 6.34086 25.533349
8.7935313 9.1818358 23.89697
5.2686918 8.7801431 24.504297
8.9363684 7.4200936 24.836229
5.352125 7.0310991 25.388603
24.637351 15.22672 11.996844
21.71395 13.419959 15.642524
25.457754 13.541316 13.175552
22.215987 16.224494 12.521548
15.751966 9.7352505 21.681262
18.793253 11.614869 18.869028
17.715723 8.9263495 21.490045
14.995462 11.57302 20.533089
27.041984 9.95593 15.606491
22.426978 11.756882 16.822898
26.271865 11.781226 14.386733
25.381507 9.0049604 17.511044
23.934709 12.648869 15.063932
17.600816 17.858649 13.38496
19.385038 14.371807 15.992315
19.85903 17.102039 12.985073
16.191407 16.901607 15.042279
20.788893 15.285266 14.31846
21.821982 7.0954202 20.840492
20.858513 10.820469 18.528847
19.750867 8.0427213 21.213234
23.636925 8.0482764 19.268393
19.314979 9.8922543 20.066178
23.065202 9.9689584 18.062882
13.429834 14.944129 18.114483
17.906488 13.420815 17.647964
14.211255 13.312381 19.328172
14.797713 15.928158 16.626811
16.476152 12.509855 19.132244
17.065343 15.188002 16.348263
13.811268 -6.3070113 22.347101
14.902595 -2.2309117 24.112905
15.619307 -5.4583173 22.176522
12.282258 -5.3596358 23.483296
14.732379 6.727643 23.83749
15.329141 2.2947653 24.80307
16.637934 5.8142866 23.622785
12.95566 5.6534896 24.770819
19.46166 -3.5583274 21.694392
16.755139 -1.1863681 23.844594
17.511883 -4.5415489 21.961578
20.189646 -1.230341 22.488182
16.255859 -3.3892177 23.11606
9.0154386 -3.3312018 25.367282
13.121527 -1.167369 25.008762
10.673263 -4.3600751 24.503162
9.2146881 -1.1389981 25.967304
12.764224 -3.3166563 24.353653
20.466743 3.7420945 22.814783
17.030529 1.2058674 24.236507
18.568698 4.8156244 23.286925
20.569016 1.2534595 22.910743
16.986658 3.5415836 24.155266
18.656904 0 23.46867
9.2711082 3.4256717 26.086675
13.302099 1.1834337 25.35292
11.117384 4.5415007 25.522755
9.3078962 1.1505192 26.229968
13.242755 3.4409977 25.26667
11.261336 0 25.728783
31.541911 0 -16.596963
35.919138 0 -12.948274
32.506583 2.3960345 -16.213308
31.245159 -2.3030558 -15.584147
42.085568 0 -2.9168434
39.735118 0 -8.3691954
32.211446 7.0579151 -14.278472
36.905682 2.5759307 -12.355654
32.672056 4.7998407 -15.387466
34.755855 2.4877266 -14.390701
29.353256 -6.4316514 -13.011513
35.322403 -2.4654216 -11.825588
30.428157 -4.4701903 -14.330663
33.336085 -2.3861035 -13.802844
31.541911 0 16.596963
35.919138 0 12.948274
32.506583 2.3960345 16.213308
31.245159 -2.3030558 15.584147
42.085568 0 2.9168434
39.735118 0 8.3691954
32.211446 7.0579151 14.278472
36.905682 2.5759307 12.355654
32.672056 4.7998407 15.387466
34.755855 2.4877266 14.390701
29.353256 -6.4316514 13.011513
35.322403 -2.4654216 11.825588
30.428157 -4.4701903 14.330663
33.336085 -2.3861035 13.802844
28.660086 14.939915 -9.2333753
33.91692 11.950664 -7.3859167
29.580296 13.125084 -10.463829
30.099515 15.74268 -6.8696675
42.644936 2.8549791 -1.7644741
39.100694 7.9852684 -4.9351673
41.938265 2.8212398 -4.6683468
31.409316 9.2515423 -12.980108
35.026493 9.8844024 -8.6983532
30.509463 11.226775 -11.722527
34.214774 7.3565507 -12.259507
32.285419 11.616675 -9.6456201
32.03994 16.810626 -1.4955731
35.151989 12.492888 -4.6161182
31.316994 16.413847 -4.2649745
32.658611 14.225671 -5.8112498
38.971271 2.6837154 -9.9712055
37.828286 7.8057169 -7.5476461
40.661913 2.7593567 -7.4404881
36.899636 5.1610746 -11.287238
40.27196 5.4792241 -6.2313741
36.129007 7.61629 -10.005538
24.57956 -12.812821 -7.9187586
29.303435 -10.325098 -6.3812613
25.753129 -11.426931 -9.1099951
25.309242 -13.237266 -5.7763748
40.524221 -2.7130022 -1.6767276
34.790718 -7.1050714 -4.3911756
39.890401 -2.6834774 -4.4403894
28.142654 -8.2893544 -11.630138
30.862959 -8.7094619 -7.6643962
26.948481 -9.9164163 -10.354305
30.994259 -6.6641047 -11.105564
28.210672 -10.150533 -8.4282452
26.116417 -13.702689 -1.2190726
29.959547 -10.647513 -3.9342528
25.839099 -13.542776 -3.5189552
27.57154 -12.009808 -4.90606
37.204603 -2.5620557 -9.519185
33.845766 -6.9839398 -6.7530383
38.740905 -2.6289953 -7.0889741
34.093397 -4.7685719 -10.428838
36.905857 -5.0212472 -5.7105292
32.521161 -6.8557267 -9.006384
28.660086 14.939915 9.2333753
33.91692 11.950664 7.3859167
29.580296 13.125084 10.463829
30.099515 15.74268 6.8696675
42.644936 2.8549791 1.7644741
39.100694 7.9852684 4.9351673
41.938265 2.8212398 4.6683468
41.748956 5.6248307 0
31.409316 9.2515423 12.980108
35.026493 9.8844024 8.6983532
30.509463 11.226775 11.722527
34.214774 7.3565507 12.259507
32.285419 11.616675 9.6456201
32.03994 16.810626 1.4955731
35.151989 12.492888 4.6161182
31.316994 16.413847 4.2649745
34.067022 14.910935 0
32.658611 14.225671 5.8112498
38.971271 2.6837154 9.9712055
37.828286 7.8057169 7.5476461
40.661913 2.7593567 7.4404881
36.899636 5.1610746 11.287238
40.27196 5.4792241 6.2313741
36.129007 7.61629 10.005538
37.674481 10.412971 -3.1962681
37.674481 10.412971 3.1962681
39.902335 8.1678772 -1.6815696
35.9463 12.755808 -1.5767045
39.902335 8.1678772 1.6815696
35.9463 12.755808 1.5767045
24.57956 -12.812821 7.9187586
29.303435 -10.325098 6.3812613
25.753129 -11.426931 9.1099951
25.309242 -13.237266 5.7763748
40.524221 -2.7130022 1.6767276
34.790718 -7.1050714 4.3911756
39.890401 -2.6834774 4.4403894
38.097406 -5.1328578 0
28.142654 -8.2893544 11.630138
30.862959 -8.7094619 7.6643962
26.948481 -9.9164163 10.354305
30.994259 -6.6641047 11.105564
28.210672 -10.150533 8.4282452
26.116417 -13.702689 1.2190726
29.959547 -10.647513 3.9342528
25.839099 -13.542776 3.5189552
28.192583 -12.339727 0
27.57154 -12.009808 4.90606
37.204603 -2.5620557 9.519185
33.845766 -6.9839398 6.7530383
38.740905 -2.6289953 7.0889741
34.093397 -4.7685719 10.428838
36.905857 -5.0212472 5.7105292
32.521161 -6.8557267 9.006384
32.637802 -9.0208667 -2.7689609
32.637802 -9.0208667 2.7689609
35.336874 -7.2333422 -1.4891713
30.380303 -10.780673 -1.3325645
35.336874 -7.2333422 1.4891713
30.380303 -10.780673 1.3325645
-14.685102 21.029677 -1.0432701
-17.03491 19.330655 -3.1445005
-14.109367 21.146696 -2.7227298
-21.393984 15.104843 -7.4526722
-19.257688 17.354222 -5.2731827
-12.731188 20.966389 -5.9899771
-16.340149 19.306664 -4.8262912
-13.45164 21.120859 -4.3860912
-15.249807 20.255565 -3.7788624
-29.13469 2.228099 -17.155171
-27.612492 6.250895 -14.677829
-23.490024 12.557172 -9.7212202
-25.580254 9.6456295 -12.125164
-9.3960933 19.296313 -11.925777
-12.985213 18.025241 -11.140212
-10.264721 19.833456 -10.549678
-20.421536 14.836745 -9.1696125
-16.614391 16.54767 -10.227022
-19.45033 16.034246 -8.0791103
-11.93215 20.675308 -7.6119385
-13.861987 18.479721 -9.6876142
-11.116668 20.300341 -9.1033851
-13.755008 19.937295 -7.0734393
-12.070901 19.179156 -10.135683
-17.430775 18.251684 -5.9345374
-15.727111 17.704511 -9.1843129
-18.450192 17.1783 -6.9951499
-15.591187 19.126022 -6.5123325
-17.55914 16.901794 -8.6563307
-14.755864 18.842341 -8.1438054
-18.205031 -26.070363 -1.2933356
-21.116094 -23.961847 -3.8978525
-17.212125 -25.797017 -3.321479
-25.236621 -17.81787 -8.7912691
-23.365581 -21.056083 -6.3980152
-14.845627 -24.448559 -6.9848131
-19.789116 -23.381782 -5.8449917
-16.051882 -25.203585 -5.2339358
-18.583384 -24.683392 -4.6049142
-30.252102 -2.3135539 -17.813128
-30.160412 -6.8276914 -16.032214
-26.978947 -14.422262 -11.165092
-28.691562 -10.81882 -13.599939
-10.209617 -20.967007 -12.958323
-14.481445 -20.102215 -12.423852
-11.304263 -21.842054 -11.618078
-23.642621 -17.176942 -10.615934
-18.931208 -18.855183 -11.653144
-22.780122 -18.779222 -9.4622104
-13.605981 -23.575621 -8.679734
-15.70326 -20.934363 -10.97441
-12.440744 -22.71826 -10.187665
-15.977623 -23.158879 -8.2164068
-13.490343 -21.434471 -11.327559
-20.895933 -21.880034 -7.114296
-18.045947 -20.314897 -10.538466
-21.868541 -20.360999 -8.2911723
-18.420909 -22.5973 -7.6942882
-20.372007 -19.609358 -10.043022
-17.041903 -21.761473 -9.4054768
-1.6646751 -12.817108 -21.767343
-5.0811668 -11.931171 -22.445374
-2.6911742 -13.945844 -20.901612
-1.6830129 -11.388487 -22.833144
-12.270947 -9.4996365 -22.954597
-8.6138561 -10.82816 -22.843986
-4.7474125 -16.073093 -18.991125
-6.1412191 -13.05264 -21.495773
-3.7257802 -15.035591 -19.971033
-4.4097894 -13.52432 -21.234976
-1.7294594 -8.2954878 -24.778181
-5.1500858 -10.41885 -23.504351
-1.7071234 -9.8751618 -23.850102
-3.4091212 -10.929058 -23.205562
-27.733152 -1.3758256 -19.366163
-24.010159 -3.9057114 -21.158668
-28.273337 -3.6403161 -18.86436
-16.070381 -7.9290647 -22.761538
-20.01426 -6.081451 -22.209487
-27.764464 -7.9321481 -16.859108
-24.027099 -6.0063084 -20.335279
-28.222871 -5.8609398 -17.974832
-26.15934 -4.8802659 -19.694581
-8.940631 -19.911574 -14.466245
-10.511025 -17.075771 -17.007196
-7.8944802 -19.005836 -15.667819
-11.02198 -19.555422 -14.281465
-13.479308 -10.620091 -21.809978
-12.022835 -14.014013 -19.453355
-11.616575 -11.3028 -21.839228
-5.8246999 -17.108164 -17.913878
-9.435782 -16.157724 -18.189265
-6.8504036 -18.068414 -16.82284
-6.5390405 -15.655129 -19.204461
-8.6790653 -17.605256 -16.946184
-15.29735 -18.542639 -13.747263
-12.609607 -16.581249 -16.824147
-13.15172 -19.09491 -14.039746
-11.824851 -18.084617 -15.573965
-7.9831787 -12.51409 -21.683659
-10.198443 -14.592931 -19.454158
-9.7748486 -11.93663 -21.797689
-7.2617722 -14.12124 -20.468132
-10.916961 -13.001349 -20.657521
-8.3665653 -15.159486 -19.357742
-1.8065109 -1.1164852 -26.983925
-5.4228186 -3.3514862 -26.553393
-1.7998167 -2.978183 -26.754616
-12.491368 -7.7200903 -23.962901
-9.0154327 -5.5718438 -25.586503
-10.636379 -8.4797366 -23.971446
-1.7648951 -6.5573762 -25.628725
-5.3837336 -5.2057378 -26.090802
-1.7839119 -4.8102426 -26.287747
-3.5152048 -7.6877313 -25.13232
-3.6034407 -4.098096 -26.485067
-6.994594 -9.8135621 -23.746896
-7.2054572 -6.34086 -25.533349
-8.7935313 -9.1818358 -23.89697
-5.2686918 -8.7801431 -24.504297
-8.9363684 -7.4200936 -24.836229
-5.352125 -7.0310991 -25.388603
-24.637351 -15.22672 -11.996844
-21.71395 -13.419959 -15.642524
-25.457754 -13.541316 -13.175552
-22.215987 -16.224494 -12.521548
-15.751966 -9.7352505 -21.681262
-18.793253 -11.614869 -18.869028
-17.715723 -8.9263495 -21.490045
-14.995462 -11.57302 -20.533089
-27.041984 -9.95593 -15.606491
-22.426978 -11.756882 -16.822898
-26.271865 -11.781226 -14.386733
-25.381507 -9.0049604 -17.511044
-23.934709 -12.648869 -15.063932
-17.600816 -17.858649 -13.38496
-19.385038 -14.371807 -15.992315
-19.85903 -17.102039 -12.985073
-16.191407 -16.901607 -15.042279
-20.788893 -15.285266 -14.31846
-21.821982 -7.0954202 -20.840492
-20.858513 -10.820469 -18.528847
-19.750867 -8.0427213 -21.213234
-23.636925 -8.0482764 -19.268393
-19.314979 -9.8922543 -20.066178
-23.065202 -9.9689584 -18.062882
-13.429834 -14.944129 -18.114483
-17.906488 -13.420815 -17.647964
-14.211255 -13.312381 -19.328172
-14.797713 -15.928158 -16.626811
-16.476152 -12.509855 -19.132244
-17.065343 -15.188002 -16.348263
-1.6442176 12.659596 -21.49984
-4.9039086 11.514948 -21.662359
-2.6377445 13.668967 -20.486638
-1.6626247 11.250526 -22.556541
-11.467108 8.8773396 -21.4509
-8.1566165 10.253381 -21.631385
-4.5828585 15.515971 -18.332858
-5.8837679 12.505449 -20.594631
-3.6238815 14.624373 -19.424833
-4.2712568 13.099456 -20.567884
-1.7103589 8.2038709 -24.504526
-4.9745734 10.063781 -22.703334
-1.6870483 9.7590336 -23.569634
-3.3285031 10.67061 -22.656802
-27.113877 1.3451037 -18.933721
-22.718039 3.6955233 -20.020002
-26.764031 3.4459863 -17.85733
-25.745769 0 -20.221111
-14.926627 7.3647411 -21.141564
-18.644497 5.6652405 -20.689485
-25.291952 7.2257657 -15.357752
-22.284472 5.5706854 -18.86041
-26.102619 5.4206349 -16.624467
-24.457482 4.5627685 -18.413303
-22.402002 -2.5459445 -22.138238
-21.577588 2.4522515 -21.323531
-24.145962 -1.3095272 -21.2943
-23.652192 1.2827482 -20.858844
-8.3391513 18.572026 -13.49303
-9.7811527 15.89005 -15.826238
-7.434686 17.898889 -14.755286
-10.149084 18.006712 -13.150431
-12.51077 9.8569985 -20.242852
-11.162173 13.010811 -18.060775
-10.84365 10.550752 -20.386125
-5.5777419 16.382805 -17.154359
-8.8470431 15.149574 -17.054359
-6.5078243 17.164837 -15.981553
-6.2398625 14.938866 -18.325807
-8.1550175 16.542239 -15.922962
-13.776927 16.699663 -12.380906
-11.617449 15.276591 -15.500377
-11.968769 17.377389 -12.776919
-10.892664 16.658953 -14.346223
-7.5703989 11.867035 -20.56248
-9.5424237 13.654234 -18.202762
-9.1906828 11.223272 -20.495013
-6.9062424 13.429877 -19.466031
-10.198197 12.14535 -19.297446
-7.9003387 14.314724 -18.279032
-1.8027939 1.1141879 -26.928404
-5.3309909 3.2947335 -26.103749
-1.7903417 2.9625046 -26.613769
-3.6240863 0 -26.898911
-11.732025 7.25079 -22.506208
-8.6590737 5.3516019 -24.575129
-10.030743 7.9968995 -22.606509
-1.7475589 6.4929643 -25.376979
-5.2536543 5.0799591 -25.460407
-1.7698081 4.7722124 -26.079913
-3.4412878 7.5260753 -24.603842
-3.5540164 4.0418872 -26.121802
-7.3258309 -2.2486685 -26.505105
-7.2125686 2.2139026 -26.095318
-5.4779477 -1.1277777 -26.761287
-5.44447 1.1208855 -26.597739
-6.6899297 9.3861117 -22.71255
-6.9471525 6.1135498 -24.618018
-8.3441911 8.7126536 -22.67586
-5.0968577 8.4937858 -23.705109
-8.5173714 7.0721898 -23.67174
-5.1944392 6.8239468 -24.640596
-21.556887 13.322889 -10.496851
-19.486317 12.043206 -14.037758
-22.498468 11.967233 -11.643987
-19.530474 14.263245 -11.007918
-14.550079 8.9924431 -20.026964
-17.133599 10.589147 -17.202683
-16.327588 8.2269156 -19.806169
-13.822583 10.667829 -18.927081
-24.35507 8.9667005 -14.055817
-20.239408 10.610094 -15.181961
-23.439339 10.511022 -12.835614
-23.059431 8.1811242 -15.909012
-21.40351 11.311197 -13.470856
-15.698915 15.928888 -11.938615
-17.468893 12.951203 -14.411529
-17.573258 15.133597 -11.490493
-14.633195 15.275047 -13.594656
-18.533379 13.626874 -12.764963
-20.141418 6.5489846 -19.235515
-18.968385 9.8399548 -16.849825
-18.196702 7.4098522 -19.543998
-21.643686 7.3695866 -17.643541
-17.68087 9.0553379 -18.368515
-20.946657 9.0533068 -16.403801
-12.372734 13.767835 -16.688641
-16.280748 12.202332 -16.045695
-13.092616 12.264497 -17.806755
-13.515626 14.548128 -15.18625
-15.086821 11.454978 -17.518942
-15.471656 13.769635 -14.821542
-14.732379 -6.727643 -23.83749
-15.329141 -2.2947653 -24.80307
-16.637934 -5.8142866 -23.622785
-12.95566 -5.6534896 -24.770819
-13.811268 6.3070113 -22.347101
-14.902595 2.2309117 -24.112905
-15.619307 5.4583173 -22.176522
-12.282258 5.3596358 -23.483296
-20.466743 -3.7420945 -22.814783
-17.030529 -1.2058674 -24.236507
-18.568698 -4.8156244 -23.286925
-20.569016 -1.2534595 -22.910743
-16.986658 -3.5415836 -24.155266
-9.2711082 -3.4256717 -26.086675
-13.302099 -1.1834337 -25.35292
-11.117384 -4.5415007 -25.522755
-9.3078962 -1.1505192 -26.229968
-13.242755 -3.4409977 -25.26667
-19.46166 3.5583274 -21.694392
-16.755139 1.1863681 -23.844594
-17.511883 4.5415489 -21.961578
-20.189646 1.230341 -22.488182
-16.255859 3.3892177 -23.11606
-18.656904 0 -23.46867
-9.0154386 3.3312018 -25.367282
-13.121527 1.167369 -25.008762
-10.673263 4.3600751 -24.503162
-9.2146881 1.1389981 -25.967304
-12.764224 3.3166563 -24.353653
-11.261336 0 -25.728783
-14.685102 21.029677 1.0432701
-17.03491 19.330655 3.1445005
-14.109367 21.146696 2.7227298
-15.956985 20.316631 0
-21.393984 15.104843 7.4526722
-19.257688 17.354222 5.2731827
-12.731188 20.966389 5.9899771
-16.340149 19.306664 4.8262912
-13.45164 21.120859 4.3860912
-15.249807 20.255565 3.7788624
-18.427611 18.647164 -2.1192144
-18.427611 18.647164 2.1192144
-17.211712 19.516647 -1.0584619
-17.211712 19.516647 1.0584619
-29.13469 2.228099 17.155171
-27.612492 6.250895 14.677829
-23.490024 12.557172 9.7212202
-25.580254 9.6456295 12.125164
-9.3960933 19.296313 11.925777
-12.985213 18.025241 11.140212
-10.264721 19.833456 10.549678
-20.421536 14.836745 9.1696125
-16.614391 16.54767 10.227022
-19.45033 16.034246 8.0791103
-11.93215 20.675308 7.6119385
-13.861987 18.479721 9.6876142
-11.116668 20.300341 9.1033851
-13.755008 19.937295 7.0734393
-12.070901 19.179156 10.135683
-17.430775 18.251684 5.9345374
-15.727111 17.704511 9.1843129
-18.450192 17.1783 6.9951499
-15.591187 19.126022 6.5123325
-17.55914 16.901794 8.6563307
-14.755864 18.842341 8.1438054
-23.194914 14.335245 -6.5462891
-24.137887 14.918035 -2.233223
-22.034012 15.518934 -5.4232414
-23.194914 14.335245 6.5462891
-24.137887 14.918035 2.233223
-22.034012 15.518934 5.4232414
-19.681116 17.655585 -3.2281085
-22.731091 15.972702 -1.1309666
-20.857235 16.631294 -4.3131762
-19.871554 17.840466 -1.0871838
-22.492081 15.81706 -3.2977316
-19.681116 17.655585 3.2281085
-22.731091 15.972702 1.1309666
-20.857235 16.631294 4.3131762
-19.871554 17.840466 1.0871838
-22.492081 15.81706 3.2977316
-21.315238 16.944989 0
-18.205031 -26.070363 1.2933356
-21.116094 -23.961847 3.8978525
-17.212125 -25.797017 3.321479
-20.03224 -25.505296 0
-25.236621 -17.81787 8.7912691
-23.365581 -21.056083 6.3980152
-14.845627 -24.448559 6.9848131
-19.789116 -23.381782 5.8449917
-16.051882 -25.203585 5.2339358
-18.583384 -24.683392 4.6049142
-23.171023 -23.447092 -2.664717
-23.171023 -23.447092 2.664717
-21.711549 -24.619088 -1.3351866
-21.711549 -24.619088 1.3351866
-30.252102 -2.3135539 17.813128
-30.160412 -6.8276914 16.032214
-26.978947 -14.422262 11.165092
-28.691562 -10.81882 13.599939
-10.209617 -20.967007 12.958323
-14.481445 -20.102215 12.423852
-11.304263 -21.842054 11.618078
-23.642621 -17.176942 10.615934
-18.931208 -18.855183 11.653144
-22.780122 -18.779222 9.4622104
-13.605981 -23.575621 8.679734
-15.70326 -20.934363 10.97441
-12.440744 -22.71826 10.187665
-15.977623 -23.158879 8.2164068
-13.490343 -21.434471 11.327559
-20.895933 -21.880034 7.114296
-18.045947 -20.314897 10.538466
-21.868541 -20.360999 8.2911723
-18.420909 -22.5973 7.6942882
-20.372007 -19.609358 10.043022
-17.041903 -21.761473 9.4054768
-27.563121 -17.034945 -7.779126
-29.866339 -18.458412 -2.7632159
-26.616851 -18.746706 -6.5512174
-27.563121 -17.034945 7.779126
-29.866339 -18.458412 2.7632159
-26.616851 -18.746706 6.5512174
-24.499149 -21.977758 -4.0183652
-28.527364 -20.045632 -1.4193554
-25.60337 -20.415802 -5.2946542
-25.17297 -22.600019 -1.3772272
-27.805024 -19.55327 -4.0767017
-24.499149 -21.977758 4.0183652
-28.527364 -20.045632 1.4193554
-25.60337 -20.415802 5.2946542
-25.17297 -22.600019 1.3772272
-27.805024 -19.55327 4.0767017
-26.982082 -21.449963 0
-1.6646751 -12.817108 21.767343
-5.0811668 -11.931171 22.445374
-2.6911742 -13.945844 20.901612
-1.6830129 -11.388487 22.833144
-12.270947 -9.4996365 22.954597
-8.6138561 -10.82816 22.843986
-4.7474125 -16.073093 18.991125
-6.1412191 -13.05264 21.495773
-3.7257802 -15.035591 19.971033
-4.4097894 -13.52432 21.234976
-1.7294594 -8.2954878 24.778181
-5.1500858 -10.41885 23.504351
-1.7071234 -9.8751618 23.850102
-3.4091212 -10.929058 23.205562
-27.733152 -1.3758256 19.366163
-24.010159 -3.9057114 21.158668
-28.273337 -3.6403161 18.86436
-16.070381 -7.9290647 22.761538
-20.01426 -6.081451 22.209487
-27.764464 -7.9321481 16.859108
-24.027099 -6.0063084 20.335279
-28.222871 -5.8609398 17.974832
-26.15934 -4.8802659 19.694581
-8.940631 -19.911574 14.466245
-10.511025 -17.075771 17.007196
-7.8944802 -19.005836 15.667819
-11.02198 -19.555422 14.281465
-13.479308 -10.620091 21.809978
-12.022835 -14.014013 19.453355
-11.616575 -11.3028 21.839228
-5.8246999 -17.108164 17.913878
-9.435782 -16.157724 18.189265
-6.8504036 -18.068414 16.82284
-6.5390405 -15.655129 19.204461
-8.6790653 -17.605256 16.946184
-15.29735 -18.542639 13.747263
-12.609607 -16.581249 16.824147
-13.15172 -19.09491 14.039746
-11.824851 -18.084617 15.573965
-7.9831787 -12.51409 21.683659
-10.198443 -14.592931 19.454158
-9.7748486 -11.93663 21.797689
-7.2617722 -14.12124 20.468132
-10.916961 -13.001349 20.657521
-8.3665653 -15.159486 19.357742
-1.8065109 -1.1164852 26.983925
-5.4228186 -3.3514862 26.553393
-1.7998167 -2.978183 26.754616
-12.491368 -7.7200903 23.962901
-9.0154327 -5.5718438 25.586503
-10.636379 -8.4797366 23.971446
-1.7648951 -6.5573762 25.628725
-5.3837336 -5.2057378 26.090802
-1.7839119 -4.8102426 26.287747
-3.5152048 -7.6877313 25.13232
-3.6034407 -4.098096 26.485067
-6.994594 -9.8135621 23.746896
-7.2054572 -6.34086 25.533349
-8.7935313 -9.1818358 23.89697
-5.2686918 -8.7801431 24.504297
-8.9363684 -7.4200936 24.836229
-5.352125 -7.0310991 25.388603
-24.637351 -15.22672 11.996844
-21.71395 -13.419959 15.642524
-25.457754 -13.541316 13.175552
-22.215987 -16.224494 12.521548
-15.751966 -9.7352505 21.681262
-18.793253 -11.614869 18.869028
-17.715723 -8.9263495 21.490045
-14.995462 -11.57302 20.533089
-27.041984 -9.95593 15.606491
-22.426978 -11.756882 16.822898
-26.271865 -11.781226 14.386733
-25.381507 -9.0049604 17.511044
-23.934709 -12.648869 15.063932
-17.600816 -17.858649 13.38496
-19.385038 -14.371807 15.992315
-19.85903 -17.102039 12.985073
-16.191407 -16.901607 15.042279
-20.788893 -15.285266 14.31846
-21.821982 -7.0954202 20.840492
-20.858513 -10.820469 18.528847
-19.750867 -8.0427213 21.213234
-23.636925 -8.0482764 19.268393
-19.314979 -9.8922543 20.066178
-23.065202 -9.9689584 18.062882
-13.429834 -14.944129 18.114483
-17.906488 -13.420815 17.647964
-14.211255 -13.312381 19.328172
-14.797713 -15.928158 16.626811
-16.476152 -12.509855 19.132244
-17.065343 -15.188002 16.348263
-1.6442176 12.659596 21.49984
-4.9039086 11.514948 21.662359
-2.6377445 13.668967 20.486638
-1.6626247 11.250526 22.556541
-11.467108 8.8773396 21.4509
-8.1566165 10.253381 21.631385
-4.5828585 15.515971 18.332858
-5.8837679 12.505449 20.594631
-3.6238815 14.624373 19.424833
-4.2712568 13.099456 20.567884
-1.7103589 8.2038709 24.504526
-4.9745734 10.063781 22.703334
-1.6870483 9.7590336 23.569634
-3.3285031 10.67061 22.656802
-27.113877 1.3451037 18.933721
-22.718039 3.6955233 20.020002
-26.764031 3.4459863 17.85733
-25.745769 0 20.221111
-14.926627 7.3647411 21.141564
-18.644497 5.6652405 20.689485
-25.291952 7.2257657 15.357752
-22.284472 5.5706854 18.86041
-26.102619 5.4206349 16.624467
-24.457482 4.5627685 18.413303
-22.402002 -2.5459445 22.138238
-21.577588 2.4522515 21.323531
-24.145962 -1.3095272 21.2943
-23.652192 1.2827482 20.858844
-8.3391513 18.572026 13.49303
-9.7811527 15.89005 15.826238
-7.434686 17.898889 14.755286
-10.149084 18.006712 13.150431
-12.51077 9.8569985 20.242852
-11.162173 13.010811 18.060775
-10.84365 10.550752 20.386125
-5.5777419 16.382805 17.154359
-8.8470431 15.149574 17.054359
-6.5078243 17.164837 15.981553
-6.2398625 14.938866 18.325807
-8.1550175 16.542239 15.922962
-13.776927 16.699663 12.380906
-11.617449 15.276591 15.500377
-11.968769 17.377389 12.776919
-10.892664 16.658953 14.346223
-7.5703989 11.867035 20.56248
-9.5424237 13.654234 18.202762
-9.1906828 11.223272 20.495013
-6.9062424 13.429877 19.466031
-10.198197 12.14535 19.297446
-7.9003387 14.314724 18.279032
-1.8027939 1.1141879 26.928404
-5.3309909 3.2947335 26.103749
-1.7903417 2.9625046 26.613769
-3.6240863 0 26.898911
-11.732025 7.25079 22.506208
-8.6590737 5.3516019 24.575129
-10.030743 7.9968995 22.606509
-1.7475589 6.4929643 25.376979
-5.2536543 5.0799591 25.460407
-1.7698081 4.7722124 26.079913
-3.4412878 7.5260753 24.603842
-3.5540164 4.0418872 26.121802
-7.3258309 -2.2486685 26.505105
-7.2125686 2.2139026 26.095318
-5.4779477 -1.1277777 26.761287
-5.44447 1.1208855 26.597739
-6.6899297 9.3861117 22.71255
-6.9471525 6.1135498 24.618018
-8.3441911 8.7126536 22.67586
-5.0968577 8.4937858 23.705109
-8.5173714 7.0721898 23.67174
-5.1944392 6.8239468 24.640596
-21.556887 13.322889 10.496851
-19.486317 12.043206 14.037758
-22.498468 11.967233 11.643987
-19.530474 14.263245 11.007918
-14.550079 8.9924431 20.026964
-17.133599 10.589147 17.202683
-16.327588 8.2269156 19.806169
-13.822583 10.667829 18.927081
-24.35507 8.9667005 14.055817
-20.239408 10.610094 15.181961
-23.439339 10.511022 12.835614
-23.059431 8.1811242 15.909012
-21.40351 11.311197 13.470856
-15.698915 15.928888 11.938615
-17.468893 12.951203 14.411529
-17.573258 15.133597 11.490493
-14.633195 15.275047 13.594656
-18.533379 13.626874 12.764963
-20.141418 6.5489846 19.235515
-18.968385 9.8399548 16.849825
-18.196702 7.4098522 19.543998
-21.643686 7.3695866 17.643541
-17.68087 9.0553379 18.368515
-20.946657 9.0533068 16.403801
-12.372734 13.767835 16.688641
-16.280748 12.202332 16.045695
-13.092616 12.264497 17.806755
-13.515626 14.548128 15.18625
-15.086821 11.454978 17.518942
-15.471656 13.769635 14.821542
-14.732379 -6.727643 23.83749
-15.329141 -2.2947653 24.80307
-16.637934 -5.8142866 23.622785
-12.95566 -5.6534896 24.770819
-13.811268 6.3070113 22.347101
-14.902595 2.2309117 24.112905
-15.619307 5.4583173 22.176522
-12.282258 5.3596358 23.483296
-20.466743 -3.7420945 22.814783
-17.030529 -1.2058674 24.236507
-18.568698 -4.8156244 23.286925
-20.569016 -1.2534595 22.910743
-16.986658 -3.5415836 24.155266
-9.2711082 -3.4256717 26.086675
-13.302099 -1.1834337 25.35292
-11.117384 -4.5415007 25.522755
-9.3078962 -1.1505192 26.229968
-13.242755 -3.4409977 25.26667
-19.46166 3.5583274 21.694392
-16.755139 1.1863681 23.844594
-17.511883 4.5415489 21.961578
-20.189646 1.230341 22.488182
-16.255859 3.3892177 23.11606
-18.656904 0 23.46867
-9.0154386 3.3312018 25.367282
-13.121527 1.167369 25.008762
-10.673263 4.3600751 24.503162
-9.2146881 1.1389981 25.967304
-12.764224 3.3166563 24.353653
-11.261336 0 25.728783
-31.541911 0 -16.596963
-35.919138 0 -12.948274
-31.245159 2.3030558 -15.584147
-32.506583 -2.3960345 -16.213308
-42.085568 0 -2.9168434
-39.735118 0 -8.3691954
-29.353256 6.4316514 -13.011513
-35.322403 2.4654216 -11.825588
-30.428157 4.4701903 -14.330663
-33.336085 2.3861035 -13.802844
-32.211446 -7.0579151 -14.278472
-36.905682 -2.5759307 -12.355654
-32.672056 -4.7998407 -15.387466
-34.755855 -2.4877266 -14.390701
-31.541911 0 16.596963
-35.919138 0 12.948274
-31.245159 2.3030558 15.584147
-32.506583 -2.3960345 16.213308
-42.085568 0 2.9168434
-39.735118 0 8.3691954
-29.353256 6.4316514 13.011513
-35.322403 2.4654216 11.825588
-30.428157 4.4701903 14.330663
-33.336085 2.3861035 13.802844
-32.211446 -7.0579151 14.278472
-36.905682 -2.5759307 12.355654
-32.672056 -4.7998407 15.387466
-34.755855 -2.4877266 14.390701
-24.57956 12.812821 -7.9187586
-29.303435 10.325098 -6.3812613
-25.753129 11.426931 -9.1099951
-25.309242 13.237266 -5.7763748
-40.524221 2.7130022 -1.6767276
-34.790718 7.1050714 -4.3911756
-39.890401 2.6834774 -4.4403894
-28.142654 8.2893544 -11.630138
-30.862959 8.7094619 -7.6643962
-26.948481 9.9164163 -10.354305
-30.994259 6.6641047 -11.105564
-28.210672 10.150533 -8.4282452
-26.116417 13.702689 -1.2190726
-29.959547 10.647513 -3.9342528
-25.839099 13.542776 -3.5189552
-27.57154 12.009808 -4.90606
-37.204603 2.5620557 -9.519185
-33.845766 6.9839398 -6.7530383
-38.740905 2.6289953 -7.0889741
-34.093397 4.7685719 -10.428838
-36.905857 5.0212472 -5.7105292
-32.521161 6.8557267 -9.006384
-28.660086 -14.939915 -9.2333753
-33.91692 -11.950664 -7.3859167
-29.580296 -13.125084 -10.463829
-30.099515 -15.74268 -6.8696675
-42.644936 -2.8549791 -1.7644741
-39.100694 -7.9852684 -4.9351673
-41.938265 -2.8212398 -4.6683468
-31.409316 -9.2515423 -12.980108
-35.026493 -9.8844024 -8.6983532
-30.509463 -11.226775 -11.722527
-34.214774 -7.3565507 -12.259507
-32.285419 -11.616675 -9.6456201
-32.03994 -16.810626 -1.4955731
-35.151989 -12.492888 -4.6161182
-31.316994 -16.413847 -4.2649745
-32.658611 -14.225671 -5.8112498
-38.971271 -2.6837154 -9.9712055
-37.828286 -7.8057169 -7.5476461
-40.661913 -2.7593567 -7.4404881
-36.899636 -5.1610746 -11.287238
-40.27196 -5.4792241 -6.2313741
-36.129007 -7.61629 -10.005538
-24.57956 12.812821 7.9187586
-29.303435 10.325098 6.3812613
-25.753129 11.426931 9.1099951
-25.309242 13.237266 5.7763748
-40.524221 2.7130022 1.6767276
-34.790718 7.1050714 4.3911756
-39.890401 2.6834774 4.4403894
-38.097406 5.1328578 0
-28.142654 8.2893544 11.630138
-30.862959 8.7094619 7.6643962
-26.948481 9.9164163 10.354305
-30.994259 6.6641047 11.105564
-28.210672 10.150533 8.4282452
-26.116417 13.702689 1.2190726
-29.959547 10.647513 3.9342528
-25.839099 13.542776 3.5189552
-28.192583 12.339727 0
-27.57154 12.009808 4.90606
-37.204603 2.5620557 9.519185
-33.845766 6.9839398 6.7530383
-38.740905 2.6289953 7.0889741
-34.093397 4.7685719 10.428838
-36.905857 5.0212472 5.7105292
-32.521161 6.8557267 9.006384
-32.637802 9.0208667 -2.7689609
-32.637802 9.0208667 2.7689609
-35.336874 7.2333422 -1.4891713
-30.380303 10.780673 -1.3325645
-35.336874 7.2333422 1.4891713
-30.380303 10.780673 1.3325645
-28.660086 -14.939915 9.2333753
-33.91692 -11.950664 7.3859167
-29.580296 -13.125084 10.463829
-30.099515 -15.74268 6.8696675
-42.644936 -2.8549791 1.7644741
-39.100694 -7.9852684 4.9351673
-41.938265 -2.8212398 4.6683468
-41.748956 -5.6248307 0
-31.409316 -9.2515423 12.980108
-35.026493 -9.8844024 8.6983532
-30.509463 -11.226775 11.722527
-34.214774 -7.3565507 12.259507
-32.285419 -11.616675 9.6456201
-32.03994 -16.810626 1.4955731
-35.151989 -12.492888 4.6161182
-31.316994 -16.413847 4.2649745
-34.067022 -14.910935 0
-32.658611 -14.225671 5.8112498
-38.971271 -2.6837154 9.9712055
-37.828286 -7.8057169 7.5476461
-40.661913 -2.7593567 7.4404881
-36.899636 -5.1610746 11.287238
-40.27196 -5.4792241 6.2313741
-36.129007 -7.61629 10.005538
-37.674481 -10.412971 -3.1962681
-37.674481 -10.412971 3.1962681
-39.902335 -8.1678772 -1.6815696
-35.9463 -12.755808 -1.5767045
-39.902335 -8.1678772 1.6815696
-35.9463 -12.755808 1.5767045
