-19.364797 31.3329 0
28.52586 46.15581 0
-28.52586 -46.15581 0
19.364797 -31.3329 0
0 -15.398038 24.914549
0 15.398038 24.914549
0 -15.398038 -24.914549
0 15.398038 -24.914549
32.264406 0 -19.9405
32.264406 0 19.9405
-32.264406 0 -19.9405
-32.264406 0 19.9405
0 42.397064 0
0 -42.397064 0
-12.390841 -32.439643 20.048802
10.500415 -27.490444 16.990029
-10.500415 27.490444 16.990029
12.390841 32.439643 20.048802
0 0 26.402133
-12.390841 -32.439643 -20.048802
10.500415 -27.490444 -16.990029
-10.500415 27.490444 -16.990029
12.390841 32.439643 -20.048802
0 0 -26.402133
41.017725 25.350348 -15.667377
29.083235 -17.974427 -11.108807
14.542585 -8.9878117 -23.530397
15.894516 9.8233514 -25.717868
41.017725 25.350348 15.667377
29.083235 -17.974427 11.108807
14.542585 -8.9878117 23.530397
15.894516 9.8233514 25.717868
48.201962 0 0
-29.083235 17.974427 -11.108807
-41.017725 -25.350348 -15.667377
-15.894516 -9.8233514 -25.717868
-14.542585 8.9878117 -23.530397
-29.083235 17.974427 11.108807
-41.017725 -25.350348 15.667377
-15.894516 -9.8233514 25.717868
-14.542585 8.9878117 23.530397
-48.201962 0 0
-10.646129 37.47594 0
12.849318 45.231489 0
-12.849318 -45.231489 0
10.646129 -37.47594 0
-20.603053 -40.963523 12.34088
-5.3928035 -23.293328 23.570854
-6.9699295 -40.802678 11.277583
15.696733 -31.208651 9.4020777
5.0440479 -21.786936 22.046514
6.2851687 -36.794019 10.169617
0 -30.777028 19.02125
-15.696733 31.208651 9.4020777
-5.0440479 21.786936 22.046514
-6.2851687 36.794019 10.169617
20.603053 40.963523 12.34088
5.3928035 23.293328 23.570854
6.9699295 40.802678 11.277583
0 30.777028 19.02125
0 -7.4071381 26.074215
0 7.4071381 26.074215
-20.603053 -40.963523 -12.34088
-5.3928035 -23.293328 -23.570854
-6.9699295 -40.802678 -11.277583
15.696733 -31.208651 -9.4020777
5.0440479 -21.786936 -22.046514
6.2851687 -36.794019 -10.169617
0 -30.777028 -19.02125
-15.696733 31.208651 -9.4020777
-5.0440479 21.786936 -22.046514
-6.2851687 36.794019 -10.169617
20.603053 40.963523 -12.34088
5.3928035 23.293328 -23.570854
6.9699295 40.802678 -11.277583
0 30.777028 -19.02125
0 -7.4071381 -26.074215
0 7.4071381 -26.074215
38.943411 39.407397 -9.016065
38.35092 11.553794 -19.289015
26.629763 31.17867 -19.269478
25.011551 -25.309548 -5.7906014
31.607919 -9.522363 -15.897549
19.865074 -23.258433 -14.374502
7.3426757 -12.258569 -24.372805
22.508401 -5.1497236 -22.243384
12.998722 -17.963792 -21.032374
7.1154327 -4.3975793 -25.743877
22.253528 -13.753436 -19.006782
7.7949848 13.013698 -25.874171
24.284991 5.5561919 -23.999057
15.195529 20.999705 -24.586882
7.264284 4.4895744 -26.282426
27.462408 16.972701 -23.455696
15.510403 0 -25.09636
38.943411 39.407397 9.016065
38.35092 11.553794 19.289015
26.629763 31.17867 19.269478
50.610906 31.27926 0
25.011551 -25.309548 5.7906014
31.607919 -9.522363 15.897549
19.865074 -23.258433 14.374502
32.057721 -19.812761 0
7.3426757 -12.258569 24.372805
22.508401 -5.1497236 22.243384
12.998722 -17.963792 21.032374
7.1154327 -4.3975793 25.743877
22.253528 -13.753436 19.006782
7.7949848 13.013698 25.874171
24.284991 5.5561919 23.999057
15.195529 20.999705 24.586882
7.264284 4.4895744 26.282426
27.462408 16.972701 23.455696
15.510403 0 25.09636
43.038881 0 -12.226444
43.038881 0 12.226444
49.973444 13.81232 -8.5364833
38.944378 -10.763961 -6.652494
49.973444 13.81232 8.5364833
38.944378 -10.763961 6.652494
-25.011551 25.309548 -5.7906014
-31.607919 9.522363 -15.897549
-19.865074 23.258433 -14.374502
-38.943411 -39.407397 -9.016065
-38.35092 -11.553794 -19.289015
-26.629763 -31.17867 -19.269478
-7.7949848 -13.013698 -25.874171
-24.284991 -5.5561919 -23.999057
-15.195529 -20.999705 -24.586882
-7.264284 -4.4895744 -26.282426
-27.462408 -16.972701 -23.455696
-7.3426757 12.258569 -24.372805
-22.508401 5.1497236 -22.243384
-12.998722 17.963792 -21.032374
-7.1154327 4.3975793 -25.743877
-22.253528 13.753436 -19.006782
-15.510403 0 -25.09636
-25.011551 25.309548 5.7906014
-31.607919 9.522363 15.897549
-19.865074 23.258433 14.374502
-32.057721 19.812761 0
-38.943411 -39.407397 9.016065
-38.35092 -11.553794 19.289015
-26.629763 -31.17867 19.269478
-50.610906 -31.27926 0
-7.7949848 -13.013698 25.874171
-24.284991 -5.5561919 23.999057
-15.195529 -20.999705 24.586882
-7.264284 -4.4895744 26.282426
-27.462408 -16.972701 23.455696
-7.3426757 12.258569 24.372805
-22.508401 5.1497236 22.243384
-12.998722 17.963792 21.032374
-7.1154327 4.3975793 25.743877
-22.253528 13.753436 19.006782
-15.510403 0 25.09636
-43.038881 0 -12.226444
-43.038881 0 12.226444
-38.944378 10.763961 -6.652494
-49.973444 -13.81232 -8.5364833
-38.944378 10.763961 6.652494
-49.973444 -13.81232 8.5364833
-15.203472 34.490276 0
-5.5940853 40.163172 0
20.251053 45.94111 0
6.1395727 44.079541 0
-20.251053 -45.94111 0
-6.1395727 -44.079541 0
15.203472 -34.490276 0
5.5940853 -40.163172 0
-24.900529 -44.457777 6.7437615
-16.399836 -36.902897 16.774814
-17.246313 -44.499066 6.3383229
-2.5233574 -19.158415 24.392731
-8.6838286 -27.787375 22.226358
-3.5464767 -42.591302 5.7383198
-9.9813574 -37.261476 16.150176
-9.984393 -43.835062 6.0233972
-13.568596 -41.267321 11.894196
17.807592 -31.79394 4.8227952
13.200976 -29.704826 13.502813
13.520134 -34.884751 4.9688867
2.4534214 -18.62743 23.716675
7.7464049 -24.787714 19.827012
0 -22.652066 22.921952
3.3587154 -40.336389 5.4345157
8.6594547 -32.326671 14.011292
8.6199334 -37.844596 5.2002443
0 -39.156783 10.822669
11.214003 -34.106099 9.830166
-5.9366121 -31.884343 19.705608
5.4507539 -29.274897 18.092881
-2.8309476 -27.220449 21.639459
-3.2577288 -36.128766 15.813348
2.7210186 -26.163448 20.799173
3.1004554 -34.384577 15.049926
-17.807592 31.79394 4.8227952
-13.200976 29.704826 13.502813
-13.520134 34.884751 4.9688867
-2.4534214 18.62743 23.716675
-7.7464049 24.787714 19.827012
-3.3587154 40.336389 5.4345157
-8.6594547 32.326671 14.011292
-8.6199334 37.844596 5.2002443
-11.214003 34.106099 9.830166
24.900529 44.457777 6.7437615
16.399836 36.902897 16.774814
17.246313 44.499066 6.3383229
2.5233574 19.158415 24.392731
8.6838286 27.787375 22.226358
0 22.652066 22.921952
3.5464767 42.591302 5.7383198
9.9813574 37.261476 16.150176
9.984393 43.835062 6.0233972
0 39.156783 10.822669
13.568596 41.267321 11.894196
-5.4507539 29.274897 18.092881
5.9366121 31.884343 19.705608
-2.7210186 26.163448 20.799173
-3.1004554 34.384577 15.049926
2.8309476 27.220449 21.639459
3.2577288 36.128766 15.813348
0 -11.295542 25.624828
0 -3.6663234 26.322655
0 11.295542 25.624828
0 3.6663234 26.322655
-24.900529 -44.457777 -6.7437615
-16.399836 -36.902897 -16.774814
-17.246313 -44.499066 -6.3383229
-2.5233574 -19.158415 -24.392731
-8.6838286 -27.787375 -22.226358
-3.5464767 -42.591302 -5.7383198
-9.9813574 -37.261476 -16.150176
-9.984393 -43.835062 -6.0233972
-13.568596 -41.267321 -11.894196
17.807592 -31.79394 -4.8227952
13.200976 -29.704826 -13.502813
13.520134 -34.884751 -4.9688867
2.4534214 -18.62743 -23.716675
7.7464049 -24.787714 -19.827012
0 -22.652066 -22.921952
3.3587154 -40.336389 -5.4345157
8.6594547 -32.326671 -14.011292
8.6199334 -37.844596 -5.2002443
0 -39.156783 -10.822669
11.214003 -34.106099 -9.830166
-5.9366121 -31.884343 -19.705608
5.4507539 -29.274897 -18.092881
-2.8309476 -27.220449 -21.639459
-3.2577288 -36.128766 -15.813348
2.7210186 -26.163448 -20.799173
3.1004554 -34.384577 -15.049926
-17.807592 31.79394 -4.8227952
-13.200976 29.704826 -13.502813
-13.520134 34.884751 -4.9688867
-2.4534214 18.62743 -23.716675
-7.7464049 24.787714 -19.827012
-3.3587154 40.336389 -5.4345157
-8.6594547 32.326671 -14.011292
-8.6199334 37.844596 -5.2002443
-11.214003 34.106099 -9.830166
24.900529 44.457777 -6.7437615
16.399836 36.902897 -16.774814
17.246313 44.499066 -6.3383229
2.5233574 19.158415 -24.392731
8.6838286 27.787375 -22.226358
0 22.652066 -22.921952
3.5464767 42.591302 -5.7383198
9.9813574 37.261476 -16.150176
9.984393 43.835062 -6.0233972
0 39.156783 -10.822669
13.568596 41.267321 -11.894196
-5.4507539 29.274897 -18.092881
5.9366121 31.884343 -19.705608
-2.7210186 26.163448 -20.799173
-3.1004554 34.384577 -15.049926
2.8309476 27.220449 -21.639459
3.2577288 36.128766 -15.813348
0 -11.295542 -25.624828
0 -3.6663234 -26.322655
0 11.295542 -25.624828
0 3.6663234 -26.322655
34.960193 44.51175 -4.6046117
40.61683 32.488287 -12.69316
29.481493 40.90751 -10.99381
35.472586 5.3808057 -19.867979
40.307521 18.322442 -17.912868
19.326582 32.265656 -19.941272
34.045556 28.96088 -17.898808
24.112043 36.601104 -16.171492
32.505567 35.26191 -14.861941
22.393777 -28.512035 -2.9494874
27.236795 -21.785965 -8.5117671
20.47789 -28.414418 -7.6363169
32.206589 -4.8853895 -18.038714
30.548839 -13.886473 -13.57606
15.263397 -25.482183 -15.748855
24.43169 -20.782837 -12.8445
17.988572 -27.305923 -12.064595
22.711661 -24.637519 -10.384048
3.7439746 -13.824177 -24.681891
10.906001 -10.662212 -23.992102
6.289017 -16.86491 -23.401171
3.6223037 -9.8561379 -25.43088
27.102893 -2.8037158 -21.287016
18.367505 -7.1761763 -22.963039
27.183238 -7.3054398 -19.590595
11.909402 -22.653029 -19.269818
13.856753 -13.429619 -22.420698
9.0966973 -19.896009 -21.583111
16.505736 -20.788377 -18.141559
10.141987 -15.121922 -22.954464
3.5354674 -2.185039 -26.241159
10.777632 -6.6609431 -24.866013
3.5648926 -5.9091719 -25.943381
7.2557374 -8.2771605 -25.17403
25.927461 -16.024052 -15.530111
18.395106 -11.368801 -21.624744
26.752582 -11.820112 -17.624043
21.250682 -18.545003 -16.872801
22.51663 -9.4901501 -20.756557
17.547987 -15.965686 -20.108204
3.8709983 14.293196 -25.519286
11.798296 11.534561 -25.955061
6.7346738 18.060003 -25.059441
3.7078886 10.089011 -26.031741
28.415406 2.9394915 -22.317884
20.073555 7.8427293 -25.095942
30.9566 8.3195231 -22.310006
23.527278 0 -23.250265
14.119559 26.856997 -22.845926
15.737164 15.252066 -25.463266
10.218622 22.349847 -24.245026
20.673271 26.037236 -22.722123
11.238271 16.756505 -25.435695
3.5534427 2.1961484 -26.374576
11.30865 6.9891299 -26.09117
3.6146284 5.9916139 -26.305331
7.221207 0 -26.126572
7.5518469 8.6149547 -26.201392
34.258983 21.173216 -20.520552
21.243529 13.129223 -24.973266
33.096992 14.623267 -21.803607
27.681195 24.15677 -21.978555
26.034317 10.97276 -23.999274
21.26378 19.346426 -24.366124
15.08996 -4.5460784 -24.416068
15.792236 4.7576497 -25.552374
19.022728 -2.4886179 -23.928843
11.152387 -2.297518 -25.479865
19.612899 2.5658262 -24.671224
11.341353 2.3364473 -25.911597
34.960193 44.51175 4.6046117
40.61683 32.488287 12.69316
29.481493 40.90751 10.99381
42.69582 43.204515 0
35.472586 5.3808057 19.867979
40.307521 18.322442 17.912868
19.326582 32.265656 19.941272
34.045556 28.96088 17.898808
24.112043 36.601104 16.171492
32.505567 35.26191 14.861941
47.292831 29.228577 -8.8055505
47.292831 29.228577 8.8055505
46.658529 37.092162 -4.8525227
46.658529 37.092162 4.8525227
22.393777 -28.512035 2.9494874
27.236795 -21.785965 8.5117671
20.47789 -28.414418 7.6363169
25.633758 -25.939169 0
32.206589 -4.8853895 18.038714
30.548839 -13.886473 13.57606
15.263397 -25.482183 15.748855
24.43169 -20.782837 12.8445
17.988572 -27.305923 12.064595
22.711661 -24.637519 10.384048
31.268964 -19.325283 -5.8220333
31.268964 -19.325283 5.8220333
28.667716 -22.789993 -2.9814644
28.667716 -22.789993 2.9814644
3.7439746 -13.824177 24.681891
10.906001 -10.662212 23.992102
6.289017 -16.86491 23.401171
3.6223037 -9.8561379 25.43088
27.102893 -2.8037158 21.287016
18.367505 -7.1761763 22.963039
27.183238 -7.3054398 19.590595
11.909402 -22.653029 19.269818
13.856753 -13.429619 22.420698
9.0966973 -19.896009 21.583111
16.505736 -20.788377 18.141559
10.141987 -15.121922 22.954464
3.5354674 -2.185039 26.241159
10.777632 -6.6609431 24.866013
3.5648926 -5.9091719 25.943381
7.2557374 -8.2771605 25.17403
25.927461 -16.024052 15.530111
18.395106 -11.368801 21.624744
26.752582 -11.820112 17.624043
21.250682 -18.545003 16.872801
22.51663 -9.4901501 20.756557
17.547987 -15.965686 20.108204
3.8709983 14.293196 25.519286
11.798296 11.534561 25.955061
6.7346738 18.060003 25.059441
3.7078886 10.089011 26.031741
28.415406 2.9394915 22.317884
20.073555 7.8427293 25.095942
30.9566 8.3195231 22.310006
23.527278 0 23.250265
14.119559 26.856997 22.845926
15.737164 15.252066 25.463266
10.218622 22.349847 24.245026
20.673271 26.037236 22.722123
11.238271 16.756505 25.435695
3.5534427 2.1961484 26.374576
11.30865 6.9891299 26.09117
3.6146284 5.9916139 26.305331
7.221207 0 26.126572
7.5518469 8.6149547 26.201392
34.258983 21.173216 20.520552
21.243529 13.129223 24.973266
33.096992 14.623267 21.803607
27.681195 24.15677 21.978555
26.034317 10.97276 23.999274
21.26378 19.346426 24.366124
15.08996 -4.5460784 24.416068
15.792236 4.7576497 25.552374
19.022728 -2.4886179 23.928843
11.152387 -2.297518 25.479865
19.612899 2.5658262 24.671224
11.341353 2.3364473 25.911597
37.87703 0 -16.696369
46.804647 0 -6.5191362
41.659213 5.9338222 -16.145684
37.139446 -5.2900392 -14.393977
37.87703 0 16.696369
46.804647 0 6.5191362
41.659213 5.9338222 16.145684
37.139446 -5.2900392 14.393977
46.631143 20.211254 -12.491242
50.499901 6.8038442 -4.205007
44.866266 12.931495 -14.75192
51.338346 22.470491 -4.6291758
47.206181 6.4866243 -10.752239
33.915861 -14.700092 -9.0851564
43.947259 -5.9210077 -3.659384
35.754513 -10.305277 -11.755998
35.745592 -15.645635 -3.223178
41.428528 -5.6927142 -9.4362523
46.631143 20.211254 12.491242
50.499901 6.8038442 4.205007
44.866266 12.931495 14.75192
51.338346 22.470491 4.6291758
47.206181 6.4866243 10.752239
52.359978 14.471942 0
33.915861 -14.700092 9.0851564
43.947259 -5.9210077 3.659384
35.754513 -10.305277 11.755998
35.745592 -15.645635 3.223178
41.428528 -5.6927142 9.4362523
40.232193 -11.119905 0
-22.393777 28.512035 -2.9494874
-27.236795 21.785965 -8.5117671
-20.47789 28.414418 -7.6363169
-32.206589 4.8853895 -18.038714
-30.548839 13.886473 -13.57606
-15.263397 25.482183 -15.748855
-24.43169 20.782837 -12.8445
-17.988572 27.305923 -12.064595
-22.711661 24.637519 -10.384048
-34.960193 -44.51175 -4.6046117
-40.61683 -32.488287 -12.69316
-29.481493 -40.90751 -10.99381
-35.472586 -5.3808057 -19.867979
-40.307521 -18.322442 -17.912868
-19.326582 -32.265656 -19.941272
-34.045556 -28.96088 -17.898808
-24.112043 -36.601104 -16.171492
-32.505567 -35.26191 -14.861941
-3.8709983 -14.293196 -25.519286
-11.798296 -11.534561 -25.955061
-6.7346738 -18.060003 -25.059441
-3.7078886 -10.089011 -26.031741
-28.415406 -2.9394915 -22.317884
-20.073555 -7.8427293 -25.095942
-30.9566 -8.3195231 -22.310006
-14.119559 -26.856997 -22.845926
-15.737164 -15.252066 -25.463266
-10.218622 -22.349847 -24.245026
-20.673271 -26.037236 -22.722123
-11.238271 -16.756505 -25.435695
-3.5534427 -2.1961484 -26.374576
-11.30865 -6.9891299 -26.09117
-3.6146284 -5.9916139 -26.305331
-7.5518469 -8.6149547 -26.201392
-34.258983 -21.173216 -20.520552
-21.243529 -13.129223 -24.973266
-33.096992 -14.623267 -21.803607
-27.681195 -24.15677 -21.978555
-26.034317 -10.97276 -23.999274
-21.26378 -19.346426 -24.366124
-3.7439746 13.824177 -24.681891
-10.906001 10.662212 -23.992102
-6.289017 16.86491 -23.401171
-3.6223037 9.8561379 -25.43088
-27.102893 2.8037158 -21.287016
-18.367505 7.1761763 -22.963039
-27.183238 7.3054398 -19.590595
-23.527278 0 -23.250265
-11.909402 22.653029 -19.269818
-13.856753 13.429619 -22.420698
-9.0966973 19.896009 -21.583111
-16.505736 20.788377 -18.141559
-10.141987 15.121922 -22.954464
-3.5354674 2.185039 -26.241159
-10.777632 6.6609431 -24.866013
-3.5648926 5.9091719 -25.943381
-7.221207 0 -26.126572
-7.2557374 8.2771605 -25.17403
-25.927461 16.024052 -15.530111
-18.395106 11.368801 -21.624744
-26.752582 11.820112 -17.624043
-21.250682 18.545003 -16.872801
-22.51663 9.4901501 -20.756557
-17.547987 15.965686 -20.108204
-15.792236 -4.7576497 -25.552374
-15.08996 4.5460784 -24.416068
-19.612899 -2.5658262 -24.671224
-11.341353 -2.3364473 -25.911597
-19.022728 2.4886179 -23.928843
-11.152387 2.297518 -25.479865
-22.393777 28.512035 2.9494874
-27.236795 21.785965 8.5117671
-20.47789 28.414418 7.6363169
-25.633758 25.939169 0
-32.206589 4.8853895 18.038714
-30.548839 13.886473 13.57606
-15.263397 25.482183 15.748855
-24.43169 20.782837 12.8445
-17.988572 27.305923 12.064595
-22.711661 24.637519 10.384048
-31.268964 19.325283 -5.8220333
-31.268964 19.325283 5.8220333
-28.667716 22.789993 -2.9814644
-28.667716 22.789993 2.9814644
-34.960193 -44.51175 4.6046117
-40.61683 -32.488287 12.69316
-29.481493 -40.90751 10.99381
-42.69582 -43.204515 0
-35.472586 -5.3808057 19.867979
-40.307521 -18.322442 17.912868
-19.326582 -32.265656 19.941272
-34.045556 -28.96088 17.898808
-24.112043 -36.601104 16.171492
-32.505567 -35.26191 14.861941
-47.292831 -29.228577 -8.8055505
-47.292831 -29.228577 8.8055505
-46.658529 -37.092162 -4.8525227
-46.658529 -37.092162 4.8525227
-3.8709983 -14.293196 25.519286
-11.798296 -11.534561 25.955061
-6.7346738 -18.060003 25.059441
-3.7078886 -10.089011 26.031741
-28.415406 -2.9394915 22.317884
-20.073555 -7.8427293 25.095942
-30.9566 -8.3195231 22.310006
-14.119559 -26.856997 22.845926
-15.737164 -15.252066 25.463266
-10.218622 -22.349847 24.245026
-20.673271 -26.037236 22.722123
-11.238271 -16.756505 25.435695
-3.5534427 -2.1961484 26.374576
-11.30865 -6.9891299 26.09117
-3.6146284 -5.9916139 26.305331
-7.5518469 -8.6149547 26.201392
-34.258983 -21.173216 20.520552
-21.243529 -13.129223 24.973266
-33.096992 -14.623267 21.803607
-27.681195 -24.15677 21.978555
-26.034317 -10.97276 23.999274
-21.26378 -19.346426 24.366124
-3.7439746 13.824177 24.681891
-10.906001 10.662212 23.992102
-6.289017 16.86491 23.401171
-3.6223037 9.8561379 25.43088
-27.102893 2.8037158 21.287016
-18.367505 7.1761763 22.963039
-27.183238 7.3054398 19.590595
-23.527278 0 23.250265
-11.909402 22.653029 19.269818
-13.856753 13.429619 22.420698
-9.0966973 19.896009 21.583111
-16.505736 20.788377 18.141559
-10.141987 15.121922 22.954464
-3.5354674 2.185039 26.241159
-10.777632 6.6609431 24.866013
-3.5648926 5.9091719 25.943381
-7.221207 0 26.126572
-7.2557374 8.2771605 25.17403
-25.927461 16.024052 15.530111
-18.395106 11.368801 21.624744
-26.752582 11.820112 17.624043
-21.250682 18.545003 16.872801
-22.51663 9.4901501 20.756557
-17.547987 15.965686 20.108204
-15.792236 -4.7576497 25.552374
-15.08996 4.5460784 24.416068
-19.612899 -2.5658262 24.671224
-11.341353 -2.3364473 25.911597
-19.022728 2.4886179 23.928843
-11.152387 2.297518 25.479865
-37.87703 0 -16.696369
-46.804647 0 -6.5191362
-37.139446 5.2900392 -14.393977
-41.659213 -5.9338222 -16.145684
-37.87703 0 16.696369
-46.804647 0 6.5191362
-37.139446 5.2900392 14.393977
-41.659213 -5.9338222 16.145684
-33.915861 14.700092 -9.0851564
-43.947259 5.9210077 -3.659384
-35.754513 10.305277 -11.755998
-35.745592 15.645635 -3.223178
-41.428528 5.6927142 -9.4362523
-46.631143 -20.211254 -12.491242
-50.499901 -6.8038442 -4.205007
-44.866266 -12.931495 -14.75192
-51.338346 -22.470491 -4.6291758
-47.206181 -6.4866243 -10.752239
-33.915861 14.700092 9.0851564
-43.947259 5.9210077 3.659384
-35.754513 10.305277 11.755998
-35.745592 15.645635 3.223178
-41.428528 5.6927142 9.4362523
-40.232193 11.119905 0
-46.631143 -20.211254 12.491242
-50.499901 -6.8038442 4.205007
-44.866266 -12.931495 14.75192
-51.338346 -22.470491 4.6291758
-47.206181 -6.4866243 10.752239
-52.359978 -14.471942 0
-17.32612 32.927646 0
-12.981426 36.011104 0
-2.8655413 41.345358 0
-8.1862913 38.86673 0
24.272781 46.129517 0
16.451694 45.637794 0
3.0016225 43.308801 0
9.4183591 44.716319 0
-24.272781 -46.129517 0
-16.451694 -45.637794 0
-3.0016225 -43.308801 0
-9.4183591 -44.716319 0
17.32612 -32.927646 0
12.981426 -36.011104 0
2.8655413 -41.345358 0
8.1862913 -38.86673 0
-26.90022 -45.684743 3.4937777
-22.758787 -42.814699 9.6923592
-22.784434 -45.681245 3.3671283
-14.366521 -34.714769 18.557637
-18.480006 -38.986957 14.700939
-15.138041 -45.216522 3.1560081
-19.085058 -43.054839 9.4338328
-18.843779 -45.510753 3.2575321
-20.990273 -44.568442 6.5475346
-1.2244249 -17.235041 24.681297
-3.9090472 -21.17674 24.030666
-10.490522 -30.114575 21.261863
-6.9832351 -25.502807 22.982061
-1.7685047 -42.742349 2.8615007
-5.2933575 -41.938589 8.5648324
-4.8488621 -43.55993 2.9303312
-11.268752 -34.977828 18.233224
-8.5417481 -39.224622 13.820839
-13.152733 -37.181583 16.497854
-11.45752 -44.780354 3.0837518
-8.4766888 -42.484584 8.7665257
-8.0953518 -44.240712 3.0022175
-13.532858 -44.240896 6.1878813
-6.6977713 -43.28618 5.8893255
-17.033754 -41.218344 12.140769
-10.21304 -41.125828 11.605622
-15.092438 -39.280113 14.454171
-15.419087 -43.032772 9.2525167
-11.757147 -39.353034 14.159686
-11.863604 -42.838298 9.0306636
18.664084 -31.697283 2.4240754
16.811686 -31.626785 7.1596477
16.599486 -33.280843 2.4531045
11.865845 -28.672222 15.327444
14.485405 -30.559615 11.523213
12.167184 -36.342732 2.5366382
14.696475 -33.154437 7.2645358
14.426248 -34.841705 2.4938715
15.71011 -33.357124 4.9004837
1.2089808 -17.01765 24.369983
3.7325112 -20.220379 22.94542
0 -18.914036 24.081585
9.122384 -26.187135 18.488963
6.3840597 -23.314616 21.010155
-2.6455623 -23.004464 23.278548
2.5581501 -22.244372 22.5094
-1.2865355 -20.920431 23.722026
1.2667182 -20.59818 23.356621
1.7204586 -41.58114 2.7837604
4.8868992 -38.718272 7.907169
4.5031876 -40.454551 2.7214285
0 -41.562258 5.5996768
9.6412302 -29.926054 15.599838
7.5430395 -34.638445 12.204894
10.977776 -31.033175 13.769742
9.6819971 -37.840934 2.605876
7.4801718 -37.490109 7.7359356
7.1719152 -39.194174 2.6597546
11.134311 -36.399694 5.0911488
6.056822 -39.143869 5.3257411
-3.4003576 -40.080089 11.077864
3.2283449 -38.052572 10.517472
-1.7300736 -41.053299 8.4034756
1.6843015 -39.967161 8.1811468
13.50393 -32.676862 9.6248951
8.81198 -35.484045 10.013523
12.281522 -31.964323 11.76213
12.415321 -34.649631 7.4500497
9.9590122 -33.334392 11.994108
9.9998043 -36.108303 7.6119256
-9.0996228 -32.241925 19.926606
-2.9040968 -31.389057 19.399504
-7.3597871 -29.901977 21.060478
-7.9045902 -34.634038 18.114331
8.0190007 -28.413048 17.56023
2.7817843 -30.067036 18.58245
6.6481256 -27.010578 19.024015
7.0561894 -30.916762 16.170117
-4.1481208 -25.290242 22.687434
-1.4457972 -29.058813 20.419071
-5.6985759 -27.556616 21.973295
-1.3619824 -24.894324 22.349854
-4.3312079 -29.540876 20.773969
-5.0680974 -38.593835 13.716107
-1.5633998 -33.493003 17.573015
-6.5456773 -36.786016 16.023516
-1.6597399 -37.83937 13.427578
-4.6480001 -34.129487 17.88793
3.926521 -23.939193 21.475432
1.4155082 -28.450039 19.991297
5.273621 -25.50166 20.334699
1.3370827 -24.439208 21.941256
4.0717118 -27.77099 19.529336
0 -26.730249 21.249764
4.6967574 -35.766061 12.711126
1.5265131 -32.702772 17.158399
5.9440185 -33.404757 14.550683
1.6177036 -36.881011 13.087497
4.3380323 -31.853446 16.695012
0 -35.331622 15.464443
-18.664084 31.697283 2.4240754
-16.811686 31.626785 7.1596477
-16.599486 33.280843 2.4531045
-11.865845 28.672222 15.327444
-14.485405 30.559615 11.523213
-12.167184 36.342732 2.5366382
-14.696475 33.154437 7.2645358
-14.426248 34.841705 2.4938715
-15.71011 33.357124 4.9004837
-1.2089808 17.01765 24.369983
-3.7325112 20.220379 22.94542
-9.122384 26.187135 18.488963
-6.3840597 23.314616 21.010155
-1.7204586 41.58114 2.7837604
-4.8868992 38.718272 7.907169
-4.5031876 40.454551 2.7214285
-9.6412302 29.926054 15.599838
-7.5430395 34.638445 12.204894
-10.977776 31.033175 13.769742
-9.6819971 37.840934 2.605876
-7.4801718 37.490109 7.7359356
-7.1719152 39.194174 2.6597546
-11.134311 36.399694 5.0911488
-6.056822 39.143869 5.3257411
-13.50393 32.676862 9.6248951
-8.81198 35.484045 10.013523
-12.281522 31.964323 11.76213
-12.415321 34.649631 7.4500497
-9.9590122 33.334392 11.994108
-9.9998043 36.108303 7.6119256
26.90022 45.684743 3.4937777
22.758787 42.814699 9.6923592
22.784434 45.681245 3.3671283
14.366521 34.714769 18.557637
18.480006 38.986957 14.700939
15.138041 45.216522 3.1560081
19.085058 43.054839 9.4338328
18.843779 45.510753 3.2575321
20.990273 44.568442 6.5475346
1.2244249 17.235041 24.681297
3.9090472 21.17674 24.030666
0 18.914036 24.081585
10.490522 30.114575 21.261863
6.9832351 25.502807 22.982061
-2.5581501 22.244372 22.5094
2.6455623 23.004464 23.278548
-1.2667182 20.59818 23.356621
1.2865355 20.920431 23.722026
1.7685047 42.742349 2.8615007
5.2933575 41.938589 8.5648324
4.8488621 43.55993 2.9303312
0 41.562258 5.5996768
11.268752 34.977828 18.233224
8.5417481 39.224622 13.820839
13.152733 37.181583 16.497854
11.45752 44.780354 3.0837518
8.4766888 42.484584 8.7665257
8.0953518 44.240712 3.0022175
13.532858 44.240896 6.1878813
6.6977713 43.28618 5.8893255
-3.2283449 38.052572 10.517472
3.4003576 40.080089 11.077864
-1.6843015 39.967161 8.1811468
1.7300736 41.053299 8.4034756
17.033754 41.218344 12.140769
10.21304 41.125828 11.605622
15.092438 39.280113 14.454171
15.419087 43.032772 9.2525167
11.757147 39.353034 14.159686
11.863604 42.838298 9.0306636
-8.0190007 28.413048 17.56023
-2.7817843 30.067036 18.58245
-6.6481256 27.010578 19.024015
-7.0561894 30.916762 16.170117
9.0996228 32.241925 19.926606
2.9040968 31.389057 19.399504
7.3597871 29.901977 21.060478
7.9045902 34.634038 18.114331
-3.926521 23.939193 21.475432
-1.4155082 28.450039 19.991297
-5.273621 25.50166 20.334699
-1.3370827 24.439208 21.941256
-4.0717118 27.77099 19.529336
-4.6967574 35.766061 12.711126
-1.5265131 32.702772 17.158399
-5.9440185 33.404757 14.550683
-1.6177036 36.881011 13.087497
-4.3380323 31.853446 16.695012
4.1481208 25.290242 22.687434
1.4457972 29.058813 20.419071
5.6985759 27.556616 21.973295
1.3619824 24.894324 22.349854
4.3312079 29.540876 20.773969
0 26.730249 21.249764
5.0680974 38.593835 13.716107
1.5633998 33.493003 17.573015
6.5456773 36.786016 16.023516
1.6597399 37.83937 13.427578
4.6480001 34.129487 17.88793
0 35.331622 15.464443
0 -13.316432 25.307383
0 -9.3284725 25.877633
0 -1.8284979 26.382416
0 -5.5227866 26.220989
0 13.316432 25.307383
0 9.3284725 25.877633
0 1.8284979 26.382416
0 5.5227866 26.220989
-26.90022 -45.684743 -3.4937777
-22.758787 -42.814699 -9.6923592
-22.784434 -45.681245 -3.3671283
-14.366521 -34.714769 -18.557637
-18.480006 -38.986957 -14.700939
-15.138041 -45.216522 -3.1560081
-19.085058 -43.054839 -9.4338328
-18.843779 -45.510753 -3.2575321
-20.990273 -44.568442 -6.5475346
-1.2244249 -17.235041 -24.681297
-3.9090472 -21.17674 -24.030666
-10.490522 -30.114575 -21.261863
-6.9832351 -25.502807 -22.982061
-1.7685047 -42.742349 -2.8615007
-5.2933575 -41.938589 -8.5648324
-4.8488621 -43.55993 -2.9303312
-11.268752 -34.977828 -18.233224
-8.5417481 -39.224622 -13.820839
-13.152733 -37.181583 -16.497854
-11.45752 -44.780354 -3.0837518
-8.4766888 -42.484584 -8.7665257
-8.0953518 -44.240712 -3.0022175
-13.532858 -44.240896 -6.1878813
-6.6977713 -43.28618 -5.8893255
-17.033754 -41.218344 -12.140769
-10.21304 -41.125828 -11.605622
-15.092438 -39.280113 -14.454171
-15.419087 -43.032772 -9.2525167
-11.757147 -39.353034 -14.159686
-11.863604 -42.838298 -9.0306636
18.664084 -31.697283 -2.4240754
16.811686 -31.626785 -7.1596477
16.599486 -33.280843 -2.4531045
11.865845 -28.672222 -15.327444
14.485405 -30.559615 -11.523213
12.167184 -36.342732 -2.5366382
14.696475 -33.154437 -7.2645358
14.426248 -34.841705 -2.4938715
15.71011 -33.357124 -4.9004837
1.2089808 -17.01765 -24.369983
3.7325112 -20.220379 -22.94542
0 -18.914036 -24.081585
9.122384 -26.187135 -18.488963
6.3840597 -23.314616 -21.010155
-2.6455623 -23.004464 -23.278548
2.5581501 -22.244372 -22.5094
-1.2865355 -20.920431 -23.722026
1.2667182 -20.59818 -23.356621
1.7204586 -41.58114 -2.7837604
4.8868992 -38.718272 -7.907169
4.5031876 -40.454551 -2.7214285
0 -41.562258 -5.5996768
9.6412302 -29.926054 -15.599838
7.5430395 -34.638445 -12.204894
10.977776 -31.033175 -13.769742
9.6819971 -37.840934 -2.605876
7.4801718 -37.490109 -7.7359356
7.1719152 -39.194174 -2.6597546
11.134311 -36.399694 -5.0911488
6.056822 -39.143869 -5.3257411
-3.4003576 -40.080089 -11.077864
3.2283449 -38.052572 -10.517472
-1.7300736 -41.053299 -8.4034756
1.6843015 -39.967161 -8.1811468
13.50393 -32.676862 -9.6248951
8.81198 -35.484045 -10.013523
12.281522 -31.964323 -11.76213
12.415321 -34.649631 -7.4500497
9.9590122 -33.334392 -11.994108
9.9998043 -36.108303 -7.6119256
-9.0996228 -32.241925 -19.926606
-2.9040968 -31.389057 -19.399504
-7.3597871 -29.901977 -21.060478
-7.9045902 -34.634038 -18.114331
8.0190007 -28.413048 -17.56023
2.7817843 -30.067036 -18.58245
6.6481256 -27.010578 -19.024015
7.0561894 -30.916762 -16.170117
-4.1481208 -25.290242 -22.687434
-1.4457972 -29.058813 -20.419071
-5.6985759 -27.556616 -21.973295
-1.3619824 -24.894324 -22.349854
-4.3312079 -29.540876 -20.773969
-5.0680974 -38.593835 -13.716107
-1.5633998 -33.493003 -17.573015
-6.5456773 -36.786016 -16.023516
-1.6597399 -37.83937 -13.427578
-4.6480001 -34.129487 -17.88793
3.926521 -23.939193 -21.475432
1.4155082 -28.450039 -19.991297
5.273621 -25.50166 -20.334699
1.3370827 -24.439208 -21.941256
4.0717118 -27.77099 -19.529336
0 -26.730249 -21.249764
4.6967574 -35.766061 -12.711126
1.5265131 -32.702772 -17.158399
5.9440185 -33.404757 -14.550683
1.6177036 -36.881011 -13.087497
4.3380323 -31.853446 -16.695012
0 -35.331622 -15.464443
-18.664084 31.697283 -2.4240754
-16.811686 31.626785 -7.1596477
-16.599486 33.280843 -2.4531045
-11.865845 28.672222 -15.327444
-14.485405 30.559615 -11.523213
-12.167184 36.342732 -2.5366382
-14.696475 33.154437 -7.2645358
-14.426248 34.841705 -2.4938715
-15.71011 33.357124 -4.9004837
-1.2089808 17.01765 -24.369983
-3.7325112 20.220379 -22.94542
-9.122384 26.187135 -18.488963
-6.3840597 23.314616 -21.010155
-1.7204586 41.58114 -2.7837604
-4.8868992 38.718272 -7.907169
-4.5031876 40.454551 -2.7214285
-9.6412302 29.926054 -15.599838
-7.5430395 34.638445 -12.204894
-10.977776 31.033175 -13.769742
-9.6819971 37.840934 -2.605876
-7.4801718 37.490109 -7.7359356
-7.1719152 39.194174 -2.6597546
-11.134311 36.399694 -5.0911488
-6.056822 39.143869 -5.3257411
-13.50393 32.676862 -9.6248951
-8.81198 35.484045 -10.013523
-12.281522 31.964323 -11.76213
-12.415321 34.649631 -7.4500497
-9.9590122 33.334392 -11.994108
-9.9998043 36.108303 -7.6119256
26.90022 45.684743 -3.4937777
22.758787 42.814699 -9.6923592
22.784434 45.681245 -3.3671283
14.366521 34.714769 -18.557637
18.480006 38.986957 -14.700939
15.138041 45.216522 -3.1560081
19.085058 43.054839 -9.4338328
18.843779 45.510753 -3.2575321
20.990273 44.568442 -6.5475346
1.2244249 17.235041 -24.681297
3.9090472 21.17674 -24.030666
0 18.914036 -24.081585
10.490522 30.114575 -21.261863
6.9832351 25.502807 -22.982061
-2.5581501 22.244372 -22.5094
2.6455623 23.004464 -23.278548
-1.2667182 20.59818 -23.356621
1.2865355 20.920431 -23.722026
1.7685047 42.742349 -2.8615007
5.2933575 41.938589 -8.5648324
4.8488621 43.55993 -2.9303312
0 41.562258 -5.5996768
11.268752 34.977828 -18.233224
8.5417481 39.224622 -13.820839
13.152733 37.181583 -16.497854
11.45752 44.780354 -3.0837518
8.4766888 42.484584 -8.7665257
8.0953518 44.240712 -3.0022175
13.532858 44.240896 -6.1878813
6.6977713 43.28618 -5.8893255
-3.2283449 38.052572 -10.517472
3.4003576 40.080089 -11.077864
-1.6843015 39.967161 -8.1811468
1.7300736 41.053299 -8.4034756
17.033754 41.218344 -12.140769
10.21304 41.125828 -11.605622
15.092438 39.280113 -14.454171
15.419087 43.032772 -9.2525167
11.757147 39.353034 -14.159686
11.863604 42.838298 -9.0306636
-8.0190007 28.413048 -17.56023
-2.7817843 30.067036 -18.58245
-6.6481256 27.010578 -19.024015
-7.0561894 30.916762 -16.170117
9.0996228 32.241925 -19.926606
2.9040968 31.389057 -19.399504
7.3597871 29.901977 -21.060478
7.9045902 34.634038 -18.114331
-3.926521 23.939193 -21.475432
-1.4155082 28.450039 -19.991297
-5.273621 25.50166 -20.334699
-1.3370827 24.439208 -21.941256
-4.0717118 27.77099 -19.529336
-4.6967574 35.766061 -12.711126
-1.5265131 32.702772 -17.158399
-5.9440185 33.404757 -14.550683
-1.6177036 36.881011 -13.087497
-4.3380323 31.853446 -16.695012
4.1481208 25.290242 -22.687434
1.4457972 29.058813 -20.419071
5.6985759 27.556616 -21.973295
1.3619824 24.894324 -22.349854
4.3312079 29.540876 -20.773969
0 26.730249 -21.249764
5.0680974 38.593835 -13.716107
1.5633998 33.493003 -17.573015
6.5456773 36.786016 -16.023516
1.6597399 37.83937 -13.427578
4.6480001 34.129487 -17.88793
0 35.331622 -15.464443
0 -13.316432 -25.307383
0 -9.3284725 -25.877633
0 -1.8284979 -26.382416
0 -5.5227866 -26.220989
0 13.316432 -25.307383
0 9.3284725 -25.877633
0 1.8284979 -26.382416
0 5.5227866 -26.220989
31.948535 45.751633 -2.269712
37.310961 42.339248 -6.8872881
29.799344 44.662363 -5.750475
40.947033 28.909928 -14.264049
39.987451 36.035016 -10.949452
24.929989 41.056016 -11.729468
34.208668 40.419169 -10.104008
27.36668 42.969319 -8.9232804
32.277954 42.873212 -7.9983927
33.878766 2.590906 -19.948591
36.988639 8.3734602 -19.661859
40.815361 21.818859 -16.891218
39.478157 14.886157 -18.712837
15.803563 32.45503 -20.058312
22.94339 31.848544 -19.683483
17.956501 34.695485 -18.454988
37.637922 27.34487 -16.900059
30.349067 30.227189 -18.68143
37.288549 30.739518 -15.488596
22.478526 38.949429 -14.339843
25.496636 33.990129 -17.818627
20.191882 36.872749 -16.535034
26.741043 38.759995 -13.751438
21.688946 34.461029 -18.211754
35.656608 37.335869 -12.139763
29.511671 33.222229 -17.234216
36.640565 34.114692 -13.891793
31.183411 38.253317 -13.025098
33.41752 32.166499 -16.474219
28.270266 36.09941 -15.602444
20.931691 -29.975053 -1.487045
23.752929 -26.954041 -4.38459
20.144358 -30.191759 -3.8873213
28.207017 -19.915065 -9.8260173
26.172124 -23.585222 -7.166509
18.125955 -29.850775 -8.5281954
22.767985 -26.901458 -6.7248421
19.199104 -30.145141 -6.2601305
21.517544 -28.580691 -5.3319912
32.308915 -2.4708504 -19.024227
31.969293 -7.2371845 -16.993751
29.864619 -15.964869 -12.359312
31.131879 -11.738999 -14.756661
12.910008 -26.512673 -16.385733
17.576453 -24.398507 -15.079107
14.283066 -27.597687 -14.679575
26.739907 -19.427195 -12.006667
22.14501 -22.056079 -13.631406
25.912256 -21.361256 -10.763209
16.899874 -29.283079 -10.781024
18.973485 -25.293973 -13.259845
15.627221 -28.537141 -12.797055
19.294754 -27.966918 -9.9222239
16.657819 -26.467196 -13.987222
23.946369 -25.074131 -8.152857
21.340407 -24.023576 -12.462363
24.977486 -23.255624 -9.4698882
21.649357 -26.557702 -9.042789
23.617142 -22.733008 -11.642813
20.367704 -26.00832 -11.240997
1.8972653 -14.607928 -24.808698
5.5544974 -13.042606 -24.536248
3.1217619 -16.177178 -24.245868
1.8580663 -12.573025 -25.208062
12.708183 -9.8381259 -23.772511
9.1220317 -11.466968 -24.19167
5.6951432 -19.281781 -22.782342
6.8353924 -14.528046 -23.92555
4.3971392 -17.744897 -23.56967
5.0038334 -15.346185 -24.095546
1.8008604 -8.6379684 -25.801152
5.4684718 -11.062959 -24.957425
1.8278842 -10.573725 -25.537243
3.6860552 -11.816861 -25.090625
29.609012 -1.4688859 -20.676083
24.740483 -4.0245125 -21.802257
29.688738 -3.8225552 -19.808735
16.423862 -8.103471 -23.262196
20.389935 -6.1956022 -22.626368
29.455202 -8.4151822 -17.885756
24.852833 -6.2127259 -21.034137
29.631462 -6.1534568 -18.871948
27.192345 -5.0729825 -20.4723
11.251532 -25.058154 -18.205361
12.487788 -20.287136 -20.205665
9.8557013 -23.727445 -19.560166
13.600546 -24.130367 -17.62258
14.218544 -11.202521 -23.006087
13.452306 -15.680228 -21.766288
12.376556 -12.042254 -23.267998
7.0969133 -20.844877 -21.826574
11.058904 -18.93714 -21.318142
8.4583546 -22.309496 -20.771556
7.6817451 -18.39088 -22.560462
10.499345 -21.297647 -20.500346
18.218797 -22.083862 -16.372679
14.757636 -19.405842 -19.690117
15.932681 -23.13257 -17.008481
14.216659 -21.742585 -18.724104
8.7332634 -13.689891 -23.721016
11.565643 -16.549254 -22.062176
10.541541 -12.872882 -23.507395
8.2267866 -15.997807 -23.188135
11.995483 -14.285795 -22.698345
9.6459419 -17.477605 -22.317838
1.7648819 -1.090757 -26.362111
5.3172761 -3.2862573 -26.036593
1.7685796 -2.9264945 -26.290271
12.647084 -7.8163279 -24.261619
8.9344015 -5.5217638 -25.356531
10.853 -8.6524351 -24.459649
1.7916587 -6.6568148 -26.017369
5.334549 -5.1581793 -25.852442
1.7763081 -4.7897392 -26.175696
3.5967081 -7.8659785 -25.715036
3.5529564 -4.0406816 -26.11401
7.3063559 -10.250971 -24.805339
7.1918999 -6.3289294 -25.485307
9.0673465 -9.4677421 -24.64108
5.4422367 -9.0693513 -25.311441
9.0058023 -7.4777464 -25.029202
5.3987137 -7.0923027 -25.609603
27.596609 -17.055643 -13.437817
24.13088 -14.913704 -17.383658
28.208665 -15.004563 -14.599275
25.238205 -18.431642 -14.224954
16.460989 -10.173451 -22.657172
20.3324 -12.566114 -20.414381
18.405717 -9.2740139 -22.327042
16.098361 -12.424202 -22.043274
29.131305 -10.725146 -16.812282
24.463813 -12.824651 -18.350767
28.725878 -12.881692 -15.730575
27.015049 -9.5845156 -18.638047
26.381837 -13.942112 -16.604096
20.610435 -20.912357 -15.673698
21.795839 -16.159142 -17.981183
22.899512 -19.720417 -14.97313
18.86927 -19.696928 -17.53009
23.5625 -17.324592 -16.228797
22.546357 -7.3309508 -21.532286
22.419396 -11.630186 -19.915396
20.439999 -8.3233418 -21.95339
24.793272 -8.4420079 -20.211026
20.419014 -10.457691 -21.213151
24.660824 -10.658599 -19.31245
15.264598 -16.985773 -20.589256
19.870309 -14.892688 -19.583432
15.699619 -14.706605 -21.352438
17.065718 -18.369423 -19.175157
17.999426 -13.666433 -20.901083
19.420412 -17.283993 -18.604373
1.9308114 14.866215 -25.247349
5.8245191 13.676649 -25.729033
3.2229957 16.701778 -25.032124
1.8860521 12.762397 -25.587741
13.834705 10.710231 -25.879835
9.7854733 12.300956 -25.951121
6.1027216 20.6617 -24.412782
7.2961513 15.50735 -25.538319
4.6190909 18.640595 -24.759382
5.2580481 16.125832 -25.319696
1.8191623 8.7257549 -26.063366
5.6908466 11.512833 -25.972316
1.8508409 10.706522 -25.857969
3.7919505 12.156343 -25.811444
30.391484 1.5077039 -21.222487
26.37057 4.2896774 -23.238753
31.849375 4.1007466 -21.250342
27.802006 0 -21.83611
17.97565 8.8691172 -25.460095
22.180538 6.7396875 -24.61337
34.606324 9.8868282 -21.013614
27.501929 6.8749483 -23.276192
33.277282 6.9105708 -21.19393
29.70087 5.5409709 -22.360893
23.044688 -2.6189846 -22.773357
23.945878 2.7214031 -23.663937
25.340898 -1.3743331 -22.348113
25.891826 1.4042121 -22.833976
13.341063 29.711724 -21.586293
14.733328 23.935146 -23.839026
11.377233 27.390507 -22.57988
16.667636 29.57206 -21.596687
15.855082 12.491918 -25.654061
15.523667 18.09464 -25.11782
13.697705 13.327717 -25.751765
7.7859731 22.868767 -23.945779
12.689553 21.729443 -24.461527
9.5105906 25.084841 -23.355579
8.4145222 20.145223 -24.71255
12.109832 24.564475 -23.644878
23.613944 28.623574 -21.221133
17.851326 23.47395 -23.817819
20.121491 29.21428 -21.480126
17.352565 26.538557 -22.854261
9.458245 14.826341 -25.690188
13.148382 18.813993 -25.08135
11.552369 14.107263 -25.76152
8.9714482 17.445876 -25.287049
13.472554 16.044884 -25.493319
10.778729 19.530116 -24.93877
1.7671093 1.0921336 -26.395381
5.378827 3.3242979 -26.337984
1.7745901 2.9364402 -26.379618
3.5482404 0 -26.335963
13.519688 8.3556268 -25.935585
9.2325803 5.7060484 -26.202785
11.562171 9.2178137 -26.057923
1.8056691 6.70887 -26.22082
5.4324018 5.2527969 -26.326659
1.7862321 4.816499 -26.321937
3.6641478 8.0134688 -26.197203
3.5866593 4.079011 -26.361725
7.175997 -2.2026769 -25.963001
7.2509186 2.2256741 -26.23407
5.3614366 -1.1037909 -26.192098
5.3822608 1.1080781 -26.29383
7.6800634 10.77529 -26.074089
7.4127442 6.5232742 -26.267894
9.6050031 10.029141 -26.102196
5.6227185 9.3701196 -26.150848
9.4208022 7.8223313 -26.182582
5.5371965 7.2742279 -26.266517
37.672114 23.282647 -18.343955
30.827348 19.052349 -22.20773
37.360533 19.872562 -19.335785
34.351454 25.087112 -19.361435
18.461456 11.409807 -25.410647
24.249692 14.987134 -24.347468
20.680472 10.420185 -25.086431
18.473229 14.25705 -25.29515
35.801354 13.180829 -20.661706
30.300453 15.88439 -22.72894
36.726745 16.469561 -20.111929
32.10233 11.389403 -22.14783
33.806633 17.865923 -21.277085
27.322007 27.722245 -20.777672
27.717359 20.549277 -22.866333
30.85168 26.568601 -20.172754
24.1617 25.221499 -22.446909
31.010022 22.800466 -21.358318
25.181884 8.1878928 -24.049275
26.808792 13.907209 -23.814545
22.936716 9.3400259 -24.634965
28.520269 9.7110351 -23.249206
23.637959 12.106288 -24.557288
29.472888 12.73841 -23.080886
18.202138 20.254539 -24.551481
24.360561 18.258108 -24.008857
18.394898 17.231405 -25.018181
21.082201 22.692738 -23.688104
21.328759 16.194297 -24.767132
24.402519 21.718024 -23.377133
14.832351 -6.7732958 -23.999247
15.316189 -2.2928264 -24.782114
16.728919 -5.8460823 -23.751967
12.896423 -5.6276404 -24.657561
15.869786 7.2470479 -25.677853
15.670413 2.3458537 -25.355261
17.859042 6.2410145 -25.356532
13.537249 5.9072788 -25.882799
20.774045 -3.798281 -23.157341
17.265657 -1.2225159 -24.571122
18.715995 -4.8538245 -23.47165
21.206029 -1.2922785 -23.620277
17.011145 -3.5466888 -24.190086
9.1066112 -3.3648901 -25.62382
13.277858 -1.1812771 -25.306718
10.976142 -4.4838027 -25.198498
9.1753773 -1.134139 -25.856525
13.107347 -3.4058135 -25.008319
21.867898 3.9982786 -24.376685
17.500833 1.2391678 -24.905806
19.874193 5.1541929 -24.924141
21.57599 1.3148237 -24.032358
17.697633 3.6898162 -25.166283
19.342224 0 -24.33074
9.2927007 3.4336501 -26.147431
13.413546 1.1933488 -25.565332
11.340653 4.632707 -26.035325
9.2379311 1.1418711 -26.032804
13.49873 3.5075104 -25.755062
11.25974 0 -25.725136
31.948535 45.751633 2.269712
37.310961 42.339248 6.8872881
29.799344 44.662363 5.750475
35.766733 45.538648 0
40.947033 28.909928 14.264049
39.987451 36.035016 10.949452
24.929989 41.056016 11.729468
34.208668 40.419169 10.104008
27.36668 42.969319 8.9232804
32.277954 42.873212 7.9983927
41.546177 42.041175 -4.7778988
41.546177 42.041175 4.7778988
39.117883 44.35642 -2.4056171
39.117883 44.35642 2.4056171
33.878766 2.590906 19.948591
36.988639 8.3734602 19.661859
40.815361 21.818859 16.891218
39.478157 14.886157 18.712837
15.803563 32.45503 20.058312
22.94339 31.848544 19.683483
17.956501 34.695485 18.454988
37.637922 27.34487 16.900059
30.349067 30.227189 18.68143
37.288549 30.739518 15.488596
22.478526 38.949429 14.339843
25.496636 33.990129 17.818627
20.191882 36.872749 16.535034
26.741043 38.759995 13.751438
21.688946 34.461029 18.211754
35.656608 37.335869 12.139763
29.511671 33.222229 17.234216
36.640565 34.114692 13.891793
31.183411 38.253317 13.025098
33.41752 32.166499 16.474219
28.270266 36.09941 15.602444
44.266748 27.358355 -12.493383
49.665189 30.694775 -4.5949938
44.193901 31.126526 -10.877465
44.266748 27.358355 12.493383
49.665189 30.694775 4.5949938
44.193901 31.126526 10.877465
43.098621 38.663019 -7.069062
49.192168 34.566394 -2.4475157
43.851413 34.966558 -9.0682617
45.297791 40.667865 -2.4782674
47.196537 33.189923 -6.9198359
43.098621 38.663019 7.069062
49.192168 34.566394 2.4475157
43.851413 34.966558 9.0682617
45.297791 40.667865 2.4782674
47.196537 33.189923 6.9198359
47.891824 38.072595 0
20.931691 -29.975053 1.487045
23.752929 -26.954041 4.38459
20.144358 -30.191759 3.8873213
22.533795 -28.690307 0
28.207017 -19.915065 9.8260173
26.172124 -23.585222 7.166509
18.125955 -29.850775 8.5281954
22.767985 -26.901458 6.7248421
19.199104 -30.145141 6.2601305
21.517544 -28.580691 5.3319912
25.475944 -25.779474 -2.9297878
25.475944 -25.779474 2.9297878
24.058212 -27.280008 -1.4794984
24.058212 -27.280008 1.4794984
32.308915 -2.4708504 19.024227
31.969293 -7.2371845 16.993751
29.864619 -15.964869 12.359312
31.131879 -11.738999 14.756661
12.910008 -26.512673 16.385733
17.576453 -24.398507 15.079107
14.283066 -27.597687 14.679575
26.739907 -19.427195 12.006667
22.14501 -22.056079 13.631406
25.912256 -21.361256 10.763209
16.899874 -29.283079 10.781024
18.973485 -25.293973 13.259845
15.627221 -28.537141 12.797055
19.294754 -27.966918 9.9222239
16.657819 -26.467196 13.987222
23.946369 -25.074131 8.152857
21.340407 -24.023576 12.462363
24.977486 -23.255624 9.4698882
21.649357 -26.557702 9.042789
23.617142 -22.733008 11.642813
20.367704 -26.00832 11.240997
30.327177 -18.743226 -8.5592243
31.857432 -19.688976 -2.9474307
29.266404 -20.612832 -7.203353
30.327177 -18.743226 8.5592243
31.857432 -19.688976 2.9474307
29.266404 -20.612832 7.203353
26.870018 -24.104623 -4.4072366
30.399507 -21.361151 -1.5125023
28.106174 -22.411505 -5.8122219
27.197936 -24.418011 -1.4880142
30.01402 -21.106697 -4.4005791
26.870018 -24.104623 4.4072366
30.399507 -21.361151 1.5125023
28.106174 -22.411505 5.8122219
27.197936 -24.418011 1.4880142
30.01402 -21.106697 4.4005791
28.852071 -22.93655 0
1.8972653 -14.607928 24.808698
5.5544974 -13.042606 24.536248
3.1217619 -16.177178 24.245868
1.8580663 -12.573025 25.208062
12.708183 -9.8381259 23.772511
9.1220317 -11.466968 24.19167
5.6951432 -19.281781 22.782342
6.8353924 -14.528046 23.92555
4.3971392 -17.744897 23.56967
5.0038334 -15.346185 24.095546
1.8008604 -8.6379684 25.801152
5.4684718 -11.062959 24.957425
1.8278842 -10.573725 25.537243
3.6860552 -11.816861 25.090625
29.609012 -1.4688859 20.676083
24.740483 -4.0245125 21.802257
29.688738 -3.8225552 19.808735
16.423862 -8.103471 23.262196
20.389935 -6.1956022 22.626368
29.455202 -8.4151822 17.885756
24.852833 -6.2127259 21.034137
29.631462 -6.1534568 18.871948
27.192345 -5.0729825 20.4723
11.251532 -25.058154 18.205361
12.487788 -20.287136 20.205665
9.8557013 -23.727445 19.560166
13.600546 -24.130367 17.62258
14.218544 -11.202521 23.006087
13.452306 -15.680228 21.766288
12.376556 -12.042254 23.267998
7.0969133 -20.844877 21.826574
11.058904 -18.93714 21.318142
8.4583546 -22.309496 20.771556
7.6817451 -18.39088 22.560462
10.499345 -21.297647 20.500346
18.218797 -22.083862 16.372679
14.757636 -19.405842 19.690117
15.932681 -23.13257 17.008481
14.216659 -21.742585 18.724104
8.7332634 -13.689891 23.721016
11.565643 -16.549254 22.062176
10.541541 -12.872882 23.507395
8.2267866 -15.997807 23.188135
11.995483 -14.285795 22.698345
9.6459419 -17.477605 22.317838
1.7648819 -1.090757 26.362111
5.3172761 -3.2862573 26.036593
1.7685796 -2.9264945 26.290271
12.647084 -7.8163279 24.261619
8.9344015 -5.5217638 25.356531
10.853 -8.6524351 24.459649
1.7916587 -6.6568148 26.017369
5.334549 -5.1581793 25.852442
1.7763081 -4.7897392 26.175696
3.5967081 -7.8659785 25.715036
3.5529564 -4.0406816 26.11401
7.3063559 -10.250971 24.805339
7.1918999 -6.3289294 25.485307
9.0673465 -9.4677421 24.64108
5.4422367 -9.0693513 25.311441
9.0058023 -7.4777464 25.029202
5.3987137 -7.0923027 25.609603
27.596609 -17.055643 13.437817
24.13088 -14.913704 17.383658
28.208665 -15.004563 14.599275
25.238205 -18.431642 14.224954
16.460989 -10.173451 22.657172
20.3324 -12.566114 20.414381
18.405717 -9.2740139 22.327042
16.098361 -12.424202 22.043274
29.131305 -10.725146 16.812282
24.463813 -12.824651 18.350767
28.725878 -12.881692 15.730575
27.015049 -9.5845156 18.638047
26.381837 -13.942112 16.604096
20.610435 -20.912357 15.673698
21.795839 -16.159142 17.981183
22.899512 -19.720417 14.97313
18.86927 -19.696928 17.53009
23.5625 -17.324592 16.228797
22.546357 -7.3309508 21.532286
22.419396 -11.630186 19.915396
20.439999 -8.3233418 21.95339
24.793272 -8.4420079 20.211026
20.419014 -10.457691 21.213151
24.660824 -10.658599 19.31245
15.264598 -16.985773 20.589256
19.870309 -14.892688 19.583432
15.699619 -14.706605 21.352438
17.065718 -18.369423 19.175157
17.999426 -13.666433 20.901083
19.420412 -17.283993 18.604373
1.9308114 14.866215 25.247349
5.8245191 13.676649 25.729033
3.2229957 16.701778 25.032124
1.8860521 12.762397 25.587741
13.834705 10.710231 25.879835
9.7854733 12.300956 25.951121
6.1027216 20.6617 24.412782
7.2961513 15.50735 25.538319
4.6190909 18.640595 24.759382
5.2580481 16.125832 25.319696
1.8191623 8.7257549 26.063366
5.6908466 11.512833 25.972316
1.8508409 10.706522 25.857969
3.7919505 12.156343 25.811444
30.391484 1.5077039 21.222487
26.37057 4.2896774 23.238753
31.849375 4.1007466 21.250342
27.802006 0 21.83611
17.97565 8.8691172 25.460095
22.180538 6.7396875 24.61337
34.606324 9.8868282 21.013614
27.501929 6.8749483 23.276192
33.277282 6.9105708 21.19393
29.70087 5.5409709 22.360893
23.044688 -2.6189846 22.773357
23.945878 2.7214031 23.663937
25.340898 -1.3743331 22.348113
25.891826 1.4042121 22.833976
13.341063 29.711724 21.586293
14.733328 23.935146 23.839026
11.377233 27.390507 22.57988
16.667636 29.57206 21.596687
15.855082 12.491918 25.654061
15.523667 18.09464 25.11782
13.697705 13.327717 25.751765
7.7859731 22.868767 23.945779
12.689553 21.729443 24.461527
9.5105906 25.084841 23.355579
8.4145222 20.145223 24.71255
12.109832 24.564475 23.644878
23.613944 28.623574 21.221133
17.851326 23.47395 23.817819
20.121491 29.21428 21.480126
17.352565 26.538557 22.854261
9.458245 14.826341 25.690188
13.148382 18.813993 25.08135
11.552369 14.107263 25.76152
8.9714482 17.445876 25.287049
13.472554 16.044884 25.493319
10.778729 19.530116 24.93877
1.7671093 1.0921336 26.395381
5.378827 3.3242979 26.337984
1.7745901 2.9364402 26.379618
3.5482404 0 26.335963
13.519688 8.3556268 25.935585
9.2325803 5.7060484 26.202785
11.562171 9.2178137 26.057923
1.8056691 6.70887 26.22082
5.4324018 5.2527969 26.326659
1.7862321 4.816499 26.321937
3.6641478 8.0134688 26.197203
3.5866593 4.079011 26.361725
7.175997 -2.2026769 25.963001
7.2509186 2.2256741 26.23407
5.3614366 -1.1037909 26.192098
5.3822608 1.1080781 26.29383
7.6800634 10.77529 26.074089
7.4127442 6.5232742 26.267894
9.6050031 10.029141 26.102196
5.6227185 9.3701196 26.150848
9.4208022 7.8223313 26.182582
5.5371965 7.2742279 26.266517
37.672114 23.282647 18.343955
30.827348 19.052349 22.20773
37.360533 19.872562 19.335785
34.351454 25.087112 19.361435
18.461456 11.409807 25.410647
24.249692 14.987134 24.347468
20.680472 10.420185 25.086431
18.473229 14.25705 25.29515
35.801354 13.180829 20.661706
30.300453 15.88439 22.72894
36.726745 16.469561 20.111929
32.10233 11.389403 22.14783
33.806633 17.865923 21.277085
27.322007 27.722245 20.777672
27.717359 20.549277 22.866333
30.85168 26.568601 20.172754
24.1617 25.221499 22.446909
31.010022 22.800466 21.358318
25.181884 8.1878928 24.049275
26.808792 13.907209 23.814545
22.936716 9.3400259 24.634965
28.520269 9.7110351 23.249206
23.637959 12.106288 24.557288
29.472888 12.73841 23.080886
18.202138 20.254539 24.551481
24.360561 18.258108 24.008857
18.394898 17.231405 25.018181
21.082201 22.692738 23.688104
21.328759 16.194297 24.767132
24.402519 21.718024 23.377133
14.832351 -6.7732958 23.999247
15.316189 -2.2928264 24.782114
16.728919 -5.8460823 23.751967
12.896423 -5.6276404 24.657561
15.869786 7.2470479 25.677853
15.670413 2.3458537 25.355261
17.859042 6.2410145 25.356532
13.537249 5.9072788 25.882799
20.774045 -3.798281 23.157341
17.265657 -1.2225159 24.571122
18.715995 -4.8538245 23.47165
21.206029 -1.2922785 23.620277
17.011145 -3.5466888 24.190086
9.1066112 -3.3648901 25.62382
13.277858 -1.1812771 25.306718
10.976142 -4.4838027 25.198498
9.1753773 -1.134139 25.856525
13.107347 -3.4058135 25.008319
21.867898 3.9982786 24.376685
17.500833 1.2391678 24.905806
19.874193 5.1541929 24.924141
21.57599 1.3148237 24.032358
17.697633 3.6898162 25.166283
19.342224 0 24.33074
9.2927007 3.4336501 26.147431
13.413546 1.1933488 25.565332
11.340653 4.632707 26.035325
9.2379311 1.1418711 26.032804
13.49873 3.5075104 25.755062
11.25974 0 25.725136
35.080678 0 -18.459019
40.566967 0 -14.623742
36.85315 2.7164164 -18.381245
34.976704 -2.5781051 -17.44533
47.84522 0 -3.3160302
45.162864 0 -9.5124125
40.221233 8.8129558 -17.828997
42.608697 2.9739879 -14.264967
38.605426 5.67151 -18.181888
39.816179 2.8499304 -16.485934
34.306519 -7.5169707 -15.207162
40.076906 -2.7972748 -13.417348
34.714636 -5.0999154 -16.349454
37.609296 -2.6919679 -15.572172
35.080678 0 18.459019
40.566967 0 14.623742
36.85315 2.7164164 18.381245
34.976704 -2.5781051 17.44533
47.84522 0 3.3160302
45.162864 0 9.5124125
40.221233 8.8129558 17.828997
42.608697 2.9739879 14.264967
38.605426 5.67151 18.181888
39.816179 2.8499304 16.485934
34.306519 -7.5169707 15.207162
40.076906 -2.7972748 13.417348
34.714636 -5.0999154 16.349454
37.609296 -2.6919679 15.572172
44.057856 22.966457 -14.194051
48.629781 17.134757 -10.589862
43.595356 19.343712 -15.421562
47.131212 24.650616 -10.756843
49.670615 3.325332 -2.0551682
50.606438 10.335008 -6.3873864
48.845648 3.2859082 -5.4372404
41.704703 12.284025 -17.234745
47.680377 13.455302 -11.840773
42.809794 15.753012 -16.448633
43.422242 9.336257 -15.558639
45.928539 16.525631 -13.721651
51.291844 26.911661 -2.3942212
50.907408 18.092306 -6.6851014
49.726471 26.062613 -6.7721101
49.380527 21.509523 -8.7867355
45.239652 3.1153809 -11.575036
48.809747 10.071698 -9.7387097
47.319806 3.2111678 -8.6587775
44.624036 6.2414703 -13.650057
49.186067 6.6920381 -7.6106747
46.361103 9.7732997 -12.839206
31.472919 -16.406187 -10.139581
36.411145 -12.829507 -7.9290714
32.334297 -14.347063 -11.438039
32.662178 -17.083006 -7.4545488
46.238179 -3.0955384 -1.9131479
41.479306 -8.4710362 -5.2353883
45.520061 -3.0621917 -5.0670535
33.760275 -9.9440119 -13.951657
37.511151 -10.585567 -9.3153841
33.102318 -12.180886 -12.718769
36.530869 -7.8545364 -13.089388
34.895659 -12.55587 -10.425458
33.94864 -17.812077 -1.5846682
37.423152 -13.300051 -4.9143647
33.510468 -17.56349 -4.5636976
35.046741 -15.26591 -6.2361918
42.370985 -2.9178332 -10.841058
40.26911 -8.3093714 -8.0346488
44.191566 -2.9988824 -8.0863589
39.433549 -5.5154878 -12.062338
42.934383 -5.8414616 -6.643337
38.56122 -8.1290205 -10.679113
44.057856 22.966457 14.194051
48.629781 17.134757 10.589862
43.595356 19.343712 15.421562
47.131212 24.650616 10.756843
49.670615 3.325332 2.0551682
50.606438 10.335008 6.3873864
48.845648 3.2859082 5.4372404
51.072159 6.8809444 0
41.704703 12.284025 17.234745
47.680377 13.455302 11.840773
42.809794 15.753012 16.448633
43.422242 9.336257 15.558639
45.928539 16.525631 13.721651
51.291844 26.911661 2.3942212
50.907408 18.092306 6.6851014
49.726471 26.062613 6.7721101
52.107543 22.807164 0
49.380527 21.509523 8.7867355
45.239652 3.1153809 11.575036
48.809747 10.071698 9.7387097
47.319806 3.2111678 8.6587775
44.624036 6.2414703 13.650057
49.186067 6.6920381 7.6106747
46.361103 9.7732997 12.839206
51.737871 14.299996 -4.389393
51.737871 14.299996 4.389393
51.77942 10.599077 -2.1820953
52.229151 18.533897 -2.2909156
51.77942 10.599077 2.1820953
52.229151 18.533897 2.2909156
31.472919 -16.406187 10.139581
36.411145 -12.829507 7.9290714
32.334297 -14.347063 11.438039
32.662178 -17.083006 7.4545488
46.238179 -3.0955384 1.9131479
41.479306 -8.4710362 5.2353883
45.520061 -3.0621917 5.0670535
44.364349 -5.9772022 0
33.760275 -9.9440119 13.951657
37.511151 -10.585567 9.3153841
33.102318 -12.180886 12.718769
36.530869 -7.8545364 13.089388
34.895659 -12.55587 10.425458
33.94864 -17.812077 1.5846682
37.423152 -13.300051 4.9143647
33.510468 -17.56349 4.5636976
36.014473 -15.763322 0
35.046741 -15.26591 6.2361918
42.370985 -2.9178332 10.841058
40.26911 -8.3093714 8.0346488
44.191566 -2.9988824 8.0863589
39.433549 -5.5154878 12.062338
42.934383 -5.8414616 6.643337
38.56122 -8.1290205 10.679113
39.902815 -11.028867 -3.3853178
39.902815 -11.028867 3.3853178
42.198516 -8.6378978 -1.7783355
38.024437 -13.49325 -1.6678574
42.198516 -8.6378978 1.7783355
38.024437 -13.49325 1.6678574
-20.931691 29.975053 -1.487045
-23.752929 26.954041 -4.38459
-20.144358 30.191759 -3.8873213
-28.207017 19.915065 -9.8260173
-26.172124 23.585222 -7.166509
-18.125955 29.850775 -8.5281954
-22.767985 26.901458 -6.7248421
-19.199104 30.145141 -6.2601305
-21.517544 28.580691 -5.3319912
-32.308915 2.4708504 -19.024227
-31.969293 7.2371845 -16.993751
-29.864619 15.964869 -12.359312
-31.131879 11.738999 -14.756661
-12.910008 26.512673 -16.385733
-17.576453 24.398507 -15.079107
-14.283066 27.597687 -14.679575
-26.739907 19.427195 -12.006667
-22.14501 22.056079 -13.631406
-25.912256 21.361256 -10.763209
-16.899874 29.283079 -10.781024
-18.973485 25.293973 -13.259845
-15.627221 28.537141 -12.797055
-19.294754 27.966918 -9.9222239
-16.657819 26.467196 -13.987222
-23.946369 25.074131 -8.152857
-21.340407 24.023576 -12.462363
-24.977486 23.255624 -9.4698882
-21.649357 26.557702 -9.042789
-23.617142 22.733008 -11.642813
-20.367704 26.00832 -11.240997
-31.948535 -45.751633 -2.269712
-37.310961 -42.339248 -6.8872881
-29.799344 -44.662363 -5.750475
-40.947033 -28.909928 -14.264049
-39.987451 -36.035016 -10.949452
-24.929989 -41.056016 -11.729468
-34.208668 -40.419169 -10.104008
-27.36668 -42.969319 -8.9232804
-32.277954 -42.873212 -7.9983927
-33.878766 -2.590906 -19.948591
-36.988639 -8.3734602 -19.661859
-40.815361 -21.818859 -16.891218
-39.478157 -14.886157 -18.712837
-15.803563 -32.45503 -20.058312
-22.94339 -31.848544 -19.683483
-17.956501 -34.695485 -18.454988
-37.637922 -27.34487 -16.900059
-30.349067 -30.227189 -18.68143
-37.288549 -30.739518 -15.488596
-22.478526 -38.949429 -14.339843
-25.496636 -33.990129 -17.818627
-20.191882 -36.872749 -16.535034
-26.741043 -38.759995 -13.751438
-21.688946 -34.461029 -18.211754
-35.656608 -37.335869 -12.139763
-29.511671 -33.222229 -17.234216
-36.640565 -34.114692 -13.891793
-31.183411 -38.253317 -13.025098
-33.41752 -32.166499 -16.474219
-28.270266 -36.09941 -15.602444
-1.9308114 -14.866215 -25.247349
-5.8245191 -13.676649 -25.729033
-3.2229957 -16.701778 -25.032124
-1.8860521 -12.762397 -25.587741
-13.834705 -10.710231 -25.879835
-9.7854733 -12.300956 -25.951121
-6.1027216 -20.6617 -24.412782
-7.2961513 -15.50735 -25.538319
-4.6190909 -18.640595 -24.759382
-5.2580481 -16.125832 -25.319696
-1.8191623 -8.7257549 -26.063366
-5.6908466 -11.512833 -25.972316
-1.8508409 -10.706522 -25.857969
-3.7919505 -12.156343 -25.811444
-30.391484 -1.5077039 -21.222487
-26.37057 -4.2896774 -23.238753
-31.849375 -4.1007466 -21.250342
-17.97565 -8.8691172 -25.460095
-22.180538 -6.7396875 -24.61337
-34.606324 -9.8868282 -21.013614
-27.501929 -6.8749483 -23.276192
-33.277282 -6.9105708 -21.19393
-29.70087 -5.5409709 -22.360893
-13.341063 -29.711724 -21.586293
-14.733328 -23.935146 -23.839026
-11.377233 -27.390507 -22.57988
-16.667636 -29.57206 -21.596687
-15.855082 -12.491918 -25.654061
-15.523667 -18.09464 -25.11782
-13.697705 -13.327717 -25.751765
-7.7859731 -22.868767 -23.945779
-12.689553 -21.729443 -24.461527
-9.5105906 -25.084841 -23.355579
-8.4145222 -20.145223 -24.71255
-12.109832 -24.564475 -23.644878
-23.613944 -28.623574 -21.221133
-17.851326 -23.47395 -23.817819
-20.121491 -29.21428 -21.480126
-17.352565 -26.538557 -22.854261
-9.458245 -14.826341 -25.690188
-13.148382 -18.813993 -25.08135
-11.552369 -14.107263 -25.76152
-8.9714482 -17.445876 -25.287049
-13.472554 -16.044884 -25.493319
-10.778729 -19.530116 -24.93877
-1.7671093 -1.0921336 -26.395381
-5.378827 -3.3242979 -26.337984
-1.7745901 -2.9364402 -26.379618
-13.519688 -8.3556268 -25.935585
-9.2325803 -5.7060484 -26.202785
-11.562171 -9.2178137 -26.057923
-1.8056691 -6.70887 -26.22082
-5.4324018 -5.2527969 -26.326659
-1.7862321 -4.816499 -26.321937
-3.6641478 -8.0134688 -26.197203
-3.5866593 -4.079011 -26.361725
-7.6800634 -10.77529 -26.074089
-7.4127442 -6.5232742 -26.267894
-9.6050031 -10.029141 -26.102196
-5.6227185 -9.3701196 -26.150848
-9.4208022 -7.8223313 -26.182582
-5.5371965 -7.2742279 -26.266517
-37.672114 -23.282647 -18.343955
-30.827348 -19.052349 -22.20773
-37.360533 -19.872562 -19.335785
-34.351454 -25.087112 -19.361435
-18.461456 -11.409807 -25.410647
-24.249692 -14.987134 -24.347468
-20.680472 -10.420185 -25.086431
-18.473229 -14.25705 -25.29515
-35.801354 -13.180829 -20.661706
-30.300453 -15.88439 -22.72894
-36.726745 -16.469561 -20.111929
-32.10233 -11.389403 -22.14783
-33.806633 -17.865923 -21.277085
-27.322007 -27.722245 -20.777672
-27.717359 -20.549277 -22.866333
-30.85168 -26.568601 -20.172754
-24.1617 -25.221499 -22.446909
-31.010022 -22.800466 -21.358318
-25.181884 -8.1878928 -24.049275
-26.808792 -13.907209 -23.814545
-22.936716 -9.3400259 -24.634965
-28.520269 -9.7110351 -23.249206
-23.637959 -12.106288 -24.557288
-29.472888 -12.73841 -23.080886
-18.202138 -20.254539 -24.551481
-24.360561 -18.258108 -24.008857
-18.394898 -17.231405 -25.018181
-21.082201 -22.692738 -23.688104
-21.328759 -16.194297 -24.767132
-24.402519 -21.718024 -23.377133
-1.8972653 14.607928 -24.808698
-5.5544974 13.042606 -24.536248
-3.1217619 16.177178 -24.245868
-1.8580663 12.573025 -25.208062
-12.708183 9.8381259 -23.772511
-9.1220317 11.466968 -24.19167
-5.6951432 19.281781 -22.782342
-6.8353924 14.528046 -23.92555
-4.3971392 17.744897 -23.56967
-5.0038334 15.346185 -24.095546
-1.8008604 8.6379684 -25.801152
-5.4684718 11.062959 -24.957425
-1.8278842 10.573725 -25.537243
-3.6860552 11.816861 -25.090625
-29.609012 1.4688859 -20.676083
-24.740483 4.0245125 -21.802257
-29.688738 3.8225552 -19.808735
-27.802006 0 -21.83611
-16.423862 8.103471 -23.262196
-20.389935 6.1956022 -22.626368
-29.455202 8.4151822 -17.885756
-24.852833 6.2127259 -21.034137
-29.631462 6.1534568 -18.871948
-27.192345 5.0729825 -20.4723
-23.945878 -2.7214031 -23.663937
-23.044688 2.6189846 -22.773357
-25.891826 -1.4042121 -22.833976
-25.340898 1.3743331 -22.348113
-11.251532 25.058154 -18.205361
-12.487788 20.287136 -20.205665
-9.8557013 23.727445 -19.560166
-13.600546 24.130367 -17.62258
-14.218544 11.202521 -23.006087
-13.452306 15.680228 -21.766288
-12.376556 12.042254 -23.267998
-7.0969133 20.844877 -21.826574
-11.058904 18.93714 -21.318142
-8.4583546 22.309496 -20.771556
-7.6817451 18.39088 -22.560462
-10.499345 21.297647 -20.500346
-18.218797 22.083862 -16.372679
-14.757636 19.405842 -19.690117
-15.932681 23.13257 -17.008481
-14.216659 21.742585 -18.724104
-8.7332634 13.689891 -23.721016
-11.565643 16.549254 -22.062176
-10.541541 12.872882 -23.507395
-8.2267866 15.997807 -23.188135
-11.995483 14.285795 -22.698345
-9.6459419 17.477605 -22.317838
-1.7648819 1.090757 -26.362111
-5.3172761 3.2862573 -26.036593
-1.7685796 2.9264945 -26.290271
-3.5482404 0 -26.335963
-12.647084 7.8163279 -24.261619
-8.9344015 5.5217638 -25.356531
-10.853 8.6524351 -24.459649
-1.7916587 6.6568148 -26.017369
-5.334549 5.1581793 -25.852442
-1.7763081 4.7897392 -26.175696
-3.5967081 7.8659785 -25.715036
-3.5529564 4.0406816 -26.11401
-7.2509186 -2.2256741 -26.23407
-7.175997 2.2026769 -25.963001
-5.3822608 -1.1080781 -26.29383
-5.3614366 1.1037909 -26.192098
-7.3063559 10.250971 -24.805339
-7.1918999 6.3289294 -25.485307
-9.0673465 9.4677421 -24.64108
-5.4422367 9.0693513 -25.311441
-9.0058023 7.4777464 -25.029202
-5.3987137 7.0923027 -25.609603
-27.596609 17.055643 -13.437817
-24.13088 14.913704 -17.383658
-28.208665 15.004563 -14.599275
-25.238205 18.431642 -14.224954
-16.460989 10.173451 -22.657172
-20.3324 12.566114 -20.414381
-18.405717 9.2740139 -22.327042
-16.098361 12.424202 -22.043274
-29.131305 10.725146 -16.812282
-24.463813 12.824651 -18.350767
-28.725878 12.881692 -15.730575
-27.015049 9.5845156 -18.638047
-26.381837 13.942112 -16.604096
-20.610435 20.912357 -15.673698
-21.795839 16.159142 -17.981183
-22.899512 19.720417 -14.97313
-18.86927 19.696928 -17.53009
-23.5625 17.324592 -16.228797
-22.546357 7.3309508 -21.532286
-22.419396 11.630186 -19.915396
-20.439999 8.3233418 -21.95339
-24.793272 8.4420079 -20.211026
-20.419014 10.457691 -21.213151
-24.660824 10.658599 -19.31245
-15.264598 16.985773 -20.589256
-19.870309 14.892688 -19.583432
-15.699619 14.706605 -21.352438
-17.065718 18.369423 -19.175157
-17.999426 13.666433 -20.901083
-19.420412 17.283993 -18.604373
-15.869786 -7.2470479 -25.677853
-15.670413 -2.3458537 -25.355261
-17.859042 -6.2410145 -25.356532
-13.537249 -5.9072788 -25.882799
-14.832351 6.7732958 -23.999247
-15.316189 2.2928264 -24.782114
-16.728919 5.8460823 -23.751967
-12.896423 5.6276404 -24.657561
-21.867898 -3.9982786 -24.376685
-17.500833 -1.2391678 -24.905806
-19.874193 -5.1541929 -24.924141
-21.57599 -1.3148237 -24.032358
-17.697633 -3.6898162 -25.166283
-9.2927007 -3.4336501 -26.147431
-13.413546 -1.1933488 -25.565332
-11.340653 -4.632707 -26.035325
-9.2379311 -1.1418711 -26.032804
-13.49873 -3.5075104 -25.755062
-20.774045 3.798281 -23.157341
-17.265657 1.2225159 -24.571122
-18.715995 4.8538245 -23.47165
-21.206029 1.2922785 -23.620277
-17.011145 3.5466888 -24.190086
-19.342224 0 -24.33074
-9.1066112 3.3648901 -25.62382
-13.277858 1.1812771 -25.306718
-10.976142 4.4838027 -25.198498
-9.1753773 1.134139 -25.856525
-13.107347 3.4058135 -25.008319
-11.25974 0 -25.725136
-20.931691 29.975053 1.487045
-23.752929 26.954041 4.38459
-20.144358 30.191759 3.8873213
-22.533795 28.690307 0
-28.207017 19.915065 9.8260173
-26.172124 23.585222 7.166509
-18.125955 29.850775 8.5281954
-22.767985 26.901458 6.7248421
-19.199104 30.145141 6.2601305
-21.517544 28.580691 5.3319912
-25.475944 25.779474 -2.9297878
-25.475944 25.779474 2.9297878
-24.058212 27.280008 -1.4794984
-24.058212 27.280008 1.4794984
-32.308915 2.4708504 19.024227
-31.969293 7.2371845 16.993751
-29.864619 15.964869 12.359312
-31.131879 11.738999 14.756661
-12.910008 26.512673 16.385733
-17.576453 24.398507 15.079107
-14.283066 27.597687 14.679575
-26.739907 19.427195 12.006667
-22.14501 22.056079 13.631406
-25.912256 21.361256 10.763209
-16.899874 29.283079 10.781024
-18.973485 25.293973 13.259845
-15.627221 28.537141 12.797055
-19.294754 27.966918 9.9222239
-16.657819 26.467196 13.987222
-23.946369 25.074131 8.152857
-21.340407 24.023576 12.462363
-24.977486 23.255624 9.4698882
-21.649357 26.557702 9.042789
-23.617142 22.733008 11.642813
-20.367704 26.00832 11.240997
-30.327177 18.743226 -8.5592243
-31.857432 19.688976 -2.9474307
-29.266404 20.612832 -7.203353
-30.327177 18.743226 8.5592243
-31.857432 19.688976 2.9474307
-29.266404 20.612832 7.203353
-26.870018 24.104623 -4.4072366
-30.399507 21.361151 -1.5125023
-28.106174 22.411505 -5.8122219
-27.197936 24.418011 -1.4880142
-30.01402 21.106697 -4.4005791
-26.870018 24.104623 4.4072366
-30.399507 21.361151 1.5125023
-28.106174 22.411505 5.8122219
-27.197936 24.418011 1.4880142
-30.01402 21.106697 4.4005791
-28.852071 22.93655 0
-31.948535 -45.751633 2.269712
-37.310961 -42.339248 6.8872881
-29.799344 -44.662363 5.750475
-35.766733 -45.538648 0
-40.947033 -28.909928 14.264049
-39.987451 -36.035016 10.949452
-24.929989 -41.056016 11.729468
-34.208668 -40.419169 10.104008
-27.36668 -42.969319 8.9232804
-32.277954 -42.873212 7.9983927
-41.546177 -42.041175 -4.7778988
-41.546177 -42.041175 4.7778988
-39.117883 -44.35642 -2.4056171
-39.117883 -44.35642 2.4056171
-33.878766 -2.590906 19.948591
-36.988639 -8.3734602 19.661859
-40.815361 -21.818859 16.891218
-39.478157 -14.886157 18.712837
-15.803563 -32.45503 20.058312
-22.94339 -31.848544 19.683483
-17.956501 -34.695485 18.454988
-37.637922 -27.34487 16.900059
-30.349067 -30.227189 18.68143
-37.288549 -30.739518 15.488596
-22.478526 -38.949429 14.339843
-25.496636 -33.990129 17.818627
-20.191882 -36.872749 16.535034
-26.741043 -38.759995 13.751438
-21.688946 -34.461029 18.211754
-35.656608 -37.335869 12.139763
-29.511671 -33.222229 17.234216
-36.640565 -34.114692 13.891793
-31.183411 -38.253317 13.025098
-33.41752 -32.166499 16.474219
-28.270266 -36.09941 15.602444
-44.266748 -27.358355 -12.493383
-49.665189 -30.694775 -4.5949938
-44.193901 -31.126526 -10.877465
-44.266748 -27.358355 12.493383
-49.665189 -30.694775 4.5949938
-44.193901 -31.126526 10.877465
-43.098621 -38.663019 -7.069062
-49.192168 -34.566394 -2.4475157
-43.851413 -34.966558 -9.0682617
-45.297791 -40.667865 -2.4782674
-47.196537 -33.189923 -6.9198359
-43.098621 -38.663019 7.069062
-49.192168 -34.566394 2.4475157
-43.851413 -34.966558 9.0682617
-45.297791 -40.667865 2.4782674
-47.196537 -33.189923 6.9198359
-47.891824 -38.072595 0
-1.9308114 -14.866215 25.247349
-5.8245191 -13.676649 25.729033
-3.2229957 -16.701778 25.032124
-1.8860521 -12.762397 25.587741
-13.834705 -10.710231 25.879835
-9.7854733 -12.300956 25.951121
-6.1027216 -20.6617 24.412782
-7.2961513 -15.50735 25.538319
-4.6190909 -18.640595 24.759382
-5.2580481 -16.125832 25.319696
-1.8191623 -8.7257549 26.063366
-5.6908466 -11.512833 25.972316
-1.8508409 -10.706522 25.857969
-3.7919505 -12.156343 25.811444
-30.391484 -1.5077039 21.222487
-26.37057 -4.2896774 23.238753
-31.849375 -4.1007466 21.250342
-17.97565 -8.8691172 25.460095
-22.180538 -6.7396875 24.61337
-34.606324 -9.8868282 21.013614
-27.501929 -6.8749483 23.276192
-33.277282 -6.9105708 21.19393
-29.70087 -5.5409709 22.360893
-13.341063 -29.711724 21.586293
-14.733328 -23.935146 23.839026
-11.377233 -27.390507 22.57988
-16.667636 -29.57206 21.596687
-15.855082 -12.491918 25.654061
-15.523667 -18.09464 25.11782
-13.697705 -13.327717 25.751765
-7.7859731 -22.868767 23.945779
-12.689553 -21.729443 24.461527
-9.5105906 -25.084841 23.355579
-8.4145222 -20.145223 24.71255
-12.109832 -24.564475 23.644878
-23.613944 -28.623574 21.221133
-17.851326 -23.47395 23.817819
-20.121491 -29.21428 21.480126
-17.352565 -26.538557 22.854261
-9.458245 -14.826341 25.690188
-13.148382 -18.813993 25.08135
-11.552369 -14.107263 25.76152
-8.9714482 -17.445876 25.287049
-13.472554 -16.044884 25.493319
-10.778729 -19.530116 24.93877
-1.7671093 -1.0921336 26.395381
-5.378827 -3.3242979 26.337984
-1.7745901 -2.9364402 26.379618
-13.519688 -8.3556268 25.935585
-9.2325803 -5.7060484 26.202785
-11.562171 -9.2178137 26.057923
-1.8056691 -6.70887 26.22082
-5.4324018 -5.2527969 26.326659
-1.7862321 -4.816499 26.321937
-3.6641478 -8.0134688 26.197203
-3.5866593 -4.079011 26.361725
-7.6800634 -10.77529 26.074089
-7.4127442 -6.5232742 26.267894
-9.6050031 -10.029141 26.102196
-5.6227185 -9.3701196 26.150848
-9.4208022 -7.8223313 26.182582
-5.5371965 -7.2742279 26.266517
-37.672114 -23.282647 18.343955
-30.827348 -19.052349 22.20773
-37.360533 -19.872562 19.335785
-34.351454 -25.087112 19.361435
-18.461456 -11.409807 25.410647
-24.249692 -14.987134 24.347468
-20.680472 -10.420185 25.086431
-18.473229 -14.25705 25.29515
-35.801354 -13.180829 20.661706
-30.300453 -15.88439 22.72894
-36.726745 -16.469561 20.111929
-32.10233 -11.389403 22.14783
-33.806633 -17.865923 21.277085
-27.322007 -27.722245 20.777672
-27.717359 -20.549277 22.866333
-30.85168 -26.568601 20.172754
-24.1617 -25.221499 22.446909
-31.010022 -22.800466 21.358318
-25.181884 -8.1878928 24.049275
-26.808792 -13.907209 23.814545
-22.936716 -9.3400259 24.634965
-28.520269 -9.7110351 23.249206
-23.637959 -12.106288 24.557288
-29.472888 -12.73841 23.080886
-18.202138 -20.254539 24.551481
-24.360561 -18.258108 24.008857
-18.394898 -17.231405 25.018181
-21.082201 -22.692738 23.688104
-21.328759 -16.194297 24.767132
-24.402519 -21.718024 23.377133
-1.8972653 14.607928 24.808698
-5.5544974 13.042606 24.536248
-3.1217619 16.177178 24.245868
-1.8580663 12.573025 25.208062
-12.708183 9.8381259 23.772511
-9.1220317 11.466968 24.19167
-5.6951432 19.281781 22.782342
-6.8353924 14.528046 23.92555
-4.3971392 17.744897 23.56967
-5.0038334 15.346185 24.095546
-1.8008604 8.6379684 25.801152
-5.4684718 11.062959 24.957425
-1.8278842 10.573725 25.537243
-3.6860552 11.816861 25.090625
-29.609012 1.4688859 20.676083
-24.740483 4.0245125 21.802257
-29.688738 3.8225552 19.808735
-27.802006 0 21.83611
-16.423862 8.103471 23.262196
-20.389935 6.1956022 22.626368
-29.455202 8.4151822 17.885756
-24.852833 6.2127259 21.034137
-29.631462 6.1534568 18.871948
-27.192345 5.0729825 20.4723
-23.945878 -2.7214031 23.663937
-23.044688 2.6189846 22.773357
-25.891826 -1.4042121 22.833976
-25.340898 1.3743331 22.348113
-11.251532 25.058154 18.205361
-12.487788 20.287136 20.205665
-9.8557013 23.727445 19.560166
-13.600546 24.130367 17.62258
-14.218544 11.202521 23.006087
-13.452306 15.680228 21.766288
-12.376556 12.042254 23.267998
-7.0969133 20.844877 21.826574
-11.058904 18.93714 21.318142
-8.4583546 22.309496 20.771556
-7.6817451 18.39088 22.560462
-10.499345 21.297647 20.500346
-18.218797 22.083862 16.372679
-14.757636 19.405842 19.690117
-15.932681 23.13257 17.008481
-14.216659 21.742585 18.724104
-8.7332634 13.689891 23.721016
-11.565643 16.549254 22.062176
-10.541541 12.872882 23.507395
-8.2267866 15.997807 23.188135
-11.995483 14.285795 22.698345
-9.6459419 17.477605 22.317838
-1.7648819 1.090757 26.362111
-5.3172761 3.2862573 26.036593
-1.7685796 2.9264945 26.290271
-3.5482404 0 26.335963
-12.647084 7.8163279 24.261619
-8.9344015 5.5217638 25.356531
-10.853 8.6524351 24.459649
-1.7916587 6.6568148 26.017369
-5.334549 5.1581793 25.852442
-1.7763081 4.7897392 26.175696
-3.5967081 7.8659785 25.715036
-3.5529564 4.0406816 26.11401
-7.2509186 -2.2256741 26.23407
-7.175997 2.2026769 25.963001
-5.3822608 -1.1080781 26.29383
-5.3614366 1.1037909 26.192098
-7.3063559 10.250971 24.805339
-7.1918999 6.3289294 25.485307
-9.0673465 9.4677421 24.64108
-5.4422367 9.0693513 25.311441
-9.0058023 7.4777464 25.029202
-5.3987137 7.0923027 25.609603
-27.596609 17.055643 13.437817
-24.13088 14.913704 17.383658
-28.208665 15.004563 14.599275
-25.238205 18.431642 14.224954
-16.460989 10.173451 22.657172
-20.3324 12.566114 20.414381
-18.405717 9.2740139 22.327042
-16.098361 12.424202 22.043274
-29.131305 10.725146 16.812282
-24.463813 12.824651 18.350767
-28.725878 12.881692 15.730575
-27.015049 9.5845156 18.638047
-26.381837 13.942112 16.604096
-20.610435 20.912357 15.673698
-21.795839 16.159142 17.981183
-22.899512 19.720417 14.97313
-18.86927 19.696928 17.53009
-23.5625 17.324592 16.228797
-22.546357 7.3309508 21.532286
-22.419396 11.630186 19.915396
-20.439999 8.3233418 21.95339
-24.793272 8.4420079 20.211026
-20.419014 10.457691 21.213151
-24.660824 10.658599 19.31245
-15.264598 16.985773 20.589256
-19.870309 14.892688 19.583432
-15.699619 14.706605 21.352438
-17.065718 18.369423 19.175157
-17.999426 13.666433 20.901083
-19.420412 17.283993 18.604373
-15.869786 -7.2470479 25.677853
-15.670413 -2.3458537 25.355261
-17.859042 -6.2410145 25.356532
-13.537249 -5.9072788 25.882799
-14.832351 6.7732958 23.999247
-15.316189 2.2928264 24.782114
-16.728919 5.8460823 23.751967
-12.896423 5.6276404 24.657561
-21.867898 -3.9982786 24.376685
-17.500833 -1.2391678 24.905806
-19.874193 -5.1541929 24.924141
-21.57599 -1.3148237 24.032358
-17.697633 -3.6898162 25.166283
-9.2927007 -3.4336501 26.147431
-13.413546 -1.1933488 25.565332
-11.340653 -4.632707 26.035325
-9.2379311 -1.1418711 26.032804
-13.49873 -3.5075104 25.755062
-20.774045 3.798281 23.157341
-17.265657 1.2225159 24.571122
-18.715995 4.8538245 23.47165
-21.206029 1.2922785 23.620277
-17.011145 3.5466888 24.190086
-19.342224 0 24.33074
-9.1066112 3.3648901 25.62382
-13.277858 1.1812771 25.306718
-10.976142 4.4838027 25.198498
-9.1753773 1.134139 25.856525
-13.107347 3.4058135 25.008319
-11.25974 0 25.725136
-35.080678 0 -18.459019
-40.566967 0 -14.623742
-34.976704 2.5781051 -17.44533
-36.85315 -2.7164164 -18.381245
-47.84522 0 -3.3160302
-45.162864 0 -9.5124125
-34.306519 7.5169707 -15.207162
-40.076906 2.7972748 -13.417348
-34.714636 5.0999154 -16.349454
-37.609296 2.6919679 -15.572172
-40.221233 -8.8129558 -17.828997
-42.608697 -2.9739879 -14.264967
-38.605426 -5.67151 -18.181888
-39.816179 -2.8499304 -16.485934
-35.080678 0 18.459019
-40.566967 0 14.623742
-34.976704 2.5781051 17.44533
-36.85315 -2.7164164 18.381245
-47.84522 0 3.3160302
-45.162864 0 9.5124125
-34.306519 7.5169707 15.207162
-40.076906 2.7972748 13.417348
-34.714636 5.0999154 16.349454
-37.609296 2.6919679 15.572172
-40.221233 -8.8129558 17.828997
-42.608697 -2.9739879 14.264967
-38.605426 -5.67151 18.181888
-39.816179 -2.8499304 16.485934
-31.472919 16.406187 -10.139581
-36.411145 12.829507 -7.9290714
-32.334297 14.347063 -11.438039
-32.662178 17.083006 -7.4545488
-46.238179 3.0955384 -1.9131479
-41.479306 8.4710362 -5.2353883
-45.520061 3.0621917 -5.0670535
-33.760275 9.9440119 -13.951657
-37.511151 10.585567 -9.3153841
-33.102318 12.180886 -12.718769
-36.530869 7.8545364 -13.089388
-34.895659 12.55587 -10.425458
-33.94864 17.812077 -1.5846682
-37.423152 13.300051 -4.9143647
-33.510468 17.56349 -4.5636976
-35.046741 15.26591 -6.2361918
-42.370985 2.9178332 -10.841058
-40.26911 8.3093714 -8.0346488
-44.191566 2.9988824 -8.0863589
-39.433549 5.5154878 -12.062338
-42.934383 5.8414616 -6.643337
-38.56122 8.1290205 -10.679113
-44.057856 -22.966457 -14.194051
-48.629781 -17.134757 -10.589862
-43.595356 -19.343712 -15.421562
-47.131212 -24.650616 -10.756843
-49.670615 -3.325332 -2.0551682
-50.606438 -10.335008 -6.3873864
-48.845648 -3.2859082 -5.4372404
-41.704703 -12.284025 -17.234745
-47.680377 -13.455302 -11.840773
-42.809794 -15.753012 -16.448633
-43.422242 -9.336257 -15.558639
-45.928539 -16.525631 -13.721651
-51.291844 -26.911661 -2.3942212
-50.907408 -18.092306 -6.6851014
-49.726471 -26.062613 -6.7721101
-49.380527 -21.509523 -8.7867355
-45.239652 -3.1153809 -11.575036
-48.809747 -10.071698 -9.7387097
-47.319806 -3.2111678 -8.6587775
-44.624036 -6.2414703 -13.650057
-49.186067 -6.6920381 -7.6106747
-46.361103 -9.7732997 -12.839206
-31.472919 16.406187 10.139581
-36.411145 12.829507 7.9290714
-32.334297 14.347063 11.438039
-32.662178 17.083006 7.4545488
-46.238179 3.0955384 1.9131479
-41.479306 8.4710362 5.2353883
-45.520061 3.0621917 5.0670535
-44.364349 5.9772022 0
-33.760275 9.9440119 13.951657
-37.511151 10.585567 9.3153841
-33.102318 12.180886 12.718769
-36.530869 7.8545364 13.089388
-34.895659 12.55587 10.425458
-33.94864 17.812077 1.5846682
-37.423152 13.300051 4.9143647
-33.510468 17.56349 4.5636976
-36.014473 15.763322 0
-35.046741 15.26591 6.2361918
-42.370985 2.9178332 10.841058
-40.26911 8.3093714 8.0346488
-44.191566 2.9988824 8.0863589
-39.433549 5.5154878 12.062338
-42.934383 5.8414616 6.643337
-38.56122 8.1290205 10.679113
-39.902815 11.028867 -3.3853178
-39.902815 11.028867 3.3853178
-42.198516 8.6378978 -1.7783355
-38.024437 13.49325 -1.6678574
-42.198516 8.6378978 1.7783355
-38.024437 13.49325 1.6678574
-44.057856 -22.966457 14.194051
-48.629781 -17.134757 10.589862
-43.595356 -19.343712 15.421562
-47.131212 -24.650616 10.756843
-49.670615 -3.325332 2.0551682
-50.606438 -10.335008 6.3873864
-48.845648 -3.2859082 5.4372404
-51.072159 -6.8809444 0
-41.704703 -12.284025 17.234745
-47.680377 -13.455302 11.840773
-42.809794 -15.753012 16.448633
-43.422242 -9.336257 15.558639
-45.928539 -16.525631 13.721651
-51.291844 -26.911661 2.3942212
-50.907408 -18.092306 6.6851014
-49.726471 -26.062613 6.7721101
-52.107543 -22.807164 0
-49.380527 -21.509523 8.7867355
-45.239652 -3.1153809 11.575036
-48.809747 -10.071698 9.7387097
-47.319806 -3.2111678 8.6587775
-44.624036 -6.2414703 13.650057
-49.186067 -6.6920381 7.6106747
-46.361103 -9.7732997 12.839206
-51.737871 -14.299996 -4.389393
-51.737871 -14.299996 4.389393
-51.77942 -10.599077 -2.1820953
-52.229151 -18.533897 -2.2909156
-51.77942 -10.599077 2.1820953
-52.229151 -18.533897 2.2909156
