-11.890633 19.239449 0.000000
19.239449 31.130082 0.000000
-19.239449 -31.130082 0.000000
11.890633 -19.239449 0.000000
0.000000 -12.465935 20.170306
0.000000 12.465935 20.170306
0.000000 -12.465935 -20.170306
0.000000 12.465935 -20.170306
23.439014 0.000000 -14.486107
23.439014 0.000000 14.486107
-23.439014 0.000000 -14.486107
-23.439014 0.000000 14.486107
0.000000 31.130082 0.000000
0.000000 -31.130082 0.000000
-9.697012 -25.387108 15.690096
7.271828 -19.037893 11.766065
-7.271828 19.037893 11.766065
9.697012 25.387108 15.690096
0.000000 0.000000 22.012292
-9.697012 -25.387108 -15.690096
7.271828 -19.037893 -11.766065
-7.271828 19.037893 -11.766065
9.697012 25.387108 -15.690096
0.000000 0.000000 -22.012292
27.311659 16.879534 -10.432125
18.249310 -11.278694 -6.970616
11.107901 -6.865060 -17.972961
13.418680 8.293200 -21.711880
27.311659 16.879534 10.432125
18.249310 -11.278694 6.970616
11.107901 -6.865060 17.972961
13.418680 8.293200 21.711880
31.130082 0.000000 0.000000
-18.249310 11.278694 -6.970616
-27.311659 -16.879534 -10.432125
-13.418680 -8.293200 -21.711880
-11.107901 6.865060 -17.972961
-18.249310 11.278694 6.970616
-27.311659 -16.879534 10.432125
-13.418680 -8.293200 21.711880
-11.107901 6.865060 17.972961
-31.130082 0.000000 0.000000
-6.886962 24.243120 0.000000
8.843404 31.130082 0.000000
-8.843404 -31.130082 0.000000
6.886962 -24.243120 0.000000
-14.513462 -28.856040 8.693318
-4.436946 -19.164659 19.392994
-5.094726 -29.825043 8.243439
10.022657 -19.927307 6.003402
3.817327 -16.488317 16.684765
4.308078 -25.219926 6.970616
0.000000 -23.439014 14.486107
-10.022657 19.927307 6.003402
-3.817327 16.488317 16.684765
-4.308078 25.219926 6.970616
14.513462 28.856040 8.693318
4.436946 19.164659 19.392994
5.094726 29.825043 8.243439
0.000000 23.439014 14.486107
0.000000 -6.130764 21.581192
0.000000 6.130764 21.581192
-14.513462 -28.856040 -8.693318
-4.436946 -19.164659 -19.392994
-5.094726 -29.825043 -8.243439
10.022657 -19.927307 -6.003402
3.817327 -16.488317 -16.684765
4.308078 -25.219926 -6.970616
0.000000 -23.439014 -14.486107
-10.022657 19.927307 -6.003402
-3.817327 16.488317 -16.684765
-4.308078 25.219926 -6.970616
14.513462 28.856040 -8.693318
4.436946 19.164659 -19.392994
5.094726 29.825043 -8.243439
0.000000 23.439014 -14.486107
0.000000 -6.130764 -21.581192
0.000000 6.130764 -21.581192
26.612074 26.929141 -6.161150
27.089119 8.161006 -13.624769
19.405882 22.720802 -14.042228
15.271959 -15.453915 -3.535719
20.991569 -6.324027 -10.557940
12.971234 -15.186985 -9.386073
5.764614 -9.624001 -19.134688
16.728123 -3.827247 -16.531164
9.424781 -13.024727 -15.249616
5.800912 -3.585161 -20.987897
15.417329 -9.528433 -13.167971
6.565103 10.960414 -21.791779
19.502278 4.461949 -19.272656
13.241568 18.299397 -21.425307
6.067166 3.749715 -21.951212
21.581604 13.338165 -18.432890
12.465935 0.000000 -20.170306
26.612074 26.929141 6.161150
27.089119 8.161006 13.624769
19.405882 22.720802 14.042228
31.130082 19.239449 0.000000
15.271959 -15.453915 3.535719
20.991569 -6.324027 10.557940
12.971234 -15.186985 9.386073
19.239449 -11.890633 0.000000
5.764614 -9.624001 19.134688
16.728123 -3.827247 16.531164
9.424781 -13.024727 15.249616
5.800912 -3.585161 20.987897
15.417329 -9.528433 13.167971
6.565103 10.960414 21.791779
19.502278 4.461949 19.272656
13.241568 18.299397 21.425307
6.067166 3.749715 21.951212
21.581604 13.338165 18.432890
12.465935 0.000000 20.170306
28.886107 0.000000 -8.205938
28.886107 0.000000 8.205938
30.530760 8.438495 -5.215276
23.963673 -6.623396 -4.093484
30.530760 8.438495 5.215276
23.963673 -6.623396 4.093484
-15.271959 15.453915 -3.535719
-20.991569 6.324027 -10.557940
-12.971234 15.186985 -9.386073
-26.612074 -26.929141 -6.161150
-27.089119 -8.161006 -13.624769
-19.405882 -22.720802 -14.042228
-6.565103 -10.960414 -21.791779
-19.502278 -4.461949 -19.272656
-13.241568 -18.299397 -21.425307
-6.067166 -3.749715 -21.951212
-21.581604 -13.338165 -18.432890
-5.764614 9.624001 -19.134688
-16.728123 3.827247 -16.531164
-9.424781 13.024727 -15.249616
-5.800912 3.585161 -20.987897
-15.417329 9.528433 -13.167971
-12.465935 0.000000 -20.170306
-15.271959 15.453915 3.535719
-20.991569 6.324027 10.557940
-12.971234 15.186985 9.386073
-19.239449 11.890633 0.000000
-26.612074 -26.929141 6.161150
-27.089119 -8.161006 13.624769
-19.405882 -22.720802 14.042228
-31.130082 -19.239449 0.000000
-6.565103 -10.960414 21.791779
-19.502278 -4.461949 19.272656
-13.241568 -18.299397 21.425307
-6.067166 -3.749715 21.951212
-21.581604 -13.338165 18.432890
-5.764614 9.624001 19.134688
-16.728123 3.827247 16.531164
-9.424781 13.024727 15.249616
-5.800912 3.585161 20.987897
-15.417329 9.528433 13.167971
-12.465935 0.000000 20.170306
-28.886107 0.000000 -8.205938
-28.886107 0.000000 8.205938
-23.963673 6.623396 -4.093484
-30.530760 -8.438495 -5.215276
-23.963673 6.623396 4.093484
-30.530760 -8.438495 5.215276
-9.524042 21.606040 0.000000
-3.805830 27.324252 0.000000
13.722283 31.130082 0.000000
4.335921 31.130082 0.000000
-13.722283 -31.130082 0.000000
-4.335921 -31.130082 0.000000
9.524042 -21.606040 0.000000
3.805830 -27.324252 0.000000
-17.014502 -30.377945 4.608004
-12.060930 -27.139496 12.336701
-11.873336 -30.635670 4.363659
-2.051082 -15.572699 19.827353
-7.349331 -23.517118 18.810697
-2.566982 -30.828097 4.153465
-7.503352 -28.010816 12.140679
-7.006217 -30.759802 4.226719
-9.683199 -29.450335 8.488267
11.071920 -19.767972 2.998587
8.750380 -19.690097 8.950455
8.604848 -22.202294 3.162433
1.927927 -14.637652 18.636840
5.614600 -17.966152 14.370632
0.000000 -17.831051 18.043497
2.356701 -28.302729 3.813223
5.921395 -22.105202 9.581019
5.704135 -25.043195 3.441198
0.000000 -28.993847 8.013702
7.364146 -22.397202 6.455391
-4.853432 -26.066799 16.110168
3.933808 -21.127689 13.057630
-2.252011 -21.653796 17.214133
-2.550822 -28.289053 12.381952
2.054699 -19.756574 15.705897
2.239071 -24.831680 10.868680
-11.071920 19.767972 2.998587
-8.750380 19.690097 8.950455
-8.604848 22.202294 3.162433
-1.927927 14.637652 18.636840
-5.614600 17.966152 14.370632
-2.356701 28.302729 3.813223
-5.921395 22.105202 9.581019
-5.704135 25.043195 3.441198
-7.364146 22.397202 6.455391
17.014502 30.377945 4.608004
12.060930 27.139496 12.336701
11.873336 30.635670 4.363659
2.051082 15.572699 19.827353
7.349331 23.517118 18.810697
0.000000 17.831051 18.043497
2.566982 30.828097 4.153465
7.503352 28.010816 12.140679
7.006217 30.759802 4.226719
0.000000 28.993847 8.013702
9.683199 29.450335 8.488267
-3.933808 21.127689 13.057630
4.853432 26.066799 16.110168
-2.054699 19.756574 15.705897
-2.239071 24.831680 10.868680
2.252011 21.653796 17.214133
2.550822 28.289053 12.381952
0.000000 -9.263552 21.015097
0.000000 -3.051196 21.906303
0.000000 9.263552 21.015097
0.000000 3.051196 21.906303
-17.014502 -30.377945 -4.608004
-12.060930 -27.139496 -12.336701
-11.873336 -30.635670 -4.363659
-2.051082 -15.572699 -19.827353
-7.349331 -23.517118 -18.810697
-2.566982 -30.828097 -4.153465
-7.503352 -28.010816 -12.140679
-7.006217 -30.759802 -4.226719
-9.683199 -29.450335 -8.488267
11.071920 -19.767972 -2.998587
8.750380 -19.690097 -8.950455
8.604848 -22.202294 -3.162433
1.927927 -14.637652 -18.636840
5.614600 -17.966152 -14.370632
0.000000 -17.831051 -18.043497
2.356701 -28.302729 -3.813223
5.921395 -22.105202 -9.581019
5.704135 -25.043195 -3.441198
0.000000 -28.993847 -8.013702
7.364146 -22.397202 -6.455391
-4.853432 -26.066799 -16.110168
3.933808 -21.127689 -13.057630
-2.252011 -21.653796 -17.214133
-2.550822 -28.289053 -12.381952
2.054699 -19.756574 -15.705897
2.239071 -24.831680 -10.868680
-11.071920 19.767972 -2.998587
-8.750380 19.690097 -8.950455
-8.604848 22.202294 -3.162433
-1.927927 14.637652 -18.636840
-5.614600 17.966152 -14.370632
-2.356701 28.302729 -3.813223
-5.921395 22.105202 -9.581019
-5.704135 25.043195 -3.441198
-7.364146 22.397202 -6.455391
17.014502 30.377945 -4.608004
12.060930 27.139496 -12.336701
11.873336 30.635670 -4.363659
2.051082 15.572699 -19.827353
7.349331 23.517118 -18.810697
0.000000 17.831051 -18.043497
2.566982 30.828097 -4.153465
7.503352 28.010816 -12.140679
7.006217 30.759802 -4.226719
0.000000 28.993847 -8.013702
9.683199 29.450335 -8.488267
-3.933808 21.127689 -13.057630
4.853432 26.066799 -16.110168
-2.054699 19.756574 -15.705897
-2.239071 24.831680 -10.868680
2.252011 21.653796 -17.214133
2.550822 28.289053 -12.381952
0.000000 -9.263552 -21.015097
0.000000 -3.051196 -21.906303
0.000000 9.263552 -21.015097
0.000000 3.051196 -21.906303
23.910548 30.443206 -3.149262
27.247002 21.794129 -8.514957
20.466647 28.398817 -7.632124
26.821913 4.068593 -15.022790
27.226771 12.376373 -12.099716
14.563964 24.314483 -15.027177
23.863624 20.299611 -12.545849
17.300942 26.262128 -11.603415
22.748191 24.677147 -10.400750
13.648571 -17.377529 -1.797655
16.796754 -13.435262 -5.249151
12.731541 -17.665850 -4.747661
22.271036 -3.378274 -12.473871
19.646179 -8.930491 -8.730862
10.232491 -17.083105 -10.557940
15.608621 -13.277486 -8.205938
11.569607 -17.562194 -7.759517
14.261769 -15.471110 -6.520654
2.982560 -11.012744 -19.662318
8.444373 -8.255610 -18.576767
4.847207 -12.998488 -18.036257
2.935961 -7.988628 -20.612318
19.882808 -2.056819 -15.616254
13.838953 -5.406873 -17.301448
19.128473 -5.140738 -13.785634
8.423285 -16.022040 -13.629161
10.311752 -9.993892 -16.684765
6.726713 -14.712455 -15.960013
11.351032 -14.296214 -12.475992
7.675256 -11.443973 -17.371487
2.931094 -1.811516 -21.755340
8.547494 -5.282642 -19.720666
2.928655 -4.854544 -21.313186
5.815076 -6.633691 -20.175607
17.044865 -10.534306 -10.209586
13.418680 -8.293200 -15.774604
18.134302 -8.012291 -11.946499
14.256835 -12.441626 -11.319765
16.139903 -6.802532 -14.878284
12.428574 -11.307891 -14.241879
3.207937 11.844923 -21.148102
10.005788 9.782122 -22.011724
5.635016 15.111112 -20.967661
3.089305 8.405872 -21.688893
21.808462 2.256022 -17.128691
16.646286 6.503697 -20.811173
24.675635 6.631526 -17.783399
18.114871 0.000000 -17.901584
11.611884 22.087115 -18.788423
13.603110 13.183794 -22.010295
8.746293 19.129615 -20.751730
16.233277 20.445225 -17.842098
9.613248 14.333561 -21.757765
2.963751 1.831699 -21.997732
9.476039 5.856514 -21.862994
3.018564 5.003577 -21.967496
5.971079 0.000000 -21.603567
6.341842 7.234612 -22.003238
24.442021 15.106000 -14.640357
18.249310 11.278694 -21.453351
24.629265 10.881965 -16.225246
20.734430 18.094481 -16.462902
21.826235 9.199167 -20.120129
17.623056 16.033986 -20.194225
11.825887 -3.562727 -19.134688
13.011253 3.919837 -21.052650
14.767985 -1.931998 -18.576767
9.026368 -1.859534 -20.622550
15.722798 2.056910 -19.777835
9.356294 1.927503 -21.376331
23.910548 30.443206 3.149262
27.247002 21.794129 8.514957
20.466647 28.398817 7.632124
30.763553 31.130082 0.000000
26.821913 4.068593 15.022790
27.226771 12.376373 12.099716
14.563964 24.314483 15.027177
23.863624 20.299611 12.545849
17.300942 26.262128 11.603415
22.748191 24.677147 10.400750
29.904504 18.482000 -5.567982
29.904504 18.482000 5.567982
30.410887 24.175763 -3.162755
30.410887 24.175763 3.162755
13.648571 -17.377529 1.797655
16.796754 -13.435262 5.249151
12.731541 -17.665850 4.747661
15.472866 -15.657216 0.000000
22.271036 -3.378274 12.473871
19.646179 -8.930491 8.730862
10.232491 -17.083105 10.557940
15.608621 -13.277486 8.205938
11.569607 -17.562194 7.759517
14.261769 -15.471110 6.520654
18.989635 -11.736240 -3.535719
18.989635 -11.736240 3.535719
17.285018 -13.741082 -1.797655
17.285018 -13.741082 1.797655
2.982560 -11.012744 19.662318
8.444373 -8.255610 18.576767
4.847207 -12.998488 18.036257
2.935961 -7.988628 20.612318
19.882808 -2.056819 15.616254
13.838953 -5.406873 17.301448
19.128473 -5.140738 13.785634
8.423285 -16.022040 13.629161
10.311752 -9.993892 16.684765
6.726713 -14.712455 15.960013
11.351032 -14.296214 12.475992
7.675256 -11.443973 17.371487
2.931094 -1.811516 21.755340
8.547494 -5.282642 19.720666
2.928655 -4.854544 21.313186
5.815076 -6.633691 20.175607
17.044865 -10.534306 10.209586
13.418680 -8.293200 15.774604
18.134302 -8.012291 11.946499
14.256835 -12.441626 11.319765
16.139903 -6.802532 14.878284
12.428574 -11.307891 14.241879
3.207937 11.844923 21.148102
10.005788 9.782122 22.011724
5.635016 15.111112 20.967661
3.089305 8.405872 21.688893
21.808462 2.256022 17.128691
16.646286 6.503697 20.811173
24.675635 6.631526 17.783399
18.114871 0.000000 17.901584
11.611884 22.087115 18.788423
13.603110 13.183794 22.010295
8.746293 19.129615 20.751730
16.233277 20.445225 17.842098
9.613248 14.333561 21.757765
2.963751 1.831699 21.997732
9.476039 5.856514 21.862994
3.018564 5.003577 21.967496
5.971079 0.000000 21.603567
6.341842 7.234612 22.003238
24.442021 15.106000 14.640357
18.249310 11.278694 21.453351
24.629265 10.881965 16.225246
20.734430 18.094481 16.462902
21.826235 9.199167 20.120129
17.623056 16.033986 20.194225
11.825887 -3.562727 19.134688
13.011253 3.919837 21.052650
14.767985 -1.931998 18.576767
9.026368 -1.859534 20.622550
15.722798 2.056910 19.777835
9.356294 1.927503 21.376331
26.417333 0.000000 -11.644882
30.543182 0.000000 -4.254175
28.821565 4.105263 -11.170251
24.567710 -3.499356 -9.521602
26.417333 0.000000 11.644882
30.543182 0.000000 4.254175
28.821565 4.105263 11.170251
24.567710 -3.499356 9.521602
29.437677 12.759120 -7.885570
31.006423 4.177491 -2.581831
29.114972 8.391608 -9.572933
30.909417 13.528870 -2.787100
30.250073 4.156677 -6.890115
20.996351 -9.100411 -5.624363
27.287372 -3.676424 -2.272155
22.729746 -6.551238 -7.473486
21.568111 -9.440235 -1.944795
26.333595 -3.618512 -5.998052
29.437677 12.759120 7.885570
31.006423 4.177491 2.581831
29.114972 8.391608 9.572933
30.909417 13.528870 2.787100
30.250073 4.156677 6.890115
31.130082 8.604143 0.000000
20.996351 -9.100411 5.624363
27.287372 -3.676424 2.272155
22.729746 -6.551238 7.473486
21.568111 -9.440235 1.944795
26.333595 -3.618512 5.998052
24.389100 -6.740982 0.000000
-13.648571 17.377529 -1.797655
-16.796754 13.435262 -5.249151
-12.731541 17.665850 -4.747661
-22.271036 3.378274 -12.473871
-19.646179 8.930491 -8.730862
-10.232491 17.083105 -10.557940
-15.608621 13.277486 -8.205938
-11.569607 17.562194 -7.759517
-14.261769 15.471110 -6.520654
-23.910548 -30.443206 -3.149262
-27.247002 -21.794129 -8.514957
-20.466647 -28.398817 -7.632124
-26.821913 -4.068593 -15.022790
-27.226771 -12.376373 -12.099716
-14.563964 -24.314483 -15.027177
-23.863624 -20.299611 -12.545849
-17.300942 -26.262128 -11.603415
-22.748191 -24.677147 -10.400750
-3.207937 -11.844923 -21.148102
-10.005788 -9.782122 -22.011724
-5.635016 -15.111112 -20.967661
-3.089305 -8.405872 -21.688893
-21.808462 -2.256022 -17.128691
-16.646286 -6.503697 -20.811173
-24.675635 -6.631526 -17.783399
-11.611884 -22.087115 -18.788423
-13.603110 -13.183794 -22.010295
-8.746293 -19.129615 -20.751730
-16.233277 -20.445225 -17.842098
-9.613248 -14.333561 -21.757765
-2.963751 -1.831699 -21.997732
-9.476039 -5.856514 -21.862994
-3.018564 -5.003577 -21.967496
-6.341842 -7.234612 -22.003238
-24.442021 -15.106000 -14.640357
-18.249310 -11.278694 -21.453351
-24.629265 -10.881965 -16.225246
-20.734430 -18.094481 -16.462902
-21.826235 -9.199167 -20.120129
-17.623056 -16.033986 -20.194225
-2.982560 11.012744 -19.662318
-8.444373 8.255610 -18.576767
-4.847207 12.998488 -18.036257
-2.935961 7.988628 -20.612318
-19.882808 2.056819 -15.616254
-13.838953 5.406873 -17.301448
-19.128473 5.140738 -13.785634
-18.114871 0.000000 -17.901584
-8.423285 16.022040 -13.629161
-10.311752 9.993892 -16.684765
-6.726713 14.712455 -15.960013
-11.351032 14.296214 -12.475992
-7.675256 11.443973 -17.371487
-2.931094 1.811516 -21.755340
-8.547494 5.282642 -19.720666
-2.928655 4.854544 -21.313186
-5.971079 0.000000 -21.603567
-5.815076 6.633691 -20.175607
-17.044865 10.534306 -10.209586
-13.418680 8.293200 -15.774604
-18.134302 8.012291 -11.946499
-14.256835 12.441626 -11.319765
-16.139903 6.802532 -14.878284
-12.428574 11.307891 -14.241879
-13.011253 -3.919837 -21.052650
-11.825887 3.562727 -19.134688
-15.722798 -2.056910 -19.777835
-9.356294 -1.927503 -21.376331
-14.767985 1.931998 -18.576767
-9.026368 1.859534 -20.622550
-13.648571 17.377529 1.797655
-16.796754 13.435262 5.249151
-12.731541 17.665850 4.747661
-15.472866 15.657216 0.000000
-22.271036 3.378274 12.473871
-19.646179 8.930491 8.730862
-10.232491 17.083105 10.557940
-15.608621 13.277486 8.205938
-11.569607 17.562194 7.759517
-14.261769 15.471110 6.520654
-18.989635 11.736240 -3.535719
-18.989635 11.736240 3.535719
-17.285018 13.741082 -1.797655
-17.285018 13.741082 1.797655
-23.910548 -30.443206 3.149262
-27.247002 -21.794129 8.514957
-20.466647 -28.398817 7.632124
-30.763553 -31.130082 0.000000
-26.821913 -4.068593 15.022790
-27.226771 -12.376373 12.099716
-14.563964 -24.314483 15.027177
-23.863624 -20.299611 12.545849
-17.300942 -26.262128 11.603415
-22.748191 -24.677147 10.400750
-29.904504 -18.482000 -5.567982
-29.904504 -18.482000 5.567982
-30.410887 -24.175763 -3.162755
-30.410887 -24.175763 3.162755
-3.207937 -11.844923 21.148102
-10.005788 -9.782122 22.011724
-5.635016 -15.111112 20.967661
-3.089305 -8.405872 21.688893
-21.808462 -2.256022 17.128691
-16.646286 -6.503697 20.811173
-24.675635 -6.631526 17.783399
-11.611884 -22.087115 18.788423
-13.603110 -13.183794 22.010295
-8.746293 -19.129615 20.751730
-16.233277 -20.445225 17.842098
-9.613248 -14.333561 21.757765
-2.963751 -1.831699 21.997732
-9.476039 -5.856514 21.862994
-3.018564 -5.003577 21.967496
-6.341842 -7.234612 22.003238
-24.442021 -15.106000 14.640357
-18.249310 -11.278694 21.453351
-24.629265 -10.881965 16.225246
-20.734430 -18.094481 16.462902
-21.826235 -9.199167 20.120129
-17.623056 -16.033986 20.194225
-2.982560 11.012744 19.662318
-8.444373 8.255610 18.576767
-4.847207 12.998488 18.036257
-2.935961 7.988628 20.612318
-19.882808 2.056819 15.616254
-13.838953 5.406873 17.301448
-19.128473 5.140738 13.785634
-18.114871 0.000000 17.901584
-8.423285 16.022040 13.629161
-10.311752 9.993892 16.684765
-6.726713 14.712455 15.960013
-11.351032 14.296214 12.475992
-7.675256 11.443973 17.371487
-2.931094 1.811516 21.755340
-8.547494 5.282642 19.720666
-2.928655 4.854544 21.313186
-5.971079 0.000000 21.603567
-5.815076 6.633691 20.175607
-17.044865 10.534306 10.209586
-13.418680 8.293200 15.774604
-18.134302 8.012291 11.946499
-14.256835 12.441626 11.319765
-16.139903 6.802532 14.878284
-12.428574 11.307891 14.241879
-13.011253 -3.919837 21.052650
-11.825887 3.562727 19.134688
-15.722798 -2.056910 19.777835
-9.356294 -1.927503 21.376331
-14.767985 1.931998 18.576767
-9.026368 1.859534 20.622550
-26.417333 0.000000 -11.644882
-30.543182 0.000000 -4.254175
-24.567710 3.499356 -9.521602
-28.821565 -4.105263 -11.170251
-26.417333 0.000000 11.644882
-30.543182 0.000000 4.254175
-24.567710 3.499356 9.521602
-28.821565 -4.105263 11.170251
-20.996351 9.100411 -5.624363
-27.287372 3.676424 -2.272155
-22.729746 6.551238 -7.473486
-21.568111 9.440235 -1.944795
-26.333595 3.618512 -5.998052
-29.437677 -12.759120 -7.885570
-31.006423 -4.177491 -2.581831
-29.114972 -8.391608 -9.572933
-30.909417 -13.528870 -2.787100
-30.250073 -4.156677 -6.890115
-20.996351 9.100411 5.624363
-27.287372 3.676424 2.272155
-22.729746 6.551238 7.473486
-21.568111 9.440235 1.944795
-26.333595 3.618512 5.998052
-24.389100 6.740982 0.000000
-29.437677 -12.759120 7.885570
-31.006423 -4.177491 2.581831
-29.114972 -8.391608 9.572933
-30.909417 -13.528870 2.787100
-30.250073 -4.156677 6.890115
-31.130082 -8.604143 0.000000
-10.732798 20.397284 0.000000
-8.248459 22.881623 0.000000
-2.017705 29.112377 0.000000
-5.416016 25.714066 0.000000
16.380264 31.130082 0.000000
11.221896 31.130082 0.000000
2.157547 31.130082 0.000000
6.556763 31.130082 0.000000
-16.380264 -31.130082 0.000000
-11.221896 -31.130082 0.000000
-2.157547 -31.130082 0.000000
-6.556763 -31.130082 0.000000
10.732798 -20.397284 0.000000
8.248459 -22.881623 0.000000
2.017705 -29.112377 0.000000
5.416016 -25.714066 0.000000
-18.202810 -30.913900 2.364165
-15.767552 -29.662520 6.714979
-15.443935 -30.964042 2.282335
-10.869622 -26.264982 14.040595
-13.275400 -28.006887 10.560648
-10.384223 -31.017122 2.164923
-13.265674 -29.926628 6.557284
-12.833752 -30.995572 2.218576
-14.378467 -30.529658 4.485102
-0.992578 -13.971556 20.007850
-3.192277 -17.293734 19.624359
-8.536567 -24.505460 17.301646
-5.811358 -21.223107 19.125376
-1.285039 -31.057654 2.079238
-3.839875 -30.422832 6.213048
-3.456461 -31.051246 2.088856
-8.632304 -26.794383 13.967362
-6.320102 -29.022585 10.226140
-9.768853 -27.615661 12.253355
-7.939764 -31.031623 2.136960
-6.055174 -30.348118 6.262214
-5.680360 -31.042895 2.106601
-9.392609 -30.705816 4.294758
-4.765310 -30.797117 4.190119
-12.063520 -29.191352 8.598246
-7.364789 -29.656500 8.369002
-10.921047 -28.423504 10.459191
-10.785379 -30.100664 6.471972
-8.590964 -28.755319 10.346503
-8.373901 -30.237327 6.374276
11.510271 -19.547937 1.494944
10.575826 -19.895647 4.503962
10.334696 -20.720365 1.527282
8.035429 -19.416535 10.379588
9.413590 -19.859691 7.488558
7.786738 -23.258571 1.623394
9.347972 -21.088510 4.620746
9.091995 -21.958629 1.571737
9.869125 -20.955017 3.078495
0.965334 -13.588069 19.458680
2.880874 -15.606748 17.710023
0.000000 -15.114291 19.243703
6.463382 -18.554082 13.099781
4.730658 -17.276383 15.568753
-2.127667 -18.501113 18.721542
1.973381 -17.159516 17.363961
-1.030328 -16.754234 18.997905
0.995474 -16.187458 18.355229
1.231780 -29.770437 1.993061
3.379441 -26.774876 5.468051
3.106778 -27.909858 1.877531
0.000000 -30.579939 4.120031
6.625130 -20.564181 10.719686
5.152142 -23.659189 8.336341
7.380213 -20.863192 9.257215
6.323246 -24.713655 1.701880
5.031304 -25.216549 5.203335
4.799439 -26.228707 1.779905
7.209638 -23.569363 3.296597
4.114651 -26.592061 3.617998
-2.539493 -29.933056 8.273293
2.290369 -26.996633 7.461686
-1.284409 -30.478027 6.238752
1.212913 -28.781472 5.891473
8.731504 -21.128529 6.223360
5.898719 -23.752938 6.703029
8.088220 -21.050687 7.746165
8.013505 -22.364705 4.808656
6.667531 -22.317284 8.030022
6.574601 -23.740234 5.004636
-7.281432 -25.799683 15.945081
-2.285928 -24.707558 15.270110
-6.133684 -24.920460 17.551909
-6.185639 -27.102437 14.175145
5.661747 -20.060789 12.398249
2.058538 -22.249793 13.751128
4.802911 -19.513682 13.743822
4.955430 -21.712263 11.355971
-3.360667 -20.489295 18.380589
-1.126478 -22.640881 15.909313
-4.669275 -22.579223 18.004385
-1.075954 -19.666289 17.656181
-3.482894 -23.754973 16.705161
-3.829616 -29.162730 10.364327
-1.202846 -25.768784 13.520293
-5.023830 -28.233394 12.298103
-1.264499 -28.828527 10.230014
-3.724649 -27.349474 14.334393
2.965555 -18.080382 16.219595
1.071490 -21.535681 15.132710
3.897606 -18.847662 15.028886
1.031836 -18.859911 16.932223
3.007076 -20.509674 14.422976
0.000000 -20.689319 16.447402
3.302233 -25.146681 8.937038
1.132575 -24.263369 12.730436
4.167083 -23.418569 10.200828
1.178912 -26.877286 9.537602
3.125140 -22.947381 12.027170
0.000000 -26.469471 11.585532
-11.510271 19.547937 1.494944
-10.575826 19.895647 4.503962
-10.334696 20.720365 1.527282
-8.035429 19.416535 10.379588
-9.413590 19.859691 7.488558
-7.786738 23.258571 1.623394
-9.347972 21.088510 4.620746
-9.091995 21.958629 1.571737
-9.869125 20.955017 3.078495
-0.965334 13.588069 19.458680
-2.880874 15.606748 17.710023
-6.463382 18.554082 13.099781
-4.730658 17.276383 15.568753
-1.231780 29.770437 1.993061
-3.379441 26.774876 5.468051
-3.106778 27.909858 1.877531
-6.625130 20.564181 10.719686
-5.152142 23.659189 8.336341
-7.380213 20.863192 9.257215
-6.323246 24.713655 1.701880
-5.031304 25.216549 5.203335
-4.799439 26.228707 1.779905
-7.209638 23.569363 3.296597
-4.114651 26.592061 3.617998
-8.731504 21.128529 6.223360
-5.898719 23.752938 6.703029
-8.088220 21.050687 7.746165
-8.013505 22.364705 4.808656
-6.667531 22.317284 8.030022
-6.574601 23.740234 5.004636
18.202810 30.913900 2.364165
15.767552 29.662520 6.714979
15.443935 30.964042 2.282335
10.869622 26.264982 14.040595
13.275400 28.006887 10.560648
10.384223 31.017122 2.164923
13.265674 29.926628 6.557284
12.833752 30.995572 2.218576
14.378467 30.529658 4.485102
0.992578 13.971556 20.007850
3.192277 17.293734 19.624359
0.000000 15.114291 19.243703
8.536567 24.505460 17.301646
5.811358 21.223107 19.125376
-1.973381 17.159516 17.363961
2.127667 18.501113 18.721542
-0.995474 16.187458 18.355229
1.030328 16.754234 18.997905
1.285039 31.057654 2.079238
3.839875 30.422832 6.213048
3.456461 31.051246 2.088856
0.000000 30.579939 4.120031
8.632304 26.794383 13.967362
6.320102 29.022585 10.226140
9.768853 27.615661 12.253355
7.939764 31.031623 2.136960
6.055174 30.348118 6.262214
5.680360 31.042895 2.106601
9.392609 30.705816 4.294758
4.765310 30.797117 4.190119
-2.290369 26.996633 7.461686
2.539493 29.933056 8.273293
-1.212913 28.781472 5.891473
1.284409 30.478027 6.238752
12.063520 29.191352 8.598246
7.364789 29.656500 8.369002
10.921047 28.423504 10.459191
10.785379 30.100664 6.471972
8.590964 28.755319 10.346503
8.373901 30.237327 6.374276
-5.661747 20.060789 12.398249
-2.058538 22.249793 13.751128
-4.802911 19.513682 13.743822
-4.955430 21.712263 11.355971
7.281432 25.799683 15.945081
2.285928 24.707558 15.270110
6.133684 24.920460 17.551909
6.185639 27.102437 14.175145
-2.965555 18.080382 16.219595
-1.071490 21.535681 15.132710
-3.897606 18.847662 15.028886
-1.031836 18.859911 16.932223
-3.007076 20.509674 14.422976
-3.302233 25.146681 8.937038
-1.132575 24.263369 12.730436
-4.167083 23.418569 10.200828
-1.178912 26.877286 9.537602
-3.125140 22.947381 12.027170
3.360667 20.489295 18.380589
1.126478 22.640881 15.909313
4.669275 22.579223 18.004385
1.075954 19.666289 17.656181
3.482894 23.754973 16.705161
0.000000 20.689319 16.447402
3.829616 29.162730 10.364327
1.202846 25.768784 13.520293
5.023830 28.233394 12.298103
1.264499 28.828527 10.230014
3.724649 27.349474 14.334393
0.000000 26.469471 11.585532
0.000000 -10.855541 20.630551
0.000000 -7.689209 21.330237
0.000000 -1.523787 21.985905
0.000000 -4.585751 21.772148
0.000000 10.855541 20.630551
0.000000 7.689209 21.330237
0.000000 1.523787 21.985905
0.000000 4.585751 21.772148
-18.202810 -30.913900 -2.364165
-15.767552 -29.662520 -6.714979
-15.443935 -30.964042 -2.282335
-10.869622 -26.264982 -14.040595
-13.275400 -28.006887 -10.560648
-10.384223 -31.017122 -2.164923
-13.265674 -29.926628 -6.557284
-12.833752 -30.995572 -2.218576
-14.378467 -30.529658 -4.485102
-0.992578 -13.971556 -20.007850
-3.192277 -17.293734 -19.624359
-8.536567 -24.505460 -17.301646
-5.811358 -21.223107 -19.125376
-1.285039 -31.057654 -2.079238
-3.839875 -30.422832 -6.213048
-3.456461 -31.051246 -2.088856
-8.632304 -26.794383 -13.967362
-6.320102 -29.022585 -10.226140
-9.768853 -27.615661 -12.253355
-7.939764 -31.031623 -2.136960
-6.055174 -30.348118 -6.262214
-5.680360 -31.042895 -2.106601
-9.392609 -30.705816 -4.294758
-4.765310 -30.797117 -4.190119
-12.063520 -29.191352 -8.598246
-7.364789 -29.656500 -8.369002
-10.921047 -28.423504 -10.459191
-10.785379 -30.100664 -6.471972
-8.590964 -28.755319 -10.346503
-8.373901 -30.237327 -6.374276
11.510271 -19.547937 -1.494944
10.575826 -19.895647 -4.503962
10.334696 -20.720365 -1.527282
8.035429 -19.416535 -10.379588
9.413590 -19.859691 -7.488558
7.786738 -23.258571 -1.623394
9.347972 -21.088510 -4.620746
9.091995 -21.958629 -1.571737
9.869125 -20.955017 -3.078495
0.965334 -13.588069 -19.458680
2.880874 -15.606748 -17.710023
0.000000 -15.114291 -19.243703
6.463382 -18.554082 -13.099781
4.730658 -17.276383 -15.568753
-2.127667 -18.501113 -18.721542
1.973381 -17.159516 -17.363961
-1.030328 -16.754234 -18.997905
0.995474 -16.187458 -18.355229
1.231780 -29.770437 -1.993061
3.379441 -26.774876 -5.468051
3.106778 -27.909858 -1.877531
0.000000 -30.579939 -4.120031
6.625130 -20.564181 -10.719686
5.152142 -23.659189 -8.336341
7.380213 -20.863192 -9.257215
6.323246 -24.713655 -1.701880
5.031304 -25.216549 -5.203335
4.799439 -26.228707 -1.779905
7.209638 -23.569363 -3.296597
4.114651 -26.592061 -3.617998
-2.539493 -29.933056 -8.273293
2.290369 -26.996633 -7.461686
-1.284409 -30.478027 -6.238752
1.212913 -28.781472 -5.891473
8.731504 -21.128529 -6.223360
5.898719 -23.752938 -6.703029
8.088220 -21.050687 -7.746165
8.013505 -22.364705 -4.808656
6.667531 -22.317284 -8.030022
6.574601 -23.740234 -5.004636
-7.281432 -25.799683 -15.945081
-2.285928 -24.707558 -15.270110
-6.133684 -24.920460 -17.551909
-6.185639 -27.102437 -14.175145
5.661747 -20.060789 -12.398249
2.058538 -22.249793 -13.751128
4.802911 -19.513682 -13.743822
4.955430 -21.712263 -11.355971
-3.360667 -20.489295 -18.380589
-1.126478 -22.640881 -15.909313
-4.669275 -22.579223 -18.004385
-1.075954 -19.666289 -17.656181
-3.482894 -23.754973 -16.705161
-3.829616 -29.162730 -10.364327
-1.202846 -25.768784 -13.520293
-5.023830 -28.233394 -12.298103
-1.264499 -28.828527 -10.230014
-3.724649 -27.349474 -14.334393
2.965555 -18.080382 -16.219595
1.071490 -21.535681 -15.132710
3.897606 -18.847662 -15.028886
1.031836 -18.859911 -16.932223
3.007076 -20.509674 -14.422976
0.000000 -20.689319 -16.447402
3.302233 -25.146681 -8.937038
1.132575 -24.263369 -12.730436
4.167083 -23.418569 -10.200828
1.178912 -26.877286 -9.537602
3.125140 -22.947381 -12.027170
0.000000 -26.469471 -11.585532
-11.510271 19.547937 -1.494944
-10.575826 19.895647 -4.503962
-10.334696 20.720365 -1.527282
-8.035429 19.416535 -10.379588
-9.413590 19.859691 -7.488558
-7.786738 23.258571 -1.623394
-9.347972 21.088510 -4.620746
-9.091995 21.958629 -1.571737
-9.869125 20.955017 -3.078495
-0.965334 13.588069 -19.458680
-2.880874 15.606748 -17.710023
-6.463382 18.554082 -13.099781
-4.730658 17.276383 -15.568753
-1.231780 29.770437 -1.993061
-3.379441 26.774876 -5.468051
-3.106778 27.909858 -1.877531
-6.625130 20.564181 -10.719686
-5.152142 23.659189 -8.336341
-7.380213 20.863192 -9.257215
-6.323246 24.713655 -1.701880
-5.031304 25.216549 -5.203335
-4.799439 26.228707 -1.779905
-7.209638 23.569363 -3.296597
-4.114651 26.592061 -3.617998
-8.731504 21.128529 -6.223360
-5.898719 23.752938 -6.703029
-8.088220 21.050687 -7.746165
-8.013505 22.364705 -4.808656
-6.667531 22.317284 -8.030022
-6.574601 23.740234 -5.004636
18.202810 30.913900 -2.364165
15.767552 29.662520 -6.714979
15.443935 30.964042 -2.282335
10.869622 26.264982 -14.040595
13.275400 28.006887 -10.560648
10.384223 31.017122 -2.164923
13.265674 29.926628 -6.557284
12.833752 30.995572 -2.218576
14.378467 30.529658 -4.485102
0.992578 13.971556 -20.007850
3.192277 17.293734 -19.624359
0.000000 15.114291 -19.243703
8.536567 24.505460 -17.301646
5.811358 21.223107 -19.125376
-1.973381 17.159516 -17.363961
2.127667 18.501113 -18.721542
-0.995474 16.187458 -18.355229
1.030328 16.754234 -18.997905
1.285039 31.057654 -2.079238
3.839875 30.422832 -6.213048
3.456461 31.051246 -2.088856
0.000000 30.579939 -4.120031
8.632304 26.794383 -13.967362
6.320102 29.022585 -10.226140
9.768853 27.615661 -12.253355
7.939764 31.031623 -2.136960
6.055174 30.348118 -6.262214
5.680360 31.042895 -2.106601
9.392609 30.705816 -4.294758
4.765310 30.797117 -4.190119
-2.290369 26.996633 -7.461686
2.539493 29.933056 -8.273293
-1.212913 28.781472 -5.891473
1.284409 30.478027 -6.238752
12.063520 29.191352 -8.598246
7.364789 29.656500 -8.369002
10.921047 28.423504 -10.459191
10.785379 30.100664 -6.471972
8.590964 28.755319 -10.346503
8.373901 30.237327 -6.374276
-5.661747 20.060789 -12.398249
-2.058538 22.249793 -13.751128
-4.802911 19.513682 -13.743822
-4.955430 21.712263 -11.355971
7.281432 25.799683 -15.945081
2.285928 24.707558 -15.270110
6.133684 24.920460 -17.551909
6.185639 27.102437 -14.175145
-2.965555 18.080382 -16.219595
-1.071490 21.535681 -15.132710
-3.897606 18.847662 -15.028886
-1.031836 18.859911 -16.932223
-3.007076 20.509674 -14.422976
-3.302233 25.146681 -8.937038
-1.132575 24.263369 -12.730436
-4.167083 23.418569 -10.200828
-1.178912 26.877286 -9.537602
-3.125140 22.947381 -12.027170
3.360667 20.489295 -18.380589
1.126478 22.640881 -15.909313
4.669275 22.579223 -18.004385
1.075954 19.666289 -17.656181
3.482894 23.754973 -16.705161
0.000000 20.689319 -16.447402
3.829616 29.162730 -10.364327
1.202846 25.768784 -13.520293
5.023830 28.233394 -12.298103
1.264499 28.828527 -10.230014
3.724649 27.349474 -14.334393
0.000000 26.469471 -11.585532
0.000000 -10.855541 -20.630551
0.000000 -7.689209 -21.330237
0.000000 -1.523787 -21.985905
0.000000 -4.585751 -21.772148
0.000000 10.855541 -20.630551
0.000000 7.689209 -21.330237
0.000000 1.523787 -21.985905
0.000000 4.585751 -21.772148
21.651105 31.005284 -1.538154
25.636732 29.091718 -4.732324
20.297905 30.421890 -3.916952
27.310444 19.282055 -9.513693
27.060029 24.385364 -7.409637
17.416234 28.681968 -8.194274
23.610202 27.896577 -6.973603
18.847277 29.592726 -6.145412
22.169165 29.446207 -5.493461
25.034006 1.914496 -14.740594
27.009892 6.114479 -14.357508
27.279072 14.582702 -11.289297
27.162126 10.242111 -12.874979
12.124637 24.899793 -15.388919
17.001762 23.600757 -14.586070
13.363648 25.821190 -13.734633
25.749525 18.707659 -11.561969
21.719808 21.632584 -13.369672
25.542775 21.056667 -10.609737
15.984672 27.697273 -10.197185
18.441489 24.584757 -12.888054
14.654045 26.760007 -12.000126
18.841663 27.310182 -9.689224
15.905601 25.272015 -13.355600
24.600196 25.758751 -8.375461
21.025885 23.669509 -12.278689
25.189640 23.453154 -9.550324
21.773535 26.710033 -9.094657
23.399484 22.523499 -11.535513
20.050786 25.603634 -11.066088
12.789071 -18.314482 -0.908571
14.474602 -16.425301 -2.671889
12.384519 -18.561546 -2.389880
17.530782 -12.377298 -6.106912
16.044815 -14.458916 -4.393427
11.406281 -18.784462 -5.366613
14.015125 -16.559538 -4.139563
11.921883 -18.718938 -3.887293
13.221659 -17.561677 -3.276293
22.873542 -1.749273 -13.468463
21.641460 -4.899177 -11.503838
18.954102 -10.132383 -7.844053
20.325666 -7.664265 -9.634464
8.788526 -18.048579 -11.154636
11.621504 -16.132228 -9.970265
9.512140 -18.379322 -9.776205
16.922225 -12.294410 -7.598363
14.295864 -14.238454 -8.799849
16.242274 -13.389625 -6.746576
10.817284 -18.743535 -6.900726
12.285801 -16.378472 -8.586078
10.192559 -18.612810 -8.346637
12.183322 -17.659203 -6.265208
10.929635 -17.365827 -9.177386
14.803002 -15.500154 -5.039877
13.650393 -15.366683 -7.971552
15.533045 -14.462251 -5.889152
13.512846 -16.576479 -5.644223
14.946847 -14.387295 -7.368519
12.933149 -16.514845 -7.137844
1.523267 -11.728345 -19.918293
4.392100 -10.313161 -19.401512
2.469848 -12.798917 -19.182633
1.503957 -10.176866 -20.403926
9.772983 -7.565821 -18.281792
7.111739 -8.939904 -18.860365
4.348908 -14.723896 -17.396984
5.317564 -11.302031 -18.612779
3.420663 -13.804273 -18.335534
3.924637 -12.036414 -18.898767
1.477146 -7.085249 -21.163263
4.367797 -8.836245 -19.934082
1.490167 -8.620141 -20.819026
2.963334 -9.499939 -20.171128
21.600743 -1.071600 -15.083879
18.264598 -2.971086 -16.095461
21.159626 -2.724395 -14.117994
12.459594 -6.147516 -17.647343
15.257583 -4.636107 -16.931083
20.134525 -5.752319 -12.226065
17.987777 -4.496595 -15.223912
20.663068 -4.291023 -13.160078
19.526797 -3.642904 -14.701139
7.869022 -17.525007 -12.732346
8.940270 -14.523987 -14.465660
7.051626 -16.976679 -13.995045
9.363072 -16.612154 -12.131975
10.720125 -8.446183 -17.345527
9.880842 -11.517271 -15.987538
9.402529 -9.148558 -17.676809
5.306187 -15.585200 -16.319190
8.094880 -13.861579 -15.604421
6.189817 -16.326069 -15.200607
5.803711 -13.894674 -17.044876
7.595766 -15.407812 -14.831004
12.201957 -14.790567 -10.965528
10.423451 -13.706521 -13.907308
10.811278 -15.696834 -11.541273
9.910324 -15.156589 -13.052430
6.737625 -10.561613 -18.300524
8.572545 -12.266437 -16.352658
8.070332 -9.855147 -17.996655
6.281560 -12.215120 -17.705293
9.000994 -10.719565 -17.032051
7.215538 -13.073924 -16.694606
1.469368 -0.908119 -21.948002
4.377513 -2.705452 -21.434944
1.469127 -2.430986 -21.838854
9.854935 -6.090685 -18.905280
7.193519 -4.445839 -20.415770
8.507711 -6.782679 -19.174018
1.477407 -5.489229 -21.453997
4.365907 -4.221563 -21.158182
1.470817 -3.965997 -21.673983
2.936401 -6.421890 -20.994099
2.933524 -3.336218 -21.561219
5.798027 -8.134753 -19.684507
5.816034 -5.118157 -20.609773
7.151359 -7.467148 -19.434264
4.386158 -7.309423 -20.399698
7.179936 -5.961683 -19.954697
4.386798 -5.762946 -20.809429
17.702842 -10.940958 -8.620173
16.280945 -10.062177 -11.728638
18.335730 -9.753018 -9.489579
16.340596 -11.933654 -9.210015
12.298447 -7.600858 -16.927782
14.460827 -8.937282 -14.519134
13.645423 -6.875464 -16.552571
11.860430 -9.153502 -16.240331
19.540391 -7.194101 -11.277166
16.763197 -8.787761 -12.574390
18.953178 -8.499270 -10.378948
18.645777 -6.615229 -12.863973
17.600090 -9.301189 -11.077075
13.631207 -13.830890 -10.366177
14.851457 -11.010671 -12.252190
14.979144 -12.899618 -9.794299
12.812184 -13.374162 -11.902884
15.643654 -11.502172 -10.774650
16.452391 -5.349497 -15.712410
15.794115 -8.193285 -14.030086
15.034368 -6.122122 -16.147522
17.607095 -5.995144 -14.352985
14.765032 -7.561978 -15.339274
17.194529 -7.431608 -13.465425
10.936382 -12.169525 -14.751255
13.917067 -10.430766 -13.716140
11.404775 -10.683413 -15.511188
11.906024 -12.815563 -13.377689
12.935163 -9.821287 -15.020419
13.386938 -11.914255 -12.824423
1.582742 12.186266 -20.695981
4.870998 11.437669 -21.516980
2.648685 13.725664 -20.571613
1.553840 10.514411 -21.080680
11.724568 9.076654 -21.932516
8.280818 10.409510 -21.960768
5.070267 17.166167 -20.282643
6.132296 13.033675 -21.464540
3.812297 15.384734 -20.434783
4.374183 13.415119 -21.063517
1.510125 7.243432 -21.635748
4.763687 9.637149 -21.740876
1.531316 8.858175 -21.393914
3.152123 10.105167 -21.456202
22.713018 1.126780 -15.860585
20.733657 3.372726 -18.271290
24.239016 3.120880 -16.172605
20.828724 0.000000 -16.359191
15.066964 7.433983 -21.340333
18.132596 5.509696 -20.121436
25.912774 7.403131 -15.734726
22.039098 5.509347 -18.652739
25.863397 5.370957 -16.472109
23.233266 4.334380 -17.491628
17.420238 -1.979777 -17.215130
18.810488 2.137776 -18.589011
19.062368 -1.033825 -16.811083
19.888420 1.078625 -17.539578
10.691031 23.809869 -17.298451
12.460739 20.243193 -20.161898
9.509224 22.893306 -18.872528
13.070259 23.189521 -16.935473
13.546266 10.672846 -21.918319
13.568851 15.816075 -21.954863
11.708026 11.391780 -22.011156
6.538133 19.203642 -20.108044
11.048017 18.918496 -21.297154
8.107509 21.384116 -19.909969
7.105510 17.011315 -20.868122
10.419954 21.136602 -20.345331
17.785353 21.558465 -15.983156
14.725793 19.363969 -19.647631
15.457690 22.442933 -16.501418
13.941749 21.322144 -18.362032
8.017131 12.567313 -21.775879
11.395046 16.305148 -21.736753
9.846901 12.024618 -21.958365
7.599162 14.777328 -21.419103
11.603425 13.818880 -21.956477
9.233861 16.730950 -21.364406
1.473431 0.910630 -22.008694
4.488597 2.774106 -21.978882
1.480077 2.449105 -22.001625
2.952345 0.000000 -21.913074
11.362492 7.022406 -21.797312
7.721170 4.771945 -21.913284
9.747378 7.770990 -21.967884
1.502773 5.583475 -21.822349
4.542097 4.391927 -22.012036
1.488851 4.014622 -21.939718
3.057814 6.687421 -21.862159
2.994634 3.405716 -22.010373
5.894785 -1.809408 -21.327534
6.028994 1.850604 -21.813104
4.438739 -0.913830 -21.684465
4.476370 0.921577 -21.868304
6.460949 9.064847 -21.935151
6.210042 5.464887 -22.005985
8.099479 8.457135 -22.010839
4.708772 7.847051 -21.900151
7.912913 6.570292 -21.991809
4.635306 6.089412 -21.988265
25.882345 15.996169 -12.603078
23.007593 14.219474 -16.574452
25.934034 13.794656 -13.422049
24.208920 17.679947 -13.644820
15.693187 9.698923 -21.600356
20.159175 12.459056 -20.240459
17.431888 8.783334 -21.145739
15.965230 12.321456 -21.860980
25.938230 9.549566 -14.969492
23.172075 12.147484 -17.381810
25.950253 11.637004 -14.210616
24.662250 8.749779 -17.014819
24.553150 12.975699 -15.453164
20.147478 20.442618 -15.321631
21.202842 15.719502 -17.491971
22.265702 19.174598 -14.558706
18.538420 19.351567 -17.222722
22.684237 16.678839 -15.623889
20.618391 6.704073 -19.691035
21.738584 11.277011 -19.310623
19.092360 7.774572 -20.505971
23.330225 7.943846 -19.018377
20.108686 10.298755 -20.890754
23.259385 10.052886 -18.214951
15.473704 17.218457 -20.871303
19.667586 14.740749 -19.383636
16.124541 15.104650 -21.930357
16.977351 18.274305 -19.075867
18.209958 13.826283 -21.145554
19.161461 17.053529 -18.356303
11.476324 -5.240743 -18.569083
12.156222 -1.819781 -19.669181
12.867638 -4.496720 -18.269662
10.167359 -4.436753 -19.439675
13.236314 6.044455 -21.416806
12.752364 1.909023 -20.633758
14.748872 5.154136 -20.940667
11.270639 4.918193 -21.549112
15.795099 -2.887941 -17.607186
13.655155 -0.966870 -19.432941
14.311430 -3.711540 -17.947904
16.391285 -0.998872 -18.257388
13.268242 -2.766323 -18.867627
7.397257 -2.733284 -20.814107
10.708431 -0.952686 -20.409561
8.796182 -3.593279 -20.193851
7.518132 -0.929292 -21.186352
10.453735 -2.716299 -19.945328
17.531534 3.205427 -19.542833
14.043163 0.994343 -19.985123
16.196704 4.200469 -20.312217
16.974905 1.034437 -18.907452
14.404154 3.003152 -20.482909
15.254227 0.000000 -19.188415
7.726698 2.855013 -21.741075
10.941272 0.973401 -20.853340
9.433003 3.853423 -21.655834
7.628938 0.942989 -21.498606
11.126068 2.890998 -21.228114
9.203917 0.000000 -21.028194
21.651105 31.005284 1.538154
25.636732 29.091718 4.732324
20.297905 30.421890 3.916952
24.450031 31.130082 0.000000
27.310444 19.282055 9.513693
27.060029 24.385364 7.409637
17.416234 28.681968 8.194274
23.610202 27.896577 6.973603
18.847277 29.592726 6.145412
22.169165 29.446207 5.493461
28.625524 28.966579 -3.291996
28.625524 28.966579 3.291996
27.145223 30.780422 -1.669339
27.145223 30.780422 1.669339
25.034006 1.914496 14.740594
27.009892 6.114479 14.357508
27.279072 14.582702 11.289297
27.162126 10.242111 12.874979
12.124637 24.899793 15.388919
17.001762 23.600757 14.586070
13.363648 25.821190 13.734633
25.749525 18.707659 11.561969
21.719808 21.632584 13.369672
25.542775 21.056667 10.609737
15.984672 27.697273 10.197185
18.441489 24.584757 12.888054
14.654045 26.760007 12.000126
18.841663 27.310182 9.689224
15.905601 25.272015 13.355600
24.600196 25.758751 8.375461
21.025885 23.669509 12.278689
25.189640 23.453154 9.550324
21.773535 26.710033 9.094657
23.399484 22.523499 11.535513
20.050786 25.603634 11.066088
28.684874 17.728227 -8.095718
30.794598 19.032108 -2.849098
28.810380 20.291647 -7.091112
28.684874 17.728227 8.095718
30.794598 19.032108 2.849098
28.810380 20.291647 7.091112
28.946783 25.967652 -4.747869
31.002776 21.785057 -1.542517
28.915599 23.056931 -5.979607
30.730849 27.589823 -1.681302
30.146409 21.199797 -4.419990
28.946783 25.967652 4.747869
31.002776 21.785057 1.542517
28.915599 23.056931 5.979607
30.730849 27.589823 1.681302
30.146409 21.199797 4.419990
31.130082 24.747502 0.000000
12.789071 -18.314482 0.908571
14.474602 -16.425301 2.671889
12.384519 -18.561546 2.389880
13.694313 -17.435769 0.000000
17.530782 -12.377298 6.106912
16.044815 -14.458916 4.393427
11.406281 -18.784462 5.366613
14.015125 -16.559538 4.139563
11.921883 -18.718938 3.887293
13.221659 -17.561677 3.276293
15.422558 -15.606308 -1.773627
15.422558 -15.606308 1.773627
14.576136 -16.528124 -0.896383
14.576136 -16.528124 0.896383
22.873542 -1.749273 13.468463
21.641460 -4.899177 11.503838
18.954102 -10.132383 7.844053
20.325666 -7.664265 9.634464
8.788526 -18.048579 11.154636
11.621504 -16.132228 9.970265
9.512140 -18.379322 9.776205
16.922225 -12.294410 7.598363
14.295864 -14.238454 8.799849
16.242274 -13.389625 6.746576
10.817284 -18.743535 6.900726
12.285801 -16.378472 8.586078
10.192559 -18.612810 8.346637
12.183322 -17.659203 6.265208
10.929635 -17.365827 9.177386
14.803002 -15.500154 5.039877
13.650393 -15.366683 7.971552
15.533045 -14.462251 5.889152
13.512846 -16.576479 5.644223
14.946847 -14.387295 7.368519
12.933149 -16.514845 7.137844
18.679518 -11.544577 -5.271911
19.176851 -11.851946 -1.774231
17.896002 -12.604462 -4.404751
18.679518 -11.544577 5.271911
19.176851 -11.851946 1.774231
17.896002 -12.604462 4.404751
16.288145 -14.611810 -2.671591
18.267390 -12.836145 -0.908879
17.094819 -13.631192 -3.535127
16.389725 -14.714517 -0.896691
18.143160 -12.758777 -2.660104
16.288145 -14.611810 2.671591
18.267390 -12.836145 0.908879
17.094819 -13.631192 3.535127
16.389725 -14.714517 0.896691
18.143160 -12.758777 2.660104
17.342947 -13.787134 0.000000
1.523267 -11.728345 19.918293
4.392100 -10.313161 19.401512
2.469848 -12.798917 19.182633
1.503957 -10.176866 20.403926
9.772983 -7.565821 18.281792
7.111739 -8.939904 18.860365
4.348908 -14.723896 17.396984
5.317564 -11.302031 18.612779
3.420663 -13.804273 18.335534
3.924637 -12.036414 18.898767
1.477146 -7.085249 21.163263
4.367797 -8.836245 19.934082
1.490167 -8.620141 20.819026
2.963334 -9.499939 20.171128
21.600743 -1.071600 15.083879
18.264598 -2.971086 16.095461
21.159626 -2.724395 14.117994
12.459594 -6.147516 17.647343
15.257583 -4.636107 16.931083
20.134525 -5.752319 12.226065
17.987777 -4.496595 15.223912
20.663068 -4.291023 13.160078
19.526797 -3.642904 14.701139
7.869022 -17.525007 12.732346
8.940270 -14.523987 14.465660
7.051626 -16.976679 13.995045
9.363072 -16.612154 12.131975
10.720125 -8.446183 17.345527
9.880842 -11.517271 15.987538
9.402529 -9.148558 17.676809
5.306187 -15.585200 16.319190
8.094880 -13.861579 15.604421
6.189817 -16.326069 15.200607
5.803711 -13.894674 17.044876
7.595766 -15.407812 14.831004
12.201957 -14.790567 10.965528
10.423451 -13.706521 13.907308
10.811278 -15.696834 11.541273
9.910324 -15.156589 13.052430
6.737625 -10.561613 18.300524
8.572545 -12.266437 16.352658
8.070332 -9.855147 17.996655
6.281560 -12.215120 17.705293
9.000994 -10.719565 17.032051
7.215538 -13.073924 16.694606
1.469368 -0.908119 21.948002
4.377513 -2.705452 21.434944
1.469127 -2.430986 21.838854
9.854935 -6.090685 18.905280
7.193519 -4.445839 20.415770
8.507711 -6.782679 19.174018
1.477407 -5.489229 21.453997
4.365907 -4.221563 21.158182
1.470817 -3.965997 21.673983
2.936401 -6.421890 20.994099
2.933524 -3.336218 21.561219
5.798027 -8.134753 19.684507
5.816034 -5.118157 20.609773
7.151359 -7.467148 19.434264
4.386158 -7.309423 20.399698
7.179936 -5.961683 19.954697
4.386798 -5.762946 20.809429
17.702842 -10.940958 8.620173
16.280945 -10.062177 11.728638
18.335730 -9.753018 9.489579
16.340596 -11.933654 9.210015
12.298447 -7.600858 16.927782
14.460827 -8.937282 14.519134
13.645423 -6.875464 16.552571
11.860430 -9.153502 16.240331
19.540391 -7.194101 11.277166
16.763197 -8.787761 12.574390
18.953178 -8.499270 10.378948
18.645777 -6.615229 12.863973
17.600090 -9.301189 11.077075
13.631207 -13.830890 10.366177
14.851457 -11.010671 12.252190
14.979144 -12.899618 9.794299
12.812184 -13.374162 11.902884
15.643654 -11.502172 10.774650
16.452391 -5.349497 15.712410
15.794115 -8.193285 14.030086
15.034368 -6.122122 16.147522
17.607095 -5.995144 14.352985
14.765032 -7.561978 15.339274
17.194529 -7.431608 13.465425
10.936382 -12.169525 14.751255
13.917067 -10.430766 13.716140
11.404775 -10.683413 15.511188
11.906024 -12.815563 13.377689
12.935163 -9.821287 15.020419
13.386938 -11.914255 12.824423
1.582742 12.186266 20.695981
4.870998 11.437669 21.516980
2.648685 13.725664 20.571613
1.553840 10.514411 21.080680
11.724568 9.076654 21.932516
8.280818 10.409510 21.960768
5.070267 17.166167 20.282643
6.132296 13.033675 21.464540
3.812297 15.384734 20.434783
4.374183 13.415119 21.063517
1.510125 7.243432 21.635748
4.763687 9.637149 21.740876
1.531316 8.858175 21.393914
3.152123 10.105167 21.456202
22.713018 1.126780 15.860585
20.733657 3.372726 18.271290
24.239016 3.120880 16.172605
20.828724 0.000000 16.359191
15.066964 7.433983 21.340333
18.132596 5.509696 20.121436
25.912774 7.403131 15.734726
22.039098 5.509347 18.652739
25.863397 5.370957 16.472109
23.233266 4.334380 17.491628
17.420238 -1.979777 17.215130
18.810488 2.137776 18.589011
19.062368 -1.033825 16.811083
19.888420 1.078625 17.539578
10.691031 23.809869 17.298451
12.460739 20.243193 20.161898
9.509224 22.893306 18.872528
13.070259 23.189521 16.935473
13.546266 10.672846 21.918319
13.568851 15.816075 21.954863
11.708026 11.391780 22.011156
6.538133 19.203642 20.108044
11.048017 18.918496 21.297154
8.107509 21.384116 19.909969
7.105510 17.011315 20.868122
10.419954 21.136602 20.345331
17.785353 21.558465 15.983156
14.725793 19.363969 19.647631
15.457690 22.442933 16.501418
13.941749 21.322144 18.362032
8.017131 12.567313 21.775879
11.395046 16.305148 21.736753
9.846901 12.024618 21.958365
7.599162 14.777328 21.419103
11.603425 13.818880 21.956477
9.233861 16.730950 21.364406
1.473431 0.910630 22.008694
4.488597 2.774106 21.978882
1.480077 2.449105 22.001625
2.952345 0.000000 21.913074
11.362492 7.022406 21.797312
7.721170 4.771945 21.913284
9.747378 7.770990 21.967884
1.502773 5.583475 21.822349
4.542097 4.391927 22.012036
1.488851 4.014622 21.939718
3.057814 6.687421 21.862159
2.994634 3.405716 22.010373
5.894785 -1.809408 21.327534
6.028994 1.850604 21.813104
4.438739 -0.913830 21.684465
4.476370 0.921577 21.868304
6.460949 9.064847 21.935151
6.210042 5.464887 22.005985
8.099479 8.457135 22.010839
4.708772 7.847051 21.900151
7.912913 6.570292 21.991809
4.635306 6.089412 21.988265
25.882345 15.996169 12.603078
23.007593 14.219474 16.574452
25.934034 13.794656 13.422049
24.208920 17.679947 13.644820
15.693187 9.698923 21.600356
20.159175 12.459056 20.240459
17.431888 8.783334 21.145739
15.965230 12.321456 21.860980
25.938230 9.549566 14.969492
23.172075 12.147484 17.381810
25.950253 11.637004 14.210616
24.662250 8.749779 17.014819
24.553150 12.975699 15.453164
20.147478 20.442618 15.321631
21.202842 15.719502 17.491971
22.265702 19.174598 14.558706
18.538420 19.351567 17.222722
22.684237 16.678839 15.623889
20.618391 6.704073 19.691035
21.738584 11.277011 19.310623
19.092360 7.774572 20.505971
23.330225 7.943846 19.018377
20.108686 10.298755 20.890754
23.259385 10.052886 18.214951
15.473704 17.218457 20.871303
19.667586 14.740749 19.383636
16.124541 15.104650 21.930357
16.977351 18.274305 19.075867
18.209958 13.826283 21.145554
19.161461 17.053529 18.356303
11.476324 -5.240743 18.569083
12.156222 -1.819781 19.669181
12.867638 -4.496720 18.269662
10.167359 -4.436753 19.439675
13.236314 6.044455 21.416806
12.752364 1.909023 20.633758
14.748872 5.154136 20.940667
11.270639 4.918193 21.549112
15.795099 -2.887941 17.607186
13.655155 -0.966870 19.432941
14.311430 -3.711540 17.947904
16.391285 -0.998872 18.257388
13.268242 -2.766323 18.867627
7.397257 -2.733284 20.814107
10.708431 -0.952686 20.409561
8.796182 -3.593279 20.193851
7.518132 -0.929292 21.186352
10.453735 -2.716299 19.945328
17.531534 3.205427 19.542833
14.043163 0.994343 19.985123
16.196704 4.200469 20.312217
16.974905 1.034437 18.907452
14.404154 3.003152 20.482909
15.254227 0.000000 19.188415
7.726698 2.855013 21.741075
10.941272 0.973401 20.853340
9.433003 3.853423 21.655834
7.628938 0.942989 21.498606
11.126068 2.890998 21.228114
9.203917 0.000000 21.028194
24.974117 0.000000 -13.141071
27.734010 0.000000 -9.997667
26.737529 1.970802 -13.335877
24.231840 -1.786110 -12.086114
30.981617 0.000000 -2.147257
29.834658 0.000000 -6.283914
28.038864 6.143652 -12.428878
29.457450 2.056062 -9.862061
27.929197 4.103069 -13.153735
28.360545 2.029968 -11.742716
22.708678 -4.975744 -10.066150
26.609476 -1.857279 -8.908587
23.471705 -3.448220 -11.054402
25.492883 -1.824709 -10.555357
24.974117 0.000000 13.141071
27.734010 0.000000 9.997667
26.737529 1.970802 13.335877
24.231840 -1.786110 12.086114
30.981617 0.000000 2.147257
29.834658 0.000000 6.283914
28.038864 6.143652 12.428878
29.457450 2.056062 9.862061
27.929197 4.103069 13.153735
28.360545 2.029968 11.742716
22.708678 -4.975744 10.066150
26.609476 -1.857279 8.908587
23.471705 -3.448220 11.054402
25.492883 -1.824709 10.555357
28.531485 14.872878 -9.191944
30.084745 10.600393 -6.551403
28.405184 12.603675 -10.048141
29.662598 15.514163 -6.769949
31.101577 2.082178 -1.286857
30.825321 6.295246 -3.890676
30.926103 2.080438 -3.442531
28.163864 8.295602 -11.638904
29.913916 8.441644 -7.428714
28.281165 10.406813 -10.866357
28.967038 6.228230 -10.379190
29.273331 10.532890 -8.745726
31.059234 16.296072 -1.449795
30.727262 10.920356 -4.035068
30.557185 16.015616 -4.161498
30.318207 13.206221 -5.394800
30.108862 2.073415 -7.703666
30.390559 6.270971 -6.063642
30.590854 2.075925 -5.597643
29.610218 4.141519 -9.057477
30.711154 4.178423 -4.752008
29.763371 6.274362 -8.242644
19.602812 -10.218544 -6.315407
22.444605 -7.908381 -4.887649
20.374032 -9.040169 -7.207176
19.995595 -10.458117 -4.563631
29.132986 -1.950386 -1.205405
25.571369 -5.222267 -3.227538
28.855711 -1.941160 -3.212066
21.917073 -6.455624 -9.057375
23.416183 -6.607997 -5.815091
21.148955 -7.782325 -8.125977
23.647103 -5.084386 -8.473002
21.861938 -7.866183 -6.531492
20.398380 -10.702565 -0.952164
22.754908 -8.087011 -2.988148
20.263811 -10.620658 -2.759672
21.358904 -9.303664 -3.800588
27.586587 -1.899721 -7.058315
25.127055 -5.184868 -5.013447
28.331778 -1.922622 -5.184268
25.533308 -3.571290 -7.810390
26.907295 -3.660887 -4.163428
24.462277 -5.156848 -6.774563
28.531485 14.872878 9.191944
30.084745 10.600393 6.551403
28.405184 12.603675 10.048141
29.662598 15.514163 6.769949
31.101577 2.082178 1.286857
30.825321 6.295246 3.890676
30.926103 2.080438 3.442531
31.130082 4.194151 0.000000
28.163864 8.295602 11.638904
29.913916 8.441644 7.428714
28.281165 10.406813 10.866357
28.967038 6.228230 10.379190
29.273331 10.532890 8.745726
31.059234 16.296072 1.449795
30.727262 10.920356 4.035068
30.557185 16.015616 4.161498
31.130082 13.625453 0.000000
30.318207 13.206221 5.394800
30.108862 2.073415 7.703666
30.390559 6.270971 6.063642
30.590854 2.075925 5.597643
29.610218 4.141519 9.057477
30.711154 4.178423 4.752008
29.763371 6.274362 8.242644
30.977063 8.561850 -2.628065
30.977063 8.561850 2.628065
31.095412 6.365129 -1.310427
31.083839 11.030328 -1.363423
31.095412 6.365129 1.310427
31.083839 11.030328 1.363423
19.602812 -10.218544 6.315407
22.444605 -7.908381 4.887649
20.374032 -9.040169 7.207176
19.995595 -10.458117 4.563631
29.132986 -1.950386 1.205405
25.571369 -5.222267 3.227538
28.855711 -1.941160 3.212066
27.433915 -3.696167 0.000000
21.917073 -6.455624 9.057375
23.416183 -6.607997 5.815091
21.148955 -7.782325 8.125977
23.647103 -5.084386 8.473002
21.861938 -7.866183 6.531492
20.398380 -10.702565 0.952164
22.754908 -8.087011 2.988148
20.263811 -10.620658 2.759672
21.652785 -9.477296 0.000000
21.358904 -9.303664 3.800588
27.586587 -1.899721 7.058315
25.127055 -5.184868 5.013447
28.331778 -1.922622 5.184268
25.533308 -3.571290 7.810390
26.907295 -3.660887 4.163428
24.462277 -5.156848 6.774563
24.282059 -6.711396 -2.060067
24.282059 -6.711396 2.060067
25.809033 -5.283024 -1.087648
22.952605 -8.144900 -1.006765
25.809033 -5.283024 1.087648
22.952605 -8.144900 1.006765
-12.789071 18.314482 -0.908571
-14.474602 16.425301 -2.671889
-12.384519 18.561546 -2.389880
-17.530782 12.377298 -6.106912
-16.044815 14.458916 -4.393427
-11.406281 18.784462 -5.366613
-14.015125 16.559538 -4.139563
-11.921883 18.718938 -3.887293
-13.221659 17.561677 -3.276293
-22.873542 1.749273 -13.468463
-21.641460 4.899177 -11.503838
-18.954102 10.132383 -7.844053
-20.325666 7.664265 -9.634464
-8.788526 18.048579 -11.154636
-11.621504 16.132228 -9.970265
-9.512140 18.379322 -9.776205
-16.922225 12.294410 -7.598363
-14.295864 14.238454 -8.799849
-16.242274 13.389625 -6.746576
-10.817284 18.743535 -6.900726
-12.285801 16.378472 -8.586078
-10.192559 18.612810 -8.346637
-12.183322 17.659203 -6.265208
-10.929635 17.365827 -9.177386
-14.803002 15.500154 -5.039877
-13.650393 15.366683 -7.971552
-15.533045 14.462251 -5.889152
-13.512846 16.576479 -5.644223
-14.946847 14.387295 -7.368519
-12.933149 16.514845 -7.137844
-21.651105 -31.005284 -1.538154
-25.636732 -29.091718 -4.732324
-20.297905 -30.421890 -3.916952
-27.310444 -19.282055 -9.513693
-27.060029 -24.385364 -7.409637
-17.416234 -28.681968 -8.194274
-23.610202 -27.896577 -6.973603
-18.847277 -29.592726 -6.145412
-22.169165 -29.446207 -5.493461
-25.034006 -1.914496 -14.740594
-27.009892 -6.114479 -14.357508
-27.279072 -14.582702 -11.289297
-27.162126 -10.242111 -12.874979
-12.124637 -24.899793 -15.388919
-17.001762 -23.600757 -14.586070
-13.363648 -25.821190 -13.734633
-25.749525 -18.707659 -11.561969
-21.719808 -21.632584 -13.369672
-25.542775 -21.056667 -10.609737
-15.984672 -27.697273 -10.197185
-18.441489 -24.584757 -12.888054
-14.654045 -26.760007 -12.000126
-18.841663 -27.310182 -9.689224
-15.905601 -25.272015 -13.355600
-24.600196 -25.758751 -8.375461
-21.025885 -23.669509 -12.278689
-25.189640 -23.453154 -9.550324
-21.773535 -26.710033 -9.094657
-23.399484 -22.523499 -11.535513
-20.050786 -25.603634 -11.066088
-1.582742 -12.186266 -20.695981
-4.870998 -11.437669 -21.516980
-2.648685 -13.725664 -20.571613
-1.553840 -10.514411 -21.080680
-11.724568 -9.076654 -21.932516
-8.280818 -10.409510 -21.960768
-5.070267 -17.166167 -20.282643
-6.132296 -13.033675 -21.464540
-3.812297 -15.384734 -20.434783
-4.374183 -13.415119 -21.063517
-1.510125 -7.243432 -21.635748
-4.763687 -9.637149 -21.740876
-1.531316 -8.858175 -21.393914
-3.152123 -10.105167 -21.456202
-22.713018 -1.126780 -15.860585
-20.733657 -3.372726 -18.271290
-24.239016 -3.120880 -16.172605
-15.066964 -7.433983 -21.340333
-18.132596 -5.509696 -20.121436
-25.912774 -7.403131 -15.734726
-22.039098 -5.509347 -18.652739
-25.863397 -5.370957 -16.472109
-23.233266 -4.334380 -17.491628
-10.691031 -23.809869 -17.298451
-12.460739 -20.243193 -20.161898
-9.509224 -22.893306 -18.872528
-13.070259 -23.189521 -16.935473
-13.546266 -10.672846 -21.918319
-13.568851 -15.816075 -21.954863
-11.708026 -11.391780 -22.011156
-6.538133 -19.203642 -20.108044
-11.048017 -18.918496 -21.297154
-8.107509 -21.384116 -19.909969
-7.105510 -17.011315 -20.868122
-10.419954 -21.136602 -20.345331
-17.785353 -21.558465 -15.983156
-14.725793 -19.363969 -19.647631
-15.457690 -22.442933 -16.501418
-13.941749 -21.322144 -18.362032
-8.017131 -12.567313 -21.775879
-11.395046 -16.305148 -21.736753
-9.846901 -12.024618 -21.958365
-7.599162 -14.777328 -21.419103
-11.603425 -13.818880 -21.956477
-9.233861 -16.730950 -21.364406
-1.473431 -0.910630 -22.008694
-4.488597 -2.774106 -21.978882
-1.480077 -2.449105 -22.001625
-11.362492 -7.022406 -21.797312
-7.721170 -4.771945 -21.913284
-9.747378 -7.770990 -21.967884
-1.502773 -5.583475 -21.822349
-4.542097 -4.391927 -22.012036
-1.488851 -4.014622 -21.939718
-3.057814 -6.687421 -21.862159
-2.994634 -3.405716 -22.010373
-6.460949 -9.064847 -21.935151
-6.210042 -5.464887 -22.005985
-8.099479 -8.457135 -22.010839
-4.708772 -7.847051 -21.900151
-7.912913 -6.570292 -21.991809
-4.635306 -6.089412 -21.988265
-25.882345 -15.996169 -12.603078
-23.007593 -14.219474 -16.574452
-25.934034 -13.794656 -13.422049
-24.208920 -17.679947 -13.644820
-15.693187 -9.698923 -21.600356
-20.159175 -12.459056 -20.240459
-17.431888 -8.783334 -21.145739
-15.965230 -12.321456 -21.860980
-25.938230 -9.549566 -14.969492
-23.172075 -12.147484 -17.381810
-25.950253 -11.637004 -14.210616
-24.662250 -8.749779 -17.014819
-24.553150 -12.975699 -15.453164
-20.147478 -20.442618 -15.321631
-21.202842 -15.719502 -17.491971
-22.265702 -19.174598 -14.558706
-18.538420 -19.351567 -17.222722
-22.684237 -16.678839 -15.623889
-20.618391 -6.704073 -19.691035
-21.738584 -11.277011 -19.310623
-19.092360 -7.774572 -20.505971
-23.330225 -7.943846 -19.018377
-20.108686 -10.298755 -20.890754
-23.259385 -10.052886 -18.214951
-15.473704 -17.218457 -20.871303
-19.667586 -14.740749 -19.383636
-16.124541 -15.104650 -21.930357
-16.977351 -18.274305 -19.075867
-18.209958 -13.826283 -21.145554
-19.161461 -17.053529 -18.356303
-1.523267 11.728345 -19.918293
-4.392100 10.313161 -19.401512
-2.469848 12.798917 -19.182633
-1.503957 10.176866 -20.403926
-9.772983 7.565821 -18.281792
-7.111739 8.939904 -18.860365
-4.348908 14.723896 -17.396984
-5.317564 11.302031 -18.612779
-3.420663 13.804273 -18.335534
-3.924637 12.036414 -18.898767
-1.477146 7.085249 -21.163263
-4.367797 8.836245 -19.934082
-1.490167 8.620141 -20.819026
-2.963334 9.499939 -20.171128
-21.600743 1.071600 -15.083879
-18.264598 2.971086 -16.095461
-21.159626 2.724395 -14.117994
-20.828724 0.000000 -16.359191
-12.459594 6.147516 -17.647343
-15.257583 4.636107 -16.931083
-20.134525 5.752319 -12.226065
-17.987777 4.496595 -15.223912
-20.663068 4.291023 -13.160078
-19.526797 3.642904 -14.701139
-18.810488 -2.137776 -18.589011
-17.420238 1.979777 -17.215130
-19.888420 -1.078625 -17.539578
-19.062368 1.033825 -16.811083
-7.869022 17.525007 -12.732346
-8.940270 14.523987 -14.465660
-7.051626 16.976679 -13.995045
-9.363072 16.612154 -12.131975
-10.720125 8.446183 -17.345527
-9.880842 11.517271 -15.987538
-9.402529 9.148558 -17.676809
-5.306187 15.585200 -16.319190
-8.094880 13.861579 -15.604421
-6.189817 16.326069 -15.200607
-5.803711 13.894674 -17.044876
-7.595766 15.407812 -14.831004
-12.201957 14.790567 -10.965528
-10.423451 13.706521 -13.907308
-10.811278 15.696834 -11.541273
-9.910324 15.156589 -13.052430
-6.737625 10.561613 -18.300524
-8.572545 12.266437 -16.352658
-8.070332 9.855147 -17.996655
-6.281560 12.215120 -17.705293
-9.000994 10.719565 -17.032051
-7.215538 13.073924 -16.694606
-1.469368 0.908119 -21.948002
-4.377513 2.705452 -21.434944
-1.469127 2.430986 -21.838854
-2.952345 0.000000 -21.913074
-9.854935 6.090685 -18.905280
-7.193519 4.445839 -20.415770
-8.507711 6.782679 -19.174018
-1.477407 5.489229 -21.453997
-4.365907 4.221563 -21.158182
-1.470817 3.965997 -21.673983
-2.936401 6.421890 -20.994099
-2.933524 3.336218 -21.561219
-6.028994 -1.850604 -21.813104
-5.894785 1.809408 -21.327534
-4.476370 -0.921577 -21.868304
-4.438739 0.913830 -21.684465
-5.798027 8.134753 -19.684507
-5.816034 5.118157 -20.609773
-7.151359 7.467148 -19.434264
-4.386158 7.309423 -20.399698
-7.179936 5.961683 -19.954697
-4.386798 5.762946 -20.809429
-17.702842 10.940958 -8.620173
-16.280945 10.062177 -11.728638
-18.335730 9.753018 -9.489579
-16.340596 11.933654 -9.210015
-12.298447 7.600858 -16.927782
-14.460827 8.937282 -14.519134
-13.645423 6.875464 -16.552571
-11.860430 9.153502 -16.240331
-19.540391 7.194101 -11.277166
-16.763197 8.787761 -12.574390
-18.953178 8.499270 -10.378948
-18.645777 6.615229 -12.863973
-17.600090 9.301189 -11.077075
-13.631207 13.830890 -10.366177
-14.851457 11.010671 -12.252190
-14.979144 12.899618 -9.794299
-12.812184 13.374162 -11.902884
-15.643654 11.502172 -10.774650
-16.452391 5.349497 -15.712410
-15.794115 8.193285 -14.030086
-15.034368 6.122122 -16.147522
-17.607095 5.995144 -14.352985
-14.765032 7.561978 -15.339274
-17.194529 7.431608 -13.465425
-10.936382 12.169525 -14.751255
-13.917067 10.430766 -13.716140
-11.404775 10.683413 -15.511188
-11.906024 12.815563 -13.377689
-12.935163 9.821287 -15.020419
-13.386938 11.914255 -12.824423
-13.236314 -6.044455 -21.416806
-12.752364 -1.909023 -20.633758
-14.748872 -5.154136 -20.940667
-11.270639 -4.918193 -21.549112
-11.476324 5.240743 -18.569083
-12.156222 1.819781 -19.669181
-12.867638 4.496720 -18.269662
-10.167359 4.436753 -19.439675
-17.531534 -3.205427 -19.542833
-14.043163 -0.994343 -19.985123
-16.196704 -4.200469 -20.312217
-16.974905 -1.034437 -18.907452
-14.404154 -3.003152 -20.482909
-7.726698 -2.855013 -21.741075
-10.941272 -0.973401 -20.853340
-9.433003 -3.853423 -21.655834
-7.628938 -0.942989 -21.498606
-11.126068 -2.890998 -21.228114
-15.795099 2.887941 -17.607186
-13.655155 0.966870 -19.432941
-14.311430 3.711540 -17.947904
-16.391285 0.998872 -18.257388
-13.268242 2.766323 -18.867627
-15.254227 0.000000 -19.188415
-7.397257 2.733284 -20.814107
-10.708431 0.952686 -20.409561
-8.796182 3.593279 -20.193851
-7.518132 0.929292 -21.186352
-10.453735 2.716299 -19.945328
-9.203917 0.000000 -21.028194
-12.789071 18.314482 0.908571
-14.474602 16.425301 2.671889
-12.384519 18.561546 2.389880
-13.694313 17.435769 0.000000
-17.530782 12.377298 6.106912
-16.044815 14.458916 4.393427
-11.406281 18.784462 5.366613
-14.015125 16.559538 4.139563
-11.921883 18.718938 3.887293
-13.221659 17.561677 3.276293
-15.422558 15.606308 -1.773627
-15.422558 15.606308 1.773627
-14.576136 16.528124 -0.896383
-14.576136 16.528124 0.896383
-22.873542 1.749273 13.468463
-21.641460 4.899177 11.503838
-18.954102 10.132383 7.844053
-20.325666 7.664265 9.634464
-8.788526 18.048579 11.154636
-11.621504 16.132228 9.970265
-9.512140 18.379322 9.776205
-16.922225 12.294410 7.598363
-14.295864 14.238454 8.799849
-16.242274 13.389625 6.746576
-10.817284 18.743535 6.900726
-12.285801 16.378472 8.586078
-10.192559 18.612810 8.346637
-12.183322 17.659203 6.265208
-10.929635 17.365827 9.177386
-14.803002 15.500154 5.039877
-13.650393 15.366683 7.971552
-15.533045 14.462251 5.889152
-13.512846 16.576479 5.644223
-14.946847 14.387295 7.368519
-12.933149 16.514845 7.137844
-18.679518 11.544577 -5.271911
-19.176851 11.851946 -1.774231
-17.896002 12.604462 -4.404751
-18.679518 11.544577 5.271911
-19.176851 11.851946 1.774231
-17.896002 12.604462 4.404751
-16.288145 14.611810 -2.671591
-18.267390 12.836145 -0.908879
-17.094819 13.631192 -3.535127
-16.389725 14.714517 -0.896691
-18.143160 12.758777 -2.660104
-16.288145 14.611810 2.671591
-18.267390 12.836145 0.908879
-17.094819 13.631192 3.535127
-16.389725 14.714517 0.896691
-18.143160 12.758777 2.660104
-17.342947 13.787134 0.000000
-21.651105 -31.005284 1.538154
-25.636732 -29.091718 4.732324
-20.297905 -30.421890 3.916952
-24.450031 -31.130082 0.000000
-27.310444 -19.282055 9.513693
-27.060029 -24.385364 7.409637
-17.416234 -28.681968 8.194274
-23.610202 -27.896577 6.973603
-18.847277 -29.592726 6.145412
-22.169165 -29.446207 5.493461
-28.625524 -28.966579 -3.291996
-28.625524 -28.966579 3.291996
-27.145223 -30.780422 -1.669339
-27.145223 -30.780422 1.669339
-25.034006 -1.914496 14.740594
-27.009892 -6.114479 14.357508
-27.279072 -14.582702 11.289297
-27.162126 -10.242111 12.874979
-12.124637 -24.899793 15.388919
-17.001762 -23.600757 14.586070
-13.363648 -25.821190 13.734633
-25.749525 -18.707659 11.561969
-21.719808 -21.632584 13.369672
-25.542775 -21.056667 10.609737
-15.984672 -27.697273 10.197185
-18.441489 -24.584757 12.888054
-14.654045 -26.760007 12.000126
-18.841663 -27.310182 9.689224
-15.905601 -25.272015 13.355600
-24.600196 -25.758751 8.375461
-21.025885 -23.669509 12.278689
-25.189640 -23.453154 9.550324
-21.773535 -26.710033 9.094657
-23.399484 -22.523499 11.535513
-20.050786 -25.603634 11.066088
-28.684874 -17.728227 -8.095718
-30.794598 -19.032108 -2.849098
-28.810380 -20.291647 -7.091112
-28.684874 -17.728227 8.095718
-30.794598 -19.032108 2.849098
-28.810380 -20.291647 7.091112
-28.946783 -25.967652 -4.747869
-31.002776 -21.785057 -1.542517
-28.915599 -23.056931 -5.979607
-30.730849 -27.589823 -1.681302
-30.146409 -21.199797 -4.419990
-28.946783 -25.967652 4.747869
-31.002776 -21.785057 1.542517
-28.915599 -23.056931 5.979607
-30.730849 -27.589823 1.681302
-30.146409 -21.199797 4.419990
-31.130082 -24.747502 0.000000
-1.582742 -12.186266 20.695981
-4.870998 -11.437669 21.516980
-2.648685 -13.725664 20.571613
-1.553840 -10.514411 21.080680
-11.724568 -9.076654 21.932516
-8.280818 -10.409510 21.960768
-5.070267 -17.166167 20.282643
-6.132296 -13.033675 21.464540
-3.812297 -15.384734 20.434783
-4.374183 -13.415119 21.063517
-1.510125 -7.243432 21.635748
-4.763687 -9.637149 21.740876
-1.531316 -8.858175 21.393914
-3.152123 -10.105167 21.456202
-22.713018 -1.126780 15.860585
-20.733657 -3.372726 18.271290
-24.239016 -3.120880 16.172605
-15.066964 -7.433983 21.340333
-18.132596 -5.509696 20.121436
-25.912774 -7.403131 15.734726
-22.039098 -5.509347 18.652739
-25.863397 -5.370957 16.472109
-23.233266 -4.334380 17.491628
-10.691031 -23.809869 17.298451
-12.460739 -20.243193 20.161898
-9.509224 -22.893306 18.872528
-13.070259 -23.189521 16.935473
-13.546266 -10.672846 21.918319
-13.568851 -15.816075 21.954863
-11.708026 -11.391780 22.011156
-6.538133 -19.203642 20.108044
-11.048017 -18.918496 21.297154
-8.107509 -21.384116 19.909969
-7.105510 -17.011315 20.868122
-10.419954 -21.136602 20.345331
-17.785353 -21.558465 15.983156
-14.725793 -19.363969 19.647631
-15.457690 -22.442933 16.501418
-13.941749 -21.322144 18.362032
-8.017131 -12.567313 21.775879
-11.395046 -16.305148 21.736753
-9.846901 -12.024618 21.958365
-7.599162 -14.777328 21.419103
-11.603425 -13.818880 21.956477
-9.233861 -16.730950 21.364406
-1.473431 -0.910630 22.008694
-4.488597 -2.774106 21.978882
-1.480077 -2.449105 22.001625
-11.362492 -7.022406 21.797312
-7.721170 -4.771945 21.913284
-9.747378 -7.770990 21.967884
-1.502773 -5.583475 21.822349
-4.542097 -4.391927 22.012036
-1.488851 -4.014622 21.939718
-3.057814 -6.687421 21.862159
-2.994634 -3.405716 22.010373
-6.460949 -9.064847 21.935151
-6.210042 -5.464887 22.005985
-8.099479 -8.457135 22.010839
-4.708772 -7.847051 21.900151
-7.912913 -6.570292 21.991809
-4.635306 -6.089412 21.988265
-25.882345 -15.996169 12.603078
-23.007593 -14.219474 16.574452
-25.934034 -13.794656 13.422049
-24.208920 -17.679947 13.644820
-15.693187 -9.698923 21.600356
-20.159175 -12.459056 20.240459
-17.431888 -8.783334 21.145739
-15.965230 -12.321456 21.860980
-25.938230 -9.549566 14.969492
-23.172075 -12.147484 17.381810
-25.950253 -11.637004 14.210616
-24.662250 -8.749779 17.014819
-24.553150 -12.975699 15.453164
-20.147478 -20.442618 15.321631
-21.202842 -15.719502 17.491971
-22.265702 -19.174598 14.558706
-18.538420 -19.351567 17.222722
-22.684237 -16.678839 15.623889
-20.618391 -6.704073 19.691035
-21.738584 -11.277011 19.310623
-19.092360 -7.774572 20.505971
-23.330225 -7.943846 19.018377
-20.108686 -10.298755 20.890754
-23.259385 -10.052886 18.214951
-15.473704 -17.218457 20.871303
-19.667586 -14.740749 19.383636
-16.124541 -15.104650 21.930357
-16.977351 -18.274305 19.075867
-18.209958 -13.826283 21.145554
-19.161461 -17.053529 18.356303
-1.523267 11.728345 19.918293
-4.392100 10.313161 19.401512
-2.469848 12.798917 19.182633
-1.503957 10.176866 20.403926
-9.772983 7.565821 18.281792
-7.111739 8.939904 18.860365
-4.348908 14.723896 17.396984
-5.317564 11.302031 18.612779
-3.420663 13.804273 18.335534
-3.924637 12.036414 18.898767
-1.477146 7.085249 21.163263
-4.367797 8.836245 19.934082
-1.490167 8.620141 20.819026
-2.963334 9.499939 20.171128
-21.600743 1.071600 15.083879
-18.264598 2.971086 16.095461
-21.159626 2.724395 14.117994
-20.828724 0.000000 16.359191
-12.459594 6.147516 17.647343
-15.257583 4.636107 16.931083
-20.134525 5.752319 12.226065
-17.987777 4.496595 15.223912
-20.663068 4.291023 13.160078
-19.526797 3.642904 14.701139
-18.810488 -2.137776 18.589011
-17.420238 1.979777 17.215130
-19.888420 -1.078625 17.539578
-19.062368 1.033825 16.811083
-7.869022 17.525007 12.732346
-8.940270 14.523987 14.465660
-7.051626 16.976679 13.995045
-9.363072 16.612154 12.131975
-10.720125 8.446183 17.345527
-9.880842 11.517271 15.987538
-9.402529 9.148558 17.676809
-5.306187 15.585200 16.319190
-8.094880 13.861579 15.604421
-6.189817 16.326069 15.200607
-5.803711 13.894674 17.044876
-7.595766 15.407812 14.831004
-12.201957 14.790567 10.965528
-10.423451 13.706521 13.907308
-10.811278 15.696834 11.541273
-9.910324 15.156589 13.052430
-6.737625 10.561613 18.300524
-8.572545 12.266437 16.352658
-8.070332 9.855147 17.996655
-6.281560 12.215120 17.705293
-9.000994 10.719565 17.032051
-7.215538 13.073924 16.694606
-1.469368 0.908119 21.948002
-4.377513 2.705452 21.434944
-1.469127 2.430986 21.838854
-2.952345 0.000000 21.913074
-9.854935 6.090685 18.905280
-7.193519 4.445839 20.415770
-8.507711 6.782679 19.174018
-1.477407 5.489229 21.453997
-4.365907 4.221563 21.158182
-1.470817 3.965997 21.673983
-2.936401 6.421890 20.994099
-2.933524 3.336218 21.561219
-6.028994 -1.850604 21.813104
-5.894785 1.809408 21.327534
-4.476370 -0.921577 21.868304
-4.438739 0.913830 21.684465
-5.798027 8.134753 19.684507
-5.816034 5.118157 20.609773
-7.151359 7.467148 19.434264
-4.386158 7.309423 20.399698
-7.179936 5.961683 19.954697
-4.386798 5.762946 20.809429
-17.702842 10.940958 8.620173
-16.280945 10.062177 11.728638
-18.335730 9.753018 9.489579
-16.340596 11.933654 9.210015
-12.298447 7.600858 16.927782
-14.460827 8.937282 14.519134
-13.645423 6.875464 16.552571
-11.860430 9.153502 16.240331
-19.540391 7.194101 11.277166
-16.763197 8.787761 12.574390
-18.953178 8.499270 10.378948
-18.645777 6.615229 12.863973
-17.600090 9.301189 11.077075
-13.631207 13.830890 10.366177
-14.851457 11.010671 12.252190
-14.979144 12.899618 9.794299
-12.812184 13.374162 11.902884
-15.643654 11.502172 10.774650
-16.452391 5.349497 15.712410
-15.794115 8.193285 14.030086
-15.034368 6.122122 16.147522
-17.607095 5.995144 14.352985
-14.765032 7.561978 15.339274
-17.194529 7.431608 13.465425
-10.936382 12.169525 14.751255
-13.917067 10.430766 13.716140
-11.404775 10.683413 15.511188
-11.906024 12.815563 13.377689
-12.935163 9.821287 15.020419
-13.386938 11.914255 12.824423
-13.236314 -6.044455 21.416806
-12.752364 -1.909023 20.633758
-14.748872 -5.154136 20.940667
-11.270639 -4.918193 21.549112
-11.476324 5.240743 18.569083
-12.156222 1.819781 19.669181
-12.867638 4.496720 18.269662
-10.167359 4.436753 19.439675
-17.531534 -3.205427 19.542833
-14.043163 -0.994343 19.985123
-16.196704 -4.200469 20.312217
-16.974905 -1.034437 18.907452
-14.404154 -3.003152 20.482909
-7.726698 -2.855013 21.741075
-10.941272 -0.973401 20.853340
-9.433003 -3.853423 21.655834
-7.628938 -0.942989 21.498606
-11.126068 -2.890998 21.228114
-15.795099 2.887941 17.607186
-13.655155 0.966870 19.432941
-14.311430 3.711540 17.947904
-16.391285 0.998872 18.257388
-13.268242 2.766323 18.867627
-15.254227 0.000000 19.188415
-7.397257 2.733284 20.814107
-10.708431 0.952686 20.409561
-8.796182 3.593279 20.193851
-7.518132 0.929292 21.186352
-10.453735 2.716299 19.945328
-9.203917 0.000000 21.028194
-24.974117 0.000000 -13.141071
-27.734010 0.000000 -9.997667
-24.231840 1.786110 -12.086114
-26.737529 -1.970802 -13.335877
-30.981617 0.000000 -2.147257
-29.834658 0.000000 -6.283914
-22.708678 4.975744 -10.066150
-26.609476 1.857279 -8.908587
-23.471705 3.448220 -11.054402
-25.492883 1.824709 -10.555357
-28.038864 -6.143652 -12.428878
-29.457450 -2.056062 -9.862061
-27.929197 -4.103069 -13.153735
-28.360545 -2.029968 -11.742716
-24.974117 0.000000 13.141071
-27.734010 0.000000 9.997667
-24.231840 1.786110 12.086114
-26.737529 -1.970802 13.335877
-30.981617 0.000000 2.147257
-29.834658 0.000000 6.283914
-22.708678 4.975744 10.066150
-26.609476 1.857279 8.908587
-23.471705 3.448220 11.054402
-25.492883 1.824709 10.555357
-28.038864 -6.143652 12.428878
-29.457450 -2.056062 9.862061
-27.929197 -4.103069 13.153735
-28.360545 -2.029968 11.742716
-19.602812 10.218544 -6.315407
-22.444605 7.908381 -4.887649
-20.374032 9.040169 -7.207176
-19.995595 10.458117 -4.563631
-29.132986 1.950386 -1.205405
-25.571369 5.222267 -3.227538
-28.855711 1.941160 -3.212066
-21.917073 6.455624 -9.057375
-23.416183 6.607997 -5.815091
-21.148955 7.782325 -8.125977
-23.647103 5.084386 -8.473002
-21.861938 7.866183 -6.531492
-20.398380 10.702565 -0.952164
-22.754908 8.087011 -2.988148
-20.263811 10.620658 -2.759672
-21.358904 9.303664 -3.800588
-27.586587 1.899721 -7.058315
-25.127055 5.184868 -5.013447
-28.331778 1.922622 -5.184268
-25.533308 3.571290 -7.810390
-26.907295 3.660887 -4.163428
-24.462277 5.156848 -6.774563
-28.531485 -14.872878 -9.191944
-30.084745 -10.600393 -6.551403
-28.405184 -12.603675 -10.048141
-29.662598 -15.514163 -6.769949
-31.101577 -2.082178 -1.286857
-30.825321 -6.295246 -3.890676
-30.926103 -2.080438 -3.442531
-28.163864 -8.295602 -11.638904
-29.913916 -8.441644 -7.428714
-28.281165 -10.406813 -10.866357
-28.967038 -6.228230 -10.379190
-29.273331 -10.532890 -8.745726
-31.059234 -16.296072 -1.449795
-30.727262 -10.920356 -4.035068
-30.557185 -16.015616 -4.161498
-30.318207 -13.206221 -5.394800
-30.108862 -2.073415 -7.703666
-30.390559 -6.270971 -6.063642
-30.590854 -2.075925 -5.597643
-29.610218 -4.141519 -9.057477
-30.711154 -4.178423 -4.752008
-29.763371 -6.274362 -8.242644
-19.602812 10.218544 6.315407
-22.444605 7.908381 4.887649
-20.374032 9.040169 7.207176
-19.995595 10.458117 4.563631
-29.132986 1.950386 1.205405
-25.571369 5.222267 3.227538
-28.855711 1.941160 3.212066
-27.433915 3.696167 0.000000
-21.917073 6.455624 9.057375
-23.416183 6.607997 5.815091
-21.148955 7.782325 8.125977
-23.647103 5.084386 8.473002
-21.861938 7.866183 6.531492
-20.398380 10.702565 0.952164
-22.754908 8.087011 2.988148
-20.263811 10.620658 2.759672
-21.652785 9.477296 0.000000
-21.358904 9.303664 3.800588
-27.586587 1.899721 7.058315
-25.127055 5.184868 5.013447
-28.331778 1.922622 5.184268
-25.533308 3.571290 7.810390
-26.907295 3.660887 4.163428
-24.462277 5.156848 6.774563
-24.282059 6.711396 -2.060067
-24.282059 6.711396 2.060067
-25.809033 5.283024 -1.087648
-22.952605 8.144900 -1.006765
-25.809033 5.283024 1.087648
-22.952605 8.144900 1.006765
-28.531485 -14.872878 9.191944
-30.084745 -10.600393 6.551403
-28.405184 -12.603675 10.048141
-29.662598 -15.514163 6.769949
-31.101577 -2.082178 1.286857
-30.825321 -6.295246 3.890676
-30.926103 -2.080438 3.442531
-31.130082 -4.194151 0.000000
-28.163864 -8.295602 11.638904
-29.913916 -8.441644 7.428714
-28.281165 -10.406813 10.866357
-28.967038 -6.228230 10.379190
-29.273331 -10.532890 8.745726
-31.059234 -16.296072 1.449795
-30.727262 -10.920356 4.035068
-30.557185 -16.015616 4.161498
-31.130082 -13.625453 0.000000
-30.318207 -13.206221 5.394800
-30.108862 -2.073415 7.703666
-30.390559 -6.270971 6.063642
-30.590854 -2.075925 5.597643
-29.610218 -4.141519 9.057477
-30.711154 -4.178423 4.752008
-29.763371 -6.274362 8.242644
-30.977063 -8.561850 -2.628065
-30.977063 -8.561850 2.628065
-31.095412 -6.365129 -1.310427
-31.083839 -11.030328 -1.363423
-31.095412 -6.365129 1.310427
-31.083839 -11.030328 1.363423
