-5.695019 9.214734 0.000000
8.490932 13.738616 0.000000
-8.490932 -13.738616 0.000000
5.695019 -9.214734 0.000000
0.000000 -6.971793 11.280598
0.000000 6.971793 11.280598
0.000000 -6.971793 -11.280598
0.000000 6.971793 -11.280598
11.581461 0.000000 -7.157736
11.581461 0.000000 7.157736
-11.581461 0.000000 -7.157736
-11.581461 0.000000 7.157736
0.000000 13.014350 0.000000
0.000000 -13.014350 0.000000
-4.483123 -11.736968 7.253845
3.624573 -9.489257 5.864683
-3.624573 9.489257 5.864683
4.483123 11.736968 7.253845
0.000000 0.000000 13.281470
-4.483123 -11.736968 -7.253845
3.624573 -9.489257 -5.864683
-3.624573 9.489257 -5.864683
4.483123 11.736968 -7.253845
0.000000 0.000000 -13.281470
12.583261 7.776883 -4.806378
8.973761 -5.546089 -3.427672
6.144028 -3.797218 -9.941246
7.284592 4.502125 -11.786717
12.583261 7.776883 4.806378
8.973761 -5.546089 3.427672
6.144028 -3.797218 9.941246
7.284592 4.502125 11.786717
13.616600 0.000000 0.000000
-8.973761 5.546089 -3.427672
-12.583261 -7.776883 -4.806378
-7.284592 -4.502125 -11.786717
-6.144028 3.797218 -9.941246
-8.973761 5.546089 3.427672
-12.583261 -7.776883 4.806378
-7.284592 -4.502125 11.786717
-6.144028 3.797218 9.941246
-13.616600 0.000000 0.000000
-3.196052 11.250573 0.000000
3.935644 13.854046 0.000000
-3.935644 -13.854046 0.000000
3.196052 -11.250573 0.000000
-6.615586 -13.153279 3.962624
-2.236382 -9.659686 9.774775
-2.248033 -13.160213 3.637393
4.836406 -9.615868 2.896925
2.007111 -8.669384 8.772674
1.988851 -11.642938 3.218029
0.000000 -11.165492 6.900653
-4.836406 9.615868 2.896925
-2.007111 8.669384 8.772674
-1.988851 11.642938 3.218029
6.615586 13.153279 3.962624
2.236382 9.659686 9.774775
2.248033 13.160213 3.637393
0.000000 11.165492 6.900653
0.000000 -3.629721 12.777152
0.000000 3.629721 12.777152
-6.615586 -13.153279 -3.962624
-2.236382 -9.659686 -9.774775
-2.248033 -13.160213 -3.637393
4.836406 -9.615868 -2.896925
2.007111 -8.669384 -8.772674
1.988851 -11.642938 -3.218029
0.000000 -11.165492 -6.900653
-4.836406 9.615868 -2.896925
-2.007111 8.669384 -8.772674
-1.988851 11.642938 -3.218029
6.615586 13.153279 -3.962624
2.236382 9.659686 -9.774775
2.248033 13.160213 -3.637393
0.000000 11.165492 -6.900653
0.000000 -3.629721 -12.777152
0.000000 3.629721 -12.777152
11.565005 11.702795 -2.677496
12.732910 3.835981 -6.404157
9.123979 10.682540 -6.602173
7.404612 -7.492833 -1.714294
10.466567 -3.153211 -5.264275
6.460788 -7.564422 -4.675070
3.242080 -5.412641 -10.761553
8.938678 -2.045091 -8.833434
4.975348 -6.875762 -8.050282
3.412077 -2.108779 -12.345009
7.968371 -4.924724 -6.805801
3.683257 6.149184 -12.225968
10.065603 2.302921 -9.947090
6.300157 8.706602 -10.193868
3.600502 2.225232 -13.026737
10.378066 6.413998 -8.863927
7.080370 0.000000 -11.456280
11.565005 11.702795 2.677496
12.732910 3.835981 6.404157
9.123979 10.682540 6.602173
13.592469 8.400608 0.000000
7.404612 -7.492833 1.714294
10.466567 -3.153211 5.264275
6.460788 -7.564422 4.675070
9.291520 -5.742475 0.000000
3.242080 -5.412641 10.761553
8.938678 -2.045091 8.833434
4.975348 -6.875762 8.050282
3.412077 -2.108779 12.345009
7.968371 -4.924724 6.805801
3.683257 6.149184 12.225968
10.065603 2.302921 9.947090
6.300157 8.706602 10.193868
3.600502 2.225232 13.026737
10.378066 6.413998 8.863927
7.080370 0.000000 11.456280
13.103416 0.000000 -3.722406
13.103416 0.000000 3.722406
14.045386 3.882049 -2.399238
11.468309 -3.169763 -1.959021
14.045386 3.882049 2.399238
11.468309 -3.169763 1.959021
-7.404612 7.492833 -1.714294
-10.466567 3.153211 -5.264275
-6.460788 7.564422 -4.675070
-11.565005 -11.702795 -2.677496
-12.732910 -3.835981 -6.404157
-9.123979 -10.682540 -6.602173
-3.683257 -6.149184 -12.225968
-10.065603 -2.302921 -9.947090
-6.300157 -8.706602 -10.193868
-3.600502 -2.225232 -13.026737
-10.378066 -6.413998 -8.863927
-3.242080 5.412641 -10.761553
-8.938678 2.045091 -8.833434
-4.975348 6.875762 -8.050282
-3.412077 2.108779 -12.345009
-7.968371 4.924724 -6.805801
-7.080370 0.000000 -11.456280
-7.404612 7.492833 1.714294
-10.466567 3.153211 5.264275
-6.460788 7.564422 4.675070
-9.291520 5.742475 0.000000
-11.565005 -11.702795 2.677496
-12.732910 -3.835981 6.404157
-9.123979 -10.682540 6.602173
-13.592469 -8.400608 0.000000
-3.683257 -6.149184 12.225968
-10.065603 -2.302921 9.947090
-6.300157 -8.706602 10.193868
-3.600502 -2.225232 13.026737
-10.378066 -6.413998 8.863927
-3.242080 5.412641 10.761553
-8.938678 2.045091 8.833434
-4.975348 6.875762 8.050282
-3.412077 2.108779 12.345009
-7.968371 4.924724 6.805801
-7.080370 0.000000 11.456280
-13.103416 0.000000 -3.722406
-13.103416 0.000000 3.722406
-11.468309 3.169763 -1.959021
-14.045386 -3.882049 -2.399238
-11.468309 3.169763 1.959021
-14.045386 -3.882049 2.399238
-4.511756 10.235274 0.000000
-1.700540 12.209160 0.000000
6.134988 13.917704 0.000000
1.889969 13.569182 0.000000
-6.134988 -13.917704 0.000000
-1.889969 -13.569182 0.000000
4.511756 -10.235274 0.000000
1.700540 -12.209160 0.000000
-7.623849 -13.611734 2.064752
-5.562087 -12.515804 5.689263
-5.331688 -13.756860 1.959489
-1.101712 -8.364671 10.650003
-3.372680 -10.792235 8.632413
-1.104512 -13.264605 1.787138
-3.391268 -12.659968 5.487188
-3.107268 -13.642018 1.874556
-4.374830 -13.305541 3.834965
5.306192 -9.473754 1.437066
4.278441 -9.627345 4.376267
4.070039 -10.501545 1.495811
1.045632 -7.938892 10.107895
2.868334 -9.178380 7.341535
0.000000 -9.282775 9.393374
1.037141 -12.455516 1.678130
2.849324 -10.636833 4.610304
2.629109 -11.542731 1.586092
0.000000 -12.572284 3.474894
3.501335 -10.648907 3.069261
-2.168443 -11.646270 7.197791
1.936108 -10.398445 6.426592
-1.099350 -10.570599 8.403316
-1.109817 -12.308061 5.387166
1.037251 -9.973498 7.928638
1.043392 -11.571393 5.064730
-5.306192 9.473754 1.437066
-4.278441 9.627345 4.376267
-4.070039 10.501545 1.495811
-1.045632 7.938892 10.107895
-2.868334 9.178380 7.341535
-1.037141 12.455516 1.678130
-2.849324 10.636833 4.610304
-2.629109 11.542731 1.586092
-3.501335 10.648907 3.069261
7.623849 13.611734 2.064752
5.562087 12.515804 5.689263
5.331688 13.756860 1.959489
1.101712 8.364671 10.650003
3.372680 10.792235 8.632413
0.000000 9.282775 9.393374
1.104512 13.264605 1.787138
3.391268 12.659968 5.487188
3.107268 13.642018 1.874556
0.000000 12.572284 3.474894
4.374830 13.305541 3.834965
-1.936108 10.398445 6.426592
2.168443 11.646270 7.197791
-1.037251 9.973498 7.928638
-1.043392 11.571393 5.064730
1.099350 10.570599 8.403316
1.109817 12.308061 5.387166
0.000000 -5.355529 12.149439
0.000000 -1.832325 13.155321
0.000000 5.355529 12.149439
0.000000 1.832325 13.155321
-7.623849 -13.611734 -2.064752
-5.562087 -12.515804 -5.689263
-5.331688 -13.756860 -1.959489
-1.101712 -8.364671 -10.650003
-3.372680 -10.792235 -8.632413
-1.104512 -13.264605 -1.787138
-3.391268 -12.659968 -5.487188
-3.107268 -13.642018 -1.874556
-4.374830 -13.305541 -3.834965
5.306192 -9.473754 -1.437066
4.278441 -9.627345 -4.376267
4.070039 -10.501545 -1.495811
1.045632 -7.938892 -10.107895
2.868334 -9.178380 -7.341535
0.000000 -9.282775 -9.393374
1.037141 -12.455516 -1.678130
2.849324 -10.636833 -4.610304
2.629109 -11.542731 -1.586092
0.000000 -12.572284 -3.474894
3.501335 -10.648907 -3.069261
-2.168443 -11.646270 -7.197791
1.936108 -10.398445 -6.426592
-1.099350 -10.570599 -8.403316
-1.109817 -12.308061 -5.387166
1.037251 -9.973498 -7.928638
1.043392 -11.571393 -5.064730
-5.306192 9.473754 -1.437066
-4.278441 9.627345 -4.376267
-4.070039 10.501545 -1.495811
-1.045632 7.938892 -10.107895
-2.868334 9.178380 -7.341535
-1.037141 12.455516 -1.678130
-2.849324 10.636833 -4.610304
-2.629109 11.542731 -1.586092
-3.501335 10.648907 -3.069261
7.623849 13.611734 -2.064752
5.562087 12.515804 -5.689263
5.331688 13.756860 -1.959489
1.101712 8.364671 -10.650003
3.372680 10.792235 -8.632413
0.000000 9.282775 -9.393374
1.104512 13.264605 -1.787138
3.391268 12.659968 -5.487188
3.107268 13.642018 -1.874556
0.000000 12.572284 -3.474894
4.374830 13.305541 -3.834965
-1.936108 10.398445 -6.426592
2.168443 11.646270 -7.197791
-1.037251 9.973498 -7.928638
-1.043392 11.571393 -5.064730
1.099350 10.570599 -8.403316
1.109817 12.308061 -5.387166
0.000000 -5.355529 -12.149439
0.000000 -1.832325 -13.155321
0.000000 5.355529 -12.149439
0.000000 1.832325 -13.155321
10.298952 13.112753 -1.356476
12.235395 9.786757 -3.823682
9.218651 12.791484 -3.437685
12.357225 1.874457 -6.921207
12.761765 5.801068 -5.671393
6.841946 11.422603 -7.059557
11.110912 9.451507 -5.841352
8.008796 12.157028 -5.371348
10.404728 11.287008 -4.757168
6.576973 -8.373883 -0.866254
8.198698 -6.557913 -2.562174
6.169330 -8.560351 -2.300577
11.118439 -1.686546 -6.227370
9.734501 -4.424976 -4.326062
5.111338 -8.533360 -5.273907
7.732258 -6.577452 -4.065089
5.675989 -8.615921 -3.806779
6.987297 -7.579792 -3.194677
1.679857 -6.202672 -11.074342
4.718551 -4.613074 -10.380336
2.646520 -7.097027 -9.847591
1.700746 -4.627659 -11.940319
10.304174 -1.065937 -8.093052
7.546534 -2.948428 -9.434670
9.847731 -2.646558 -7.097128
4.328087 -8.232510 -7.002991
5.579057 -5.407082 -9.027103
3.556638 -7.778966 -8.438591
5.803782 -7.309653 -6.378974
4.181567 -6.234807 -9.464184
1.756811 -1.085769 -13.039512
4.888523 -3.021273 -11.278736
1.733356 -2.873215 -12.614441
3.354204 -3.826390 -11.637524
8.564091 -5.292899 -5.129746
7.167643 -4.429847 -8.426069
9.226909 -4.076732 -6.078495
7.232194 -6.311376 -5.742280
8.491713 -3.579027 -7.827935
6.502677 -5.916331 -7.451405
1.805168 6.665367 -11.900446
5.543548 5.419629 -12.195246
3.007019 8.063758 -11.188994
1.800276 4.898477 -12.639086
10.992558 1.137148 -8.633719
8.815111 3.444060 -11.020645
11.569311 3.109229 -8.337847
9.650097 0.000000 -9.536475
5.468766 10.402212 -8.848650
6.927583 6.714040 -11.209065
4.275363 9.350939 -10.143861
7.754322 9.766288 -8.522825
5.032582 7.503688 -11.390295
1.781837 1.101236 -13.225254
5.458150 3.373322 -12.592972
1.798525 2.981239 -13.088705
3.552724 0.000000 -12.853876
3.692115 4.211870 -12.809918
11.580827 7.157344 -6.936719
8.951481 5.532319 -10.523097
11.734200 5.184530 -7.730246
9.901901 8.641172 -7.861998
10.398222 4.382569 -9.585417
8.490451 7.724868 -9.729191
6.658689 -2.006031 -10.773985
7.322944 2.206147 -11.848771
8.144950 -1.065550 -10.245598
5.245225 -1.080576 -11.983770
8.624528 1.128290 -10.848863
5.463528 1.125549 -12.482525
10.298952 13.112753 1.356476
12.235395 9.786757 3.823682
9.218651 12.791484 3.437685
11.969528 12.112137 0.000000
12.357225 1.874457 6.921207
12.761765 5.801068 5.671393
6.841946 11.422603 7.059557
11.110912 9.451507 5.841352
8.008796 12.157028 5.371348
10.404728 11.287008 4.757168
13.312745 8.227729 -2.478728
13.312745 8.227729 2.478728
12.914830 10.266911 -1.343152
12.914830 10.266911 1.343152
6.576973 -8.373883 0.866254
8.198698 -6.557913 2.562174
6.169330 -8.560351 2.300577
7.468064 -7.557042 0.000000
11.118439 -1.686546 6.227370
9.734501 -4.424976 4.326062
5.111338 -8.533360 5.273907
7.732258 -6.577452 4.065089
5.675989 -8.615921 3.806779
6.987297 -7.579792 3.194677
9.212928 -5.693903 -1.715374
9.212928 -5.693903 1.715374
8.362259 -6.647750 -0.869681
8.362259 -6.647750 0.869681
1.679857 -6.202672 11.074342
4.718551 -4.613074 10.380336
2.646520 -7.097027 9.847591
1.700746 -4.627659 11.940319
10.304174 -1.065937 8.093052
7.546534 -2.948428 9.434670
9.847731 -2.646558 7.097128
4.328087 -8.232510 7.002991
5.579057 -5.407082 9.027103
3.556638 -7.778966 8.438591
5.803782 -7.309653 6.378974
4.181567 -6.234807 9.464184
1.756811 -1.085769 13.039512
4.888523 -3.021273 11.278736
1.733356 -2.873215 12.614441
3.354204 -3.826390 11.637524
8.564091 -5.292899 5.129746
7.167643 -4.429847 8.426069
9.226909 -4.076732 6.078495
7.232194 -6.311376 5.742280
8.491713 -3.579027 7.827935
6.502677 -5.916331 7.451405
1.805168 6.665367 11.900446
5.543548 5.419629 12.195246
3.007019 8.063758 11.188994
1.800276 4.898477 12.639086
10.992558 1.137148 8.633719
8.815111 3.444060 11.020645
11.569311 3.109229 8.337847
9.650097 0.000000 9.536475
5.468766 10.402212 8.848650
6.927583 6.714040 11.209065
4.275363 9.350939 10.143861
7.754322 9.766288 8.522825
5.032582 7.503688 11.390295
1.781837 1.101236 13.225254
5.458150 3.373322 12.592972
1.798525 2.981239 13.088705
3.552724 0.000000 12.853876
3.692115 4.211870 12.809918
11.580827 7.157344 6.936719
8.951481 5.532319 10.523097
11.734200 5.184530 7.730246
9.901901 8.641172 7.861998
10.398222 4.382569 9.585417
8.490451 7.724868 9.729191
6.658689 -2.006031 10.773985
7.322944 2.206147 11.848771
8.144950 -1.065550 10.245598
5.245225 -1.080576 11.983770
8.624528 1.128290 10.848863
5.463528 1.125549 12.482525
12.465496 0.000000 -5.494848
13.488110 0.000000 -1.878677
13.207071 1.881178 -5.118608
11.869191 -1.690614 -4.600092
12.465496 0.000000 5.494848
13.488110 0.000000 1.878677
13.207071 1.881178 5.118608
11.869191 -1.690614 4.600092
13.531240 5.864822 -3.624659
14.103317 1.900138 -1.174350
13.535779 3.901324 -4.450532
13.957165 6.108969 -1.258517
13.804693 1.896910 -3.144320
10.218048 -4.428790 -2.737143
12.660587 -1.705759 -1.054217
11.062863 -3.188573 -3.637443
10.388701 -4.547073 -0.936749
12.394232 -1.703097 -2.823057
13.531240 5.864822 3.624659
14.103317 1.900138 1.174350
13.535779 3.901324 4.450532
13.957165 6.108969 1.258517
13.804693 1.896910 3.144320
14.246348 3.937594 0.000000
10.218048 -4.428790 2.737143
12.660587 -1.705759 1.054217
11.062863 -3.188573 3.637443
10.388701 -4.547073 0.936749
12.394232 -1.703097 2.823057
11.595515 -3.204922 0.000000
-6.576973 8.373883 -0.866254
-8.198698 6.557913 -2.562174
-6.169330 8.560351 -2.300577
-11.118439 1.686546 -6.227370
-9.734501 4.424976 -4.326062
-5.111338 8.533360 -5.273907
-7.732258 6.577452 -4.065089
-5.675989 8.615921 -3.806779
-6.987297 7.579792 -3.194677
-10.298952 -13.112753 -1.356476
-12.235395 -9.786757 -3.823682
-9.218651 -12.791484 -3.437685
-12.357225 -1.874457 -6.921207
-12.761765 -5.801068 -5.671393
-6.841946 -11.422603 -7.059557
-11.110912 -9.451507 -5.841352
-8.008796 -12.157028 -5.371348
-10.404728 -11.287008 -4.757168
-1.805168 -6.665367 -11.900446
-5.543548 -5.419629 -12.195246
-3.007019 -8.063758 -11.188994
-1.800276 -4.898477 -12.639086
-10.992558 -1.137148 -8.633719
-8.815111 -3.444060 -11.020645
-11.569311 -3.109229 -8.337847
-5.468766 -10.402212 -8.848650
-6.927583 -6.714040 -11.209065
-4.275363 -9.350939 -10.143861
-7.754322 -9.766288 -8.522825
-5.032582 -7.503688 -11.390295
-1.781837 -1.101236 -13.225254
-5.458150 -3.373322 -12.592972
-1.798525 -2.981239 -13.088705
-3.692115 -4.211870 -12.809918
-11.580827 -7.157344 -6.936719
-8.951481 -5.532319 -10.523097
-11.734200 -5.184530 -7.730246
-9.901901 -8.641172 -7.861998
-10.398222 -4.382569 -9.585417
-8.490451 -7.724868 -9.729191
-1.679857 6.202672 -11.074342
-4.718551 4.613074 -10.380336
-2.646520 7.097027 -9.847591
-1.700746 4.627659 -11.940319
-10.304174 1.065937 -8.093052
-7.546534 2.948428 -9.434670
-9.847731 2.646558 -7.097128
-9.650097 0.000000 -9.536475
-4.328087 8.232510 -7.002991
-5.579057 5.407082 -9.027103
-3.556638 7.778966 -8.438591
-5.803782 7.309653 -6.378974
-4.181567 6.234807 -9.464184
-1.756811 1.085769 -13.039512
-4.888523 3.021273 -11.278736
-1.733356 2.873215 -12.614441
-3.552724 0.000000 -12.853876
-3.354204 3.826390 -11.637524
-8.564091 5.292899 -5.129746
-7.167643 4.429847 -8.426069
-9.226909 4.076732 -6.078495
-7.232194 6.311376 -5.742280
-8.491713 3.579027 -7.827935
-6.502677 5.916331 -7.451405
-7.322944 -2.206147 -11.848771
-6.658689 2.006031 -10.773985
-8.624528 -1.128290 -10.848863
-5.463528 -1.125549 -12.482525
-8.144950 1.065550 -10.245598
-5.245225 1.080576 -11.983770
-6.576973 8.373883 0.866254
-8.198698 6.557913 2.562174
-6.169330 8.560351 2.300577
-7.468064 7.557042 0.000000
-11.118439 1.686546 6.227370
-9.734501 4.424976 4.326062
-5.111338 8.533360 5.273907
-7.732258 6.577452 4.065089
-5.675989 8.615921 3.806779
-6.987297 7.579792 3.194677
-9.212928 5.693903 -1.715374
-9.212928 5.693903 1.715374
-8.362259 6.647750 -0.869681
-8.362259 6.647750 0.869681
-10.298952 -13.112753 1.356476
-12.235395 -9.786757 3.823682
-9.218651 -12.791484 3.437685
-11.969528 -12.112137 0.000000
-12.357225 -1.874457 6.921207
-12.761765 -5.801068 5.671393
-6.841946 -11.422603 7.059557
-11.110912 -9.451507 5.841352
-8.008796 -12.157028 5.371348
-10.404728 -11.287008 4.757168
-13.312745 -8.227729 -2.478728
-13.312745 -8.227729 2.478728
-12.914830 -10.266911 -1.343152
-12.914830 -10.266911 1.343152
-1.805168 -6.665367 11.900446
-5.543548 -5.419629 12.195246
-3.007019 -8.063758 11.188994
-1.800276 -4.898477 12.639086
-10.992558 -1.137148 8.633719
-8.815111 -3.444060 11.020645
-11.569311 -3.109229 8.337847
-5.468766 -10.402212 8.848650
-6.927583 -6.714040 11.209065
-4.275363 -9.350939 10.143861
-7.754322 -9.766288 8.522825
-5.032582 -7.503688 11.390295
-1.781837 -1.101236 13.225254
-5.458150 -3.373322 12.592972
-1.798525 -2.981239 13.088705
-3.692115 -4.211870 12.809918
-11.580827 -7.157344 6.936719
-8.951481 -5.532319 10.523097
-11.734200 -5.184530 7.730246
-9.901901 -8.641172 7.861998
-10.398222 -4.382569 9.585417
-8.490451 -7.724868 9.729191
-1.679857 6.202672 11.074342
-4.718551 4.613074 10.380336
-2.646520 7.097027 9.847591
-1.700746 4.627659 11.940319
-10.304174 1.065937 8.093052
-7.546534 2.948428 9.434670
-9.847731 2.646558 7.097128
-9.650097 0.000000 9.536475
-4.328087 8.232510 7.002991
-5.579057 5.407082 9.027103
-3.556638 7.778966 8.438591
-5.803782 7.309653 6.378974
-4.181567 6.234807 9.464184
-1.756811 1.085769 13.039512
-4.888523 3.021273 11.278736
-1.733356 2.873215 12.614441
-3.552724 0.000000 12.853876
-3.354204 3.826390 11.637524
-8.564091 5.292899 5.129746
-7.167643 4.429847 8.426069
-9.226909 4.076732 6.078495
-7.232194 6.311376 5.742280
-8.491713 3.579027 7.827935
-6.502677 5.916331 7.451405
-7.322944 -2.206147 11.848771
-6.658689 2.006031 10.773985
-8.624528 -1.128290 10.848863
-5.463528 -1.125549 12.482525
-8.144950 1.065550 10.245598
-5.245225 1.080576 11.983770
-12.465496 0.000000 -5.494848
-13.488110 0.000000 -1.878677
-11.869191 1.690614 -4.600092
-13.207071 -1.881178 -5.118608
-12.465496 0.000000 5.494848
-13.488110 0.000000 1.878677
-11.869191 1.690614 4.600092
-13.207071 -1.881178 5.118608
-10.218048 4.428790 -2.737143
-12.660587 1.705759 -1.054217
-11.062863 3.188573 -3.637443
-10.388701 4.547073 -0.936749
-12.394232 1.703097 -2.823057
-13.531240 -5.864822 -3.624659
-14.103317 -1.900138 -1.174350
-13.535779 -3.901324 -4.450532
-13.957165 -6.108969 -1.258517
-13.804693 -1.896910 -3.144320
-10.218048 4.428790 2.737143
-12.660587 1.705759 1.054217
-11.062863 3.188573 3.637443
-10.388701 4.547073 0.936749
-12.394232 1.703097 2.823057
-11.595515 3.204922 0.000000
-13.531240 -5.864822 3.624659
-14.103317 -1.900138 1.174350
-13.535779 -3.901324 4.450532
-13.957165 -6.108969 1.258517
-13.804693 -1.896910 3.144320
-14.246348 -3.937594 0.000000
-5.116763 9.724218 0.000000
-3.873637 10.745656 0.000000
-0.875905 12.637969 0.000000
-2.473182 11.742128 0.000000
7.297273 13.868196 0.000000
5.014679 13.910962 0.000000
0.923641 13.326721 0.000000
2.894570 13.742790 0.000000
-7.297273 -13.868196 0.000000
-5.014679 -13.910962 0.000000
-0.923641 -13.326721 0.000000
-2.894570 -13.742790 0.000000
5.116763 -9.724218 0.000000
3.873637 -10.745656 0.000000
0.875905 -12.637969 0.000000
2.473182 -11.742128 0.000000
-8.084820 -13.730480 1.050050
-7.129060 -13.411460 3.036076
-6.903339 -13.840726 1.020189
-5.026108 -12.144916 6.492365
-6.092063 -12.852323 4.846267
-4.640198 -13.860025 0.967398
-5.995981 -13.526602 2.963841
-5.746263 -13.878147 0.993359
-6.461362 -13.719348 2.015505
-0.545334 -7.676144 10.992557
-1.666654 -9.028877 10.245672
-3.932035 -11.287479 7.969325
-2.806452 -10.249174 9.236126
-0.545380 -13.181080 0.882443
-1.673563 -13.259424 2.707882
-1.497328 -13.451303 0.904886
-3.947125 -12.251743 6.386582
-2.822639 -12.961860 4.567126
-4.468124 -12.630980 5.604497
-3.526834 -13.784211 0.949235
-2.680168 -13.432819 2.771809
-2.498117 -13.652087 0.926444
-4.200064 -13.730626 1.920474
-2.087146 -13.488755 1.835220
-5.482800 -13.267301 3.907853
-3.295644 -13.270884 3.745015
-4.983915 -12.971314 4.773143
-4.859301 -13.561710 2.915916
-3.886109 -13.007421 4.680224
-3.747290 -13.531092 2.852465
5.510328 -9.358210 0.715677
5.081843 -9.560156 2.164221
4.922474 -9.869227 0.727453
3.963955 -9.578365 5.120351
4.568934 -9.639003 3.634610
3.647685 -10.895441 0.760476
4.465459 -10.073829 2.207297
4.300163 -10.385584 0.743371
4.703774 -9.987478 1.467257
0.531778 -7.485323 10.719295
1.538211 -8.333052 9.456073
0.000000 -8.176789 10.410789
3.259541 -9.356988 6.606336
2.450768 -8.950217 8.065561
-1.093602 -9.509403 9.622702
1.034695 -8.997178 9.104374
-0.544765 -8.858457 10.044753
0.530101 -8.619997 9.774358
0.528384 -12.770315 0.854943
1.524343 -12.077171 2.466438
1.375943 -12.360837 0.831529
0.000000 -12.905131 1.738706
3.246868 -10.078169 5.253543
2.430356 -11.160457 3.932399
3.585345 -10.135444 4.497202
2.921664 -11.418977 0.786356
2.318178 -11.618547 2.397441
2.178047 -11.902920 0.807744
3.373353 -11.027986 1.542461
1.859388 -12.016803 1.634953
-1.095799 -12.916203 3.569951
1.030020 -12.140870 3.355654
-0.545990 -12.955908 2.652032
0.529049 -12.553929 2.569748
4.187793 -10.133639 2.984840
2.770275 -11.155334 3.148012
3.900938 -10.152720 3.735965
3.796602 -10.595847 2.278223
3.186301 -10.665053 3.837412
3.078649 -11.116695 2.343490
-3.314158 -11.742777 7.257435
-1.059385 -11.450411 7.076743
-2.772226 -11.263239 7.932893
-2.781902 -12.188930 6.375067
2.809315 -9.954010 6.151917
0.999980 -10.808323 6.679911
2.411763 -9.798717 6.901405
2.408697 -10.553727 5.519821
-1.665672 -10.155262 9.110107
-0.542649 -10.906612 7.663868
-2.218938 -10.730124 8.556064
-0.544126 -9.945541 8.928999
-1.632261 -11.132791 7.828889
-1.677271 -12.772508 4.539302
-0.549420 -11.770316 6.175617
-2.230263 -12.533845 5.459582
-0.547827 -12.489561 4.432012
-1.637836 -12.026357 6.303248
1.530613 -9.331835 8.371426
0.526767 -10.587398 7.439562
1.983342 -9.590849 7.647621
0.528698 -9.663548 8.675829
1.497827 -10.215886 7.184097
0.000000 -10.306769 8.193579
1.529322 -11.645869 4.138899
0.532750 -11.413200 5.988246
1.979328 -11.123612 4.845303
0.530961 -12.105054 4.295567
1.499095 -11.007607 5.769302
0.000000 -11.982730 5.244770
-5.510328 9.358210 0.715677
-5.081843 9.560156 2.164221
-4.922474 9.869227 0.727453
-3.963955 9.578365 5.120351
-4.568934 9.639003 3.634610
-3.647685 10.895441 0.760476
-4.465459 10.073829 2.207297
-4.300163 10.385584 0.743371
-4.703774 9.987478 1.467257
-0.531778 7.485323 10.719295
-1.538211 8.333052 9.456073
-3.259541 9.356988 6.606336
-2.450768 8.950217 8.065561
-0.528384 12.770315 0.854943
-1.524343 12.077171 2.466438
-1.375943 12.360837 0.831529
-3.246868 10.078169 5.253543
-2.430356 11.160457 3.932399
-3.585345 10.135444 4.497202
-2.921664 11.418977 0.786356
-2.318178 11.618547 2.397441
-2.178047 11.902920 0.807744
-3.373353 11.027986 1.542461
-1.859388 12.016803 1.634953
-4.187793 10.133639 2.984840
-2.770275 11.155334 3.148012
-3.900938 10.152720 3.735965
-3.796602 10.595847 2.278223
-3.186301 10.665053 3.837412
-3.078649 11.116695 2.343490
8.084820 13.730480 1.050050
7.129060 13.411460 3.036076
6.903339 13.840726 1.020189
5.026108 12.144916 6.492365
6.092063 12.852323 4.846267
4.640198 13.860025 0.967398
5.995981 13.526602 2.963841
5.746263 13.878147 0.993359
6.461362 13.719348 2.015505
0.545334 7.676144 10.992557
1.666654 9.028877 10.245672
0.000000 8.176789 10.410789
3.932035 11.287479 7.969325
2.806452 10.249174 9.236126
-1.034695 8.997178 9.104374
1.093602 9.509403 9.622702
-0.530101 8.619997 9.774358
0.544765 8.858457 10.044753
0.545380 13.181080 0.882443
1.673563 13.259424 2.707882
1.497328 13.451303 0.904886
0.000000 12.905131 1.738706
3.947125 12.251743 6.386582
2.822639 12.961860 4.567126
4.468124 12.630980 5.604497
3.526834 13.784211 0.949235
2.680168 13.432819 2.771809
2.498117 13.652087 0.926444
4.200064 13.730626 1.920474
2.087146 13.488755 1.835220
-1.030020 12.140870 3.355654
1.095799 12.916203 3.569951
-0.529049 12.553929 2.569748
0.545990 12.955908 2.652032
5.482800 13.267301 3.907853
3.295644 13.270884 3.745015
4.983915 12.971314 4.773143
4.859301 13.561710 2.915916
3.886109 13.007421 4.680224
3.747290 13.531092 2.852465
-2.809315 9.954010 6.151917
-0.999980 10.808323 6.679911
-2.411763 9.798717 6.901405
-2.408697 10.553727 5.519821
3.314158 11.742777 7.257435
1.059385 11.450411 7.076743
2.772226 11.263239 7.932893
2.781902 12.188930 6.375067
-1.530613 9.331835 8.371426
-0.526767 10.587398 7.439562
-1.983342 9.590849 7.647621
-0.528698 9.663548 8.675829
-1.497827 10.215886 7.184097
-1.529322 11.645869 4.138899
-0.532750 11.413200 5.988246
-1.979328 11.123612 4.845303
-0.530961 12.105054 4.295567
-1.499095 11.007607 5.769302
1.665672 10.155262 9.110107
0.542649 10.906612 7.663868
2.218938 10.730124 8.556064
0.544126 9.945541 8.928999
1.632261 11.132791 7.828889
0.000000 10.306769 8.193579
1.677271 12.772508 4.539302
0.549420 11.770316 6.175617
2.230263 12.533845 5.459582
0.547827 12.489561 4.432012
1.637836 12.026357 6.303248
0.000000 11.982730 5.244770
0.000000 -6.179705 11.744300
0.000000 -4.503940 12.494149
0.000000 -0.918319 13.249932
0.000000 -2.737631 12.997676
0.000000 6.179705 11.744300
0.000000 4.503940 12.494149
0.000000 0.918319 13.249932
0.000000 2.737631 12.997676
-8.084820 -13.730480 -1.050050
-7.129060 -13.411460 -3.036076
-6.903339 -13.840726 -1.020189
-5.026108 -12.144916 -6.492365
-6.092063 -12.852323 -4.846267
-4.640198 -13.860025 -0.967398
-5.995981 -13.526602 -2.963841
-5.746263 -13.878147 -0.993359
-6.461362 -13.719348 -2.015505
-0.545334 -7.676144 -10.992557
-1.666654 -9.028877 -10.245672
-3.932035 -11.287479 -7.969325
-2.806452 -10.249174 -9.236126
-0.545380 -13.181080 -0.882443
-1.673563 -13.259424 -2.707882
-1.497328 -13.451303 -0.904886
-3.947125 -12.251743 -6.386582
-2.822639 -12.961860 -4.567126
-4.468124 -12.630980 -5.604497
-3.526834 -13.784211 -0.949235
-2.680168 -13.432819 -2.771809
-2.498117 -13.652087 -0.926444
-4.200064 -13.730626 -1.920474
-2.087146 -13.488755 -1.835220
-5.482800 -13.267301 -3.907853
-3.295644 -13.270884 -3.745015
-4.983915 -12.971314 -4.773143
-4.859301 -13.561710 -2.915916
-3.886109 -13.007421 -4.680224
-3.747290 -13.531092 -2.852465
5.510328 -9.358210 -0.715677
5.081843 -9.560156 -2.164221
4.922474 -9.869227 -0.727453
3.963955 -9.578365 -5.120351
4.568934 -9.639003 -3.634610
3.647685 -10.895441 -0.760476
4.465459 -10.073829 -2.207297
4.300163 -10.385584 -0.743371
4.703774 -9.987478 -1.467257
0.531778 -7.485323 -10.719295
1.538211 -8.333052 -9.456073
0.000000 -8.176789 -10.410789
3.259541 -9.356988 -6.606336
2.450768 -8.950217 -8.065561
-1.093602 -9.509403 -9.622702
1.034695 -8.997178 -9.104374
-0.544765 -8.858457 -10.044753
0.530101 -8.619997 -9.774358
0.528384 -12.770315 -0.854943
1.524343 -12.077171 -2.466438
1.375943 -12.360837 -0.831529
0.000000 -12.905131 -1.738706
3.246868 -10.078169 -5.253543
2.430356 -11.160457 -3.932399
3.585345 -10.135444 -4.497202
2.921664 -11.418977 -0.786356
2.318178 -11.618547 -2.397441
2.178047 -11.902920 -0.807744
3.373353 -11.027986 -1.542461
1.859388 -12.016803 -1.634953
-1.095799 -12.916203 -3.569951
1.030020 -12.140870 -3.355654
-0.545990 -12.955908 -2.652032
0.529049 -12.553929 -2.569748
4.187793 -10.133639 -2.984840
2.770275 -11.155334 -3.148012
3.900938 -10.152720 -3.735965
3.796602 -10.595847 -2.278223
3.186301 -10.665053 -3.837412
3.078649 -11.116695 -2.343490
-3.314158 -11.742777 -7.257435
-1.059385 -11.450411 -7.076743
-2.772226 -11.263239 -7.932893
-2.781902 -12.188930 -6.375067
2.809315 -9.954010 -6.151917
0.999980 -10.808323 -6.679911
2.411763 -9.798717 -6.901405
2.408697 -10.553727 -5.519821
-1.665672 -10.155262 -9.110107
-0.542649 -10.906612 -7.663868
-2.218938 -10.730124 -8.556064
-0.544126 -9.945541 -8.928999
-1.632261 -11.132791 -7.828889
-1.677271 -12.772508 -4.539302
-0.549420 -11.770316 -6.175617
-2.230263 -12.533845 -5.459582
-0.547827 -12.489561 -4.432012
-1.637836 -12.026357 -6.303248
1.530613 -9.331835 -8.371426
0.526767 -10.587398 -7.439562
1.983342 -9.590849 -7.647621
0.528698 -9.663548 -8.675829
1.497827 -10.215886 -7.184097
0.000000 -10.306769 -8.193579
1.529322 -11.645869 -4.138899
0.532750 -11.413200 -5.988246
1.979328 -11.123612 -4.845303
0.530961 -12.105054 -4.295567
1.499095 -11.007607 -5.769302
0.000000 -11.982730 -5.244770
-5.510328 9.358210 -0.715677
-5.081843 9.560156 -2.164221
-4.922474 9.869227 -0.727453
-3.963955 9.578365 -5.120351
-4.568934 9.639003 -3.634610
-3.647685 10.895441 -0.760476
-4.465459 10.073829 -2.207297
-4.300163 10.385584 -0.743371
-4.703774 9.987478 -1.467257
-0.531778 7.485323 -10.719295
-1.538211 8.333052 -9.456073
-3.259541 9.356988 -6.606336
-2.450768 8.950217 -8.065561
-0.528384 12.770315 -0.854943
-1.524343 12.077171 -2.466438
-1.375943 12.360837 -0.831529
-3.246868 10.078169 -5.253543
-2.430356 11.160457 -3.932399
-3.585345 10.135444 -4.497202
-2.921664 11.418977 -0.786356
-2.318178 11.618547 -2.397441
-2.178047 11.902920 -0.807744
-3.373353 11.027986 -1.542461
-1.859388 12.016803 -1.634953
-4.187793 10.133639 -2.984840
-2.770275 11.155334 -3.148012
-3.900938 10.152720 -3.735965
-3.796602 10.595847 -2.278223
-3.186301 10.665053 -3.837412
-3.078649 11.116695 -2.343490
8.084820 13.730480 -1.050050
7.129060 13.411460 -3.036076
6.903339 13.840726 -1.020189
5.026108 12.144916 -6.492365
6.092063 12.852323 -4.846267
4.640198 13.860025 -0.967398
5.995981 13.526602 -2.963841
5.746263 13.878147 -0.993359
6.461362 13.719348 -2.015505
0.545334 7.676144 -10.992557
1.666654 9.028877 -10.245672
0.000000 8.176789 -10.410789
3.932035 11.287479 -7.969325
2.806452 10.249174 -9.236126
-1.034695 8.997178 -9.104374
1.093602 9.509403 -9.622702
-0.530101 8.619997 -9.774358
0.544765 8.858457 -10.044753
0.545380 13.181080 -0.882443
1.673563 13.259424 -2.707882
1.497328 13.451303 -0.904886
0.000000 12.905131 -1.738706
3.947125 12.251743 -6.386582
2.822639 12.961860 -4.567126
4.468124 12.630980 -5.604497
3.526834 13.784211 -0.949235
2.680168 13.432819 -2.771809
2.498117 13.652087 -0.926444
4.200064 13.730626 -1.920474
2.087146 13.488755 -1.835220
-1.030020 12.140870 -3.355654
1.095799 12.916203 -3.569951
-0.529049 12.553929 -2.569748
0.545990 12.955908 -2.652032
5.482800 13.267301 -3.907853
3.295644 13.270884 -3.745015
4.983915 12.971314 -4.773143
4.859301 13.561710 -2.915916
3.886109 13.007421 -4.680224
3.747290 13.531092 -2.852465
-2.809315 9.954010 -6.151917
-0.999980 10.808323 -6.679911
-2.411763 9.798717 -6.901405
-2.408697 10.553727 -5.519821
3.314158 11.742777 -7.257435
1.059385 11.450411 -7.076743
2.772226 11.263239 -7.932893
2.781902 12.188930 -6.375067
-1.530613 9.331835 -8.371426
-0.526767 10.587398 -7.439562
-1.983342 9.590849 -7.647621
-0.528698 9.663548 -8.675829
-1.497827 10.215886 -7.184097
-1.529322 11.645869 -4.138899
-0.532750 11.413200 -5.988246
-1.979328 11.123612 -4.845303
-0.530961 12.105054 -4.295567
-1.499095 11.007607 -5.769302
1.665672 10.155262 -9.110107
0.542649 10.906612 -7.663868
2.218938 10.730124 -8.556064
0.544126 9.945541 -8.928999
1.632261 11.132791 -7.828889
0.000000 10.306769 -8.193579
1.677271 12.772508 -4.539302
0.549420 11.770316 -6.175617
2.230263 12.533845 -5.459582
0.547827 12.489561 -4.432012
1.637836 12.026357 -6.303248
0.000000 11.982730 -5.244770
0.000000 -6.179705 -11.744300
0.000000 -4.503940 -12.494149
0.000000 -0.918319 -13.249932
0.000000 -2.737631 -12.997676
0.000000 6.179705 -11.744300
0.000000 4.503940 -12.494149
0.000000 0.918319 -13.249932
0.000000 2.737631 -12.997676
9.438335 13.516089 -0.670525
11.016801 12.501503 -2.033608
8.977765 13.455605 -1.732468
12.434990 8.779505 -4.331774
11.958270 10.776292 -3.274440
7.914239 13.033585 -3.723620
10.467168 12.367458 -3.091624
8.458704 13.281288 -2.758076
9.789785 13.003288 -2.425883
12.014073 0.918786 -7.074160
12.596440 2.851573 -6.695824
12.692275 6.784969 -5.252630
12.781271 4.819476 -6.058384
5.663136 11.630114 -7.187806
8.003502 11.109949 -6.866326
6.221925 12.021980 -6.394650
11.917578 8.658411 -5.351192
10.171241 10.130395 -6.260928
11.699713 9.644878 -4.859726
7.341047 12.720122 -4.683112
8.604969 11.471474 -6.013684
6.783467 12.387408 -5.554948
8.619656 12.493822 -4.432612
7.426872 11.800372 -6.236189
11.013415 11.532096 -3.749662
9.769750 10.998119 -5.705335
11.406852 10.620503 -4.324759
9.873610 12.112155 -4.124139
10.799891 10.395586 -5.324147
9.243549 11.803450 -5.101542
6.144287 -8.798875 -0.436507
6.996158 -7.939009 -1.291432
5.954760 -8.924816 -1.149109
8.588012 -6.063414 -2.991665
7.804771 -7.033333 -2.137120
5.519086 -9.089120 -2.596709
6.795351 -8.029030 -2.007102
5.746002 -9.021986 -1.873563
6.384162 -8.479767 -1.581979
11.382621 -0.870495 -6.702347
10.807850 -2.446673 -5.745073
9.356208 -5.001592 -3.872016
10.106191 -3.810774 -4.790383
4.389178 -9.013847 -5.570864
5.799283 -8.050194 -4.975293
4.702992 -9.087103 -4.833550
8.354266 -6.069578 -3.751206
7.102978 -7.074454 -4.372253
7.980756 -6.579086 -3.314977
5.264520 -9.122041 -3.358422
6.073825 -8.097150 -4.244764
4.995790 -9.122900 -4.091028
5.935469 -8.603208 -3.052283
5.406770 -8.590684 -4.539952
7.209062 -7.548576 -2.454420
6.738287 -7.585505 -3.935023
7.597484 -7.073740 -2.880487
6.584051 -8.076788 -2.750113
7.363065 -7.087421 -3.629855
6.342965 -8.099581 -3.500701
0.856109 -6.591579 -11.194503
2.473900 -5.809006 -10.928124
1.367150 -7.084665 -10.618283
0.858940 -5.812211 -11.653089
5.435666 -4.208057 -10.168206
3.988794 -5.014166 -10.578301
2.332784 -7.898000 -9.331863
2.949282 -6.268450 -10.323212
1.863864 -7.521724 -9.990735
2.176831 -6.676092 -10.482350
0.866131 -4.154465 -12.409167
2.494810 -5.047110 -11.386003
0.863269 -4.993733 -12.060668
1.694029 -5.430766 -11.531093
10.959688 -0.543704 -7.653191
9.627391 -1.566079 -8.484025
10.754022 -1.384627 -7.175232
6.846877 -3.378223 -9.697683
8.244039 -2.505000 -9.148272
10.192147 -2.911838 -6.188864
9.430616 -2.357471 -7.981580
10.490670 -2.178559 -6.681391
10.096333 -1.883564 -7.601226
3.984316 -8.873424 -6.446759
4.657838 -7.566927 -7.536539
3.616728 -8.707216 -7.177957
4.739617 -8.409125 -6.141244
5.866583 -4.622170 -9.492331
5.282087 -6.156887 -8.546596
5.170129 -5.030479 -9.719873
2.801098 -8.227316 -8.614784
4.279387 -7.327973 -8.249333
3.219625 -8.491983 -7.906575
3.117822 -7.464384 -9.156709
3.957507 -8.027698 -7.727173
6.152552 -7.457799 -5.529112
5.412142 -7.116802 -7.221056
5.464360 -7.933674 -5.833323
5.082350 -7.772812 -6.693727
3.730080 -5.847114 -10.131526
4.596460 -6.577065 -8.768030
4.455055 -5.440324 -9.934670
3.428526 -6.667111 -9.663691
4.888912 -5.822358 -9.251001
3.875034 -7.021224 -8.965676
0.885079 -0.547009 -13.220460
2.602747 -1.608586 -12.744621
0.882063 -1.459563 -13.112040
5.545190 -3.427116 -10.637652
4.176120 -2.580984 -11.852156
4.811996 -3.836311 -10.844903
0.875302 -3.252141 -12.710606
2.577699 -2.492476 -12.492117
0.878172 -2.367953 -12.940752
1.721080 -3.763991 -12.305037
1.749047 -1.989144 -12.855390
3.304414 -4.636162 -11.218602
3.390493 -2.983661 -12.014594
4.062208 -4.241586 -11.039303
2.537173 -4.228135 -11.800205
4.126111 -3.426014 -11.467413
2.566007 -3.370969 -12.172236
8.791097 -5.433197 -4.280712
8.290631 -5.123892 -5.972492
9.151601 -4.867858 -4.736372
8.151501 -5.953100 -4.594413
6.684584 -4.131300 -9.200770
7.594849 -4.693874 -7.625471
7.366495 -3.711726 -8.935922
6.379299 -4.923340 -8.735090
9.849552 -3.626267 -5.684381
8.600006 -4.508376 -6.451026
9.507924 -4.263687 -5.206633
9.546847 -3.387072 -6.586499
8.899269 -4.703031 -5.600987
6.851479 -6.951846 -5.210371
7.604387 -5.637790 -6.273485
7.502534 -6.460972 -4.905625
6.527290 -6.813595 -6.064039
7.900462 -5.808903 -5.441485
8.728017 -2.837916 -8.335455
8.236907 -4.272941 -7.316935
8.051423 -3.278608 -8.647556
9.172065 -3.123051 -7.476901
7.831413 -4.010894 -8.135993
8.890833 -3.842687 -6.962613
5.750129 -6.398490 -7.755912
7.240077 -5.426398 -7.135548
6.065953 -5.682276 -8.250065
6.158518 -6.628987 -6.919753
6.839300 -5.192878 -7.941852
6.891966 -6.133788 -6.602368
0.888828 6.843498 -11.622338
2.740242 6.434406 -12.104650
1.457577 7.553259 -11.320598
0.888784 6.014158 -12.057979
6.435108 4.981782 -12.037809
4.621994 5.810137 -12.257548
2.630265 8.905166 -10.521878
3.360262 7.141952 -11.761742
2.043640 8.247222 -10.954378
2.405062 7.376049 -11.581375
0.888748 4.262949 -12.733201
2.733846 5.530690 -12.476932
0.889783 5.147109 -12.431096
1.808057 5.796319 -12.307269
11.328963 0.562023 -7.911057
10.571147 1.719599 -9.315698
11.716304 1.508525 -7.817280
10.693387 0.000000 -8.398746
8.081088 3.987178 -11.445777
9.478721 2.880165 -10.518378
12.194795 3.483983 -7.404910
10.857525 2.714170 -9.189241
12.009008 2.493867 -7.648403
11.328808 2.113494 -8.529119
9.317722 -1.058941 -9.208014
9.908763 1.126112 -9.792096
10.014421 -0.543120 -8.831708
10.340927 0.560828 -9.119653
4.992413 11.118543 -8.077893
5.906548 9.595529 -9.556995
4.421040 10.643584 -8.774239
6.162922 10.934382 -7.985458
7.144263 5.628829 -11.559660
6.643152 7.743367 -10.748846
6.251260 6.082408 -11.752406
3.250478 9.547223 -9.996852
5.296717 9.070037 -10.210429
3.835963 10.117617 -9.420144
3.646242 8.729474 -10.708621
4.879950 9.898849 -9.528275
8.445485 10.237171 -7.589701
7.042008 9.260027 -9.395676
7.327908 10.639349 -7.822701
6.627248 10.135538 -8.728441
4.364366 6.841394 -11.854354
5.679569 8.126884 -10.834129
5.314705 6.490092 -11.851670
4.021731 7.820657 -11.335707
5.995420 7.140132 -11.344779
4.674043 8.468958 -10.814345
0.888253 0.548970 -13.267868
2.685142 1.659509 -13.148074
0.890502 1.473527 -13.237482
1.775264 0.000000 -13.176471
6.382867 3.944829 -12.244616
4.526821 2.797730 -12.847474
5.522895 4.403067 -12.447072
0.893637 3.320264 -12.976856
2.704502 2.615086 -13.106634
0.891712 2.404465 -13.140284
1.804903 3.947311 -12.904337
1.794878 2.041267 -13.192244
3.492342 -1.071977 -12.635411
3.589971 1.101944 -12.988638
2.653290 -0.546249 -12.962056
2.681700 0.552098 -13.100847
3.701045 5.192644 -12.565180
3.657841 3.218930 -12.961972
4.619649 4.823643 -12.554184
2.746362 4.576744 -12.773129
4.587814 3.809379 -12.750594
2.736950 3.595537 -12.983128
12.108574 7.483510 -5.896116
11.004656 6.801252 -7.927650
12.219798 6.499872 -6.324304
11.380509 8.311267 -6.414372
8.145547 5.034225 -11.211663
9.695437 5.992109 -9.734529
8.923943 4.496471 -10.825183
7.977932 6.157114 -10.924077
12.280274 4.521175 -7.087201
11.098495 5.818158 -8.325190
12.282231 5.507783 -6.725871
11.699584 4.150829 -8.071701
11.685938 6.175713 -7.354849
9.553170 9.693114 -7.264936
10.177471 7.545440 -8.396234
10.518674 9.058387 -6.877766
8.867859 9.256828 -8.238494
10.796065 7.937928 -7.435847
10.279175 3.342275 -9.816847
10.427093 5.409112 -9.262502
9.641460 3.926085 -10.355320
11.029399 3.755465 -8.990966
9.711574 4.973827 -10.089277
11.105259 4.799779 -8.696780
7.424648 8.261822 -10.014544
9.480028 7.105229 -9.343160
7.732651 7.243555 -10.516877
8.156724 8.779843 -9.164951
8.761736 6.652528 -10.174201
9.215185 8.201433 -8.827966
6.409374 -2.926885 -10.370585
6.885513 -1.030758 -11.140993
7.131742 -2.492256 -10.125753
5.775282 -2.520173 -11.042160
7.343648 3.353528 -11.882272
7.230865 1.082457 -11.699785
8.086471 2.825895 -11.481291
6.425708 2.804000 -12.285755
8.575240 -1.567878 -9.559031
7.646523 -0.541421 -10.881930
7.858320 -2.037984 -9.855085
8.904610 -0.542640 -9.918375
7.402720 -1.543408 -10.526772
4.329086 -1.599596 -12.181009
6.162770 -0.548277 -11.745833
5.076343 -2.073709 -11.654024
4.426996 -0.547207 -12.475425
5.984480 -1.555008 -11.418160
9.365487 1.712365 -10.439939
7.858459 0.556428 -11.183540
8.767022 2.273648 -10.994685
9.177921 0.559295 -10.222803
8.007955 1.669595 -11.387425
8.414724 0.000000 -10.584949
4.555981 1.683434 -12.819439
6.308790 0.561267 -12.024137
5.485891 2.241011 -12.594245
4.504842 0.556829 -12.694799
6.397455 1.662315 -12.206100
5.372272 0.000000 -12.274033
9.438335 13.516089 0.670525
11.016801 12.501503 2.033608
8.977765 13.455605 1.732468
10.389302 13.227787 0.000000
12.434990 8.779505 4.331774
11.958270 10.776292 3.274440
7.914239 13.033585 3.723620
10.467168 12.367458 3.091624
8.458704 13.281288 2.758076
9.789785 13.003288 2.425883
11.861101 12.002419 -1.364052
11.861101 12.002419 1.364052
11.220303 12.722888 -0.690011
11.220303 12.722888 0.690011
12.014073 0.918786 7.074160
12.596440 2.851573 6.695824
12.692275 6.784969 5.252630
12.781271 4.819476 6.058384
5.663136 11.630114 7.187806
8.003502 11.109949 6.866326
6.221925 12.021980 6.394650
11.917578 8.658411 5.351192
10.171241 10.130395 6.260928
11.699713 9.644878 4.859726
7.341047 12.720122 4.683112
8.604969 11.471474 6.013684
6.783467 12.387408 5.554948
8.619656 12.493822 4.432612
7.426872 11.800372 6.236189
11.013415 11.532096 3.749662
9.769750 10.998119 5.705335
11.406852 10.620503 4.324759
9.873610 12.112155 4.124139
10.799891 10.395586 5.324147
9.243549 11.803450 5.101542
12.991779 8.029361 -3.666663
13.520334 8.356026 -1.250893
12.845346 9.047198 -3.161631
12.991779 8.029361 3.666663
13.520334 8.356026 1.250893
12.845346 9.047198 3.161631
12.336096 11.066496 -2.023374
13.319184 9.359135 -0.662685
12.637700 10.077141 -2.613416
12.539506 11.257832 -0.686043
13.153075 9.249610 -1.928470
12.336096 11.066496 2.023374
13.319184 9.359135 0.662685
12.637700 10.077141 2.613416
12.539506 11.257832 0.686043
13.153075 9.249610 1.928470
13.013817 10.345603 0.000000
6.144287 -8.798875 0.436507
6.996158 -7.939009 1.291432
5.954760 -8.924816 1.149109
6.591295 -8.392118 0.000000
8.588012 -6.063414 2.991665
7.804771 -7.033333 2.137120
5.519086 -9.089120 2.596709
6.795351 -8.029030 2.007102
5.746002 -9.021986 1.873563
6.384162 -8.479767 1.581979
7.452253 -7.541042 -0.857025
7.452253 -7.541042 0.857025
7.029142 -7.970461 -0.432268
7.029142 -7.970461 0.432268
11.382621 -0.870495 6.702347
10.807850 -2.446673 5.745073
9.356208 -5.001592 3.872016
10.106191 -3.810774 4.790383
4.389178 -9.013847 5.570864
5.799283 -8.050194 4.975293
4.702992 -9.087103 4.833550
8.354266 -6.069578 3.751206
7.102978 -7.074454 4.372253
7.980756 -6.579086 3.314977
5.264520 -9.122041 3.358422
6.073825 -8.097150 4.244764
4.995790 -9.122900 4.091028
5.935469 -8.603208 3.052283
5.406770 -8.590684 4.539952
7.209062 -7.548576 2.454420
6.738287 -7.585505 3.935023
7.597484 -7.073740 2.880487
6.584051 -8.076788 2.750113
7.363065 -7.087421 3.629855
6.342965 -8.099581 3.500701
9.113890 -5.632694 -2.572209
9.271925 -5.730365 -0.857833
8.708879 -6.133814 -2.143520
9.113890 -5.632694 2.572209
9.271925 -5.730365 0.857833
8.708879 -6.133814 2.143520
7.888193 -7.076360 -1.293826
8.829379 -6.204235 -0.439298
8.298161 -6.616848 -1.716020
7.919156 -7.109732 -0.433261
8.789320 -6.180895 -1.288668
7.888193 -7.076360 1.293826
8.829379 -6.204235 0.439298
8.298161 -6.616848 1.716020
7.919156 -7.109732 0.433261
8.789320 -6.180895 1.288668
8.380464 -6.662223 0.000000
0.856109 -6.591579 11.194503
2.473900 -5.809006 10.928124
1.367150 -7.084665 10.618283
0.858940 -5.812211 11.653089
5.435666 -4.208057 10.168206
3.988794 -5.014166 10.578301
2.332784 -7.898000 9.331863
2.949282 -6.268450 10.323212
1.863864 -7.521724 9.990735
2.176831 -6.676092 10.482350
0.866131 -4.154465 12.409167
2.494810 -5.047110 11.386003
0.863269 -4.993733 12.060668
1.694029 -5.430766 11.531093
10.959688 -0.543704 7.653191
9.627391 -1.566079 8.484025
10.754022 -1.384627 7.175232
6.846877 -3.378223 9.697683
8.244039 -2.505000 9.148272
10.192147 -2.911838 6.188864
9.430616 -2.357471 7.981580
10.490670 -2.178559 6.681391
10.096333 -1.883564 7.601226
3.984316 -8.873424 6.446759
4.657838 -7.566927 7.536539
3.616728 -8.707216 7.177957
4.739617 -8.409125 6.141244
5.866583 -4.622170 9.492331
5.282087 -6.156887 8.546596
5.170129 -5.030479 9.719873
2.801098 -8.227316 8.614784
4.279387 -7.327973 8.249333
3.219625 -8.491983 7.906575
3.117822 -7.464384 9.156709
3.957507 -8.027698 7.727173
6.152552 -7.457799 5.529112
5.412142 -7.116802 7.221056
5.464360 -7.933674 5.833323
5.082350 -7.772812 6.693727
3.730080 -5.847114 10.131526
4.596460 -6.577065 8.768030
4.455055 -5.440324 9.934670
3.428526 -6.667111 9.663691
4.888912 -5.822358 9.251001
3.875034 -7.021224 8.965676
0.885079 -0.547009 13.220460
2.602747 -1.608586 12.744621
0.882063 -1.459563 13.112040
5.545190 -3.427116 10.637652
4.176120 -2.580984 11.852156
4.811996 -3.836311 10.844903
0.875302 -3.252141 12.710606
2.577699 -2.492476 12.492117
0.878172 -2.367953 12.940752
1.721080 -3.763991 12.305037
1.749047 -1.989144 12.855390
3.304414 -4.636162 11.218602
3.390493 -2.983661 12.014594
4.062208 -4.241586 11.039303
2.537173 -4.228135 11.800205
4.126111 -3.426014 11.467413
2.566007 -3.370969 12.172236
8.791097 -5.433197 4.280712
8.290631 -5.123892 5.972492
9.151601 -4.867858 4.736372
8.151501 -5.953100 4.594413
6.684584 -4.131300 9.200770
7.594849 -4.693874 7.625471
7.366495 -3.711726 8.935922
6.379299 -4.923340 8.735090
9.849552 -3.626267 5.684381
8.600006 -4.508376 6.451026
9.507924 -4.263687 5.206633
9.546847 -3.387072 6.586499
8.899269 -4.703031 5.600987
6.851479 -6.951846 5.210371
7.604387 -5.637790 6.273485
7.502534 -6.460972 4.905625
6.527290 -6.813595 6.064039
7.900462 -5.808903 5.441485
8.728017 -2.837916 8.335455
8.236907 -4.272941 7.316935
8.051423 -3.278608 8.647556
9.172065 -3.123051 7.476901
7.831413 -4.010894 8.135993
8.890833 -3.842687 6.962613
5.750129 -6.398490 7.755912
7.240077 -5.426398 7.135548
6.065953 -5.682276 8.250065
6.158518 -6.628987 6.919753
6.839300 -5.192878 7.941852
6.891966 -6.133788 6.602368
0.888828 6.843498 11.622338
2.740242 6.434406 12.104650
1.457577 7.553259 11.320598
0.888784 6.014158 12.057979
6.435108 4.981782 12.037809
4.621994 5.810137 12.257548
2.630265 8.905166 10.521878
3.360262 7.141952 11.761742
2.043640 8.247222 10.954378
2.405062 7.376049 11.581375
0.888748 4.262949 12.733201
2.733846 5.530690 12.476932
0.889783 5.147109 12.431096
1.808057 5.796319 12.307269
11.328963 0.562023 7.911057
10.571147 1.719599 9.315698
11.716304 1.508525 7.817280
10.693387 0.000000 8.398746
8.081088 3.987178 11.445777
9.478721 2.880165 10.518378
12.194795 3.483983 7.404910
10.857525 2.714170 9.189241
12.009008 2.493867 7.648403
11.328808 2.113494 8.529119
9.317722 -1.058941 9.208014
9.908763 1.126112 9.792096
10.014421 -0.543120 8.831708
10.340927 0.560828 9.119653
4.992413 11.118543 8.077893
5.906548 9.595529 9.556995
4.421040 10.643584 8.774239
6.162922 10.934382 7.985458
7.144263 5.628829 11.559660
6.643152 7.743367 10.748846
6.251260 6.082408 11.752406
3.250478 9.547223 9.996852
5.296717 9.070037 10.210429
3.835963 10.117617 9.420144
3.646242 8.729474 10.708621
4.879950 9.898849 9.528275
8.445485 10.237171 7.589701
7.042008 9.260027 9.395676
7.327908 10.639349 7.822701
6.627248 10.135538 8.728441
4.364366 6.841394 11.854354
5.679569 8.126884 10.834129
5.314705 6.490092 11.851670
4.021731 7.820657 11.335707
5.995420 7.140132 11.344779
4.674043 8.468958 10.814345
0.888253 0.548970 13.267868
2.685142 1.659509 13.148074
0.890502 1.473527 13.237482
1.775264 0.000000 13.176471
6.382867 3.944829 12.244616
4.526821 2.797730 12.847474
5.522895 4.403067 12.447072
0.893637 3.320264 12.976856
2.704502 2.615086 13.106634
0.891712 2.404465 13.140284
1.804903 3.947311 12.904337
1.794878 2.041267 13.192244
3.492342 -1.071977 12.635411
3.589971 1.101944 12.988638
2.653290 -0.546249 12.962056
2.681700 0.552098 13.100847
3.701045 5.192644 12.565180
3.657841 3.218930 12.961972
4.619649 4.823643 12.554184
2.746362 4.576744 12.773129
4.587814 3.809379 12.750594
2.736950 3.595537 12.983128
12.108574 7.483510 5.896116
11.004656 6.801252 7.927650
12.219798 6.499872 6.324304
11.380509 8.311267 6.414372
8.145547 5.034225 11.211663
9.695437 5.992109 9.734529
8.923943 4.496471 10.825183
7.977932 6.157114 10.924077
12.280274 4.521175 7.087201
11.098495 5.818158 8.325190
12.282231 5.507783 6.725871
11.699584 4.150829 8.071701
11.685938 6.175713 7.354849
9.553170 9.693114 7.264936
10.177471 7.545440 8.396234
10.518674 9.058387 6.877766
8.867859 9.256828 8.238494
10.796065 7.937928 7.435847
10.279175 3.342275 9.816847
10.427093 5.409112 9.262502
9.641460 3.926085 10.355320
11.029399 3.755465 8.990966
9.711574 4.973827 10.089277
11.105259 4.799779 8.696780
7.424648 8.261822 10.014544
9.480028 7.105229 9.343160
7.732651 7.243555 10.516877
8.156724 8.779843 9.164951
8.761736 6.652528 10.174201
9.215185 8.201433 8.827966
6.409374 -2.926885 10.370585
6.885513 -1.030758 11.140993
7.131742 -2.492256 10.125753
5.775282 -2.520173 11.042160
7.343648 3.353528 11.882272
7.230865 1.082457 11.699785
8.086471 2.825895 11.481291
6.425708 2.804000 12.285755
8.575240 -1.567878 9.559031
7.646523 -0.541421 10.881930
7.858320 -2.037984 9.855085
8.904610 -0.542640 9.918375
7.402720 -1.543408 10.526772
4.329086 -1.599596 12.181009
6.162770 -0.548277 11.745833
5.076343 -2.073709 11.654024
4.426996 -0.547207 12.475425
5.984480 -1.555008 11.418160
9.365487 1.712365 10.439939
7.858459 0.556428 11.183540
8.767022 2.273648 10.994685
9.177921 0.559295 10.222803
8.007955 1.669595 11.387425
8.414724 0.000000 10.584949
4.555981 1.683434 12.819439
6.308790 0.561267 12.024137
5.485891 2.241011 12.594245
4.504842 0.556829 12.694799
6.397455 1.662315 12.206100
5.372272 0.000000 12.274033
12.053562 0.000000 -6.342435
12.815792 0.000000 -4.619888
12.481015 0.919966 -6.225156
11.820932 -0.871312 -5.895926
13.584466 0.000000 -0.941505
13.327670 0.000000 -2.807136
13.040818 2.857400 -5.780646
13.226463 0.923176 -4.428088
12.816217 1.882826 -6.036017
12.888114 0.922495 -5.336339
11.175551 -2.448698 -4.953823
12.522956 -0.874073 -4.192561
11.520218 -1.692431 -5.425644
12.203285 -0.873477 -5.052784
12.053562 0.000000 6.342435
12.815792 0.000000 4.619888
12.481015 0.919966 6.225156
11.820932 -0.871312 5.895926
13.584466 0.000000 0.941505
13.327670 0.000000 2.807136
13.040818 2.857400 5.780646
13.226463 0.923176 4.428088
12.816217 1.882826 6.036017
12.888114 0.922495 5.336339
11.175551 -2.448698 4.953823
12.522956 -0.874073 4.192561
11.520218 -1.692431 5.425644
12.203285 -0.873477 5.052784
13.116138 6.837174 -4.225606
13.840278 4.876637 -3.013928
13.183216 5.849530 -4.663474
13.447462 7.033305 -3.069139
13.929201 0.932528 -0.576334
14.138027 2.887313 -1.784458
13.856840 0.932167 -1.542470
13.170128 3.879231 -5.442643
13.828135 3.902271 -3.434029
13.206976 4.859861 -5.074463
13.426276 2.886796 -4.810774
13.562960 4.880113 -4.052082
13.811515 7.246587 -0.644699
14.039433 4.989563 -1.843642
13.686531 7.173378 -1.863931
13.793598 6.008314 -2.454423
13.512067 0.930494 -3.457203
13.977726 2.884248 -2.788890
13.716747 0.930832 -2.509948
13.542952 1.894224 -4.142657
13.988874 1.903264 -2.164531
13.740782 2.896669 -3.805361
9.594366 -5.001346 -3.091002
10.844217 -3.820972 -2.361490
9.996485 -4.435544 -3.536189
9.717163 -5.082281 -2.217766
13.183644 -0.882614 -0.545486
12.079869 -2.466989 -1.524683
13.115024 -0.882264 -1.459895
10.788486 -3.177724 -4.458413
11.289551 -3.185887 -2.803606
10.398112 -3.826264 -3.995224
11.482613 -2.468887 -4.114339
10.645049 -3.830214 -3.180324
9.840498 -5.163085 -0.459339
10.933660 -3.885783 -1.435796
9.799619 -5.136171 -1.334583
10.328107 -4.498791 -1.837776
12.788537 -0.880669 -3.272080
11.946800 -2.465175 -2.383672
12.982747 -0.881022 -2.375638
12.161298 -1.700975 -3.720022
12.555562 -1.708254 -1.942751
11.740843 -2.475066 -3.251500
13.116138 6.837174 4.225606
13.840278 4.876637 3.013928
13.183216 5.849530 4.663474
13.447462 7.033305 3.069139
13.929201 0.932528 0.576334
14.138027 2.887313 1.784458
13.856840 0.932167 1.542470
14.151942 1.906689 0.000000
13.170128 3.879231 5.442643
13.828135 3.902271 3.434029
13.206976 4.859861 5.074463
13.426276 2.886796 4.810774
13.562960 4.880113 4.052082
13.811515 7.246587 0.644699
14.039433 4.989563 1.843642
13.686531 7.173378 1.863931
14.017371 6.135321 0.000000
13.793598 6.008314 2.454423
13.512067 0.930494 3.457203
13.977726 2.884248 2.788890
13.716747 0.930832 2.509948
13.542952 1.894224 4.142657
13.988874 1.903264 2.164531
13.740782 2.896669 3.805361
14.195906 3.923652 -1.204368
14.195906 3.923652 1.204368
14.236707 2.914207 -0.599965
14.148164 5.020580 -0.620578
14.236707 2.914207 0.599965
14.148164 5.020580 0.620578
9.594366 -5.001346 3.091002
10.844217 -3.820972 2.361490
9.996485 -4.435544 3.536189
9.717163 -5.082281 2.217766
13.183644 -0.882614 0.545486
12.079869 -2.466989 1.524683
13.115024 -0.882264 1.459895
12.700011 -1.711071 0.000000
10.788486 -3.177724 4.458413
11.289551 -3.185887 2.803606
10.398112 -3.826264 3.995224
11.482613 -2.468887 4.114339
10.645049 -3.830214 3.180324
9.840498 -5.163085 0.459339
10.933660 -3.885783 1.435796
9.799619 -5.136171 1.334583
10.414852 -4.558519 0.000000
10.328107 -4.498791 1.837776
12.788537 -0.880669 3.272080
11.946800 -2.465175 2.383672
12.982747 -0.881022 2.375638
12.161298 -1.700975 3.720022
12.555562 -1.708254 1.942751
11.740843 -2.475066 3.251500
11.563743 -3.196140 -0.981057
11.563743 -3.196140 0.981057
12.147227 -2.486498 -0.511910
10.995198 -3.901727 -0.482280
12.147227 -2.486498 0.511910
10.995198 -3.901727 0.482280
-6.144287 8.798875 -0.436507
-6.996158 7.939009 -1.291432
-5.954760 8.924816 -1.149109
-8.588012 6.063414 -2.991665
-7.804771 7.033333 -2.137120
-5.519086 9.089120 -2.596709
-6.795351 8.029030 -2.007102
-5.746002 9.021986 -1.873563
-6.384162 8.479767 -1.581979
-11.382621 0.870495 -6.702347
-10.807850 2.446673 -5.745073
-9.356208 5.001592 -3.872016
-10.106191 3.810774 -4.790383
-4.389178 9.013847 -5.570864
-5.799283 8.050194 -4.975293
-4.702992 9.087103 -4.833550
-8.354266 6.069578 -3.751206
-7.102978 7.074454 -4.372253
-7.980756 6.579086 -3.314977
-5.264520 9.122041 -3.358422
-6.073825 8.097150 -4.244764
-4.995790 9.122900 -4.091028
-5.935469 8.603208 -3.052283
-5.406770 8.590684 -4.539952
-7.209062 7.548576 -2.454420
-6.738287 7.585505 -3.935023
-7.597484 7.073740 -2.880487
-6.584051 8.076788 -2.750113
-7.363065 7.087421 -3.629855
-6.342965 8.099581 -3.500701
-9.438335 -13.516089 -0.670525
-11.016801 -12.501503 -2.033608
-8.977765 -13.455605 -1.732468
-12.434990 -8.779505 -4.331774
-11.958270 -10.776292 -3.274440
-7.914239 -13.033585 -3.723620
-10.467168 -12.367458 -3.091624
-8.458704 -13.281288 -2.758076
-9.789785 -13.003288 -2.425883
-12.014073 -0.918786 -7.074160
-12.596440 -2.851573 -6.695824
-12.692275 -6.784969 -5.252630
-12.781271 -4.819476 -6.058384
-5.663136 -11.630114 -7.187806
-8.003502 -11.109949 -6.866326
-6.221925 -12.021980 -6.394650
-11.917578 -8.658411 -5.351192
-10.171241 -10.130395 -6.260928
-11.699713 -9.644878 -4.859726
-7.341047 -12.720122 -4.683112
-8.604969 -11.471474 -6.013684
-6.783467 -12.387408 -5.554948
-8.619656 -12.493822 -4.432612
-7.426872 -11.800372 -6.236189
-11.013415 -11.532096 -3.749662
-9.769750 -10.998119 -5.705335
-11.406852 -10.620503 -4.324759
-9.873610 -12.112155 -4.124139
-10.799891 -10.395586 -5.324147
-9.243549 -11.803450 -5.101542
-0.888828 -6.843498 -11.622338
-2.740242 -6.434406 -12.104650
-1.457577 -7.553259 -11.320598
-0.888784 -6.014158 -12.057979
-6.435108 -4.981782 -12.037809
-4.621994 -5.810137 -12.257548
-2.630265 -8.905166 -10.521878
-3.360262 -7.141952 -11.761742
-2.043640 -8.247222 -10.954378
-2.405062 -7.376049 -11.581375
-0.888748 -4.262949 -12.733201
-2.733846 -5.530690 -12.476932
-0.889783 -5.147109 -12.431096
-1.808057 -5.796319 -12.307269
-11.328963 -0.562023 -7.911057
-10.571147 -1.719599 -9.315698
-11.716304 -1.508525 -7.817280
-8.081088 -3.987178 -11.445777
-9.478721 -2.880165 -10.518378
-12.194795 -3.483983 -7.404910
-10.857525 -2.714170 -9.189241
-12.009008 -2.493867 -7.648403
-11.328808 -2.113494 -8.529119
-4.992413 -11.118543 -8.077893
-5.906548 -9.595529 -9.556995
-4.421040 -10.643584 -8.774239
-6.162922 -10.934382 -7.985458
-7.144263 -5.628829 -11.559660
-6.643152 -7.743367 -10.748846
-6.251260 -6.082408 -11.752406
-3.250478 -9.547223 -9.996852
-5.296717 -9.070037 -10.210429
-3.835963 -10.117617 -9.420144
-3.646242 -8.729474 -10.708621
-4.879950 -9.898849 -9.528275
-8.445485 -10.237171 -7.589701
-7.042008 -9.260027 -9.395676
-7.327908 -10.639349 -7.822701
-6.627248 -10.135538 -8.728441
-4.364366 -6.841394 -11.854354
-5.679569 -8.126884 -10.834129
-5.314705 -6.490092 -11.851670
-4.021731 -7.820657 -11.335707
-5.995420 -7.140132 -11.344779
-4.674043 -8.468958 -10.814345
-0.888253 -0.548970 -13.267868
-2.685142 -1.659509 -13.148074
-0.890502 -1.473527 -13.237482
-6.382867 -3.944829 -12.244616
-4.526821 -2.797730 -12.847474
-5.522895 -4.403067 -12.447072
-0.893637 -3.320264 -12.976856
-2.704502 -2.615086 -13.106634
-0.891712 -2.404465 -13.140284
-1.804903 -3.947311 -12.904337
-1.794878 -2.041267 -13.192244
-3.701045 -5.192644 -12.565180
-3.657841 -3.218930 -12.961972
-4.619649 -4.823643 -12.554184
-2.746362 -4.576744 -12.773129
-4.587814 -3.809379 -12.750594
-2.736950 -3.595537 -12.983128
-12.108574 -7.483510 -5.896116
-11.004656 -6.801252 -7.927650
-12.219798 -6.499872 -6.324304
-11.380509 -8.311267 -6.414372
-8.145547 -5.034225 -11.211663
-9.695437 -5.992109 -9.734529
-8.923943 -4.496471 -10.825183
-7.977932 -6.157114 -10.924077
-12.280274 -4.521175 -7.087201
-11.098495 -5.818158 -8.325190
-12.282231 -5.507783 -6.725871
-11.699584 -4.150829 -8.071701
-11.685938 -6.175713 -7.354849
-9.553170 -9.693114 -7.264936
-10.177471 -7.545440 -8.396234
-10.518674 -9.058387 -6.877766
-8.867859 -9.256828 -8.238494
-10.796065 -7.937928 -7.435847
-10.279175 -3.342275 -9.816847
-10.427093 -5.409112 -9.262502
-9.641460 -3.926085 -10.355320
-11.029399 -3.755465 -8.990966
-9.711574 -4.973827 -10.089277
-11.105259 -4.799779 -8.696780
-7.424648 -8.261822 -10.014544
-9.480028 -7.105229 -9.343160
-7.732651 -7.243555 -10.516877
-8.156724 -8.779843 -9.164951
-8.761736 -6.652528 -10.174201
-9.215185 -8.201433 -8.827966
-0.856109 6.591579 -11.194503
-2.473900 5.809006 -10.928124
-1.367150 7.084665 -10.618283
-0.858940 5.812211 -11.653089
-5.435666 4.208057 -10.168206
-3.988794 5.014166 -10.578301
-2.332784 7.898000 -9.331863
-2.949282 6.268450 -10.323212
-1.863864 7.521724 -9.990735
-2.176831 6.676092 -10.482350
-0.866131 4.154465 -12.409167
-2.494810 5.047110 -11.386003
-0.863269 4.993733 -12.060668
-1.694029 5.430766 -11.531093
-10.959688 0.543704 -7.653191
-9.627391 1.566079 -8.484025
-10.754022 1.384627 -7.175232
-10.693387 0.000000 -8.398746
-6.846877 3.378223 -9.697683
-8.244039 2.505000 -9.148272
-10.192147 2.911838 -6.188864
-9.430616 2.357471 -7.981580
-10.490670 2.178559 -6.681391
-10.096333 1.883564 -7.601226
-9.908763 -1.126112 -9.792096
-9.317722 1.058941 -9.208014
-10.340927 -0.560828 -9.119653
-10.014421 0.543120 -8.831708
-3.984316 8.873424 -6.446759
-4.657838 7.566927 -7.536539
-3.616728 8.707216 -7.177957
-4.739617 8.409125 -6.141244
-5.866583 4.622170 -9.492331
-5.282087 6.156887 -8.546596
-5.170129 5.030479 -9.719873
-2.801098 8.227316 -8.614784
-4.279387 7.327973 -8.249333
-3.219625 8.491983 -7.906575
-3.117822 7.464384 -9.156709
-3.957507 8.027698 -7.727173
-6.152552 7.457799 -5.529112
-5.412142 7.116802 -7.221056
-5.464360 7.933674 -5.833323
-5.082350 7.772812 -6.693727
-3.730080 5.847114 -10.131526
-4.596460 6.577065 -8.768030
-4.455055 5.440324 -9.934670
-3.428526 6.667111 -9.663691
-4.888912 5.822358 -9.251001
-3.875034 7.021224 -8.965676
-0.885079 0.547009 -13.220460
-2.602747 1.608586 -12.744621
-0.882063 1.459563 -13.112040
-1.775264 0.000000 -13.176471
-5.545190 3.427116 -10.637652
-4.176120 2.580984 -11.852156
-4.811996 3.836311 -10.844903
-0.875302 3.252141 -12.710606
-2.577699 2.492476 -12.492117
-0.878172 2.367953 -12.940752
-1.721080 3.763991 -12.305037
-1.749047 1.989144 -12.855390
-3.589971 -1.101944 -12.988638
-3.492342 1.071977 -12.635411
-2.681700 -0.552098 -13.100847
-2.653290 0.546249 -12.962056
-3.304414 4.636162 -11.218602
-3.390493 2.983661 -12.014594
-4.062208 4.241586 -11.039303
-2.537173 4.228135 -11.800205
-4.126111 3.426014 -11.467413
-2.566007 3.370969 -12.172236
-8.791097 5.433197 -4.280712
-8.290631 5.123892 -5.972492
-9.151601 4.867858 -4.736372
-8.151501 5.953100 -4.594413
-6.684584 4.131300 -9.200770
-7.594849 4.693874 -7.625471
-7.366495 3.711726 -8.935922
-6.379299 4.923340 -8.735090
-9.849552 3.626267 -5.684381
-8.600006 4.508376 -6.451026
-9.507924 4.263687 -5.206633
-9.546847 3.387072 -6.586499
-8.899269 4.703031 -5.600987
-6.851479 6.951846 -5.210371
-7.604387 5.637790 -6.273485
-7.502534 6.460972 -4.905625
-6.527290 6.813595 -6.064039
-7.900462 5.808903 -5.441485
-8.728017 2.837916 -8.335455
-8.236907 4.272941 -7.316935
-8.051423 3.278608 -8.647556
-9.172065 3.123051 -7.476901
-7.831413 4.010894 -8.135993
-8.890833 3.842687 -6.962613
-5.750129 6.398490 -7.755912
-7.240077 5.426398 -7.135548
-6.065953 5.682276 -8.250065
-6.158518 6.628987 -6.919753
-6.839300 5.192878 -7.941852
-6.891966 6.133788 -6.602368
-7.343648 -3.353528 -11.882272
-7.230865 -1.082457 -11.699785
-8.086471 -2.825895 -11.481291
-6.425708 -2.804000 -12.285755
-6.409374 2.926885 -10.370585
-6.885513 1.030758 -11.140993
-7.131742 2.492256 -10.125753
-5.775282 2.520173 -11.042160
-9.365487 -1.712365 -10.439939
-7.858459 -0.556428 -11.183540
-8.767022 -2.273648 -10.994685
-9.177921 -0.559295 -10.222803
-8.007955 -1.669595 -11.387425
-4.555981 -1.683434 -12.819439
-6.308790 -0.561267 -12.024137
-5.485891 -2.241011 -12.594245
-4.504842 -0.556829 -12.694799
-6.397455 -1.662315 -12.206100
-8.575240 1.567878 -9.559031
-7.646523 0.541421 -10.881930
-7.858320 2.037984 -9.855085
-8.904610 0.542640 -9.918375
-7.402720 1.543408 -10.526772
-8.414724 0.000000 -10.584949
-4.329086 1.599596 -12.181009
-6.162770 0.548277 -11.745833
-5.076343 2.073709 -11.654024
-4.426996 0.547207 -12.475425
-5.984480 1.555008 -11.418160
-5.372272 0.000000 -12.274033
-6.144287 8.798875 0.436507
-6.996158 7.939009 1.291432
-5.954760 8.924816 1.149109
-6.591295 8.392118 0.000000
-8.588012 6.063414 2.991665
-7.804771 7.033333 2.137120
-5.519086 9.089120 2.596709
-6.795351 8.029030 2.007102
-5.746002 9.021986 1.873563
-6.384162 8.479767 1.581979
-7.452253 7.541042 -0.857025
-7.452253 7.541042 0.857025
-7.029142 7.970461 -0.432268
-7.029142 7.970461 0.432268
-11.382621 0.870495 6.702347
-10.807850 2.446673 5.745073
-9.356208 5.001592 3.872016
-10.106191 3.810774 4.790383
-4.389178 9.013847 5.570864
-5.799283 8.050194 4.975293
-4.702992 9.087103 4.833550
-8.354266 6.069578 3.751206
-7.102978 7.074454 4.372253
-7.980756 6.579086 3.314977
-5.264520 9.122041 3.358422
-6.073825 8.097150 4.244764
-4.995790 9.122900 4.091028
-5.935469 8.603208 3.052283
-5.406770 8.590684 4.539952
-7.209062 7.548576 2.454420
-6.738287 7.585505 3.935023
-7.597484 7.073740 2.880487
-6.584051 8.076788 2.750113
-7.363065 7.087421 3.629855
-6.342965 8.099581 3.500701
-9.113890 5.632694 -2.572209
-9.271925 5.730365 -0.857833
-8.708879 6.133814 -2.143520
-9.113890 5.632694 2.572209
-9.271925 5.730365 0.857833
-8.708879 6.133814 2.143520
-7.888193 7.076360 -1.293826
-8.829379 6.204235 -0.439298
-8.298161 6.616848 -1.716020
-7.919156 7.109732 -0.433261
-8.789320 6.180895 -1.288668
-7.888193 7.076360 1.293826
-8.829379 6.204235 0.439298
-8.298161 6.616848 1.716020
-7.919156 7.109732 0.433261
-8.789320 6.180895 1.288668
-8.380464 6.662223 0.000000
-9.438335 -13.516089 0.670525
-11.016801 -12.501503 2.033608
-8.977765 -13.455605 1.732468
-10.389302 -13.227787 0.000000
-12.434990 -8.779505 4.331774
-11.958270 -10.776292 3.274440
-7.914239 -13.033585 3.723620
-10.467168 -12.367458 3.091624
-8.458704 -13.281288 2.758076
-9.789785 -13.003288 2.425883
-11.861101 -12.002419 -1.364052
-11.861101 -12.002419 1.364052
-11.220303 -12.722888 -0.690011
-11.220303 -12.722888 0.690011
-12.014073 -0.918786 7.074160
-12.596440 -2.851573 6.695824
-12.692275 -6.784969 5.252630
-12.781271 -4.819476 6.058384
-5.663136 -11.630114 7.187806
-8.003502 -11.109949 6.866326
-6.221925 -12.021980 6.394650
-11.917578 -8.658411 5.351192
-10.171241 -10.130395 6.260928
-11.699713 -9.644878 4.859726
-7.341047 -12.720122 4.683112
-8.604969 -11.471474 6.013684
-6.783467 -12.387408 5.554948
-8.619656 -12.493822 4.432612
-7.426872 -11.800372 6.236189
-11.013415 -11.532096 3.749662
-9.769750 -10.998119 5.705335
-11.406852 -10.620503 4.324759
-9.873610 -12.112155 4.124139
-10.799891 -10.395586 5.324147
-9.243549 -11.803450 5.101542
-12.991779 -8.029361 -3.666663
-13.520334 -8.356026 -1.250893
-12.845346 -9.047198 -3.161631
-12.991779 -8.029361 3.666663
-13.520334 -8.356026 1.250893
-12.845346 -9.047198 3.161631
-12.336096 -11.066496 -2.023374
-13.319184 -9.359135 -0.662685
-12.637700 -10.077141 -2.613416
-12.539506 -11.257832 -0.686043
-13.153075 -9.249610 -1.928470
-12.336096 -11.066496 2.023374
-13.319184 -9.359135 0.662685
-12.637700 -10.077141 2.613416
-12.539506 -11.257832 0.686043
-13.153075 -9.249610 1.928470
-13.013817 -10.345603 0.000000
-0.888828 -6.843498 11.622338
-2.740242 -6.434406 12.104650
-1.457577 -7.553259 11.320598
-0.888784 -6.014158 12.057979
-6.435108 -4.981782 12.037809
-4.621994 -5.810137 12.257548
-2.630265 -8.905166 10.521878
-3.360262 -7.141952 11.761742
-2.043640 -8.247222 10.954378
-2.405062 -7.376049 11.581375
-0.888748 -4.262949 12.733201
-2.733846 -5.530690 12.476932
-0.889783 -5.147109 12.431096
-1.808057 -5.796319 12.307269
-11.328963 -0.562023 7.911057
-10.571147 -1.719599 9.315698
-11.716304 -1.508525 7.817280
-8.081088 -3.987178 11.445777
-9.478721 -2.880165 10.518378
-12.194795 -3.483983 7.404910
-10.857525 -2.714170 9.189241
-12.009008 -2.493867 7.648403
-11.328808 -2.113494 8.529119
-4.992413 -11.118543 8.077893
-5.906548 -9.595529 9.556995
-4.421040 -10.643584 8.774239
-6.162922 -10.934382 7.985458
-7.144263 -5.628829 11.559660
-6.643152 -7.743367 10.748846
-6.251260 -6.082408 11.752406
-3.250478 -9.547223 9.996852
-5.296717 -9.070037 10.210429
-3.835963 -10.117617 9.420144
-3.646242 -8.729474 10.708621
-4.879950 -9.898849 9.528275
-8.445485 -10.237171 7.589701
-7.042008 -9.260027 9.395676
-7.327908 -10.639349 7.822701
-6.627248 -10.135538 8.728441
-4.364366 -6.841394 11.854354
-5.679569 -8.126884 10.834129
-5.314705 -6.490092 11.851670
-4.021731 -7.820657 11.335707
-5.995420 -7.140132 11.344779
-4.674043 -8.468958 10.814345
-0.888253 -0.548970 13.267868
-2.685142 -1.659509 13.148074
-0.890502 -1.473527 13.237482
-6.382867 -3.944829 12.244616
-4.526821 -2.797730 12.847474
-5.522895 -4.403067 12.447072
-0.893637 -3.320264 12.976856
-2.704502 -2.615086 13.106634
-0.891712 -2.404465 13.140284
-1.804903 -3.947311 12.904337
-1.794878 -2.041267 13.192244
-3.701045 -5.192644 12.565180
-3.657841 -3.218930 12.961972
-4.619649 -4.823643 12.554184
-2.746362 -4.576744 12.773129
-4.587814 -3.809379 12.750594
-2.736950 -3.595537 12.983128
-12.108574 -7.483510 5.896116
-11.004656 -6.801252 7.927650
-12.219798 -6.499872 6.324304
-11.380509 -8.311267 6.414372
-8.145547 -5.034225 11.211663
-9.695437 -5.992109 9.734529
-8.923943 -4.496471 10.825183
-7.977932 -6.157114 10.924077
-12.280274 -4.521175 7.087201
-11.098495 -5.818158 8.325190
-12.282231 -5.507783 6.725871
-11.699584 -4.150829 8.071701
-11.685938 -6.175713 7.354849
-9.553170 -9.693114 7.264936
-10.177471 -7.545440 8.396234
-10.518674 -9.058387 6.877766
-8.867859 -9.256828 8.238494
-10.796065 -7.937928 7.435847
-10.279175 -3.342275 9.816847
-10.427093 -5.409112 9.262502
-9.641460 -3.926085 10.355320
-11.029399 -3.755465 8.990966
-9.711574 -4.973827 10.089277
-11.105259 -4.799779 8.696780
-7.424648 -8.261822 10.014544
-9.480028 -7.105229 9.343160
-7.732651 -7.243555 10.516877
-8.156724 -8.779843 9.164951
-8.761736 -6.652528 10.174201
-9.215185 -8.201433 8.827966
-0.856109 6.591579 11.194503
-2.473900 5.809006 10.928124
-1.367150 7.084665 10.618283
-0.858940 5.812211 11.653089
-5.435666 4.208057 10.168206
-3.988794 5.014166 10.578301
-2.332784 7.898000 9.331863
-2.949282 6.268450 10.323212
-1.863864 7.521724 9.990735
-2.176831 6.676092 10.482350
-0.866131 4.154465 12.409167
-2.494810 5.047110 11.386003
-0.863269 4.993733 12.060668
-1.694029 5.430766 11.531093
-10.959688 0.543704 7.653191
-9.627391 1.566079 8.484025
-10.754022 1.384627 7.175232
-10.693387 0.000000 8.398746
-6.846877 3.378223 9.697683
-8.244039 2.505000 9.148272
-10.192147 2.911838 6.188864
-9.430616 2.357471 7.981580
-10.490670 2.178559 6.681391
-10.096333 1.883564 7.601226
-9.908763 -1.126112 9.792096
-9.317722 1.058941 9.208014
-10.340927 -0.560828 9.119653
-10.014421 0.543120 8.831708
-3.984316 8.873424 6.446759
-4.657838 7.566927 7.536539
-3.616728 8.707216 7.177957
-4.739617 8.409125 6.141244
-5.866583 4.622170 9.492331
-5.282087 6.156887 8.546596
-5.170129 5.030479 9.719873
-2.801098 8.227316 8.614784
-4.279387 7.327973 8.249333
-3.219625 8.491983 7.906575
-3.117822 7.464384 9.156709
-3.957507 8.027698 7.727173
-6.152552 7.457799 5.529112
-5.412142 7.116802 7.221056
-5.464360 7.933674 5.833323
-5.082350 7.772812 6.693727
-3.730080 5.847114 10.131526
-4.596460 6.577065 8.768030
-4.455055 5.440324 9.934670
-3.428526 6.667111 9.663691
-4.888912 5.822358 9.251001
-3.875034 7.021224 8.965676
-0.885079 0.547009 13.220460
-2.602747 1.608586 12.744621
-0.882063 1.459563 13.112040
-1.775264 0.000000 13.176471
-5.545190 3.427116 10.637652
-4.176120 2.580984 11.852156
-4.811996 3.836311 10.844903
-0.875302 3.252141 12.710606
-2.577699 2.492476 12.492117
-0.878172 2.367953 12.940752
-1.721080 3.763991 12.305037
-1.749047 1.989144 12.855390
-3.589971 -1.101944 12.988638
-3.492342 1.071977 12.635411
-2.681700 -0.552098 13.100847
-2.653290 0.546249 12.962056
-3.304414 4.636162 11.218602
-3.390493 2.983661 12.014594
-4.062208 4.241586 11.039303
-2.537173 4.228135 11.800205
-4.126111 3.426014 11.467413
-2.566007 3.370969 12.172236
-8.791097 5.433197 4.280712
-8.290631 5.123892 5.972492
-9.151601 4.867858 4.736372
-8.151501 5.953100 4.594413
-6.684584 4.131300 9.200770
-7.594849 4.693874 7.625471
-7.366495 3.711726 8.935922
-6.379299 4.923340 8.735090
-9.849552 3.626267 5.684381
-8.600006 4.508376 6.451026
-9.507924 4.263687 5.206633
-9.546847 3.387072 6.586499
-8.899269 4.703031 5.600987
-6.851479 6.951846 5.210371
-7.604387 5.637790 6.273485
-7.502534 6.460972 4.905625
-6.527290 6.813595 6.064039
-7.900462 5.808903 5.441485
-8.728017 2.837916 8.335455
-8.236907 4.272941 7.316935
-8.051423 3.278608 8.647556
-9.172065 3.123051 7.476901
-7.831413 4.010894 8.135993
-8.890833 3.842687 6.962613
-5.750129 6.398490 7.755912
-7.240077 5.426398 7.135548
-6.065953 5.682276 8.250065
-6.158518 6.628987 6.919753
-6.839300 5.192878 7.941852
-6.891966 6.133788 6.602368
-7.343648 -3.353528 11.882272
-7.230865 -1.082457 11.699785
-8.086471 -2.825895 11.481291
-6.425708 -2.804000 12.285755
-6.409374 2.926885 10.370585
-6.885513 1.030758 11.140993
-7.131742 2.492256 10.125753
-5.775282 2.520173 11.042160
-9.365487 -1.712365 10.439939
-7.858459 -0.556428 11.183540
-8.767022 -2.273648 10.994685
-9.177921 -0.559295 10.222803
-8.007955 -1.669595 11.387425
-4.555981 -1.683434 12.819439
-6.308790 -0.561267 12.024137
-5.485891 -2.241011 12.594245
-4.504842 -0.556829 12.694799
-6.397455 -1.662315 12.206100
-8.575240 1.567878 9.559031
-7.646523 0.541421 10.881930
-7.858320 2.037984 9.855085
-8.904610 0.542640 9.918375
-7.402720 1.543408 10.526772
-8.414724 0.000000 10.584949
-4.329086 1.599596 12.181009
-6.162770 0.548277 11.745833
-5.076343 2.073709 11.654024
-4.426996 0.547207 12.475425
-5.984480 1.555008 11.418160
-5.372272 0.000000 12.274033
-12.053562 0.000000 -6.342435
-12.815792 0.000000 -4.619888
-11.820932 0.871312 -5.895926
-12.481015 -0.919966 -6.225156
-13.584466 0.000000 -0.941505
-13.327670 0.000000 -2.807136
-11.175551 2.448698 -4.953823
-12.522956 0.874073 -4.192561
-11.520218 1.692431 -5.425644
-12.203285 0.873477 -5.052784
-13.040818 -2.857400 -5.780646
-13.226463 -0.923176 -4.428088
-12.816217 -1.882826 -6.036017
-12.888114 -0.922495 -5.336339
-12.053562 0.000000 6.342435
-12.815792 0.000000 4.619888
-11.820932 0.871312 5.895926
-12.481015 -0.919966 6.225156
-13.584466 0.000000 0.941505
-13.327670 0.000000 2.807136
-11.175551 2.448698 4.953823
-12.522956 0.874073 4.192561
-11.520218 1.692431 5.425644
-12.203285 0.873477 5.052784
-13.040818 -2.857400 5.780646
-13.226463 -0.923176 4.428088
-12.816217 -1.882826 6.036017
-12.888114 -0.922495 5.336339
-9.594366 5.001346 -3.091002
-10.844217 3.820972 -2.361490
-9.996485 4.435544 -3.536189
-9.717163 5.082281 -2.217766
-13.183644 0.882614 -0.545486
-12.079869 2.466989 -1.524683
-13.115024 0.882264 -1.459895
-10.788486 3.177724 -4.458413
-11.289551 3.185887 -2.803606
-10.398112 3.826264 -3.995224
-11.482613 2.468887 -4.114339
-10.645049 3.830214 -3.180324
-9.840498 5.163085 -0.459339
-10.933660 3.885783 -1.435796
-9.799619 5.136171 -1.334583
-10.328107 4.498791 -1.837776
-12.788537 0.880669 -3.272080
-11.946800 2.465175 -2.383672
-12.982747 0.881022 -2.375638
-12.161298 1.700975 -3.720022
-12.555562 1.708254 -1.942751
-11.740843 2.475066 -3.251500
-13.116138 -6.837174 -4.225606
-13.840278 -4.876637 -3.013928
-13.183216 -5.849530 -4.663474
-13.447462 -7.033305 -3.069139
-13.929201 -0.932528 -0.576334
-14.138027 -2.887313 -1.784458
-13.856840 -0.932167 -1.542470
-13.170128 -3.879231 -5.442643
-13.828135 -3.902271 -3.434029
-13.206976 -4.859861 -5.074463
-13.426276 -2.886796 -4.810774
-13.562960 -4.880113 -4.052082
-13.811515 -7.246587 -0.644699
-14.039433 -4.989563 -1.843642
-13.686531 -7.173378 -1.863931
-13.793598 -6.008314 -2.454423
-13.512067 -0.930494 -3.457203
-13.977726 -2.884248 -2.788890
-13.716747 -0.930832 -2.509948
-13.542952 -1.894224 -4.142657
-13.988874 -1.903264 -2.164531
-13.740782 -2.896669 -3.805361
-9.594366 5.001346 3.091002
-10.844217 3.820972 2.361490
-9.996485 4.435544 3.536189
-9.717163 5.082281 2.217766
-13.183644 0.882614 0.545486
-12.079869 2.466989 1.524683
-13.115024 0.882264 1.459895
-12.700011 1.711071 0.000000
-10.788486 3.177724 4.458413
-11.289551 3.185887 2.803606
-10.398112 3.826264 3.995224
-11.482613 2.468887 4.114339
-10.645049 3.830214 3.180324
-9.840498 5.163085 0.459339
-10.933660 3.885783 1.435796
-9.799619 5.136171 1.334583
-10.414852 4.558519 0.000000
-10.328107 4.498791 1.837776
-12.788537 0.880669 3.272080
-11.946800 2.465175 2.383672
-12.982747 0.881022 2.375638
-12.161298 1.700975 3.720022
-12.555562 1.708254 1.942751
-11.740843 2.475066 3.251500
-11.563743 3.196140 -0.981057
-11.563743 3.196140 0.981057
-12.147227 2.486498 -0.511910
-10.995198 3.901727 -0.482280
-12.147227 2.486498 0.511910
-10.995198 3.901727 0.482280
-13.116138 -6.837174 4.225606
-13.840278 -4.876637 3.013928
-13.183216 -5.849530 4.663474
-13.447462 -7.033305 3.069139
-13.929201 -0.932528 0.576334
-14.138027 -2.887313 1.784458
-13.856840 -0.932167 1.542470
-14.151942 -1.906689 0.000000
-13.170128 -3.879231 5.442643
-13.828135 -3.902271 3.434029
-13.206976 -4.859861 5.074463
-13.426276 -2.886796 4.810774
-13.562960 -4.880113 4.052082
-13.811515 -7.246587 0.644699
-14.039433 -4.989563 1.843642
-13.686531 -7.173378 1.863931
-14.017371 -6.135321 0.000000
-13.793598 -6.008314 2.454423
-13.512067 -0.930494 3.457203
-13.977726 -2.884248 2.788890
-13.716747 -0.930832 2.509948
-13.542952 -1.894224 4.142657
-13.988874 -1.903264 2.164531
-13.740782 -2.896669 3.805361
-14.195906 -3.923652 -1.204368
-14.195906 -3.923652 1.204368
-14.236707 -2.914207 -0.599965
-14.148164 -5.020580 -0.620578
-14.236707 -2.914207 0.599965
-14.148164 -5.020580 0.620578
