-5.582643324 9.032906645 0
10.99320433 17.78737826 0
-10.99320433 -17.78737826 0
5.582643324 -9.032906645 0
0 -4.449494276 7.199432972
0 4.449494276 7.199432972
0 -4.449494276 -7.199432972
0 4.449494276 -7.199432972
9.248117874 0 -5.715651178
9.248117874 0 5.715651178
-9.248117874 0 -5.715651178
-9.248117874 0 5.715651178
0 15.33780303 0
0 -15.33780303 0
-3.980496053 -10.42107396 6.440577906
3.232706023 -8.463334243 5.23062822
-3.232706023 8.463334243 5.23062822
3.980496053 10.42107396 6.440577906
0 0 7.472435989
-3.980496053 -10.42107396 -6.440577906
3.232706023 -8.463334243 -5.23062822
-3.232706023 8.463334243 -5.23062822
3.980496053 10.42107396 -6.440577906
0 0 -7.472435989
13.59655789 8.403134904 -5.193422982
7.986202239 -4.935744425 -3.050457814
4.211400361 -2.602788563 -6.814188924
4.546688922 2.81000829 -7.356697211
13.59655789 8.403134904 5.193422982
7.986202239 -4.935744425 3.050457814
4.211400361 -2.602788563 6.814188924
4.546688922 2.81000829 7.356697211
12.16734368 0 0
-7.986202239 4.935744425 -3.050457814
-13.59655789 -8.403134904 -5.193422982
-4.546688922 -2.81000829 -7.356697211
-4.211400361 2.602788563 -6.814188924
-7.986202239 4.935744425 3.050457814
-13.59655789 -8.403134904 5.193422982
-4.546688922 -2.81000829 7.356697211
-4.211400361 2.602788563 6.814188924
-12.16734368 0 0
-3.365627954 11.84750522 0
4.984272989 17.54537372 0
-4.984272989 -17.54537372 0
3.365627954 -11.84750522 0
-7.346666906 -14.6068334 4.400529243
-1.604430527 -6.930073901 7.012641464
-2.53070123 -14.81498305 4.094760606
4.719787788 -9.384004309 2.827073072
1.504501542 -6.498447079 6.575872075
2.074046576 -12.14168014 3.355877855
0 -9.734308239 6.016133349
-4.719787788 9.384004309 2.827073072
-1.504501542 6.498447079 6.575872075
-2.074046576 12.14168014 3.355877855
7.346666906 14.6068334 4.400529243
1.604430527 6.930073901 7.012641464
2.53070123 14.81498305 4.094760606
0 9.734308239 6.016133349
0 -2.105706407 7.412396137
0 2.105706407 7.412396137
-7.346666906 -14.6068334 -4.400529243
-1.604430527 -6.930073901 -7.012641464
-2.53070123 -14.81498305 -4.094760606
4.719787788 -9.384004309 -2.827073072
1.504501542 -6.498447079 -6.575872075
2.074046576 -12.14168014 -3.355877855
0 -9.734308239 -6.016133349
-4.719787788 9.384004309 -2.827073072
-1.504501542 6.498447079 -6.575872075
-2.074046576 12.14168014 -3.355877855
7.346666906 14.6068334 -4.400529243
1.604430527 6.930073901 -7.012641464
2.53070123 14.81498305 -4.094760606
0 9.734308239 -6.016133349
0 -2.105706407 -7.412396137
0 2.105706407 -7.412396137
13.98129817 14.14787673 -3.236909433
11.41248187 3.438182583 -5.740032803
8.626865623 10.1005102 -6.242458608
6.92865799 -7.011208684 -1.604102719
8.805183693 -2.652694617 -4.428663617
5.828353595 -6.823955248 -4.217436281
2.121939123 -3.54256933 -7.043428084
6.519690455 -1.491647683 -6.442926947
3.85070718 -5.321546442 -6.230575098
2.025705597 -1.25195491 -7.329071701
6.483936674 -4.007293245 -5.537943062
2.23065709 3.724073564 -7.404299503
7.017826612 1.605616843 -6.935197998
4.480088619 6.191330199 -7.248935658
2.059325005 1.272732847 -7.450707863
8.182519588 5.057075219 -6.988706069
4.434563133 0 -7.175273874
13.98129817 14.14787673 3.236909433
11.41248187 3.438182583 5.740032803
8.626865623 10.1005102 6.242458608
19.45677946 12.02495102 0
6.92865799 -7.011208684 1.604102719
8.805183693 -2.652694617 4.428663617
5.828353595 -6.823955248 4.217436281
8.422030154 -5.20510089 0
2.121939123 -3.54256933 7.043428084
6.519690455 -1.491647683 6.442926947
3.85070718 -5.321546442 6.230575098
2.025705597 -1.25195491 7.329071701
6.483936674 -4.007293245 5.537943062
2.23065709 3.724073564 7.404299503
7.017826612 1.605616843 6.935197998
4.480088619 6.191330199 7.248935658
2.059325005 1.272732847 7.450707863
8.182519588 5.057075219 6.988706069
4.434563133 0 7.175273874
11.42788381 0 -3.246422307
11.42788381 0 3.246422307
14.46870559 3.99905187 -2.471549978
10.00046881 -2.764061599 -1.708284015
14.46870559 3.99905187 2.471549978
10.00046881 -2.764061599 1.708284015
-6.92865799 7.011208684 -1.604102719
-8.805183693 2.652694617 -4.428663617
-5.828353595 6.823955248 -4.217436281
-13.98129817 -14.14787673 -3.236909433
-11.41248187 -3.438182583 -5.740032803
-8.626865623 -10.1005102 -6.242458608
-2.23065709 -3.724073564 -7.404299503
-7.017826612 -1.605616843 -6.935197998
-4.480088619 -6.191330199 -7.248935658
-2.059325005 -1.272732847 -7.450707863
-8.182519588 -5.057075219 -6.988706069
-2.121939123 3.54256933 -7.043428084
-6.519690455 1.491647683 -6.442926947
-3.85070718 5.321546442 -6.230575098
-2.025705597 1.25195491 -7.329071701
-6.483936674 4.007293245 -5.537943062
-4.434563133 0 -7.175273874
-6.92865799 7.011208684 1.604102719
-8.805183693 2.652694617 4.428663617
-5.828353595 6.823955248 4.217436281
-8.422030154 5.20510089 0
-13.98129817 -14.14787673 3.236909433
-11.41248187 -3.438182583 5.740032803
-8.626865623 -10.1005102 6.242458608
-19.45677946 -12.02495102 0
-2.23065709 -3.724073564 7.404299503
-7.017826612 -1.605616843 6.935197998
-4.480088619 -6.191330199 7.248935658
-2.059325005 -1.272732847 7.450707863
-8.182519588 -5.057075219 6.988706069
-2.121939123 3.54256933 7.043428084
-6.519690455 1.491647683 6.442926947
-3.85070718 5.321546442 6.230575098
-2.025705597 1.25195491 7.329071701
-6.483936674 4.007293245 5.537943062
-4.434563133 0 7.175273874
-11.42788381 0 -3.246422307
-11.42788381 0 3.246422307
-10.00046881 2.764061599 -1.708284015
-14.46870559 -3.99905187 -2.471549978
-10.00046881 2.764061599 1.708284015
-14.46870559 -3.99905187 2.471549978
-4.564298759 10.35447172 0
-1.88640632 13.5436013 0
7.841494578 17.78904891 0
2.339783344 16.79865701 0
-7.841494578 -17.78904891 0
-2.339783344 -16.79865701 0
4.564298759 -10.35447172 0
1.88640632 -13.5436013 0
-9.299576949 -16.60360344 2.518586167
-5.565499969 -12.52348343 5.692753766
-6.545699117 -16.88926161 2.405659354
-0.7371573111 -5.596815411 7.125934667
-2.663552912 -8.523100353 6.817394006
-1.315893051 -15.80317685 2.129159682
-3.414750655 -12.74762964 5.525182622
-3.803465465 -16.69857581 2.294559423
-4.922205237 -14.97032018 4.314792322
5.222968194 -9.325165343 1.414526222
4.050622581 -9.114707584 4.143239076
4.139658953 -10.68117886 1.521397349
0.7189437331 -5.458530091 6.949868087
2.354521416 -7.534230772 6.026424374
0 -6.743961573 6.824311722
1.161410648 -13.94792522 1.879201904
2.74688345 -10.25440989 4.444550786
2.792669878 -12.26082111 1.684765392
0 -13.69674292 3.785686637
3.518563425 -10.70130531 3.084363556
-1.894511295 -10.17503715 6.288518798
1.704382474 -9.153893692 5.657417431
-0.8661129985 -8.327948321 6.620474564
-1.097816448 -12.17497098 5.32891298
0.8303588139 -7.984160614 6.347173424
1.016605315 -11.27432571 4.93470586
-5.222968194 9.325165343 1.414526222
-4.050622581 9.114707584 4.143239076
-4.139658953 10.68117886 1.521397349
-0.7189437331 5.458530091 6.949868087
-2.354521416 7.534230772 6.026424374
-1.161410648 13.94792522 1.879201904
-2.74688345 10.25440989 4.444550786
-2.792669878 12.26082111 1.684765392
-3.518563425 10.70130531 3.084363556
9.299576949 16.60360344 2.518586167
5.565499969 12.52348343 5.692753766
6.545699117 16.88926161 2.405659354
0.7371573111 5.596815411 7.125934667
2.663552912 8.523100353 6.817394006
0 6.743961573 6.824311722
1.315893051 15.80317685 2.129159682
3.414750655 12.74762964 5.525182622
3.803465465 16.69857581 2.294559423
0 13.69674292 3.785686637
4.922205237 14.97032018 4.314792322
-1.704382474 9.153893692 5.657417431
1.894511295 10.17503715 6.288518798
-0.8303588139 7.984160614 6.347173424
-1.016605315 11.27432571 4.93470586
0.8661129985 8.327948321 6.620474564
1.097816448 12.17497098 5.32891298
0 -3.231130648 7.330074717
0 -1.038763169 7.457881194
0 3.231130648 7.330074717
0 1.038763169 7.457881194
-9.299576949 -16.60360344 -2.518586167
-5.565499969 -12.52348343 -5.692753766
-6.545699117 -16.88926161 -2.405659354
-0.7371573111 -5.596815411 -7.125934667
-2.663552912 -8.523100353 -6.817394006
-1.315893051 -15.80317685 -2.129159682
-3.414750655 -12.74762964 -5.525182622
-3.803465465 -16.69857581 -2.294559423
-4.922205237 -14.97032018 -4.314792322
5.222968194 -9.325165343 -1.414526222
4.050622581 -9.114707584 -4.143239076
4.139658953 -10.68117886 -1.521397349
0.7189437331 -5.458530091 -6.949868087
2.354521416 -7.534230772 -6.026424374
0 -6.743961573 -6.824311722
1.161410648 -13.94792522 -1.879201904
2.74688345 -10.25440989 -4.444550786
2.792669878 -12.26082111 -1.684765392
0 -13.69674292 -3.785686637
3.518563425 -10.70130531 -3.084363556
-1.894511295 -10.17503715 -6.288518798
1.704382474 -9.153893692 -5.657417431
-0.8661129985 -8.327948321 -6.620474564
-1.097816448 -12.17497098 -5.32891298
0.8303588139 -7.984160614 -6.347173424
1.016605315 -11.27432571 -4.93470586
-5.222968194 9.325165343 -1.414526222
-4.050622581 9.114707584 -4.143239076
-4.139658953 10.68117886 -1.521397349
-0.7189437331 5.458530091 -6.949868087
-2.354521416 7.534230772 -6.026424374
-1.161410648 13.94792522 -1.879201904
-2.74688345 10.25440989 -4.444550786
-2.792669878 12.26082111 -1.684765392
-3.518563425 10.70130531 -3.084363556
9.299576949 16.60360344 -2.518586167
5.565499969 12.52348343 -5.692753766
6.545699117 16.88926161 -2.405659354
0.7371573111 5.596815411 -7.125934667
2.663552912 8.523100353 -6.817394006
0 6.743961573 -6.824311722
1.315893051 15.80317685 -2.129159682
3.414750655 12.74762964 -5.525182622
3.803465465 16.69857581 -2.294559423
0 13.69674292 -3.785686637
4.922205237 14.97032018 -4.314792322
-1.704382474 9.153893692 -5.657417431
1.894511295 10.17503715 -6.288518798
-0.8303588139 7.984160614 -6.347173424
-1.016605315 11.27432571 -4.93470586
0.8661129985 8.327948321 -6.620474564
1.097816448 12.17497098 -5.32891298
0 -3.231130648 -7.330074717
0 -1.038763169 -7.457881194
0 3.231130648 -7.330074717
0 1.038763169 -7.457881194
13.17422064 16.77358081 -1.735178374
14.03734492 11.22808687 -4.386808719
10.45943814 14.513158 -3.900381646
10.26393348 1.556927144 -5.748766496
12.62121777 5.737180506 -5.608933609
6.233765577 10.40724802 -6.432033008
11.14698241 9.482189602 -5.860315461
8.161143693 12.38828532 -5.473524812
11.02654884 11.96155631 -5.041472249
6.300212785 -8.021508912 -0.8298018739
7.487059699 -5.988693527 -2.33977999
5.895131231 -8.17988211 -2.198326654
9.092830485 -1.379283549 -5.092838858
8.428399075 -3.831266344 -3.745623576
4.600655389 -7.680776749 -4.746981091
6.944784194 -5.907586288 -3.651089118
5.325705647 -8.084205297 -3.571850111
6.474574901 -7.023593093 -2.960254397
1.081418673 -3.993008574 -7.129177086
3.154818024 -3.084296342 -6.940281079
1.840417848 -4.935346945 -6.84811832
1.036533267 -2.820363939 -7.277124039
7.826473816 -0.8096260579 -6.14702931
5.322846062 -2.079633672 -6.654617749
7.819261399 -2.101410572 -5.635236726
3.586674283 -6.822259898 -5.803360897
4.052981232 -3.928048077 -6.55786139
2.704210084 -5.914562867 -6.416094267
4.915564922 -6.19097615 -5.402728661
2.967149235 -4.424083583 -6.71557955
1.002077002 -0.6193176468 -7.437676105
3.091141178 -1.910430312 -7.13184081
1.013820875 -1.680511145 -7.378045893
2.078197082 -2.370754326 -7.210376167
7.386637782 -4.565193212 -4.424471121
5.371463789 -3.319747191 -6.314534397
7.656389998 -3.382828177 -5.043869862
6.209969948 -5.419304131 -4.930645783
6.545330154 -2.758679512 -6.033696681
5.170415183 -4.704199137 -5.924768592
1.112063844 4.106162189 -7.331203238
3.370970716 3.295617233 -7.415795175
1.954896907 5.242339117 -7.274090139
1.056298315 2.874143812 -7.415887268
8.234710157 0.8518569255 -6.467664224
5.765996712 2.25277244 -7.208644324
9.069549792 2.437423031 -6.536302787
6.793934458 0 -6.713941973
4.311082224 8.200165683 -6.975477567
4.545607226 4.405488874 -7.354946992
3.023013369 6.611839341 -7.172497012
6.339586466 7.984479757 -6.967879796
3.249123935 4.844513951 -7.353775806
1.006073291 0.6217874893 -7.467337602
3.215050673 1.987010592 -7.417723189
1.025010396 1.699058914 -7.459477242
2.04828877 0 -7.41077839
2.146577031 2.448760431 -7.447622748
10.70547304 6.616346206 -6.412397321
6.157825584 3.805745507 -7.238958129
9.950298031 4.396347176 -6.555048576
8.560359357 7.470437251 -6.796828344
7.595224905 3.201181735 -7.001523562
6.28604144 5.719229437 -7.203162526
4.336739793 -1.306508383 -7.016992385
4.505904472 1.357471798 -7.290706586
5.478405526 -0.7167036428 -6.891330472
3.179905356 -0.6550965304 -7.265131852
5.628205836 0.7363010289 -7.079765491
3.223287408 0.6640337245 -7.364246853
13.17422064 16.77358081 1.735178374
14.03734492 11.22808687 4.386808719
10.45943814 14.513158 3.900381646
16.87457766 17.07562786 0
10.26393348 1.556927144 5.748766496
12.62121777 5.737180506 5.608933609
6.233765577 10.40724802 6.432033008
11.14698241 9.482189602 5.860315461
8.161143693 12.38828532 5.473524812
11.02654884 11.96155631 5.041472249
16.83707139 10.40588239 -3.134929283
16.83707139 10.40588239 3.134929283
17.83932501 14.18173996 -1.855303453
17.83932501 14.18173996 1.855303453
6.300212785 -8.021508912 0.8298018739
7.487059699 -5.988693527 2.33977999
5.895131231 -8.17988211 2.198326654
7.024641304 -7.10833558 0
9.092830485 -1.379283549 5.092838858
8.428399075 -3.831266344 3.745623576
4.600655389 -7.680776749 4.746981091
6.944784194 -5.907586288 3.651089118
5.325705647 -8.084205297 3.571850111
6.474574901 -7.023593093 2.960254397
8.316278207 -5.139742592 -1.548425108
8.316278207 -5.139742592 1.548425108
7.707125498 -6.126938635 -0.8015469498
7.707125498 -6.126938635 0.8015469498
1.081418673 -3.993008574 7.129177086
3.154818024 -3.084296342 6.940281079
1.840417848 -4.935346945 6.84811832
1.036533267 -2.820363939 7.277124039
7.826473816 -0.8096260579 6.14702931
5.322846062 -2.079633672 6.654617749
7.819261399 -2.101410572 5.635236726
3.586674283 -6.822259898 5.803360897
4.052981232 -3.928048077 6.55786139
2.704210084 -5.914562867 6.416094267
4.915564922 -6.19097615 5.402728661
2.967149235 -4.424083583 6.71557955
1.002077002 -0.6193176468 7.437676105
3.091141178 -1.910430312 7.13184081
1.013820875 -1.680511145 7.378045893
2.078197082 -2.370754326 7.210376167
7.386637782 -4.565193212 4.424471121
5.371463789 -3.319747191 6.314534397
7.656389998 -3.382828177 5.043869862
6.209969948 -5.419304131 4.930645783
6.545330154 -2.758679512 6.033696681
5.170415183 -4.704199137 5.924768592
1.112063844 4.106162189 7.331203238
3.370970716 3.295617233 7.415795175
1.954896907 5.242339117 7.274090139
1.056298315 2.874143812 7.415887268
8.234710157 0.8518569255 6.467664224
5.765996712 2.25277244 7.208644324
9.069549792 2.437423031 6.536302787
6.793934458 0 6.713941973
4.311082224 8.200165683 6.975477567
4.545607226 4.405488874 7.354946992
3.023013369 6.611839341 7.172497012
6.339586466 7.984479757 6.967879796
3.249123935 4.844513951 7.353775806
1.006073291 0.6217874893 7.467337602
3.215050673 1.987010592 7.417723189
1.025010396 1.699058914 7.459477242
2.04828877 0 7.41077839
2.146577031 2.448760431 7.447622748
10.70547304 6.616346206 6.412397321
6.157825584 3.805745507 7.238958129
9.950298031 4.396347176 6.555048576
8.560359357 7.470437251 6.796828344
7.595224905 3.201181735 7.001523562
6.28604144 5.719229437 7.203162526
4.336739793 -1.306508383 7.016992385
4.505904472 1.357471798 7.290706586
5.478405526 -0.7167036428 6.891330472
3.179905356 -0.6550965304 7.265131852
5.628205836 0.7363010289 7.079765491
3.223287408 0.6640337245 7.364246853
10.52304246 0 -4.638605516
11.97716087 0 -1.668226304
11.73242334 1.671133683 -4.547085294
10.06298073 -1.433342931 -3.900066542
10.52304246 0 4.638605516
11.97716087 0 1.668226304
11.73242334 1.671133683 4.547085294
10.06298073 -1.433342931 3.900066542
14.92027975 6.466870527 -3.996745786
13.3506065 1.79872524 -1.111673335
13.23491321 3.814607917 -4.351607602
16.95458638 7.420922446 -1.5287941
12.78840098 1.757260398 -2.912837719
8.991750007 -3.89727834 -2.408650478
11.04935426 -1.488677867 -0.9200535198
9.535762527 -2.748427183 -3.135335763
9.225895441 -4.038120013 -0.831898473
10.71816792 -1.472788667 -2.44129691
14.92027975 6.466870527 3.996745786
13.3506065 1.79872524 1.111673335
13.23491321 3.814607917 4.351607602
16.95458638 7.420922446 1.5287941
12.78840098 1.757260398 2.912837719
15.09185193 4.171285283 0
8.991750007 -3.89727834 2.408650478
11.04935426 -1.488677867 0.9200535198
9.535762527 -2.748427183 3.135335763
9.225895441 -4.038120013 0.831898473
10.71816792 -1.472788667 2.44129691
10.15801915 -2.807607441 0
-6.300212785 8.021508912 -0.8298018739
-7.487059699 5.988693527 -2.33977999
-5.895131231 8.17988211 -2.198326654
-9.092830485 1.379283549 -5.092838858
-8.428399075 3.831266344 -3.745623576
-4.600655389 7.680776749 -4.746981091
-6.944784194 5.907586288 -3.651089118
-5.325705647 8.084205297 -3.571850111
-6.474574901 7.023593093 -2.960254397
-13.17422064 -16.77358081 -1.735178374
-14.03734492 -11.22808687 -4.386808719
-10.45943814 -14.513158 -3.900381646
-10.26393348 -1.556927144 -5.748766496
-12.62121777 -5.737180506 -5.608933609
-6.233765577 -10.40724802 -6.432033008
-11.14698241 -9.482189602 -5.860315461
-8.161143693 -12.38828532 -5.473524812
-11.02654884 -11.96155631 -5.041472249
-1.112063844 -4.106162189 -7.331203238
-3.370970716 -3.295617233 -7.415795175
-1.954896907 -5.242339117 -7.274090139
-1.056298315 -2.874143812 -7.415887268
-8.234710157 -0.8518569255 -6.467664224
-5.765996712 -2.25277244 -7.208644324
-9.069549792 -2.437423031 -6.536302787
-4.311082224 -8.200165683 -6.975477567
-4.545607226 -4.405488874 -7.354946992
-3.023013369 -6.611839341 -7.172497012
-6.339586466 -7.984479757 -6.967879796
-3.249123935 -4.844513951 -7.353775806
-1.006073291 -0.6217874893 -7.467337602
-3.215050673 -1.987010592 -7.417723189
-1.025010396 -1.699058914 -7.459477242
-2.146577031 -2.448760431 -7.447622748
-10.70547304 -6.616346206 -6.412397321
-6.157825584 -3.805745507 -7.238958129
-9.950298031 -4.396347176 -6.555048576
-8.560359357 -7.470437251 -6.796828344
-7.595224905 -3.201181735 -7.001523562
-6.28604144 -5.719229437 -7.203162526
-1.081418673 3.993008574 -7.129177086
-3.154818024 3.084296342 -6.940281079
-1.840417848 4.935346945 -6.84811832
-1.036533267 2.820363939 -7.277124039
-7.826473816 0.8096260579 -6.14702931
-5.322846062 2.079633672 -6.654617749
-7.819261399 2.101410572 -5.635236726
-6.793934458 0 -6.713941973
-3.586674283 6.822259898 -5.803360897
-4.052981232 3.928048077 -6.55786139
-2.704210084 5.914562867 -6.416094267
-4.915564922 6.19097615 -5.402728661
-2.967149235 4.424083583 -6.71557955
-1.002077002 0.6193176468 -7.437676105
-3.091141178 1.910430312 -7.13184081
-1.013820875 1.680511145 -7.378045893
-2.04828877 0 -7.41077839
-2.078197082 2.370754326 -7.210376167
-7.386637782 4.565193212 -4.424471121
-5.371463789 3.319747191 -6.314534397
-7.656389998 3.382828177 -5.043869862
-6.209969948 5.419304131 -4.930645783
-6.545330154 2.758679512 -6.033696681
-5.170415183 4.704199137 -5.924768592
-4.505904472 -1.357471798 -7.290706586
-4.336739793 1.306508383 -7.016992385
-5.628205836 -0.7363010289 -7.079765491
-3.223287408 -0.6640337245 -7.364246853
-5.478405526 0.7167036428 -6.891330472
-3.179905356 0.6550965304 -7.265131852
-6.300212785 8.021508912 0.8298018739
-7.487059699 5.988693527 2.33977999
-5.895131231 8.17988211 2.198326654
-7.024641304 7.10833558 0
-9.092830485 1.379283549 5.092838858
-8.428399075 3.831266344 3.745623576
-4.600655389 7.680776749 4.746981091
-6.944784194 5.907586288 3.651089118
-5.325705647 8.084205297 3.571850111
-6.474574901 7.023593093 2.960254397
-8.316278207 5.139742592 -1.548425108
-8.316278207 5.139742592 1.548425108
-7.707125498 6.126938635 -0.8015469498
-7.707125498 6.126938635 0.8015469498
-13.17422064 -16.77358081 1.735178374
-14.03734492 -11.22808687 4.386808719
-10.45943814 -14.513158 3.900381646
-16.87457766 -17.07562786 0
-10.26393348 -1.556927144 5.748766496
-12.62121777 -5.737180506 5.608933609
-6.233765577 -10.40724802 6.432033008
-11.14698241 -9.482189602 5.860315461
-8.161143693 -12.38828532 5.473524812
-11.02654884 -11.96155631 5.041472249
-16.83707139 -10.40588239 -3.134929283
-16.83707139 -10.40588239 3.134929283
-17.83932501 -14.18173996 -1.855303453
-17.83932501 -14.18173996 1.855303453
-1.112063844 -4.106162189 7.331203238
-3.370970716 -3.295617233 7.415795175
-1.954896907 -5.242339117 7.274090139
-1.056298315 -2.874143812 7.415887268
-8.234710157 -0.8518569255 6.467664224
-5.765996712 -2.25277244 7.208644324
-9.069549792 -2.437423031 6.536302787
-4.311082224 -8.200165683 6.975477567
-4.545607226 -4.405488874 7.354946992
-3.023013369 -6.611839341 7.172497012
-6.339586466 -7.984479757 6.967879796
-3.249123935 -4.844513951 7.353775806
-1.006073291 -0.6217874893 7.467337602
-3.215050673 -1.987010592 7.417723189
-1.025010396 -1.699058914 7.459477242
-2.146577031 -2.448760431 7.447622748
-10.70547304 -6.616346206 6.412397321
-6.157825584 -3.805745507 7.238958129
-9.950298031 -4.396347176 6.555048576
-8.560359357 -7.470437251 6.796828344
-7.595224905 -3.201181735 7.001523562
-6.28604144 -5.719229437 7.203162526
-1.081418673 3.993008574 7.129177086
-3.154818024 3.084296342 6.940281079
-1.840417848 4.935346945 6.84811832
-1.036533267 2.820363939 7.277124039
-7.826473816 0.8096260579 6.14702931
-5.322846062 2.079633672 6.654617749
-7.819261399 2.101410572 5.635236726
-6.793934458 0 6.713941973
-3.586674283 6.822259898 5.803360897
-4.052981232 3.928048077 6.55786139
-2.704210084 5.914562867 6.416094267
-4.915564922 6.19097615 5.402728661
-2.967149235 4.424083583 6.71557955
-1.002077002 0.6193176468 7.437676105
-3.091141178 1.910430312 7.13184081
-1.013820875 1.680511145 7.378045893
-2.04828877 0 7.41077839
-2.078197082 2.370754326 7.210376167
-7.386637782 4.565193212 4.424471121
-5.371463789 3.319747191 6.314534397
-7.656389998 3.382828177 5.043869862
-6.209969948 5.419304131 4.930645783
-6.545330154 2.758679512 6.033696681
-5.170415183 4.704199137 5.924768592
-4.505904472 -1.357471798 7.290706586
-4.336739793 1.306508383 7.016992385
-5.628205836 -0.7363010289 7.079765491
-3.223287408 -0.6640337245 7.364246853
-5.478405526 0.7167036428 6.891330472
-3.179905356 0.6550965304 7.265131852
-10.52304246 0 -4.638605516
-11.97716087 0 -1.668226304
-10.06298073 1.433342931 -3.900066542
-11.73242334 -1.671133683 -4.547085294
-10.52304246 0 4.638605516
-11.97716087 0 1.668226304
-10.06298073 1.433342931 3.900066542
-11.73242334 -1.671133683 4.547085294
-8.991750007 3.89727834 -2.408650478
-11.04935426 1.488677867 -0.9200535198
-9.535762527 2.748427183 -3.135335763
-9.225895441 4.038120013 -0.831898473
-10.71816792 1.472788667 -2.44129691
-14.92027975 -6.466870527 -3.996745786
-13.3506065 -1.79872524 -1.111673335
-13.23491321 -3.814607917 -4.351607602
-16.95458638 -7.420922446 -1.5287941
-12.78840098 -1.757260398 -2.912837719
-8.991750007 3.89727834 2.408650478
-11.04935426 1.488677867 0.9200535198
-9.535762527 2.748427183 3.135335763
-9.225895441 4.038120013 0.831898473
-10.71816792 1.472788667 2.44129691
-10.15801915 2.807607441 0
-14.92027975 -6.466870527 3.996745786
-13.3506065 -1.79872524 1.111673335
-13.23491321 -3.814607917 4.351607602
-16.95458638 -7.420922446 1.5287941
-12.78840098 -1.757260398 2.912837719
-15.09185193 -4.171285283 0
-5.091168202 9.675575629 0
-3.992870138 11.07641468 0
-1.001268001 14.44675874 0
-2.668847282 12.67110613 0
9.372384484 17.81186779 0
6.383643643 17.70853589 0
1.119086049 16.14669214 0
3.634960421 17.25800108 0
-9.372384484 -17.81186779 0
-6.383643643 -17.70853589 0
-1.119086049 -16.14669214 0
-3.634960421 -17.25800108 0
5.091168202 -9.675575629 0
3.992870138 -11.07641468 0
1.001268001 -14.44675874 0
2.668847282 -12.67110613 0
-10.26289298 -17.4295093 1.332935818
-8.304409494 -15.62257193 3.536626061
-8.734978484 -17.51303947 1.290872235
-4.743295135 -11.46153617 6.127047206
-6.434861976 -13.57552 5.118965413
-5.846670971 -17.46369539 1.21892532
-7.038585131 -15.87865993 3.479205279
-7.257201394 -17.52730695 1.254555461
-7.907407096 -16.78972055 2.466572145
-0.355510535 -5.004177105 7.166189977
-1.151057343 -6.235698981 7.076065649
-3.286759329 -9.435122427 6.661501137
-2.105592959 -7.689635246 6.929577256
-0.6506901105 -15.72629349 1.052838715
-1.956042992 -15.49747625 3.164944045
-1.829199798 -16.43268341 1.105447264
-3.732115554 -11.58436114 6.038689816
-3.017343144 -13.85596282 4.882163763
-4.486530364 -12.68301405 5.627584937
-4.421573946 -17.28119594 1.190051327
-3.163702178 -15.85625876 3.271876217
-3.102520563 -16.9551269 1.15059131
-5.158979748 -16.86546042 2.358936546
-2.529820377 -16.34965627 2.224461678
-6.13265778 -14.83982925 4.371037845
-3.717960664 -14.97146893 4.224916876
-5.29660284 -13.78512585 5.07260681
-5.733922311 -16.00267015 3.440749147
-4.148098742 -13.8843437 4.995750767
-4.433085619 -16.00743321 3.374497827
5.419398617 -9.20378482 0.7038668866
4.990865211 -9.389006022 2.125476108
4.915886908 -9.856019861 0.7264793993
3.655958543 -8.83413321 4.722504069
4.406628336 -9.296589631 3.505495243
3.778651619 -11.28663152 0.7877806287
4.45234135 -10.04423658 2.200812982
4.369090068 -10.55205424 0.7552864399
4.702057933 -9.983833857 1.466721642
0.3516254702 -4.949490814 7.087876931
1.103069071 -5.975728945 6.781060222
0 -5.532923974 7.044587299
2.794507145 -8.022040678 5.663819787
1.922562049 -7.021205514 6.327216374
-0.7871695412 -6.844825871 6.926377757
0.7622905688 -6.628490983 6.707465372
-0.3791704798 -6.165713775 6.991405762
0.3738043813 -6.078455328 6.892461952
0.6091315387 -14.72187942 0.9855955333
1.649935734 -13.07222794 2.669652097
1.53934507 -13.82876284 0.9302782547
0 -14.93562952 2.012275157
3.009484995 -9.341340189 4.86944901
2.437551945 -11.19349955 3.944041896
3.423713477 -9.678527193 4.294462944
3.097397769 -12.10581082 0.8336538907
2.450902224 -12.28375418 2.534704041
2.368271499 -12.94249078 0.8782899425
3.501141384 -11.44574399 1.600892185
2.025477979 -13.09020555 1.780995277
-1.216950922 -14.34422711 3.964646863
1.097843211 -12.94030191 3.576611484
-0.6246622812 -14.82274909 3.034168139
0.5890288444 -13.97719541 2.861086072
4.143828976 -10.02725354 2.953504651
2.832845912 -11.40729244 3.219113806
3.806933776 -9.908060468 3.645936609
3.850306387 -10.74573036 2.310449584
3.150228105 -10.54431258 3.79396814
3.183729433 -11.49613174 2.423478583
-2.914508888 -10.32673341 6.382272238
-0.9228740434 -9.974924087 6.164842121
-2.300403957 -9.346279472 6.582745619
-2.607276097 -11.4238055 5.974890666
2.489597514 -8.821180791 5.45178955
0.8751625507 -9.45923235 5.8461271
2.046565612 -8.314963165 5.85637178
2.229681812 -9.769372477 5.109587382
-1.250372034 -7.623261912 6.83869493
-0.4495991634 -9.036411044 6.349712945
-1.745371242 -8.440095421 6.730024713
-0.4103545479 -7.500463649 6.733834851
-1.350387959 -9.210281219 6.476927068
-1.773852682 -13.50798386 4.80068778
-0.5089713595 -10.9037877 5.720968683
-2.226671072 -12.51365661 5.450788039
-0.5726482751 -13.05544948 4.632821863
-1.524193594 -11.19189854 5.865892272
1.183124542 -7.213267738 6.470896328
0.4388956274 -8.82128264 6.198546336
1.606513812 -7.768622251 6.19460055
0.4028366039 -7.363050611 6.610466916
1.258396791 -8.582858175 6.035705655
0 -8.167315998 6.49277658
1.552847996 -11.82502125 4.202569058
0.4925268708 -10.55149437 5.536128411
1.918309116 -10.78069494 4.695932198
0.547180909 -12.47483494 4.426786544
1.386062732 -10.17762674 5.334292642
0 -11.76030383 5.147415615
-5.419398617 9.20378482 0.7038668866
-4.990865211 9.389006022 2.125476108
-4.915886908 9.856019861 0.7264793993
-3.655958543 8.83413321 4.722504069
-4.406628336 9.296589631 3.505495243
-3.778651619 11.28663152 0.7877806287
-4.45234135 10.04423658 2.200812982
-4.369090068 10.55205424 0.7552864399
-4.702057933 9.983833857 1.466721642
-0.3516254702 4.949490814 7.087876931
-1.103069071 5.975728945 6.781060222
-2.794507145 8.022040678 5.663819787
-1.922562049 7.021205514 6.327216374
-0.6091315387 14.72187942 0.9855955333
-1.649935734 13.07222794 2.669652097
-1.53934507 13.82876284 0.9302782547
-3.009484995 9.341340189 4.86944901
-2.437551945 11.19349955 3.944041896
-3.423713477 9.678527193 4.294462944
-3.097397769 12.10581082 0.8336538907
-2.450902224 12.28375418 2.534704041
-2.368271499 12.94249078 0.8782899425
-3.501141384 11.44574399 1.600892185
-2.025477979 13.09020555 1.780995277
-4.143828976 10.02725354 2.953504651
-2.832845912 11.40729244 3.219113806
-3.806933776 9.908060468 3.645936609
-3.850306387 10.74573036 2.310449584
-3.150228105 10.54431258 3.79396814
-3.183729433 11.49613174 2.423478583
10.26289298 17.4295093 1.332935818
8.304409494 15.62257193 3.536626061
8.734978484 17.51303947 1.290872235
4.743295135 11.46153617 6.127047206
6.434861976 13.57552 5.118965413
5.846670971 17.46369539 1.21892532
7.038585131 15.87865993 3.479205279
7.257201394 17.52730695 1.254555461
7.907407096 16.78972055 2.466572145
0.355510535 5.004177105 7.166189977
1.151057343 6.235698981 7.076065649
0 5.532923974 7.044587299
3.286759329 9.435122427 6.661501137
2.105592959 7.689635246 6.929577256
-0.7622905688 6.628490983 6.707465372
0.7871695412 6.844825871 6.926377757
-0.3738043813 6.078455328 6.892461952
0.3791704798 6.165713775 6.991405762
0.6506901105 15.72629349 1.052838715
1.956042992 15.49747625 3.164944045
1.829199798 16.43268341 1.105447264
0 14.93562952 2.012275157
3.732115554 11.58436114 6.038689816
3.017343144 13.85596282 4.882163763
4.486530364 12.68301405 5.627584937
4.421573946 17.28119594 1.190051327
3.163702178 15.85625876 3.271876217
3.102520563 16.9551269 1.15059131
5.158979748 16.86546042 2.358936546
2.529820377 16.34965627 2.224461678
-1.097843211 12.94030191 3.576611484
1.216950922 14.34422711 3.964646863
-0.5890288444 13.97719541 2.861086072
0.6246622812 14.82274909 3.034168139
6.13265778 14.83982925 4.371037845
3.717960664 14.97146893 4.224916876
5.29660284 13.78512585 5.07260681
5.733922311 16.00267015 3.440749147
4.148098742 13.8843437 4.995750767
4.433085619 16.00743321 3.374497827
-2.489597514 8.821180791 5.45178955
-0.8751625507 9.45923235 5.8461271
-2.046565612 8.314963165 5.85637178
-2.229681812 9.769372477 5.109587382
2.914508888 10.32673341 6.382272238
0.9228740434 9.974924087 6.164842121
2.300403957 9.346279472 6.582745619
2.607276097 11.4238055 5.974890666
-1.183124542 7.213267738 6.470896328
-0.4388956274 8.82128264 6.198546336
-1.606513812 7.768622251 6.19460055
-0.4028366039 7.363050611 6.610466916
-1.258396791 8.582858175 6.035705655
-1.552847996 11.82502125 4.202569058
-0.4925268708 10.55149437 5.536128411
-1.918309116 10.78069494 4.695932198
-0.547180909 12.47483494 4.426786544
-1.386062732 10.17762674 5.334292642
1.250372034 7.623261912 6.83869493
0.4495991634 9.036411044 6.349712945
1.745371242 8.440095421 6.730024713
0.4103545479 7.500463649 6.733834851
1.350387959 9.210281219 6.476927068
0 8.167315998 6.49277658
1.773852682 13.50798386 4.80068778
0.5089713595 10.9037877 5.720968683
2.226671072 12.51365661 5.450788039
0.5726482751 13.05544948 4.632821863
1.524193594 11.19189854 5.865892272
0 11.76030383 5.147415615
0 -3.826330712 7.271799068
0 -2.659074305 7.376400595
0 -0.5176452051 7.468824916
0 -1.56689296 7.439266803
0 3.826330712 7.271799068
0 2.659074305 7.376400595
0 0.5176452051 7.468824916
0 1.56689296 7.439266803
-10.26289298 -17.4295093 -1.332935818
-8.304409494 -15.62257193 -3.536626061
-8.734978484 -17.51303947 -1.290872235
-4.743295135 -11.46153617 -6.127047206
-6.434861976 -13.57552 -5.118965413
-5.846670971 -17.46369539 -1.21892532
-7.038585131 -15.87865993 -3.479205279
-7.257201394 -17.52730695 -1.254555461
-7.907407096 -16.78972055 -2.466572145
-0.355510535 -5.004177105 -7.166189977
-1.151057343 -6.235698981 -7.076065649
-3.286759329 -9.435122427 -6.661501137
-2.105592959 -7.689635246 -6.929577256
-0.6506901105 -15.72629349 -1.052838715
-1.956042992 -15.49747625 -3.164944045
-1.829199798 -16.43268341 -1.105447264
-3.732115554 -11.58436114 -6.038689816
-3.017343144 -13.85596282 -4.882163763
-4.486530364 -12.68301405 -5.627584937
-4.421573946 -17.28119594 -1.190051327
-3.163702178 -15.85625876 -3.271876217
-3.102520563 -16.9551269 -1.15059131
-5.158979748 -16.86546042 -2.358936546
-2.529820377 -16.34965627 -2.224461678
-6.13265778 -14.83982925 -4.371037845
-3.717960664 -14.97146893 -4.224916876
-5.29660284 -13.78512585 -5.07260681
-5.733922311 -16.00267015 -3.440749147
-4.148098742 -13.8843437 -4.995750767
-4.433085619 -16.00743321 -3.374497827
5.419398617 -9.20378482 -0.7038668866
4.990865211 -9.389006022 -2.125476108
4.915886908 -9.856019861 -0.7264793993
3.655958543 -8.83413321 -4.722504069
4.406628336 -9.296589631 -3.505495243
3.778651619 -11.28663152 -0.7877806287
4.45234135 -10.04423658 -2.200812982
4.369090068 -10.55205424 -0.7552864399
4.702057933 -9.983833857 -1.466721642
0.3516254702 -4.949490814 -7.087876931
1.103069071 -5.975728945 -6.781060222
0 -5.532923974 -7.044587299
2.794507145 -8.022040678 -5.663819787
1.922562049 -7.021205514 -6.327216374
-0.7871695412 -6.844825871 -6.926377757
0.7622905688 -6.628490983 -6.707465372
-0.3791704798 -6.165713775 -6.991405762
0.3738043813 -6.078455328 -6.892461952
0.6091315387 -14.72187942 -0.9855955333
1.649935734 -13.07222794 -2.669652097
1.53934507 -13.82876284 -0.9302782547
0 -14.93562952 -2.012275157
3.009484995 -9.341340189 -4.86944901
2.437551945 -11.19349955 -3.944041896
3.423713477 -9.678527193 -4.294462944
3.097397769 -12.10581082 -0.8336538907
2.450902224 -12.28375418 -2.534704041
2.368271499 -12.94249078 -0.8782899425
3.501141384 -11.44574399 -1.600892185
2.025477979 -13.09020555 -1.780995277
-1.216950922 -14.34422711 -3.964646863
1.097843211 -12.94030191 -3.576611484
-0.6246622812 -14.82274909 -3.034168139
0.5890288444 -13.97719541 -2.861086072
4.143828976 -10.02725354 -2.953504651
2.832845912 -11.40729244 -3.219113806
3.806933776 -9.908060468 -3.645936609
3.850306387 -10.74573036 -2.310449584
3.150228105 -10.54431258 -3.79396814
3.183729433 -11.49613174 -2.423478583
-2.914508888 -10.32673341 -6.382272238
-0.9228740434 -9.974924087 -6.164842121
-2.300403957 -9.346279472 -6.582745619
-2.607276097 -11.4238055 -5.974890666
2.489597514 -8.821180791 -5.45178955
0.8751625507 -9.45923235 -5.8461271
2.046565612 -8.314963165 -5.85637178
2.229681812 -9.769372477 -5.109587382
-1.250372034 -7.623261912 -6.83869493
-0.4495991634 -9.036411044 -6.349712945
-1.745371242 -8.440095421 -6.730024713
-0.4103545479 -7.500463649 -6.733834851
-1.350387959 -9.210281219 -6.476927068
-1.773852682 -13.50798386 -4.80068778
-0.5089713595 -10.9037877 -5.720968683
-2.226671072 -12.51365661 -5.450788039
-0.5726482751 -13.05544948 -4.632821863
-1.524193594 -11.19189854 -5.865892272
1.183124542 -7.213267738 -6.470896328
0.4388956274 -8.82128264 -6.198546336
1.606513812 -7.768622251 -6.19460055
0.4028366039 -7.363050611 -6.610466916
1.258396791 -8.582858175 -6.035705655
0 -8.167315998 -6.49277658
1.552847996 -11.82502125 -4.202569058
0.4925268708 -10.55149437 -5.536128411
1.918309116 -10.78069494 -4.695932198
0.547180909 -12.47483494 -4.426786544
1.386062732 -10.17762674 -5.334292642
0 -11.76030383 -5.147415615
-5.419398617 9.20378482 -0.7038668866
-4.990865211 9.389006022 -2.125476108
-4.915886908 9.856019861 -0.7264793993
-3.655958543 8.83413321 -4.722504069
-4.406628336 9.296589631 -3.505495243
-3.778651619 11.28663152 -0.7877806287
-4.45234135 10.04423658 -2.200812982
-4.369090068 10.55205424 -0.7552864399
-4.702057933 9.983833857 -1.466721642
-0.3516254702 4.949490814 -7.087876931
-1.103069071 5.975728945 -6.781060222
-2.794507145 8.022040678 -5.663819787
-1.922562049 7.021205514 -6.327216374
-0.6091315387 14.72187942 -0.9855955333
-1.649935734 13.07222794 -2.669652097
-1.53934507 13.82876284 -0.9302782547
-3.009484995 9.341340189 -4.86944901
-2.437551945 11.19349955 -3.944041896
-3.423713477 9.678527193 -4.294462944
-3.097397769 12.10581082 -0.8336538907
-2.450902224 12.28375418 -2.534704041
-2.368271499 12.94249078 -0.8782899425
-3.501141384 11.44574399 -1.600892185
-2.025477979 13.09020555 -1.780995277
-4.143828976 10.02725354 -2.953504651
-2.832845912 11.40729244 -3.219113806
-3.806933776 9.908060468 -3.645936609
-3.850306387 10.74573036 -2.310449584
-3.150228105 10.54431258 -3.79396814
-3.183729433 11.49613174 -2.423478583
10.26289298 17.4295093 -1.332935818
8.304409494 15.62257193 -3.536626061
8.734978484 17.51303947 -1.290872235
4.743295135 11.46153617 -6.127047206
6.434861976 13.57552 -5.118965413
5.846670971 17.46369539 -1.21892532
7.038585131 15.87865993 -3.479205279
7.257201394 17.52730695 -1.254555461
7.907407096 16.78972055 -2.466572145
0.355510535 5.004177105 -7.166189977
1.151057343 6.235698981 -7.076065649
0 5.532923974 -7.044587299
3.286759329 9.435122427 -6.661501137
2.105592959 7.689635246 -6.929577256
-0.7622905688 6.628490983 -6.707465372
0.7871695412 6.844825871 -6.926377757
-0.3738043813 6.078455328 -6.892461952
0.3791704798 6.165713775 -6.991405762
0.6506901105 15.72629349 -1.052838715
1.956042992 15.49747625 -3.164944045
1.829199798 16.43268341 -1.105447264
0 14.93562952 -2.012275157
3.732115554 11.58436114 -6.038689816
3.017343144 13.85596282 -4.882163763
4.486530364 12.68301405 -5.627584937
4.421573946 17.28119594 -1.190051327
3.163702178 15.85625876 -3.271876217
3.102520563 16.9551269 -1.15059131
5.158979748 16.86546042 -2.358936546
2.529820377 16.34965627 -2.224461678
-1.097843211 12.94030191 -3.576611484
1.216950922 14.34422711 -3.964646863
-0.5890288444 13.97719541 -2.861086072
0.6246622812 14.82274909 -3.034168139
6.13265778 14.83982925 -4.371037845
3.717960664 14.97146893 -4.224916876
5.29660284 13.78512585 -5.07260681
5.733922311 16.00267015 -3.440749147
4.148098742 13.8843437 -4.995750767
4.433085619 16.00743321 -3.374497827
-2.489597514 8.821180791 -5.45178955
-0.8751625507 9.45923235 -5.8461271
-2.046565612 8.314963165 -5.85637178
-2.229681812 9.769372477 -5.109587382
2.914508888 10.32673341 -6.382272238
0.9228740434 9.974924087 -6.164842121
2.300403957 9.346279472 -6.582745619
2.607276097 11.4238055 -5.974890666
-1.183124542 7.213267738 -6.470896328
-0.4388956274 8.82128264 -6.198546336
-1.606513812 7.768622251 -6.19460055
-0.4028366039 7.363050611 -6.610466916
-1.258396791 8.582858175 -6.035705655
-1.552847996 11.82502125 -4.202569058
-0.4925268708 10.55149437 -5.536128411
-1.918309116 10.78069494 -4.695932198
-0.547180909 12.47483494 -4.426786544
-1.386062732 10.17762674 -5.334292642
1.250372034 7.623261912 -6.83869493
0.4495991634 9.036411044 -6.349712945
1.745371242 8.440095421 -6.730024713
0.4103545479 7.500463649 -6.733834851
1.350387959 9.210281219 -6.476927068
0 8.167315998 -6.49277658
1.773852682 13.50798386 -4.80068778
0.5089713595 10.9037877 -5.720968683
2.226671072 12.51365661 -5.450788039
0.5726482751 13.05544948 -4.632821863
1.524193594 11.19189854 -5.865892272
0 11.76030383 -5.147415615
0 -3.826330712 -7.271799068
0 -2.659074305 -7.376400595
0 -0.5176452051 -7.468824916
0 -1.56689296 -7.439266803
0 3.826330712 -7.271799068
0 2.659074305 -7.376400595
0 0.5176452051 -7.468824916
0 1.56689296 -7.439266803
12.24489698 17.53520232 -0.869911233
13.72037589 15.56943027 -2.532665457
11.1436947 16.70183517 -2.150434502
13.88628126 9.804163024 -4.837336754
14.06944598 12.67879551 -3.852526868
8.860460464 14.59187164 -4.168814062
12.16448652 14.37291975 -3.592950909
9.962892775 15.64306366 -3.248537498
11.76617817 15.6284335 -2.915628271
9.739787103 0.7448580947 -5.735008998
10.82244378 2.449976668 -5.752830283
13.16411303 7.037201712 -5.447897416
12.021586 4.533018473 -5.698289763
5.08840208 10.44981076 -6.458338228
7.413520132 10.29097386 -6.360171624
5.935197976 11.46796756 -6.099963864
12.41758688 9.021680171 -5.575704981
9.873515815 9.833865058 -6.077662846
12.52608809 10.32611663 -5.20297839
7.8014798 13.51793226 -4.9768385
8.435088732 11.24500329 -5.894961869
6.845996073 12.50159292 -5.60615292
9.260963838 13.42336985 -4.762401014
7.171263596 11.3942431 -6.021560117
12.40065926 12.98467262 -4.221967965
9.784969379 11.01525199 -5.71422299
12.51769032 11.65476408 -4.745919176
10.79863081 13.24689747 -4.510514473
11.1344685 10.71763762 -5.48908681
9.56613478 12.21537242 -5.27957824
5.954118336 -8.526545374 -0.4229969785
6.624178012 -7.516898848 -1.222767289
5.780087199 -8.663021222 -1.115401963
7.74367953 -5.467287827 -2.697539024
7.215753261 -6.502534656 -1.975833544
5.329594012 -8.777055325 -2.507554382
6.425515312 -7.59205214 -1.897865647
5.572194216 -8.749084306 -1.816890161
6.116003233 -8.123585114 -1.515529654
9.190473582 -0.702848899 -5.411560656
8.962373138 -2.028895278 -4.764082183
8.21465216 -4.391345176 -3.39958964
8.626029672 -3.252645021 -4.08877968
3.935651543 -8.082461489 -4.995235913
5.230441936 -7.260564522 -4.487275652
4.340070168 -8.385867513 -4.460554021
7.472445029 -5.428913832 -3.35525327
6.398329569 -6.372634708 -3.938504848
7.241590137 -5.969741215 -3.007949227
5.03722651 -8.72820138 -3.213424052
5.588520385 -7.450180086 -3.905603796
4.71112701 -8.603071262 -3.857919017
5.634136141 -8.166438672 -2.897324311
4.985639017 -7.921558345 -4.186336852
6.723455149 -7.040098603 -2.289088963
6.177447001 -6.954149034 -3.607503336
6.990891039 -6.508963212 -2.650505245
6.196089708 -7.600867789 -2.588064431
6.71884775 -6.467320409 -3.312267537
5.917173489 -7.555870734 -3.26570565
0.5480452875 -4.219655632 -7.166256849
1.604639232 -3.767879625 -7.088278884
0.9074388342 -4.702408427 -7.047828622
0.5338546981 -3.612448369 -7.242713988
3.678204415 -2.847506885 -6.880618269
2.637356683 -3.315323481 -6.994282147
1.680854337 -5.690790228 -6.723939486
1.986545214 -4.222233246 -6.953395459
1.287462278 -5.195624799 -6.901091884
1.454211242 -4.459899474 -7.002633968
0.513415736 -2.462638876 -7.355771411
1.57194005 -3.180103781 -7.174138774
0.5229064374 -3.024846206 -7.30548941
1.059223054 -3.395687376 -7.210029964
8.523904308 -0.4228659568 -5.95227407
7.158354697 -1.164443229 -6.308215229
8.50977185 -1.095670434 -5.677837105
4.758312925 -2.347733503 -6.739511721
5.908804383 -1.795425095 -6.55690077
8.364139692 -2.389586753 -5.078863829
7.193034397 -1.798118957 -6.087807592
8.453817731 -1.755573237 -5.384142227
7.838975916 -1.462433185 -5.901729517
3.423197889 -7.623763689 -5.538850534
3.727886925 -6.056168537 -6.031847751
2.982111653 -7.179386587 -5.918462547
4.109083659 -7.290420295 -5.324246124
4.136860832 -3.259354112 -6.693581432
3.958246703 -4.613797136 -6.404577702
3.600046468 -3.502805752 -6.768108307
2.113125742 -6.206620355 -6.498923294
3.282119864 -5.620264106 -6.326910485
2.539867679 -6.699076801 -6.237265637
2.265444293 -5.423704256 -6.653367029
3.143744327 -6.377002842 -6.138272835
5.400827539 -6.546597492 -4.853559406
4.391692316 -5.774941743 -5.859538601
4.772034408 -6.928490129 -5.094249933
4.260873106 -6.516467305 -5.611798776
2.538746253 -3.979630363 -6.895662753
3.405718289 -4.873235249 -6.496617656
3.06530216 -3.743216935 -6.83555378
2.407073625 -4.680794778 -6.784611257
3.509259066 -4.179285982 -6.64036398
2.842685371 -5.15069768 -6.577127733
0.499684721 -0.3088221413 -7.463810422
1.50987012 -0.9331510528 -7.393235394
0.5011399995 -0.8292437061 -7.449541219
3.644284054 -2.25229141 -6.991036773
2.552079912 -1.577272127 -7.243002504
3.125082182 -2.491437492 -7.043067614
0.5093858292 -1.892596614 -7.396988791
1.517775896 -1.467595529 -7.355488336
0.5040268567 -1.359086996 -7.427345608
1.025649087 -2.243088259 -7.332984059
1.00843855 -1.146870012 -7.411961203
2.101219341 -2.948054809 -7.133714543
2.05301321 -1.806668056 -7.275083605
2.609180107 -2.724396209 -7.090609915
1.557912318 -2.596221874 -7.245735124
2.581046702 -2.143108629 -7.173324128
1.540183137 -2.023342158 -7.306088184
7.72388517 -4.773623561 -3.761047377
6.971080716 -4.308364821 -5.021900544
7.914761303 -4.209966387 -4.096251148
7.178615133 -5.242594014 -4.046067159
4.789614779 -2.960144727 -6.592503447
5.943054633 -3.67300976 -5.9670174
5.353913634 -2.697654688 -6.494560949
4.706324769 -3.632191629 -6.444308699
8.234318703 -3.031593409 -4.752196548
7.072369603 -3.707544415 -5.305117626
8.087060837 -3.626521837 -4.428554592
7.751940713 -2.750266939 -5.34816841
7.532352599 -3.980651773 -4.740682246
6.033281247 -6.121662509 -4.58815276
6.359830671 -4.715092995 -5.246748204
6.612763536 -5.694726388 -4.323837593
5.571993506 -5.816396617 -5.176540965
6.804592468 -5.00315279 -4.686699235
6.543061931 -2.127477426 -6.248773762
6.525842721 -3.385317064 -5.796977798
5.940872614 -2.419173916 -6.380738648
7.176021512 -2.44340601 -5.849762721
5.952100214 -3.048395173 -6.183589586
7.135001633 -3.083802776 -5.587581365
4.512207234 -5.020985848 -6.086173483
5.82732364 -4.367547378 -5.743191884
4.614085701 -4.322240961 -6.275437534
5.054231891 -5.44034085 -5.678969311
5.27880607 -4.008041576 -6.129793411
5.714459739 -5.085818056 -5.474339983
0.5561842329 4.28232116 -7.272681947
1.669578946 3.920365629 -7.375141371
0.9326895458 4.833259295 -7.243943976
0.5404712744 3.657220927 -7.33247993
3.953677564 3.060766291 -7.395931007
2.797184819 3.516237517 -7.418147106
1.790711656 6.062729036 -7.163402889
2.100544949 4.464530006 -7.352422489
1.344781079 5.426937972 -7.20833375
1.517271133 4.653296945 -7.306293659
0.5175892376 2.482657404 -7.41556569
1.624182774 3.285793107 -7.412568065
0.5282240975 3.055607166 -7.37978207
1.084151775 3.475604577 -7.37971738
8.780652116 0.4356030668 -6.131562019
7.638651085 1.242572618 -6.731470728
9.236997123 1.189303877 -6.163051834
8.037312182 0 -6.312624909
5.150851653 2.541410618 -7.295490152
6.390088657 1.941666163 -7.090973829
10.22120026 2.920138311 -6.206506134
7.997346408 1.999181346 -6.768535154
9.71970383 2.018455148 -6.190370966
8.642021451 1.612248729 -6.50631838
6.662487303 -0.7571788976 -6.584042491
6.913016184 0.7856510241 -6.831621618
7.327359628 -0.3973905335 -6.461991155
7.488669295 0.4061389692 -6.604249989
4.170285948 9.287594705 -6.747664407
4.411721199 7.167096979 -7.138314848
3.481209554 8.380956883 -6.90899965
5.221352444 9.26383033 -6.765441598
4.552467711 3.586802882 -7.366047489
4.522899133 5.271965249 -7.318204525
3.931250384 3.825063532 -7.390773596
2.309366862 6.783014889 -7.102463329
3.746332115 6.415175798 -7.221767919
2.859491988 7.542108038 -7.022181219
2.46232454 5.895055608 -7.231583207
3.632416264 7.368261039 -7.092422209
7.437005944 9.01474526 -6.683410994
5.353332147 7.039468855 -7.142589713
6.318309301 9.173518018 -6.744931821
5.307248393 8.11676616 -6.989931242
2.718267934 4.261040896 -7.383273901
3.832853808 5.484422578 -7.311404998
3.316632749 4.050131186 -7.39601525
2.598135953 5.052334534 -7.323142198
3.891805601 4.634872572 -7.364234229
3.14714078 5.702344298 -7.281546921
0.5001781549 0.3091271002 -7.471180864
1.523640159 0.9416614047 -7.460661813
0.5024752366 0.8314531424 -7.469389771
1.00476921 0 -7.457658374
3.853249376 2.381439081 -7.3919068
2.620351149 1.619466073 -7.436761618
3.293251435 2.625508584 -7.422074421
0.5125418085 1.904322491 -7.442817987
1.53980859 1.488899783 -7.4622638
0.5062436697 1.365064538 -7.460012591
1.040990676 2.276640219 -7.442670331
1.015965232 1.155429906 -7.467281854
2.038449467 -0.6257033836 -7.375179455
2.055272989 0.6308673747 -7.436047532
1.520038505 -0.312939388 -7.425807782
1.524680113 0.3138949834 -7.448483318
2.189033104 3.07125936 -7.431845396
2.10335425 1.850968574 -7.453472751
2.73589922 2.856710982 -7.434977021
1.599539992 2.66559335 -7.439342357
2.677231056 2.222972941 -7.440642634
1.571679485 2.064718983 -7.455495802
12.11782553 7.489228046 -5.900620597
9.384089224 5.799686094 -6.760209026
11.73311075 6.240997041 -6.072421711
10.99742711 8.031499735 -6.198455809
5.309405845 3.281393273 -7.307952299
7.109968067 4.394201925 -7.138635902
5.960995197 3.003542406 -7.230980786
5.342079694 4.12284704 -7.314839569
10.75255926 3.958723115 -6.205525539
9.076154302 4.757987362 -6.808194265
11.26133996 5.049979975 -6.166821271
9.50726799 3.373029516 -6.559192364
10.34968757 5.469539779 -6.513845371
8.64190576 8.768500643 -6.571943547
8.399385635 6.227191638 -6.9293451
9.812689613 8.450412929 -6.416149013
7.434821931 7.760933871 -6.907161728
9.641526297 7.089040147 -6.640652491
7.303107757 2.374606423 -6.974634906
7.890720794 4.093355125 -7.009413988
6.630817861 2.700125496 -7.121767885
8.347013382 2.842123957 -6.804334077
6.872601778 3.519834232 -7.139891342
8.710560648 3.764771543 -6.821437311
5.37023255 5.9757587 -7.243498637
7.225887955 5.415763727 -7.121564482
5.364229753 5.024937781 -7.295679126
6.334291847 6.818188685 -7.117253378
6.233074842 4.732589677 -7.237898228
7.357753494 6.548334799 -7.048583063
4.277749019 -1.953463762 -6.921543308
4.388919947 -0.657019307 -7.101421648
4.828273484 -1.687286745 -6.855254018
3.702289591 -1.6155762 -7.078662782
4.530616132 2.068937283 -7.330690891
4.473662693 0.6697052573 -7.238538292
5.109596412 1.785597756 -7.254680466
3.853707365 1.681650705 -7.368168867
6.00339769 -1.097648113 -6.692135476
4.953813455 -0.3507607988 -7.0498769
5.405520349 -1.401872975 -6.779040121
6.114828954 -0.3726328202 -6.810985613
4.893665861 -1.020290546 -6.958861555
2.594281141 -0.9585860968 -7.299684834
3.790393669 -0.3372159377 -7.224239485
3.137807831 -1.281808406 -7.20362807
2.608276154 -0.322400663 -7.350210853
3.751007597 -0.974661907 -7.156779312
6.293687219 1.150724016 -7.015728373
5.011461231 0.3548426199 -7.131916672
5.702082425 1.478783676 -7.150957362
6.212499329 0.3785847753 -6.919775496
5.062793959 1.055552414 -7.199364085
5.558094009 0 -6.991571257
2.636563956 0.9742095841 -7.418658533
3.82204289 0.3400316404 -7.284560805
3.221987608 1.316196218 -7.396883946
2.62243059 0.3241502476 -7.390098536
3.84268483 0.9984833215 -7.331695973
3.203997705 0 -7.320175656
12.24489698 17.53520232 0.869911233
13.72037589 15.56943027 2.532665457
11.1436947 16.70183517 2.150434502
13.84270362 17.62470161 0
13.88628126 9.804163024 4.837336754
14.06944598 12.67879551 3.852526868
8.860460464 14.59187164 4.168814062
12.16448652 14.37291975 3.592950909
9.962892775 15.64306366 3.248537498
11.76617817 15.6284335 2.915628271
15.73248217 15.91992501 -1.809268929
15.73248217 15.91992501 1.809268929
15.10646722 17.12947533 -0.928996485
15.10646722 17.12947533 0.928996485
9.739787103 0.7448580947 5.735008998
10.82244378 2.449976668 5.752830283
13.16411303 7.037201712 5.447897416
12.021586 4.533018473 5.698289763
5.08840208 10.44981076 6.458338228
7.413520132 10.29097386 6.360171624
5.935197976 11.46796756 6.099963864
12.41758688 9.021680171 5.575704981
9.873515815 9.833865058 6.077662846
12.52608809 10.32611663 5.20297839
7.8014798 13.51793226 4.9768385
8.435088732 11.24500329 5.894961869
6.845996073 12.50159292 5.60615292
9.260963838 13.42336985 4.762401014
7.171263596 11.3942431 6.021560117
12.40065926 12.98467262 4.221967965
9.784969379 11.01525199 5.71422299
12.51769032 11.65476408 4.745919176
10.79863081 13.24689747 4.510514473
11.1344685 10.71763762 5.48908681
9.56613478 12.21537242 5.27957824
15.15639003 9.367164187 -4.277580501
18.54296697 11.46018384 -1.715584275
15.54507767 10.94866596 -3.826116936
15.15639003 9.367164187 4.277580501
18.54296697 11.46018384 1.715584275
15.54507767 10.94866596 3.826116936
15.89072278 14.25528948 -2.606405972
19.29795818 13.56030555 -0.9601539603
15.78940362 12.59026958 -3.265172921
17.83929225 16.01592295 -0.9759976248
17.44454785 12.26749341 -2.557675146
15.89072278 14.25528948 2.606405972
19.29795818 13.56030555 0.9601539603
15.78940362 12.59026958 3.265172921
17.83929225 16.01592295 0.9759976248
17.44454785 12.26749341 2.557675146
19.27157946 15.32034022 0
5.954118336 -8.526545374 0.4229969785
6.624178012 -7.516898848 1.222767289
5.780087199 -8.663021222 1.115401963
6.323191313 -8.050765459 0
7.74367953 -5.467287827 2.697539024
7.215753261 -6.502534656 1.975833544
5.329594012 -8.777055325 2.507554382
6.425515312 -7.59205214 1.897865647
5.572194216 -8.749084306 1.816890161
6.116003233 -8.123585114 1.515529654
7.000881854 -7.084293051 -0.8051163114
7.000881854 -7.084293051 0.8051163114
6.673363735 -7.567038525 -0.4103892301
6.673363735 -7.567038525 0.4103892301
9.190473582 -0.702848899 5.411560656
8.962373138 -2.028895278 4.764082183
8.21465216 -4.391345176 3.39958964
8.626029672 -3.252645021 4.08877968
3.935651543 -8.082461489 4.995235913
5.230441936 -7.260564522 4.487275652
4.340070168 -8.385867513 4.460554021
7.472445029 -5.428913832 3.35525327
6.398329569 -6.372634708 3.938504848
7.241590137 -5.969741215 3.007949227
5.03722651 -8.72820138 3.213424052
5.588520385 -7.450180086 3.905603796
4.71112701 -8.603071262 3.857919017
5.634136141 -8.166438672 2.897324311
4.985639017 -7.921558345 4.186336852
6.723455149 -7.040098603 2.289088963
6.177447001 -6.954149034 3.607503336
6.990891039 -6.508963212 2.650505245
6.196089708 -7.600867789 2.588064431
6.71884775 -6.467320409 3.312267537
5.917173489 -7.555870734 3.26570565
8.181298846 -5.056320759 -2.309003948
8.39575702 -5.1888632 -0.7767704458
7.90938361 -5.570715113 -1.946740134
8.181298846 -5.056320759 2.309003948
8.39575702 -5.1888632 0.7767704458
7.90938361 -5.570715113 1.946740134
7.327206869 -6.573109129 -1.201812907
8.071307178 -5.671552945 -0.4015812181
7.623226508 -6.078663834 -1.57644667
7.374467548 -6.620716919 -0.403461231
8.017826291 -5.638359448 -1.175553256
7.327206869 -6.573109129 1.201812907
8.071307178 -5.671552945 0.4015812181
7.623226508 -6.078663834 1.57644667
7.374467548 -6.620716919 0.403461231
8.017826291 -5.638359448 1.175553256
7.732871754 -6.147406153 0
0.5480452875 -4.219655632 7.166256849
1.604639232 -3.767879625 7.088278884
0.9074388342 -4.702408427 7.047828622
0.5338546981 -3.612448369 7.242713988
3.678204415 -2.847506885 6.880618269
2.637356683 -3.315323481 6.994282147
1.680854337 -5.690790228 6.723939486
1.986545214 -4.222233246 6.953395459
1.287462278 -5.195624799 6.901091884
1.454211242 -4.459899474 7.002633968
0.513415736 -2.462638876 7.355771411
1.57194005 -3.180103781 7.174138774
0.5229064374 -3.024846206 7.30548941
1.059223054 -3.395687376 7.210029964
8.523904308 -0.4228659568 5.95227407
7.158354697 -1.164443229 6.308215229
8.50977185 -1.095670434 5.677837105
4.758312925 -2.347733503 6.739511721
5.908804383 -1.795425095 6.55690077
8.364139692 -2.389586753 5.078863829
7.193034397 -1.798118957 6.087807592
8.453817731 -1.755573237 5.384142227
7.838975916 -1.462433185 5.901729517
3.423197889 -7.623763689 5.538850534
3.727886925 -6.056168537 6.031847751
2.982111653 -7.179386587 5.918462547
4.109083659 -7.290420295 5.324246124
4.136860832 -3.259354112 6.693581432
3.958246703 -4.613797136 6.404577702
3.600046468 -3.502805752 6.768108307
2.113125742 -6.206620355 6.498923294
3.282119864 -5.620264106 6.326910485
2.539867679 -6.699076801 6.237265637
2.265444293 -5.423704256 6.653367029
3.143744327 -6.377002842 6.138272835
5.400827539 -6.546597492 4.853559406
4.391692316 -5.774941743 5.859538601
4.772034408 -6.928490129 5.094249933
4.260873106 -6.516467305 5.611798776
2.538746253 -3.979630363 6.895662753
3.405718289 -4.873235249 6.496617656
3.06530216 -3.743216935 6.83555378
2.407073625 -4.680794778 6.784611257
3.509259066 -4.179285982 6.64036398
2.842685371 -5.15069768 6.577127733
0.499684721 -0.3088221413 7.463810422
1.50987012 -0.9331510528 7.393235394
0.5011399995 -0.8292437061 7.449541219
3.644284054 -2.25229141 6.991036773
2.552079912 -1.577272127 7.243002504
3.125082182 -2.491437492 7.043067614
0.5093858292 -1.892596614 7.396988791
1.517775896 -1.467595529 7.355488336
0.5040268567 -1.359086996 7.427345608
1.025649087 -2.243088259 7.332984059
1.00843855 -1.146870012 7.411961203
2.101219341 -2.948054809 7.133714543
2.05301321 -1.806668056 7.275083605
2.609180107 -2.724396209 7.090609915
1.557912318 -2.596221874 7.245735124
2.581046702 -2.143108629 7.173324128
1.540183137 -2.023342158 7.306088184
7.72388517 -4.773623561 3.761047377
6.971080716 -4.308364821 5.021900544
7.914761303 -4.209966387 4.096251148
7.178615133 -5.242594014 4.046067159
4.789614779 -2.960144727 6.592503447
5.943054633 -3.67300976 5.9670174
5.353913634 -2.697654688 6.494560949
4.706324769 -3.632191629 6.444308699
8.234318703 -3.031593409 4.752196548
7.072369603 -3.707544415 5.305117626
8.087060837 -3.626521837 4.428554592
7.751940713 -2.750266939 5.34816841
7.532352599 -3.980651773 4.740682246
6.033281247 -6.121662509 4.58815276
6.359830671 -4.715092995 5.246748204
6.612763536 -5.694726388 4.323837593
5.571993506 -5.816396617 5.176540965
6.804592468 -5.00315279 4.686699235
6.543061931 -2.127477426 6.248773762
6.525842721 -3.385317064 5.796977798
5.940872614 -2.419173916 6.380738648
7.176021512 -2.44340601 5.849762721
5.952100214 -3.048395173 6.183589586
7.135001633 -3.083802776 5.587581365
4.512207234 -5.020985848 6.086173483
5.82732364 -4.367547378 5.743191884
4.614085701 -4.322240961 6.275437534
5.054231891 -5.44034085 5.678969311
5.27880607 -4.008041576 6.129793411
5.714459739 -5.085818056 5.474339983
0.5561842329 4.28232116 7.272681947
1.669578946 3.920365629 7.375141371
0.9326895458 4.833259295 7.243943976
0.5404712744 3.657220927 7.33247993
3.953677564 3.060766291 7.395931007
2.797184819 3.516237517 7.418147106
1.790711656 6.062729036 7.163402889
2.100544949 4.464530006 7.352422489
1.344781079 5.426937972 7.20833375
1.517271133 4.653296945 7.306293659
0.5175892376 2.482657404 7.41556569
1.624182774 3.285793107 7.412568065
0.5282240975 3.055607166 7.37978207
1.084151775 3.475604577 7.37971738
8.780652116 0.4356030668 6.131562019
7.638651085 1.242572618 6.731470728
9.236997123 1.189303877 6.163051834
8.037312182 0 6.312624909
5.150851653 2.541410618 7.295490152
6.390088657 1.941666163 7.090973829
10.22120026 2.920138311 6.206506134
7.997346408 1.999181346 6.768535154
9.71970383 2.018455148 6.190370966
8.642021451 1.612248729 6.50631838
6.662487303 -0.7571788976 6.584042491
6.913016184 0.7856510241 6.831621618
7.327359628 -0.3973905335 6.461991155
7.488669295 0.4061389692 6.604249989
4.170285948 9.287594705 6.747664407
4.411721199 7.167096979 7.138314848
3.481209554 8.380956883 6.90899965
5.221352444 9.26383033 6.765441598
4.552467711 3.586802882 7.366047489
4.522899133 5.271965249 7.318204525
3.931250384 3.825063532 7.390773596
2.309366862 6.783014889 7.102463329
3.746332115 6.415175798 7.221767919
2.859491988 7.542108038 7.022181219
2.46232454 5.895055608 7.231583207
3.632416264 7.368261039 7.092422209
7.437005944 9.01474526 6.683410994
5.353332147 7.039468855 7.142589713
6.318309301 9.173518018 6.744931821
5.307248393 8.11676616 6.989931242
2.718267934 4.261040896 7.383273901
3.832853808 5.484422578 7.311404998
3.316632749 4.050131186 7.39601525
2.598135953 5.052334534 7.323142198
3.891805601 4.634872572 7.364234229
3.14714078 5.702344298 7.281546921
0.5001781549 0.3091271002 7.471180864
1.523640159 0.9416614047 7.460661813
0.5024752366 0.8314531424 7.469389771
1.00476921 0 7.457658374
3.853249376 2.381439081 7.3919068
2.620351149 1.619466073 7.436761618
3.293251435 2.625508584 7.422074421
0.5125418085 1.904322491 7.442817987
1.53980859 1.488899783 7.4622638
0.5062436697 1.365064538 7.460012591
1.040990676 2.276640219 7.442670331
1.015965232 1.155429906 7.467281854
2.038449467 -0.6257033836 7.375179455
2.055272989 0.6308673747 7.436047532
1.520038505 -0.312939388 7.425807782
1.524680113 0.3138949834 7.448483318
2.189033104 3.07125936 7.431845396
2.10335425 1.850968574 7.453472751
2.73589922 2.856710982 7.434977021
1.599539992 2.66559335 7.439342357
2.677231056 2.222972941 7.440642634
1.571679485 2.064718983 7.455495802
12.11782553 7.489228046 5.900620597
9.384089224 5.799686094 6.760209026
11.73311075 6.240997041 6.072421711
10.99742711 8.031499735 6.198455809
5.309405845 3.281393273 7.307952299
7.109968067 4.394201925 7.138635902
5.960995197 3.003542406 7.230980786
5.342079694 4.12284704 7.314839569
10.75255926 3.958723115 6.205525539
9.076154302 4.757987362 6.808194265
11.26133996 5.049979975 6.166821271
9.50726799 3.373029516 6.559192364
10.34968757 5.469539779 6.513845371
8.64190576 8.768500643 6.571943547
8.399385635 6.227191638 6.9293451
9.812689613 8.450412929 6.416149013
7.434821931 7.760933871 6.907161728
9.641526297 7.089040147 6.640652491
7.303107757 2.374606423 6.974634906
7.890720794 4.093355125 7.009413988
6.630817861 2.700125496 7.121767885
8.347013382 2.842123957 6.804334077
6.872601778 3.519834232 7.139891342
8.710560648 3.764771543 6.821437311
5.37023255 5.9757587 7.243498637
7.225887955 5.415763727 7.121564482
5.364229753 5.024937781 7.295679126
6.334291847 6.818188685 7.117253378
6.233074842 4.732589677 7.237898228
7.357753494 6.548334799 7.048583063
4.277749019 -1.953463762 6.921543308
4.388919947 -0.657019307 7.101421648
4.828273484 -1.687286745 6.855254018
3.702289591 -1.6155762 7.078662782
4.530616132 2.068937283 7.330690891
4.473662693 0.6697052573 7.238538292
5.109596412 1.785597756 7.254680466
3.853707365 1.681650705 7.368168867
6.00339769 -1.097648113 6.692135476
4.953813455 -0.3507607988 7.0498769
5.405520349 -1.401872975 6.779040121
6.114828954 -0.3726328202 6.810985613
4.893665861 -1.020290546 6.958861555
2.594281141 -0.9585860968 7.299684834
3.790393669 -0.3372159377 7.224239485
3.137807831 -1.281808406 7.20362807
2.608276154 -0.322400663 7.350210853
3.751007597 -0.974661907 7.156779312
6.293687219 1.150724016 7.015728373
5.011461231 0.3548426199 7.131916672
5.702082425 1.478783676 7.150957362
6.212499329 0.3785847753 6.919775496
5.062793959 1.055552414 7.199364085
5.558094009 0 6.991571257
2.636563956 0.9742095841 7.418658533
3.82204289 0.3400316404 7.284560805
3.221987608 1.316196218 7.396883946
2.62243059 0.3241502476 7.390098536
3.84268483 0.9984833215 7.331695973
3.203997705 0 7.320175656
9.928044343 0 -5.224014116
11.02221034 0 -3.973330344
10.46608529 0.7714468375 -5.220169233
9.789151757 -0.7215506045 -4.882535104
12.11926815 0 -0.8399555639
11.74565044 0 -2.473923501
11.67919007 2.559050947 -5.177072491
11.63061213 0.8117896757 -3.893812898
11.05236256 1.623698832 -5.205299869
11.10405074 0.7947968013 -4.59764485
9.424639801 -2.06505188 -4.177690676
10.72763077 -0.7487636767 -3.591503746
9.618402969 -1.413036315 -4.529951983
10.30502771 -0.7376049738 -4.266808451
9.928044343 0 5.224014116
11.02221034 0 3.973330344
10.46608529 0.7714468375 5.220169233
9.789151757 -0.7215506045 4.882535104
12.11926815 0 0.8399555639
11.74565044 0 2.473923501
11.67919007 2.559050947 5.177072491
11.63061213 0.8117896757 3.893812898
11.05236256 1.623698832 5.205299869
11.10405074 0.7947968013 4.59764485
9.424639801 -2.06505188 4.177690676
10.72763077 -0.7487636767 3.591503746
9.618402969 -1.413036315 4.529951983
10.30502771 -0.7376049738 4.266808451
14.49869739 7.557873521 -4.671022718
14.85178966 5.233044448 -3.234199333
13.82452382 6.134084669 -4.890331719
15.94172685 8.337858601 -3.638409579
12.75394472 0.853846889 -0.5277063986
13.93715037 2.846289314 -1.759103538
12.63177298 0.8497552423 -1.406102461
12.38757107 3.648730792 -5.119245834
13.93250619 3.931723787 -3.459948399
13.09869226 4.820015159 -5.032857253
12.4512909 2.677163758 -4.461426378
14.05782439 5.058171168 -4.199927986
18.36508158 9.635739389 -0.8572526172
15.63089607 5.555162973 -2.052631038
17.34496632 9.090835081 -2.362162813
16.0537363 6.992801265 -2.856590309
12.07642305 0.8316301329 -3.089878601
13.5796496 2.802106929 -2.709464297
12.40181438 0.8415991191 -2.269336254
12.32218064 1.72347754 -3.769234803
13.13085639 1.786526051 -2.031767979
13.09010716 2.759501638 -3.6251637
8.490996676 -4.426182381 -2.735531152
9.493322269 -3.34498256 -2.067312914
8.73995602 -3.878009175 -3.091700278
8.660849475 -4.529806525 -1.976681573
11.59864079 -0.7765019822 -0.4799046174
10.51775392 -2.147969262 -1.327518011
11.50620548 -0.7740369026 -1.280810213
9.206564249 -2.711772493 -3.804673687
9.798865461 -2.765219113 -2.43341495
8.980002399 -3.30443275 -3.450349799
9.806598661 -2.108525994 -3.51380578
9.268550552 -3.334933904 -2.76908032
8.828330539 -4.632023655 -0.412092341
9.616381365 -3.417626567 -1.262811983
8.77301898 -4.598110324 -1.194773101
9.141029808 -3.981715136 -1.62654828
11.07567791 -0.7627148744 -2.833827535
10.35924584 -2.137589363 -2.066916862
11.33035456 -0.768888819 -2.07327602
10.43007929 -1.458833296 -3.190459465
10.91882729 -1.485567188 -1.689495567
10.11755488 -2.132863308 -2.801947473
14.49869739 7.557873521 4.671022718
14.85178966 5.233044448 3.234199333
13.82452382 6.134084669 4.890331719
15.94172685 8.337858601 3.638409579
12.75394472 0.853846889 0.5277063986
13.93715037 2.846289314 1.759103538
12.63177298 0.8497552423 1.406102461
13.45025852 1.812151342 0
12.38757107 3.648730792 5.119245834
13.93250619 3.931723787 3.459948399
13.09869226 4.820015159 5.032857253
12.4512909 2.677163758 4.461426378
14.05782439 5.058171168 4.199927986
18.36508158 9.635739389 0.8572526172
15.63089607 5.555162973 2.052631038
17.34496632 9.090835081 2.362162813
17.32805973 7.584389529 0
16.0537363 6.992801265 2.856590309
12.07642305 0.8316301329 3.089878601
13.5796496 2.802106929 2.709464297
12.40181438 0.8415991191 2.269336254
12.32218064 1.72347754 3.769234803
13.13085639 1.786526051 2.031767979
13.09010716 2.759501638 3.6251637
14.92658642 4.12560702 -1.266357746
14.92658642 4.12560702 1.266357746
14.18786276 2.904208988 -0.5979068161
16.07964776 5.705980775 -0.7052980116
14.18786276 2.904208988 0.5979068161
16.07964776 5.705980775 0.7052980116
8.490996676 -4.426182381 2.735531152
9.493322269 -3.34498256 2.067312914
8.73995602 -3.878009175 3.091700278
8.660849475 -4.529806525 1.976681573
11.59864079 -0.7765019822 0.4799046174
10.51775392 -2.147969262 1.327518011
11.50620548 -0.7740369026 1.280810213
11.09996406 -1.495496517 0
9.206564249 -2.711772493 3.804673687
9.798865461 -2.765219113 2.43341495
8.980002399 -3.30443275 3.450349799
9.806598661 -2.108525994 3.51380578
9.268550552 -3.334933904 2.76908032
8.828330539 -4.632023655 0.412092341
9.616381365 -3.417626567 1.262811983
8.77301898 -4.598110324 1.194773101
9.259178425 -4.052687779 0
9.141029808 -3.981715136 1.62654828
11.07567791 -0.7627148744 2.833827535
10.35924584 -2.137589363 2.066916862
11.33035456 -0.768888819 2.07327602
10.43007929 -1.458833296 3.190459465
10.91882729 -1.485567188 1.689495567
10.11755488 -2.132863308 2.801947473
10.1186314 -2.796720935 -0.8584553016
10.1186314 -2.796720935 0.8584553016
10.60317897 -2.17043597 -0.4468405909
9.691362001 -3.439050785 -0.4250900548
10.60317897 -2.17043597 0.4468405909
9.691362001 -3.439050785 0.4250900548
-5.954118336 8.526545374 -0.4229969785
-6.624178012 7.516898848 -1.222767289
-5.780087199 8.663021222 -1.115401963
-7.74367953 5.467287827 -2.697539024
-7.215753261 6.502534656 -1.975833544
-5.329594012 8.777055325 -2.507554382
-6.425515312 7.59205214 -1.897865647
-5.572194216 8.749084306 -1.816890161
-6.116003233 8.123585114 -1.515529654
-9.190473582 0.702848899 -5.411560656
-8.962373138 2.028895278 -4.764082183
-8.21465216 4.391345176 -3.39958964
-8.626029672 3.252645021 -4.08877968
-3.935651543 8.082461489 -4.995235913
-5.230441936 7.260564522 -4.487275652
-4.340070168 8.385867513 -4.460554021
-7.472445029 5.428913832 -3.35525327
-6.398329569 6.372634708 -3.938504848
-7.241590137 5.969741215 -3.007949227
-5.03722651 8.72820138 -3.213424052
-5.588520385 7.450180086 -3.905603796
-4.71112701 8.603071262 -3.857919017
-5.634136141 8.166438672 -2.897324311
-4.985639017 7.921558345 -4.186336852
-6.723455149 7.040098603 -2.289088963
-6.177447001 6.954149034 -3.607503336
-6.990891039 6.508963212 -2.650505245
-6.196089708 7.600867789 -2.588064431
-6.71884775 6.467320409 -3.312267537
-5.917173489 7.555870734 -3.26570565
-12.24489698 -17.53520232 -0.869911233
-13.72037589 -15.56943027 -2.532665457
-11.1436947 -16.70183517 -2.150434502
-13.88628126 -9.804163024 -4.837336754
-14.06944598 -12.67879551 -3.852526868
-8.860460464 -14.59187164 -4.168814062
-12.16448652 -14.37291975 -3.592950909
-9.962892775 -15.64306366 -3.248537498
-11.76617817 -15.6284335 -2.915628271
-9.739787103 -0.7448580947 -5.735008998
-10.82244378 -2.449976668 -5.752830283
-13.16411303 -7.037201712 -5.447897416
-12.021586 -4.533018473 -5.698289763
-5.08840208 -10.44981076 -6.458338228
-7.413520132 -10.29097386 -6.360171624
-5.935197976 -11.46796756 -6.099963864
-12.41758688 -9.021680171 -5.575704981
-9.873515815 -9.833865058 -6.077662846
-12.52608809 -10.32611663 -5.20297839
-7.8014798 -13.51793226 -4.9768385
-8.435088732 -11.24500329 -5.894961869
-6.845996073 -12.50159292 -5.60615292
-9.260963838 -13.42336985 -4.762401014
-7.171263596 -11.3942431 -6.021560117
-12.40065926 -12.98467262 -4.221967965
-9.784969379 -11.01525199 -5.71422299
-12.51769032 -11.65476408 -4.745919176
-10.79863081 -13.24689747 -4.510514473
-11.1344685 -10.71763762 -5.48908681
-9.56613478 -12.21537242 -5.27957824
-0.5561842329 -4.28232116 -7.272681947
-1.669578946 -3.920365629 -7.375141371
-0.9326895458 -4.833259295 -7.243943976
-0.5404712744 -3.657220927 -7.33247993
-3.953677564 -3.060766291 -7.395931007
-2.797184819 -3.516237517 -7.418147106
-1.790711656 -6.062729036 -7.163402889
-2.100544949 -4.464530006 -7.352422489
-1.344781079 -5.426937972 -7.20833375
-1.517271133 -4.653296945 -7.306293659
-0.5175892376 -2.482657404 -7.41556569
-1.624182774 -3.285793107 -7.412568065
-0.5282240975 -3.055607166 -7.37978207
-1.084151775 -3.475604577 -7.37971738
-8.780652116 -0.4356030668 -6.131562019
-7.638651085 -1.242572618 -6.731470728
-9.236997123 -1.189303877 -6.163051834
-5.150851653 -2.541410618 -7.295490152
-6.390088657 -1.941666163 -7.090973829
-10.22120026 -2.920138311 -6.206506134
-7.997346408 -1.999181346 -6.768535154
-9.71970383 -2.018455148 -6.190370966
-8.642021451 -1.612248729 -6.50631838
-4.170285948 -9.287594705 -6.747664407
-4.411721199 -7.167096979 -7.138314848
-3.481209554 -8.380956883 -6.90899965
-5.221352444 -9.26383033 -6.765441598
-4.552467711 -3.586802882 -7.366047489
-4.522899133 -5.271965249 -7.318204525
-3.931250384 -3.825063532 -7.390773596
-2.309366862 -6.783014889 -7.102463329
-3.746332115 -6.415175798 -7.221767919
-2.859491988 -7.542108038 -7.022181219
-2.46232454 -5.895055608 -7.231583207
-3.632416264 -7.368261039 -7.092422209
-7.437005944 -9.01474526 -6.683410994
-5.353332147 -7.039468855 -7.142589713
-6.318309301 -9.173518018 -6.744931821
-5.307248393 -8.11676616 -6.989931242
-2.718267934 -4.261040896 -7.383273901
-3.832853808 -5.484422578 -7.311404998
-3.316632749 -4.050131186 -7.39601525
-2.598135953 -5.052334534 -7.323142198
-3.891805601 -4.634872572 -7.364234229
-3.14714078 -5.702344298 -7.281546921
-0.5001781549 -0.3091271002 -7.471180864
-1.523640159 -0.9416614047 -7.460661813
-0.5024752366 -0.8314531424 -7.469389771
-3.853249376 -2.381439081 -7.3919068
-2.620351149 -1.619466073 -7.436761618
-3.293251435 -2.625508584 -7.422074421
-0.5125418085 -1.904322491 -7.442817987
-1.53980859 -1.488899783 -7.4622638
-0.5062436697 -1.365064538 -7.460012591
-1.040990676 -2.276640219 -7.442670331
-1.015965232 -1.155429906 -7.467281854
-2.189033104 -3.07125936 -7.431845396
-2.10335425 -1.850968574 -7.453472751
-2.73589922 -2.856710982 -7.434977021
-1.599539992 -2.66559335 -7.439342357
-2.677231056 -2.222972941 -7.440642634
-1.571679485 -2.064718983 -7.455495802
-12.11782553 -7.489228046 -5.900620597
-9.384089224 -5.799686094 -6.760209026
-11.73311075 -6.240997041 -6.072421711
-10.99742711 -8.031499735 -6.198455809
-5.309405845 -3.281393273 -7.307952299
-7.109968067 -4.394201925 -7.138635902
-5.960995197 -3.003542406 -7.230980786
-5.342079694 -4.12284704 -7.314839569
-10.75255926 -3.958723115 -6.205525539
-9.076154302 -4.757987362 -6.808194265
-11.26133996 -5.049979975 -6.166821271
-9.50726799 -3.373029516 -6.559192364
-10.34968757 -5.469539779 -6.513845371
-8.64190576 -8.768500643 -6.571943547
-8.399385635 -6.227191638 -6.9293451
-9.812689613 -8.450412929 -6.416149013
-7.434821931 -7.760933871 -6.907161728
-9.641526297 -7.089040147 -6.640652491
-7.303107757 -2.374606423 -6.974634906
-7.890720794 -4.093355125 -7.009413988
-6.630817861 -2.700125496 -7.121767885
-8.347013382 -2.842123957 -6.804334077
-6.872601778 -3.519834232 -7.139891342
-8.710560648 -3.764771543 -6.821437311
-5.37023255 -5.9757587 -7.243498637
-7.225887955 -5.415763727 -7.121564482
-5.364229753 -5.024937781 -7.295679126
-6.334291847 -6.818188685 -7.117253378
-6.233074842 -4.732589677 -7.237898228
-7.357753494 -6.548334799 -7.048583063
-0.5480452875 4.219655632 -7.166256849
-1.604639232 3.767879625 -7.088278884
-0.9074388342 4.702408427 -7.047828622
-0.5338546981 3.612448369 -7.242713988
-3.678204415 2.847506885 -6.880618269
-2.637356683 3.315323481 -6.994282147
-1.680854337 5.690790228 -6.723939486
-1.986545214 4.222233246 -6.953395459
-1.287462278 5.195624799 -6.901091884
-1.454211242 4.459899474 -7.002633968
-0.513415736 2.462638876 -7.355771411
-1.57194005 3.180103781 -7.174138774
-0.5229064374 3.024846206 -7.30548941
-1.059223054 3.395687376 -7.210029964
-8.523904308 0.4228659568 -5.95227407
-7.158354697 1.164443229 -6.308215229
-8.50977185 1.095670434 -5.677837105
-8.037312182 0 -6.312624909
-4.758312925 2.347733503 -6.739511721
-5.908804383 1.795425095 -6.55690077
-8.364139692 2.389586753 -5.078863829
-7.193034397 1.798118957 -6.087807592
-8.453817731 1.755573237 -5.384142227
-7.838975916 1.462433185 -5.901729517
-6.913016184 -0.7856510241 -6.831621618
-6.662487303 0.7571788976 -6.584042491
-7.488669295 -0.4061389692 -6.604249989
-7.327359628 0.3973905335 -6.461991155
-3.423197889 7.623763689 -5.538850534
-3.727886925 6.056168537 -6.031847751
-2.982111653 7.179386587 -5.918462547
-4.109083659 7.290420295 -5.324246124
-4.136860832 3.259354112 -6.693581432
-3.958246703 4.613797136 -6.404577702
-3.600046468 3.502805752 -6.768108307
-2.113125742 6.206620355 -6.498923294
-3.282119864 5.620264106 -6.326910485
-2.539867679 6.699076801 -6.237265637
-2.265444293 5.423704256 -6.653367029
-3.143744327 6.377002842 -6.138272835
-5.400827539 6.546597492 -4.853559406
-4.391692316 5.774941743 -5.859538601
-4.772034408 6.928490129 -5.094249933
-4.260873106 6.516467305 -5.611798776
-2.538746253 3.979630363 -6.895662753
-3.405718289 4.873235249 -6.496617656
-3.06530216 3.743216935 -6.83555378
-2.407073625 4.680794778 -6.784611257
-3.509259066 4.179285982 -6.64036398
-2.842685371 5.15069768 -6.577127733
-0.499684721 0.3088221413 -7.463810422
-1.50987012 0.9331510528 -7.393235394
-0.5011399995 0.8292437061 -7.449541219
-1.00476921 0 -7.457658374
-3.644284054 2.25229141 -6.991036773
-2.552079912 1.577272127 -7.243002504
-3.125082182 2.491437492 -7.043067614
-0.5093858292 1.892596614 -7.396988791
-1.517775896 1.467595529 -7.355488336
-0.5040268567 1.359086996 -7.427345608
-1.025649087 2.243088259 -7.332984059
-1.00843855 1.146870012 -7.411961203
-2.055272989 -0.6308673747 -7.436047532
-2.038449467 0.6257033836 -7.375179455
-1.524680113 -0.3138949834 -7.448483318
-1.520038505 0.312939388 -7.425807782
-2.101219341 2.948054809 -7.133714543
-2.05301321 1.806668056 -7.275083605
-2.609180107 2.724396209 -7.090609915
-1.557912318 2.596221874 -7.245735124
-2.581046702 2.143108629 -7.173324128
-1.540183137 2.023342158 -7.306088184
-7.72388517 4.773623561 -3.761047377
-6.971080716 4.308364821 -5.021900544
-7.914761303 4.209966387 -4.096251148
-7.178615133 5.242594014 -4.046067159
-4.789614779 2.960144727 -6.592503447
-5.943054633 3.67300976 -5.9670174
-5.353913634 2.697654688 -6.494560949
-4.706324769 3.632191629 -6.444308699
-8.234318703 3.031593409 -4.752196548
-7.072369603 3.707544415 -5.305117626
-8.087060837 3.626521837 -4.428554592
-7.751940713 2.750266939 -5.34816841
-7.532352599 3.980651773 -4.740682246
-6.033281247 6.121662509 -4.58815276
-6.359830671 4.715092995 -5.246748204
-6.612763536 5.694726388 -4.323837593
-5.571993506 5.816396617 -5.176540965
-6.804592468 5.00315279 -4.686699235
-6.543061931 2.127477426 -6.248773762
-6.525842721 3.385317064 -5.796977798
-5.940872614 2.419173916 -6.380738648
-7.176021512 2.44340601 -5.849762721
-5.952100214 3.048395173 -6.183589586
-7.135001633 3.083802776 -5.587581365
-4.512207234 5.020985848 -6.086173483
-5.82732364 4.367547378 -5.743191884
-4.614085701 4.322240961 -6.275437534
-5.054231891 5.44034085 -5.678969311
-5.27880607 4.008041576 -6.129793411
-5.714459739 5.085818056 -5.474339983
-4.530616132 -2.068937283 -7.330690891
-4.473662693 -0.6697052573 -7.238538292
-5.109596412 -1.785597756 -7.254680466
-3.853707365 -1.681650705 -7.368168867
-4.277749019 1.953463762 -6.921543308
-4.388919947 0.657019307 -7.101421648
-4.828273484 1.687286745 -6.855254018
-3.702289591 1.6155762 -7.078662782
-6.293687219 -1.150724016 -7.015728373
-5.011461231 -0.3548426199 -7.131916672
-5.702082425 -1.478783676 -7.150957362
-6.212499329 -0.3785847753 -6.919775496
-5.062793959 -1.055552414 -7.199364085
-2.636563956 -0.9742095841 -7.418658533
-3.82204289 -0.3400316404 -7.284560805
-3.221987608 -1.316196218 -7.396883946
-2.62243059 -0.3241502476 -7.390098536
-3.84268483 -0.9984833215 -7.331695973
-6.00339769 1.097648113 -6.692135476
-4.953813455 0.3507607988 -7.0498769
-5.405520349 1.401872975 -6.779040121
-6.114828954 0.3726328202 -6.810985613
-4.893665861 1.020290546 -6.958861555
-5.558094009 0 -6.991571257
-2.594281141 0.9585860968 -7.299684834
-3.790393669 0.3372159377 -7.224239485
-3.137807831 1.281808406 -7.20362807
-2.608276154 0.322400663 -7.350210853
-3.751007597 0.974661907 -7.156779312
-3.203997705 0 -7.320175656
-5.954118336 8.526545374 0.4229969785
-6.624178012 7.516898848 1.222767289
-5.780087199 8.663021222 1.115401963
-6.323191313 8.050765459 0
-7.74367953 5.467287827 2.697539024
-7.215753261 6.502534656 1.975833544
-5.329594012 8.777055325 2.507554382
-6.425515312 7.59205214 1.897865647
-5.572194216 8.749084306 1.816890161
-6.116003233 8.123585114 1.515529654
-7.000881854 7.084293051 -0.8051163114
-7.000881854 7.084293051 0.8051163114
-6.673363735 7.567038525 -0.4103892301
-6.673363735 7.567038525 0.4103892301
-9.190473582 0.702848899 5.411560656
-8.962373138 2.028895278 4.764082183
-8.21465216 4.391345176 3.39958964
-8.626029672 3.252645021 4.08877968
-3.935651543 8.082461489 4.995235913
-5.230441936 7.260564522 4.487275652
-4.340070168 8.385867513 4.460554021
-7.472445029 5.428913832 3.35525327
-6.398329569 6.372634708 3.938504848
-7.241590137 5.969741215 3.007949227
-5.03722651 8.72820138 3.213424052
-5.588520385 7.450180086 3.905603796
-4.71112701 8.603071262 3.857919017
-5.634136141 8.166438672 2.897324311
-4.985639017 7.921558345 4.186336852
-6.723455149 7.040098603 2.289088963
-6.177447001 6.954149034 3.607503336
-6.990891039 6.508963212 2.650505245
-6.196089708 7.600867789 2.588064431
-6.71884775 6.467320409 3.312267537
-5.917173489 7.555870734 3.26570565
-8.181298846 5.056320759 -2.309003948
-8.39575702 5.1888632 -0.7767704458
-7.90938361 5.570715113 -1.946740134
-8.181298846 5.056320759 2.309003948
-8.39575702 5.1888632 0.7767704458
-7.90938361 5.570715113 1.946740134
-7.327206869 6.573109129 -1.201812907
-8.071307178 5.671552945 -0.4015812181
-7.623226508 6.078663834 -1.57644667
-7.374467548 6.620716919 -0.403461231
-8.017826291 5.638359448 -1.175553256
-7.327206869 6.573109129 1.201812907
-8.071307178 5.671552945 0.4015812181
-7.623226508 6.078663834 1.57644667
-7.374467548 6.620716919 0.403461231
-8.017826291 5.638359448 1.175553256
-7.732871754 6.147406153 0
-12.24489698 -17.53520232 0.869911233
-13.72037589 -15.56943027 2.532665457
-11.1436947 -16.70183517 2.150434502
-13.84270362 -17.62470161 0
-13.88628126 -9.804163024 4.837336754
-14.06944598 -12.67879551 3.852526868
-8.860460464 -14.59187164 4.168814062
-12.16448652 -14.37291975 3.592950909
-9.962892775 -15.64306366 3.248537498
-11.76617817 -15.6284335 2.915628271
-15.73248217 -15.91992501 -1.809268929
-15.73248217 -15.91992501 1.809268929
-15.10646722 -17.12947533 -0.928996485
-15.10646722 -17.12947533 0.928996485
-9.739787103 -0.7448580947 5.735008998
-10.82244378 -2.449976668 5.752830283
-13.16411303 -7.037201712 5.447897416
-12.021586 -4.533018473 5.698289763
-5.08840208 -10.44981076 6.458338228
-7.413520132 -10.29097386 6.360171624
-5.935197976 -11.46796756 6.099963864
-12.41758688 -9.021680171 5.575704981
-9.873515815 -9.833865058 6.077662846
-12.52608809 -10.32611663 5.20297839
-7.8014798 -13.51793226 4.9768385
-8.435088732 -11.24500329 5.894961869
-6.845996073 -12.50159292 5.60615292
-9.260963838 -13.42336985 4.762401014
-7.171263596 -11.3942431 6.021560117
-12.40065926 -12.98467262 4.221967965
-9.784969379 -11.01525199 5.71422299
-12.51769032 -11.65476408 4.745919176
-10.79863081 -13.24689747 4.510514473
-11.1344685 -10.71763762 5.48908681
-9.56613478 -12.21537242 5.27957824
-15.15639003 -9.367164187 -4.277580501
-18.54296697 -11.46018384 -1.715584275
-15.54507767 -10.94866596 -3.826116936
-15.15639003 -9.367164187 4.277580501
-18.54296697 -11.46018384 1.715584275
-15.54507767 -10.94866596 3.826116936
-15.89072278 -14.25528948 -2.606405972
-19.29795818 -13.56030555 -0.9601539603
-15.78940362 -12.59026958 -3.265172921
-17.83929225 -16.01592295 -0.9759976248
-17.44454785 -12.26749341 -2.557675146
-15.89072278 -14.25528948 2.606405972
-19.29795818 -13.56030555 0.9601539603
-15.78940362 -12.59026958 3.265172921
-17.83929225 -16.01592295 0.9759976248
-17.44454785 -12.26749341 2.557675146
-19.27157946 -15.32034022 0
-0.5561842329 -4.28232116 7.272681947
-1.669578946 -3.920365629 7.375141371
-0.9326895458 -4.833259295 7.243943976
-0.5404712744 -3.657220927 7.33247993
-3.953677564 -3.060766291 7.395931007
-2.797184819 -3.516237517 7.418147106
-1.790711656 -6.062729036 7.163402889
-2.100544949 -4.464530006 7.352422489
-1.344781079 -5.426937972 7.20833375
-1.517271133 -4.653296945 7.306293659
-0.5175892376 -2.482657404 7.41556569
-1.624182774 -3.285793107 7.412568065
-0.5282240975 -3.055607166 7.37978207
-1.084151775 -3.475604577 7.37971738
-8.780652116 -0.4356030668 6.131562019
-7.638651085 -1.242572618 6.731470728
-9.236997123 -1.189303877 6.163051834
-5.150851653 -2.541410618 7.295490152
-6.390088657 -1.941666163 7.090973829
-10.22120026 -2.920138311 6.206506134
-7.997346408 -1.999181346 6.768535154
-9.71970383 -2.018455148 6.190370966
-8.642021451 -1.612248729 6.50631838
-4.170285948 -9.287594705 6.747664407
-4.411721199 -7.167096979 7.138314848
-3.481209554 -8.380956883 6.90899965
-5.221352444 -9.26383033 6.765441598
-4.552467711 -3.586802882 7.366047489
-4.522899133 -5.271965249 7.318204525
-3.931250384 -3.825063532 7.390773596
-2.309366862 -6.783014889 7.102463329
-3.746332115 -6.415175798 7.221767919
-2.859491988 -7.542108038 7.022181219
-2.46232454 -5.895055608 7.231583207
-3.632416264 -7.368261039 7.092422209
-7.437005944 -9.01474526 6.683410994
-5.353332147 -7.039468855 7.142589713
-6.318309301 -9.173518018 6.744931821
-5.307248393 -8.11676616 6.989931242
-2.718267934 -4.261040896 7.383273901
-3.832853808 -5.484422578 7.311404998
-3.316632749 -4.050131186 7.39601525
-2.598135953 -5.052334534 7.323142198
-3.891805601 -4.634872572 7.364234229
-3.14714078 -5.702344298 7.281546921
-0.5001781549 -0.3091271002 7.471180864
-1.523640159 -0.9416614047 7.460661813
-0.5024752366 -0.8314531424 7.469389771
-3.853249376 -2.381439081 7.3919068
-2.620351149 -1.619466073 7.436761618
-3.293251435 -2.625508584 7.422074421
-0.5125418085 -1.904322491 7.442817987
-1.53980859 -1.488899783 7.4622638
-0.5062436697 -1.365064538 7.460012591
-1.040990676 -2.276640219 7.442670331
-1.015965232 -1.155429906 7.467281854
-2.189033104 -3.07125936 7.431845396
-2.10335425 -1.850968574 7.453472751
-2.73589922 -2.856710982 7.434977021
-1.599539992 -2.66559335 7.439342357
-2.677231056 -2.222972941 7.440642634
-1.571679485 -2.064718983 7.455495802
-12.11782553 -7.489228046 5.900620597
-9.384089224 -5.799686094 6.760209026
-11.73311075 -6.240997041 6.072421711
-10.99742711 -8.031499735 6.198455809
-5.309405845 -3.281393273 7.307952299
-7.109968067 -4.394201925 7.138635902
-5.960995197 -3.003542406 7.230980786
-5.342079694 -4.12284704 7.314839569
-10.75255926 -3.958723115 6.205525539
-9.076154302 -4.757987362 6.808194265
-11.26133996 -5.049979975 6.166821271
-9.50726799 -3.373029516 6.559192364
-10.34968757 -5.469539779 6.513845371
-8.64190576 -8.768500643 6.571943547
-8.399385635 -6.227191638 6.9293451
-9.812689613 -8.450412929 6.416149013
-7.434821931 -7.760933871 6.907161728
-9.641526297 -7.089040147 6.640652491
-7.303107757 -2.374606423 6.974634906
-7.890720794 -4.093355125 7.009413988
-6.630817861 -2.700125496 7.121767885
-8.347013382 -2.842123957 6.804334077
-6.872601778 -3.519834232 7.139891342
-8.710560648 -3.764771543 6.821437311
-5.37023255 -5.9757587 7.243498637
-7.225887955 -5.415763727 7.121564482
-5.364229753 -5.024937781 7.295679126
-6.334291847 -6.818188685 7.117253378
-6.233074842 -4.732589677 7.237898228
-7.357753494 -6.548334799 7.048583063
-0.5480452875 4.219655632 7.166256849
-1.604639232 3.767879625 7.088278884
-0.9074388342 4.702408427 7.047828622
-0.5338546981 3.612448369 7.242713988
-3.678204415 2.847506885 6.880618269
-2.637356683 3.315323481 6.994282147
-1.680854337 5.690790228 6.723939486
-1.986545214 4.222233246 6.953395459
-1.287462278 5.195624799 6.901091884
-1.454211242 4.459899474 7.002633968
-0.513415736 2.462638876 7.355771411
-1.57194005 3.180103781 7.174138774
-0.5229064374 3.024846206 7.30548941
-1.059223054 3.395687376 7.210029964
-8.523904308 0.4228659568 5.95227407
-7.158354697 1.164443229 6.308215229
-8.50977185 1.095670434 5.677837105
-8.037312182 0 6.312624909
-4.758312925 2.347733503 6.739511721
-5.908804383 1.795425095 6.55690077
-8.364139692 2.389586753 5.078863829
-7.193034397 1.798118957 6.087807592
-8.453817731 1.755573237 5.384142227
-7.838975916 1.462433185 5.901729517
-6.913016184 -0.7856510241 6.831621618
-6.662487303 0.7571788976 6.584042491
-7.488669295 -0.4061389692 6.604249989
-7.327359628 0.3973905335 6.461991155
-3.423197889 7.623763689 5.538850534
-3.727886925 6.056168537 6.031847751
-2.982111653 7.179386587 5.918462547
-4.109083659 7.290420295 5.324246124
-4.136860832 3.259354112 6.693581432
-3.958246703 4.613797136 6.404577702
-3.600046468 3.502805752 6.768108307
-2.113125742 6.206620355 6.498923294
-3.282119864 5.620264106 6.326910485
-2.539867679 6.699076801 6.237265637
-2.265444293 5.423704256 6.653367029
-3.143744327 6.377002842 6.138272835
-5.400827539 6.546597492 4.853559406
-4.391692316 5.774941743 5.859538601
-4.772034408 6.928490129 5.094249933
-4.260873106 6.516467305 5.611798776
-2.538746253 3.979630363 6.895662753
-3.405718289 4.873235249 6.496617656
-3.06530216 3.743216935 6.83555378
-2.407073625 4.680794778 6.784611257
-3.509259066 4.179285982 6.64036398
-2.842685371 5.15069768 6.577127733
-0.499684721 0.3088221413 7.463810422
-1.50987012 0.9331510528 7.393235394
-0.5011399995 0.8292437061 7.449541219
-1.00476921 0 7.457658374
-3.644284054 2.25229141 6.991036773
-2.552079912 1.577272127 7.243002504
-3.125082182 2.491437492 7.043067614
-0.5093858292 1.892596614 7.396988791
-1.517775896 1.467595529 7.355488336
-0.5040268567 1.359086996 7.427345608
-1.025649087 2.243088259 7.332984059
-1.00843855 1.146870012 7.411961203
-2.055272989 -0.6308673747 7.436047532
-2.038449467 0.6257033836 7.375179455
-1.524680113 -0.3138949834 7.448483318
-1.520038505 0.312939388 7.425807782
-2.101219341 2.948054809 7.133714543
-2.05301321 1.806668056 7.275083605
-2.609180107 2.724396209 7.090609915
-1.557912318 2.596221874 7.245735124
-2.581046702 2.143108629 7.173324128
-1.540183137 2.023342158 7.306088184
-7.72388517 4.773623561 3.761047377
-6.971080716 4.308364821 5.021900544
-7.914761303 4.209966387 4.096251148
-7.178615133 5.242594014 4.046067159
-4.789614779 2.960144727 6.592503447
-5.943054633 3.67300976 5.9670174
-5.353913634 2.697654688 6.494560949
-4.706324769 3.632191629 6.444308699
-8.234318703 3.031593409 4.752196548
-7.072369603 3.707544415 5.305117626
-8.087060837 3.626521837 4.428554592
-7.751940713 2.750266939 5.34816841
-7.532352599 3.980651773 4.740682246
-6.033281247 6.121662509 4.58815276
-6.359830671 4.715092995 5.246748204
-6.612763536 5.694726388 4.323837593
-5.571993506 5.816396617 5.176540965
-6.804592468 5.00315279 4.686699235
-6.543061931 2.127477426 6.248773762
-6.525842721 3.385317064 5.796977798
-5.940872614 2.419173916 6.380738648
-7.176021512 2.44340601 5.849762721
-5.952100214 3.048395173 6.183589586
-7.135001633 3.083802776 5.587581365
-4.512207234 5.020985848 6.086173483
-5.82732364 4.367547378 5.743191884
-4.614085701 4.322240961 6.275437534
-5.054231891 5.44034085 5.678969311
-5.27880607 4.008041576 6.129793411
-5.714459739 5.085818056 5.474339983
-4.530616132 -2.068937283 7.330690891
-4.473662693 -0.6697052573 7.238538292
-5.109596412 -1.785597756 7.254680466
-3.853707365 -1.681650705 7.368168867
-4.277749019 1.953463762 6.921543308
-4.388919947 0.657019307 7.101421648
-4.828273484 1.687286745 6.855254018
-3.702289591 1.6155762 7.078662782
-6.293687219 -1.150724016 7.015728373
-5.011461231 -0.3548426199 7.131916672
-5.702082425 -1.478783676 7.150957362
-6.212499329 -0.3785847753 6.919775496
-5.062793959 -1.055552414 7.199364085
-2.636563956 -0.9742095841 7.418658533
-3.82204289 -0.3400316404 7.284560805
-3.221987608 -1.316196218 7.396883946
-2.62243059 -0.3241502476 7.390098536
-3.84268483 -0.9984833215 7.331695973
-6.00339769 1.097648113 6.692135476
-4.953813455 0.3507607988 7.0498769
-5.405520349 1.401872975 6.779040121
-6.114828954 0.3726328202 6.810985613
-4.893665861 1.020290546 6.958861555
-5.558094009 0 6.991571257
-2.594281141 0.9585860968 7.299684834
-3.790393669 0.3372159377 7.224239485
-3.137807831 1.281808406 7.20362807
-2.608276154 0.322400663 7.350210853
-3.751007597 0.974661907 7.156779312
-3.203997705 0 7.320175656
-9.928044343 0 -5.224014116
-11.02221034 0 -3.973330344
-9.789151757 0.7215506045 -4.882535104
-10.46608529 -0.7714468375 -5.220169233
-12.11926815 0 -0.8399555639
-11.74565044 0 -2.473923501
-9.424639801 2.06505188 -4.177690676
-10.72763077 0.7487636767 -3.591503746
-9.618402969 1.413036315 -4.529951983
-10.30502771 0.7376049738 -4.266808451
-11.67919007 -2.559050947 -5.177072491
-11.63061213 -0.8117896757 -3.893812898
-11.05236256 -1.623698832 -5.205299869
-11.10405074 -0.7947968013 -4.59764485
-9.928044343 0 5.224014116
-11.02221034 0 3.973330344
-9.789151757 0.7215506045 4.882535104
-10.46608529 -0.7714468375 5.220169233
-12.11926815 0 0.8399555639
-11.74565044 0 2.473923501
-9.424639801 2.06505188 4.177690676
-10.72763077 0.7487636767 3.591503746
-9.618402969 1.413036315 4.529951983
-10.30502771 0.7376049738 4.266808451
-11.67919007 -2.559050947 5.177072491
-11.63061213 -0.8117896757 3.893812898
-11.05236256 -1.623698832 5.205299869
-11.10405074 -0.7947968013 4.59764485
-8.490996676 4.426182381 -2.735531152
-9.493322269 3.34498256 -2.067312914
-8.73995602 3.878009175 -3.091700278
-8.660849475 4.529806525 -1.976681573
-11.59864079 0.7765019822 -0.4799046174
-10.51775392 2.147969262 -1.327518011
-11.50620548 0.7740369026 -1.280810213
-9.206564249 2.711772493 -3.804673687
-9.798865461 2.765219113 -2.43341495
-8.980002399 3.30443275 -3.450349799
-9.806598661 2.108525994 -3.51380578
-9.268550552 3.334933904 -2.76908032
-8.828330539 4.632023655 -0.412092341
-9.616381365 3.417626567 -1.262811983
-8.77301898 4.598110324 -1.194773101
-9.141029808 3.981715136 -1.62654828
-11.07567791 0.7627148744 -2.833827535
-10.35924584 2.137589363 -2.066916862
-11.33035456 0.768888819 -2.07327602
-10.43007929 1.458833296 -3.190459465
-10.91882729 1.485567188 -1.689495567
-10.11755488 2.132863308 -2.801947473
-14.49869739 -7.557873521 -4.671022718
-14.85178966 -5.233044448 -3.234199333
-13.82452382 -6.134084669 -4.890331719
-15.94172685 -8.337858601 -3.638409579
-12.75394472 -0.853846889 -0.5277063986
-13.93715037 -2.846289314 -1.759103538
-12.63177298 -0.8497552423 -1.406102461
-12.38757107 -3.648730792 -5.119245834
-13.93250619 -3.931723787 -3.459948399
-13.09869226 -4.820015159 -5.032857253
-12.4512909 -2.677163758 -4.461426378
-14.05782439 -5.058171168 -4.199927986
-18.36508158 -9.635739389 -0.8572526172
-15.63089607 -5.555162973 -2.052631038
-17.34496632 -9.090835081 -2.362162813
-16.0537363 -6.992801265 -2.856590309
-12.07642305 -0.8316301329 -3.089878601
-13.5796496 -2.802106929 -2.709464297
-12.40181438 -0.8415991191 -2.269336254
-12.32218064 -1.72347754 -3.769234803
-13.13085639 -1.786526051 -2.031767979
-13.09010716 -2.759501638 -3.6251637
-8.490996676 4.426182381 2.735531152
-9.493322269 3.34498256 2.067312914
-8.73995602 3.878009175 3.091700278
-8.660849475 4.529806525 1.976681573
-11.59864079 0.7765019822 0.4799046174
-10.51775392 2.147969262 1.327518011
-11.50620548 0.7740369026 1.280810213
-11.09996406 1.495496517 0
-9.206564249 2.711772493 3.804673687
-9.798865461 2.765219113 2.43341495
-8.980002399 3.30443275 3.450349799
-9.806598661 2.108525994 3.51380578
-9.268550552 3.334933904 2.76908032
-8.828330539 4.632023655 0.412092341
-9.616381365 3.417626567 1.262811983
-8.77301898 4.598110324 1.194773101
-9.259178425 4.052687779 0
-9.141029808 3.981715136 1.62654828
-11.07567791 0.7627148744 2.833827535
-10.35924584 2.137589363 2.066916862
-11.33035456 0.768888819 2.07327602
-10.43007929 1.458833296 3.190459465
-10.91882729 1.485567188 1.689495567
-10.11755488 2.132863308 2.801947473
-10.1186314 2.796720935 -0.8584553016
-10.1186314 2.796720935 0.8584553016
-10.60317897 2.17043597 -0.4468405909
-9.691362001 3.439050785 -0.4250900548
-10.60317897 2.17043597 0.4468405909
-9.691362001 3.439050785 0.4250900548
-14.49869739 -7.557873521 4.671022718
-14.85178966 -5.233044448 3.234199333
-13.82452382 -6.134084669 4.890331719
-15.94172685 -8.337858601 3.638409579
-12.75394472 -0.853846889 0.5277063986
-13.93715037 -2.846289314 1.759103538
-12.63177298 -0.8497552423 1.406102461
-13.45025852 -1.812151342 0
-12.38757107 -3.648730792 5.119245834
-13.93250619 -3.931723787 3.459948399
-13.09869226 -4.820015159 5.032857253
-12.4512909 -2.677163758 4.461426378
-14.05782439 -5.058171168 4.199927986
-18.36508158 -9.635739389 0.8572526172
-15.63089607 -5.555162973 2.052631038
-17.34496632 -9.090835081 2.362162813
-17.32805973 -7.584389529 0
-16.0537363 -6.992801265 2.856590309
-12.07642305 -0.8316301329 3.089878601
-13.5796496 -2.802106929 2.709464297
-12.40181438 -0.8415991191 2.269336254
-12.32218064 -1.72347754 3.769234803
-13.13085639 -1.786526051 2.031767979
-13.09010716 -2.759501638 3.6251637
-14.92658642 -4.12560702 -1.266357746
-14.92658642 -4.12560702 1.266357746
-14.18786276 -2.904208988 -0.5979068161
-16.07964776 -5.705980775 -0.7052980116
-14.18786276 -2.904208988 0.5979068161
-16.07964776 -5.705980775 0.7052980116
