-25.142572 40.681535 0
35.95536 58.176995 0
-35.95536 -58.176995 0
25.142572 -40.681535 0
0 -16.490743 26.682582
0 16.490743 26.682582
0 -16.490743 -26.682582
0 16.490743 -26.682582
37.16658 0 -22.970209
37.16658 0 22.970209
-37.16658 0 -22.970209
-37.16658 0 22.970209
0 54.784177 0
0 -54.784177 0
-13.955305 -36.535464 22.580158
12.189532 -31.912609 19.723077
-12.189532 31.912609 19.723077
13.955305 36.535464 22.580158
0 0 28.002121
-13.955305 -36.535464 -22.580158
12.189532 -31.912609 -19.723077
-12.189532 31.912609 -19.723077
13.955305 36.535464 -22.580158
0 0 -28.002121
47.554166 29.390091 -18.164075
36.780465 -22.731577 -14.048887
15.953494 -9.8598016 -25.813296
16.911351 10.45179 -27.363141
47.554166 29.390091 18.164075
36.780465 -22.731577 14.048887
15.953494 -9.8598016 25.813296
16.911351 10.45179 27.363141
63.207657 0 0
-36.780465 22.731577 -14.048887
-47.554166 -29.390091 -18.164075
-16.911351 -10.45179 -27.363141
-15.953494 9.8598016 -25.813296
-36.780465 22.731577 14.048887
-47.554166 -29.390091 18.164075
-16.911351 -10.45179 27.363141
-15.953494 9.8598016 25.813296
-63.207657 0 0
-13.696218 48.2127 0
16.596524 58.422204 0
-16.596524 -58.422204 0
13.696218 -48.2127 0
-25.095274 -49.895073 15.031645
-5.8274633 -25.17077 25.470664
-8.6031652 -50.363806 13.920214
19.543152 -38.856201 11.706018
5.5573766 -24.004175 24.29017
7.7524476 -45.383619 12.543724
0 -34.901215 21.570137
-19.543152 38.856201 11.706018
-5.5573766 24.004175 24.29017
-7.7524476 45.383619 12.543724
25.095274 49.895073 15.031645
5.8274633 25.17077 25.470664
8.6031652 50.363806 13.920214
0 34.901215 21.570137
0 -7.870656 27.705866
0 7.870656 27.705866
-25.095274 -49.895073 -15.031645
-5.8274633 -25.17077 -25.470664
-8.6031652 -50.363806 -13.920214
19.543152 -38.856201 -11.706018
5.5573766 -24.004175 -24.29017
7.7524476 -45.383619 -12.543724
0 -34.901215 -21.570137
-19.543152 38.856201 -11.706018
-5.5573766 24.004175 -24.29017
-7.7524476 45.383619 -12.543724
25.095274 49.895073 -15.031645
5.8274633 25.17077 -25.470664
8.6031652 50.363806 -13.920214
0 34.901215 -21.570137
0 -7.870656 -27.705866
0 7.870656 -27.705866
46.894922 47.453646 -10.856976
43.847058 13.209589 -22.053358
30.191626 35.348972 -21.846866
32.441515 -32.828036 -7.5107651
38.311613 -11.541952 -19.269246
23.923454 -28.010068 -17.311174
7.9449068 -13.263992 -26.371812
25.167074 -5.7580045 -24.870754
14.575071 -20.142252 -23.58296
7.6047422 -4.6999892 -27.514216
25.76619 -15.924381 -22.006953
8.262639 13.794444 -27.426472
26.47048 6.0562124 -26.158814
16.250394 22.457492 -26.293689
7.706458 4.762853 -27.882227
29.828296 18.434901 -25.476406
16.71868 0 -27.051393
46.894922 47.453646 10.856976
43.847058 13.209589 22.053358
30.191626 35.348972 21.846866
61.385022 37.93803 0
32.441515 -32.828036 7.5107651
38.311613 -11.541952 19.269246
23.923454 -28.010068 17.311174
43.140932 -26.662562 0
7.9449068 -13.263992 26.371812
25.167074 -5.7580045 24.870754
14.575071 -20.142252 23.58296
7.6047422 -4.6999892 27.514216
25.76619 -15.924381 22.006953
8.262639 13.794444 27.426472
26.47048 6.0562124 26.158814
16.250394 22.457492 26.293689
7.706458 4.762853 27.882227
29.828296 18.434901 25.476406
16.71868 0 27.051393
53.937857 0 -15.322615
53.937857 0 15.322615
60.771456 16.796817 -10.381004
51.933684 -14.354117 -8.8713323
60.771456 16.796817 10.381004
51.933684 -14.354117 8.8713323
-32.441515 32.828036 -7.5107651
-38.311613 11.541952 -19.269246
-23.923454 28.010068 -17.311174
-46.894922 -47.453646 -10.856976
-43.847058 -13.209589 -22.053358
-30.191626 -35.348972 -21.846866
-8.262639 -13.794444 -27.426472
-26.47048 -6.0562124 -26.158814
-16.250394 -22.457492 -26.293689
-7.706458 -4.762853 -27.882227
-29.828296 -18.434901 -25.476406
-7.9449068 13.263992 -26.371812
-25.167074 5.7580045 -24.870754
-14.575071 20.142252 -23.58296
-7.6047422 4.6999892 -27.514216
-25.76619 15.924381 -22.006953
-16.71868 0 -27.051393
-32.441515 32.828036 7.5107651
-38.311613 11.541952 19.269246
-23.923454 28.010068 17.311174
-43.140932 26.662562 0
-46.894922 -47.453646 10.856976
-43.847058 -13.209589 22.053358
-30.191626 -35.348972 21.846866
-61.385022 -37.93803 0
-8.262639 -13.794444 27.426472
-26.47048 -6.0562124 26.158814
-16.250394 -22.457492 26.293689
-7.706458 -4.762853 27.882227
-29.828296 -18.434901 25.476406
-7.9449068 13.263992 26.371812
-25.167074 5.7580045 24.870754
-14.575071 20.142252 23.58296
-7.6047422 4.6999892 27.514216
-25.76619 15.924381 22.006953
-16.71868 0 27.051393
-53.937857 0 -15.322615
-53.937857 0 15.322615
-51.933684 14.354117 -8.8713323
-60.771456 -16.796817 -10.381004
-51.933684 14.354117 8.8713323
-60.771456 -16.796817 10.381004
-19.614913 44.497977 0
-7.203715 51.719634 0
25.908651 58.775819 0
7.9520399 57.09229 0
-25.908651 -58.775819 0
-7.9520399 -57.09229 0
19.614913 -44.497977 0
7.203715 -51.719634 0
-31.145031 -55.606802 8.4349475
-19.206759 -43.219033 19.645917
-21.877249 -56.447841 8.0402731
-2.7092962 -20.570142 26.19016
-9.5193302 -30.460896 24.364834
-4.5313406 -54.418995 7.3318631
-11.757636 -43.892514 19.024255
-12.754854 -55.998376 7.694764
-16.678022 -50.724284 14.619911
22.82455 -40.751291 6.1815279
15.861172 -35.690797 16.223834
17.230852 -44.459172 6.3326406
2.6579398 -20.180223 25.693709
8.7329405 -27.944528 22.352061
0 -24.67556 24.969554
4.2764973 -51.358462 6.9195181
10.327962 -38.555388 16.710994
10.959812 -48.117499 6.611849
0 -48.252165 13.33657
13.867033 -42.174984 12.155805
-6.694862 -35.95675 22.222494
6.2421716 -33.525441 20.719862
-3.1215056 -30.014256 23.860453
-3.8339553 -42.519216 18.61041
3.0295776 -29.13034 23.157765
3.6630893 -40.624283 17.781009
-22.82455 40.751291 6.1815279
-15.861172 35.690797 16.223834
-17.230852 44.459172 6.3326406
-2.6579398 20.180223 25.693709
-8.7329405 27.944528 22.352061
-4.2764973 51.358462 6.9195181
-10.327962 38.555388 16.710994
-10.959812 48.117499 6.611849
-13.867033 42.174984 12.155805
31.145031 55.606802 8.4349475
19.206759 43.219033 19.645917
21.877249 56.447841 8.0402731
2.7092962 20.570142 26.19016
9.5193302 30.460896 24.364834
0 24.67556 24.969554
4.5313406 54.418995 7.3318631
11.757636 43.892514 19.024255
12.754854 55.998376 7.694764
0 48.252165 13.33657
16.678022 50.724284 14.619911
-6.2421716 33.525441 20.719862
6.694862 35.95675 22.222494
-3.0295776 29.13034 23.157765
-3.6630893 40.624283 17.781009
3.1215056 30.014256 23.860453
3.8339553 42.519216 18.61041
0 -12.036348 27.305405
0 -3.8901963 27.929968
0 12.036348 27.305405
0 3.8901963 27.929968
-31.145031 -55.606802 -8.4349475
-19.206759 -43.219033 -19.645917
-21.877249 -56.447841 -8.0402731
-2.7092962 -20.570142 -26.19016
-9.5193302 -30.460896 -24.364834
-4.5313406 -54.418995 -7.3318631
-11.757636 -43.892514 -19.024255
-12.754854 -55.998376 -7.694764
-16.678022 -50.724284 -14.619911
22.82455 -40.751291 -6.1815279
15.861172 -35.690797 -16.223834
17.230852 -44.459172 -6.3326406
2.6579398 -20.180223 -25.693709
8.7329405 -27.944528 -22.352061
0 -24.67556 -24.969554
4.2764973 -51.358462 -6.9195181
10.327962 -38.555388 -16.710994
10.959812 -48.117499 -6.611849
0 -48.252165 -13.33657
13.867033 -42.174984 -12.155805
-6.694862 -35.95675 -22.222494
6.2421716 -33.525441 -20.719862
-3.1215056 -30.014256 -23.860453
-3.8339553 -42.519216 -18.61041
3.0295776 -29.13034 -23.157765
3.6630893 -40.624283 -17.781009
-22.82455 40.751291 -6.1815279
-15.861172 35.690797 -16.223834
-17.230852 44.459172 -6.3326406
-2.6579398 20.180223 -25.693709
-8.7329405 27.944528 -22.352061
-4.2764973 51.358462 -6.9195181
-10.327962 38.555388 -16.710994
-10.959812 48.117499 -6.611849
-13.867033 42.174984 -12.155805
31.145031 55.606802 -8.4349475
19.206759 43.219033 -19.645917
21.877249 56.447841 -8.0402731
2.7092962 20.570142 -26.19016
9.5193302 30.460896 -24.364834
0 24.67556 -24.969554
4.5313406 54.418995 -7.3318631
11.757636 43.892514 -19.024255
12.754854 55.998376 -7.694764
0 48.252165 -13.33657
16.678022 50.724284 -14.619911
-6.2421716 33.525441 -20.719862
6.694862 35.95675 -22.222494
-3.0295776 29.13034 -23.157765
-3.6630893 40.624283 -17.781009
3.1215056 30.014256 -23.860453
3.8339553 42.519216 -18.61041
0 -12.036348 -27.305405
0 -3.8901963 -27.929968
0 12.036348 -27.305405
0 3.8901963 -27.929968
43.203641 55.007411 -5.6903574
47.877891 38.296211 -14.962313
35.728782 49.576033 -13.323458
40.682162 6.1710418 -22.785831
46.219205 21.009694 -20.540051
21.81206 36.415152 -22.505801
38.908751 33.097761 -20.455541
28.279486 42.927114 -18.966517
38.142205 41.376513 -17.43908
29.159438 -37.126157 -3.8405934
34.974776 -27.975363 -10.929962
26.001637 -36.07898 -9.6961525
38.067122 -5.7743687 -21.321163
37.886391 -17.221878 -16.836906
18.019865 -30.084096 -18.592994
30.10536 -25.609149 -15.827325
22.018844 -33.423712 -14.767622
28.439895 -30.851485 -13.003066
4.0285058 -14.874774 -26.557643
11.876345 -11.610865 -26.12676
6.8543878 -18.381033 -25.504892
3.8746319 -10.542712 -27.202385
30.702661 -3.1761014 -24.114328
20.324041 -7.9405943 -25.4091
31.449779 -8.4520642 -22.665434
13.553062 -25.779455 -21.929315
15.355173 -14.88185 -24.845192
10.103063 -22.0971 -23.970846
19.099715 -24.0554 -20.992619
11.139799 -16.60968 -25.212821
3.7567433 -2.3217951 -27.883526
11.638013 -7.1926874 -26.851072
3.7978851 -6.2953806 -27.638976
7.7963281 -8.8938527 -27.049628
31.266579 -19.323809 -18.728152
20.643322 -12.758274 -24.26768
31.624633 -13.972734 -20.833648
25.080211 -21.886948 -19.913403
25.606535 -10.792461 -23.60493
19.966141 -18.165796 -22.879162
4.1180066 15.205245 -27.147671
12.504176 12.224662 -27.507924
7.1784918 19.250165 -26.71087
3.9336694 10.703351 -27.616866
31.695704 3.2788288 -24.894279
21.549121 8.4192323 -26.940693
34.364951 9.2355105 -24.766359
25.966277 0 -25.660547
15.383115 29.260423 -24.890403
16.721432 16.205994 -27.055845
10.962929 23.977772 -26.010992
22.569722 28.425749 -24.806525
11.934272 17.794257 -27.010961
3.7689389 2.3293324 -27.974045
12.005798 7.4199911 -27.699621
3.8317966 6.3515924 -27.885766
7.6846371 0 -27.803278
8.0005625 9.126838 -27.758226
38.288494 23.66359 -22.93416
22.738027 14.052874 -26.730154
36.697547 16.214103 -24.175577
30.466324 26.587291 -24.189916
28.244202 11.904167 -26.036417
22.81977 20.762112 -26.149129
16.403456 -4.941789 -26.54135
16.895403 5.0899953 -27.337336
20.816515 -2.7232873 -26.185262
11.964483 -2.4648191 -27.335263
21.236833 2.7782747 -26.713983
12.094547 2.4916137 -27.63242
43.203641 55.007411 5.6903574
47.877891 38.296211 14.962313
35.728782 49.576033 13.323458
52.44045 53.065246 0
40.682162 6.1710418 22.785831
46.219205 21.009694 20.540051
21.81206 36.415152 22.505801
38.908751 33.097761 20.455541
28.279486 42.927114 18.966517
38.142205 41.376513 17.43908
56.52381 34.933636 -10.524286
56.52381 34.933636 10.524286
56.496706 44.913224 -5.8757007
56.496706 44.913224 5.8757007
29.159438 -37.126157 3.8405934
34.974776 -27.975363 10.929962
26.001637 -36.07898 9.6961525
33.808404 -34.21121 0
38.067122 -5.7743687 21.321163
37.886391 -17.221878 16.836906
18.019865 -30.084096 18.592994
30.10536 -25.609149 15.827325
22.018844 -33.423712 14.767622
28.439895 -30.851485 13.003066
41.299938 -25.524765 -7.6897211
41.299938 -25.524765 7.6897211
38.006123 -30.213753 -3.9526659
38.006123 -30.213753 3.9526659
4.0285058 -14.874774 26.557643
11.876345 -11.610865 26.12676
6.8543878 -18.381033 25.504892
3.8746319 -10.542712 27.202385
30.702661 -3.1761014 24.114328
20.324041 -7.9405943 25.4091
31.449779 -8.4520642 22.665434
13.553062 -25.779455 21.929315
15.355173 -14.88185 24.845192
10.103063 -22.0971 23.970846
19.099715 -24.0554 20.992619
11.139799 -16.60968 25.212821
3.7567433 -2.3217951 27.883526
11.638013 -7.1926874 26.851072
3.7978851 -6.2953806 27.638976
7.7963281 -8.8938527 27.049628
31.266579 -19.323809 18.728152
20.643322 -12.758274 24.26768
31.624633 -13.972734 20.833648
25.080211 -21.886948 19.913403
25.606535 -10.792461 23.60493
19.966141 -18.165796 22.879162
4.1180066 15.205245 27.147671
12.504176 12.224662 27.507924
7.1784918 19.250165 26.71087
3.9336694 10.703351 27.616866
31.695704 3.2788288 24.894279
21.549121 8.4192323 26.940693
34.364951 9.2355105 24.766359
25.966277 0 25.660547
15.383115 29.260423 24.890403
16.721432 16.205994 27.055845
10.962929 23.977772 26.010992
22.569722 28.425749 24.806525
11.934272 17.794257 27.010961
3.7689389 2.3293324 27.974045
12.005798 7.4199911 27.699621
3.8317966 6.3515924 27.885766
7.6846371 0 27.803278
8.0005625 9.126838 27.758226
38.288494 23.66359 22.93416
22.738027 14.052874 26.730154
36.697547 16.214103 24.175577
30.466324 26.587291 24.189916
28.244202 11.904167 26.036417
22.81977 20.762112 26.149129
16.403456 -4.941789 26.54135
16.895403 5.0899953 27.337336
20.816515 -2.7232873 26.185262
11.964483 -2.4648191 27.335263
21.236833 2.7782747 26.713983
12.094547 2.4916137 27.63242
45.393506 0 -20.009666
60.685184 0 -8.4524723
49.657837 7.0731239 -19.245676
45.922393 -6.5410577 -17.797946
45.393506 0 20.009666
60.685184 0 8.4524723
49.657837 7.0731239 19.245676
45.922393 -6.5410577 17.797946
55.235199 23.940495 -14.796039
63.547618 8.5617612 -5.2914594
53.160832 15.322181 -17.479154
62.065071 27.165515 -5.596404
58.37788 8.0217329 -13.296838
44.111709 -19.11926 -11.816353
59.050726 -7.9558956 -4.9170139
45.511546 -13.11748 -14.964087
48.325384 -21.151736 -4.3574972
53.849662 -7.3995082 -12.265437
55.235199 23.940495 14.796039
63.547618 8.5617612 5.2914594
53.160832 15.322181 17.479154
62.065071 27.165515 5.596404
58.37788 8.0217329 13.296838
64.186398 17.740684 0
44.111709 -19.11926 11.816353
59.050726 -7.9558956 4.9170139
45.511546 -13.11748 14.964087
48.325384 -21.151736 4.3574972
53.849662 -7.3995082 12.265437
54.959372 -15.190397 0
-29.159438 37.126157 -3.8405934
-34.974776 27.975363 -10.929962
-26.001637 36.07898 -9.6961525
-38.067122 5.7743687 -21.321163
-37.886391 17.221878 -16.836906
-18.019865 30.084096 -18.592994
-30.10536 25.609149 -15.827325
-22.018844 33.423712 -14.767622
-28.439895 30.851485 -13.003066
-43.203641 -55.007411 -5.6903574
-47.877891 -38.296211 -14.962313
-35.728782 -49.576033 -13.323458
-40.682162 -6.1710418 -22.785831
-46.219205 -21.009694 -20.540051
-21.81206 -36.415152 -22.505801
-38.908751 -33.097761 -20.455541
-28.279486 -42.927114 -18.966517
-38.142205 -41.376513 -17.43908
-4.1180066 -15.205245 -27.147671
-12.504176 -12.224662 -27.507924
-7.1784918 -19.250165 -26.71087
-3.9336694 -10.703351 -27.616866
-31.695704 -3.2788288 -24.894279
-21.549121 -8.4192323 -26.940693
-34.364951 -9.2355105 -24.766359
-15.383115 -29.260423 -24.890403
-16.721432 -16.205994 -27.055845
-10.962929 -23.977772 -26.010992
-22.569722 -28.425749 -24.806525
-11.934272 -17.794257 -27.010961
-3.7689389 -2.3293324 -27.974045
-12.005798 -7.4199911 -27.699621
-3.8317966 -6.3515924 -27.885766
-8.0005625 -9.126838 -27.758226
-38.288494 -23.66359 -22.93416
-22.738027 -14.052874 -26.730154
-36.697547 -16.214103 -24.175577
-30.466324 -26.587291 -24.189916
-28.244202 -11.904167 -26.036417
-22.81977 -20.762112 -26.149129
-4.0285058 14.874774 -26.557643
-11.876345 11.610865 -26.12676
-6.8543878 18.381033 -25.504892
-3.8746319 10.542712 -27.202385
-30.702661 3.1761014 -24.114328
-20.324041 7.9405943 -25.4091
-31.449779 8.4520642 -22.665434
-25.966277 0 -25.660547
-13.553062 25.779455 -21.929315
-15.355173 14.88185 -24.845192
-10.103063 22.0971 -23.970846
-19.099715 24.0554 -20.992619
-11.139799 16.60968 -25.212821
-3.7567433 2.3217951 -27.883526
-11.638013 7.1926874 -26.851072
-3.7978851 6.2953806 -27.638976
-7.6846371 0 -27.803278
-7.7963281 8.8938527 -27.049628
-31.266579 19.323809 -18.728152
-20.643322 12.758274 -24.26768
-31.624633 13.972734 -20.833648
-25.080211 21.886948 -19.913403
-25.606535 10.792461 -23.60493
-19.966141 18.165796 -22.879162
-16.895403 -5.0899953 -27.337336
-16.403456 4.941789 -26.54135
-21.236833 -2.7782747 -26.713983
-12.094547 -2.4916137 -27.63242
-20.816515 2.7232873 -26.185262
-11.964483 2.4648191 -27.335263
-29.159438 37.126157 3.8405934
-34.974776 27.975363 10.929962
-26.001637 36.07898 9.6961525
-33.808404 34.21121 0
-38.067122 5.7743687 21.321163
-37.886391 17.221878 16.836906
-18.019865 30.084096 18.592994
-30.10536 25.609149 15.827325
-22.018844 33.423712 14.767622
-28.439895 30.851485 13.003066
-41.299938 25.524765 -7.6897211
-41.299938 25.524765 7.6897211
-38.006123 30.213753 -3.9526659
-38.006123 30.213753 3.9526659
-43.203641 -55.007411 5.6903574
-47.877891 -38.296211 14.962313
-35.728782 -49.576033 13.323458
-52.44045 -53.065246 0
-40.682162 -6.1710418 22.785831
-46.219205 -21.009694 20.540051
-21.81206 -36.415152 22.505801
-38.908751 -33.097761 20.455541
-28.279486 -42.927114 18.966517
-38.142205 -41.376513 17.43908
-56.52381 -34.933636 -10.524286
-56.52381 -34.933636 10.524286
-56.496706 -44.913224 -5.8757007
-56.496706 -44.913224 5.8757007
-4.1180066 -15.205245 27.147671
-12.504176 -12.224662 27.507924
-7.1784918 -19.250165 26.71087
-3.9336694 -10.703351 27.616866
-31.695704 -3.2788288 24.894279
-21.549121 -8.4192323 26.940693
-34.364951 -9.2355105 24.766359
-15.383115 -29.260423 24.890403
-16.721432 -16.205994 27.055845
-10.962929 -23.977772 26.010992
-22.569722 -28.425749 24.806525
-11.934272 -17.794257 27.010961
-3.7689389 -2.3293324 27.974045
-12.005798 -7.4199911 27.699621
-3.8317966 -6.3515924 27.885766
-8.0005625 -9.126838 27.758226
-38.288494 -23.66359 22.93416
-22.738027 -14.052874 26.730154
-36.697547 -16.214103 24.175577
-30.466324 -26.587291 24.189916
-28.244202 -11.904167 26.036417
-22.81977 -20.762112 26.149129
-4.0285058 14.874774 26.557643
-11.876345 11.610865 26.12676
-6.8543878 18.381033 25.504892
-3.8746319 10.542712 27.202385
-30.702661 3.1761014 24.114328
-20.324041 7.9405943 25.4091
-31.449779 8.4520642 22.665434
-25.966277 0 25.660547
-13.553062 25.779455 21.929315
-15.355173 14.88185 24.845192
-10.103063 22.0971 23.970846
-19.099715 24.0554 20.992619
-11.139799 16.60968 25.212821
-3.7567433 2.3217951 27.883526
-11.638013 7.1926874 26.851072
-3.7978851 6.2953806 27.638976
-7.6846371 0 27.803278
-7.7963281 8.8938527 27.049628
-31.266579 19.323809 18.728152
-20.643322 12.758274 24.26768
-31.624633 13.972734 20.833648
-25.080211 21.886948 19.913403
-25.606535 10.792461 23.60493
-19.966141 18.165796 22.879162
-16.895403 -5.0899953 27.337336
-16.403456 4.941789 26.54135
-21.236833 -2.7782747 26.713983
-12.094547 -2.4916137 27.63242
-20.816515 2.7232873 26.185262
-11.964483 2.4648191 27.335263
-45.393506 0 -20.009666
-60.685184 0 -8.4524723
-45.922393 6.5410577 -17.797946
-49.657837 -7.0731239 -19.245676
-45.393506 0 20.009666
-60.685184 0 8.4524723
-45.922393 6.5410577 17.797946
-49.657837 -7.0731239 19.245676
-44.111709 19.11926 -11.816353
-59.050726 7.9558956 -4.9170139
-45.511546 13.11748 -14.964087
-48.325384 21.151736 -4.3574972
-53.849662 7.3995082 -12.265437
-55.235199 -23.940495 -14.796039
-63.547618 -8.5617612 -5.2914594
-53.160832 -15.322181 -17.479154
-62.065071 -27.165515 -5.596404
-58.37788 -8.0217329 -13.296838
-44.111709 19.11926 11.816353
-59.050726 7.9558956 4.9170139
-45.511546 13.11748 14.964087
-48.325384 21.151736 4.3574972
-53.849662 7.3995082 12.265437
-54.959372 15.190397 0
-55.235199 -23.940495 14.796039
-63.547618 -8.5617612 5.2914594
-53.160832 -15.322181 17.479154
-62.065071 -27.165515 5.596404
-58.37788 -8.0217329 13.296838
-64.186398 -17.740684 0
-22.415749 42.600296 0
-16.716302 46.371829 0
-3.695921 53.326462 0
-10.532026 50.00377 0
30.838751 58.607899 0
21.165692 58.714652 0
3.8847753 56.051338 0
12.19189 57.884441 0
-30.838751 -58.607899 0
-21.165692 -58.714652 0
-3.8847753 -56.051338 0
-12.19189 -57.884441 0
22.415749 -42.600296 0
16.716302 -46.371829 0
3.695921 -53.326462 0
10.532026 -50.00377 0
-33.874589 -57.529341 4.3996028
-28.147275 -52.951727 11.987172
-28.920023 -57.982685 4.2738577
-16.483209 -39.829463 21.291823
-22.093675 -46.610655 17.575631
-19.443352 -58.076258 4.0535877
-23.77076 -53.625523 11.749997
-24.07969 -58.156318 4.1626661
-26.458479 -56.179032 8.2532425
-1.3125775 -18.475881 26.458231
-4.2076691 -22.794484 25.866429
-11.6356 -33.401688 23.582671
-7.5904358 -27.720307 24.98038
-2.2799216 -55.102598 3.6889906
-6.6633528 -52.792885 10.781531
-6.2583354 -56.221986 3.7821236
-12.966543 -40.247714 20.980307
-10.306135 -47.326873 16.675676
-15.450477 -43.677096 19.379981
-14.766384 -57.712655 3.9743211
-10.669003 -53.472313 11.0338
-10.449011 -57.103348 3.8750884
-17.243431 -56.371303 7.8845358
-8.5622059 -55.335598 7.5287159
-20.855726 -50.466768 14.864871
-12.586412 -50.682913 14.302611
-18.115123 -47.147061 17.349026
-19.302372 -53.870541 11.582756
-14.154421 -47.37709 17.046836
-14.902888 -53.812852 11.344189
24.138036 -40.993717 3.1350276
21.267888 -40.009961 9.0574249
21.396051 -42.897631 3.1619503
14.00706 -33.846181 18.093312
17.721291 -37.38631 14.097377
15.616456 -46.645525 3.2557492
18.532724 -41.808804 9.1608115
18.546722 -44.793312 3.2061796
20.070198 -42.614855 6.2605339
1.3014481 -18.319223 26.23389
4.0749268 -22.07537 25.050403
0 -20.391572 25.962802
10.427903 -29.934818 21.134949
7.1092829 -25.963134 23.396889
-2.8690124 -24.947472 25.244706
2.8014699 -24.360157 24.650393
-1.3903074 -22.607872 25.635443
1.3754255 -22.365876 25.36104
2.2133923 -53.494676 3.581344
6.1312345 -48.57698 9.9205458
5.7837401 -51.958441 3.4953096
0 -53.012061 7.1423072
11.333399 -35.178488 18.337824
9.1440294 -41.990362 14.79535
13.135231 -37.132106 16.475901
12.417446 -48.53211 3.3421126
9.3838442 -47.031185 9.7046987
9.2009449 -50.282725 3.4122344
14.165585 -46.309374 6.4771949
7.7030672 -49.783179 6.7732784
-4.193619 -49.430279 13.662193
3.9778101 -46.886534 12.959119
-2.1747575 -51.605301 10.563436
2.114329 -50.17138 10.269917
16.747763 -40.526303 11.93693
10.87657 -43.797729 12.359626
14.965895 -38.950767 14.33298
15.610959 -43.568263 9.3676531
12.097907 -40.49361 14.570079
12.551275 -45.321411 9.554124
-10.250122 -36.318393 22.446002
-3.282312 -35.477012 21.925999
-8.1742074 -33.210874 23.390991
-9.0923216 -39.838095 20.836162
9.2418976 -32.746036 20.238163
3.1684697 -34.246542 21.165527
7.5472478 -30.663609 21.596908
8.2404473 -36.1056 18.883988
-4.5234287 -27.578417 24.740116
-1.6151787 -32.463181 22.811255
-6.261694 -30.279687 24.144637
-1.491107 -27.254466 24.468763
-4.8221052 -32.889026 23.128482
-6.1068097 -46.503685 16.527239
-1.8024603 -38.614442 20.260117
-7.7049539 -43.301028 18.861372
-1.9998588 -45.593529 16.179198
-5.3495597 -39.280922 20.587897
4.3457391 -26.49508 23.768273
1.5885607 -31.928189 22.435327
5.9059868 -28.559593 22.773056
1.4711768 -26.890181 24.141713
4.5938605 -31.33229 22.033742
0 -29.602645 23.533234
5.6722442 -43.194445 15.351147
1.7654385 -37.821315 19.843981
7.051897 -39.630917 17.262718
1.9504382 -44.466819 15.779376
5.0383667 -36.995884 19.390264
0 -41.63701 18.224274
-24.138036 40.993717 3.1350276
-21.267888 40.009961 9.0574249
-21.396051 42.897631 3.1619503
-14.00706 33.846181 18.093312
-17.721291 37.38631 14.097377
-15.616456 46.645525 3.2557492
-18.532724 41.808804 9.1608115
-18.546722 44.793312 3.2061796
-20.070198 42.614855 6.2605339
-1.3014481 18.319223 26.23389
-4.0749268 22.07537 25.050403
-10.427903 29.934818 21.134949
-7.1092829 25.963134 23.396889
-2.2133923 53.494676 3.581344
-6.1312345 48.57698 9.9205458
-5.7837401 51.958441 3.4953096
-11.333399 35.178488 18.337824
-9.1440294 41.990362 14.79535
-13.135231 37.132106 16.475901
-12.417446 48.53211 3.3421126
-9.3838442 47.031185 9.7046987
-9.2009449 50.282725 3.4122344
-14.165585 46.309374 6.4771949
-7.7030672 49.783179 6.7732784
-16.747763 40.526303 11.93693
-10.87657 43.797729 12.359626
-14.965895 38.950767 14.33298
-15.610959 43.568263 9.3676531
-12.097907 40.49361 14.570079
-12.551275 45.321411 9.554124
33.874589 57.529341 4.3996028
28.147275 52.951727 11.987172
28.920023 57.982685 4.2738577
16.483209 39.829463 21.291823
22.093675 46.610655 17.575631
19.443352 58.076258 4.0535877
23.77076 53.625523 11.749997
24.07969 58.156318 4.1626661
26.458479 56.179032 8.2532425
1.3125775 18.475881 26.458231
4.2076691 22.794484 25.866429
0 20.391572 25.962802
11.6356 33.401688 23.582671
7.5904358 27.720307 24.98038
-2.8014699 24.360157 24.650393
2.8690124 24.947472 25.244706
-1.3754255 22.365876 25.36104
1.3903074 22.607872 25.635443
2.2799216 55.102598 3.6889906
6.6633528 52.792885 10.781531
6.2583354 56.221986 3.7821236
0 53.012061 7.1423072
12.966543 40.247714 20.980307
10.306135 47.326873 16.675676
15.450477 43.677096 19.379981
14.766384 57.712655 3.9743211
10.669003 53.472313 11.0338
10.449011 57.103348 3.8750884
17.243431 56.371303 7.8845358
8.5622059 55.335598 7.5287159
-3.9778101 46.886534 12.959119
4.193619 49.430279 13.662193
-2.114329 50.17138 10.269917
2.1747575 51.605301 10.563436
20.855726 50.466768 14.864871
12.586412 50.682913 14.302611
18.115123 47.147061 17.349026
19.302372 53.870541 11.582756
14.154421 47.37709 17.046836
14.902888 53.812852 11.344189
-9.2418976 32.746036 20.238163
-3.1684697 34.246542 21.165527
-7.5472478 30.663609 21.596908
-8.2404473 36.1056 18.883988
10.250122 36.318393 22.446002
3.282312 35.477012 21.925999
8.1742074 33.210874 23.390991
9.0923216 39.838095 20.836162
-4.3457391 26.49508 23.768273
-1.5885607 31.928189 22.435327
-5.9059868 28.559593 22.773056
-1.4711768 26.890181 24.141713
-4.5938605 31.33229 22.033742
-5.6722442 43.194445 15.351147
-1.7654385 37.821315 19.843981
-7.051897 39.630917 17.262718
-1.9504382 44.466819 15.779376
-5.0383667 36.995884 19.390264
4.5234287 27.578417 24.740116
1.6151787 32.463181 22.811255
6.261694 30.279687 24.144637
1.491107 27.254466 24.468763
4.8221052 32.889026 23.128482
0 29.602645 23.533234
6.1068097 46.503685 16.527239
1.8024603 38.614442 20.260117
7.7049539 43.301028 18.861372
1.9998588 45.593529 16.179198
5.3495597 39.280922 20.587897
0 41.63701 18.224274
0 -14.220602 27.025725
0 -9.9241121 27.529967
0 -1.9395135 27.984199
0 -5.8633701 27.838005
0 14.220602 27.025725
0 9.9241121 27.529967
0 1.9395135 27.984199
0 5.8633701 27.838005
-33.874589 -57.529341 -4.3996028
-28.147275 -52.951727 -11.987172
-28.920023 -57.982685 -4.2738577
-16.483209 -39.829463 -21.291823
-22.093675 -46.610655 -17.575631
-19.443352 -58.076258 -4.0535877
-23.77076 -53.625523 -11.749997
-24.07969 -58.156318 -4.1626661
-26.458479 -56.179032 -8.2532425
-1.3125775 -18.475881 -26.458231
-4.2076691 -22.794484 -25.866429
-11.6356 -33.401688 -23.582671
-7.5904358 -27.720307 -24.98038
-2.2799216 -55.102598 -3.6889906
-6.6633528 -52.792885 -10.781531
-6.2583354 -56.221986 -3.7821236
-12.966543 -40.247714 -20.980307
-10.306135 -47.326873 -16.675676
-15.450477 -43.677096 -19.379981
-14.766384 -57.712655 -3.9743211
-10.669003 -53.472313 -11.0338
-10.449011 -57.103348 -3.8750884
-17.243431 -56.371303 -7.8845358
-8.5622059 -55.335598 -7.5287159
-20.855726 -50.466768 -14.864871
-12.586412 -50.682913 -14.302611
-18.115123 -47.147061 -17.349026
-19.302372 -53.870541 -11.582756
-14.154421 -47.37709 -17.046836
-14.902888 -53.812852 -11.344189
24.138036 -40.993717 -3.1350276
21.267888 -40.009961 -9.0574249
21.396051 -42.897631 -3.1619503
14.00706 -33.846181 -18.093312
17.721291 -37.38631 -14.097377
15.616456 -46.645525 -3.2557492
18.532724 -41.808804 -9.1608115
18.546722 -44.793312 -3.2061796
20.070198 -42.614855 -6.2605339
1.3014481 -18.319223 -26.23389
4.0749268 -22.07537 -25.050403
0 -20.391572 -25.962802
10.427903 -29.934818 -21.134949
7.1092829 -25.963134 -23.396889
-2.8690124 -24.947472 -25.244706
2.8014699 -24.360157 -24.650393
-1.3903074 -22.607872 -25.635443
1.3754255 -22.365876 -25.36104
2.2133923 -53.494676 -3.581344
6.1312345 -48.57698 -9.9205458
5.7837401 -51.958441 -3.4953096
0 -53.012061 -7.1423072
11.333399 -35.178488 -18.337824
9.1440294 -41.990362 -14.79535
13.135231 -37.132106 -16.475901
12.417446 -48.53211 -3.3421126
9.3838442 -47.031185 -9.7046987
9.2009449 -50.282725 -3.4122344
14.165585 -46.309374 -6.4771949
7.7030672 -49.783179 -6.7732784
-4.193619 -49.430279 -13.662193
3.9778101 -46.886534 -12.959119
-2.1747575 -51.605301 -10.563436
2.114329 -50.17138 -10.269917
16.747763 -40.526303 -11.93693
10.87657 -43.797729 -12.359626
14.965895 -38.950767 -14.33298
15.610959 -43.568263 -9.3676531
12.097907 -40.49361 -14.570079
12.551275 -45.321411 -9.554124
-10.250122 -36.318393 -22.446002
-3.282312 -35.477012 -21.925999
-8.1742074 -33.210874 -23.390991
-9.0923216 -39.838095 -20.836162
9.2418976 -32.746036 -20.238163
3.1684697 -34.246542 -21.165527
7.5472478 -30.663609 -21.596908
8.2404473 -36.1056 -18.883988
-4.5234287 -27.578417 -24.740116
-1.6151787 -32.463181 -22.811255
-6.261694 -30.279687 -24.144637
-1.491107 -27.254466 -24.468763
-4.8221052 -32.889026 -23.128482
-6.1068097 -46.503685 -16.527239
-1.8024603 -38.614442 -20.260117
-7.7049539 -43.301028 -18.861372
-1.9998588 -45.593529 -16.179198
-5.3495597 -39.280922 -20.587897
4.3457391 -26.49508 -23.768273
1.5885607 -31.928189 -22.435327
5.9059868 -28.559593 -22.773056
1.4711768 -26.890181 -24.141713
4.5938605 -31.33229 -22.033742
0 -29.602645 -23.533234
5.6722442 -43.194445 -15.351147
1.7654385 -37.821315 -19.843981
7.051897 -39.630917 -17.262718
1.9504382 -44.466819 -15.779376
5.0383667 -36.995884 -19.390264
0 -41.63701 -18.224274
-24.138036 40.993717 -3.1350276
-21.267888 40.009961 -9.0574249
-21.396051 42.897631 -3.1619503
-14.00706 33.846181 -18.093312
-17.721291 37.38631 -14.097377
-15.616456 46.645525 -3.2557492
-18.532724 41.808804 -9.1608115
-18.546722 44.793312 -3.2061796
-20.070198 42.614855 -6.2605339
-1.3014481 18.319223 -26.23389
-4.0749268 22.07537 -25.050403
-10.427903 29.934818 -21.134949
-7.1092829 25.963134 -23.396889
-2.2133923 53.494676 -3.581344
-6.1312345 48.57698 -9.9205458
-5.7837401 51.958441 -3.4953096
-11.333399 35.178488 -18.337824
-9.1440294 41.990362 -14.79535
-13.135231 37.132106 -16.475901
-12.417446 48.53211 -3.3421126
-9.3838442 47.031185 -9.7046987
-9.2009449 50.282725 -3.4122344
-14.165585 46.309374 -6.4771949
-7.7030672 49.783179 -6.7732784
-16.747763 40.526303 -11.93693
-10.87657 43.797729 -12.359626
-14.965895 38.950767 -14.33298
-15.610959 43.568263 -9.3676531
-12.097907 40.49361 -14.570079
-12.551275 45.321411 -9.554124
33.874589 57.529341 -4.3996028
28.147275 52.951727 -11.987172
28.920023 57.982685 -4.2738577
16.483209 39.829463 -21.291823
22.093675 46.610655 -17.575631
19.443352 58.076258 -4.0535877
23.77076 53.625523 -11.749997
24.07969 58.156318 -4.1626661
26.458479 56.179032 -8.2532425
1.3125775 18.475881 -26.458231
4.2076691 22.794484 -25.866429
0 20.391572 -25.962802
11.6356 33.401688 -23.582671
7.5904358 27.720307 -24.98038
-2.8014699 24.360157 -24.650393
2.8690124 24.947472 -25.244706
-1.3754255 22.365876 -25.36104
1.3903074 22.607872 -25.635443
2.2799216 55.102598 -3.6889906
6.6633528 52.792885 -10.781531
6.2583354 56.221986 -3.7821236
0 53.012061 -7.1423072
12.966543 40.247714 -20.980307
10.306135 47.326873 -16.675676
15.450477 43.677096 -19.379981
14.766384 57.712655 -3.9743211
10.669003 53.472313 -11.0338
10.449011 57.103348 -3.8750884
17.243431 56.371303 -7.8845358
8.5622059 55.335598 -7.5287159
-3.9778101 46.886534 -12.959119
4.193619 49.430279 -13.662193
-2.114329 50.17138 -10.269917
2.1747575 51.605301 -10.563436
20.855726 50.466768 -14.864871
12.586412 50.682913 -14.302611
18.115123 47.147061 -17.349026
19.302372 53.870541 -11.582756
14.154421 47.37709 -17.046836
14.902888 53.812852 -11.344189
-9.2418976 32.746036 -20.238163
-3.1684697 34.246542 -21.165527
-7.5472478 30.663609 -21.596908
-8.2404473 36.1056 -18.883988
10.250122 36.318393 -22.446002
3.282312 35.477012 -21.925999
8.1742074 33.210874 -23.390991
9.0923216 39.838095 -20.836162
-4.3457391 26.49508 -23.768273
-1.5885607 31.928189 -22.435327
-5.9059868 28.559593 -22.773056
-1.4711768 26.890181 -24.141713
-4.5938605 31.33229 -22.033742
-5.6722442 43.194445 -15.351147
-1.7654385 37.821315 -19.843981
-7.051897 39.630917 -17.262718
-1.9504382 44.466819 -15.779376
-5.0383667 36.995884 -19.390264
4.5234287 27.578417 -24.740116
1.6151787 32.463181 -22.811255
6.261694 30.279687 -24.144637
1.491107 27.254466 -24.468763
4.8221052 32.889026 -23.128482
0 29.602645 -23.533234
6.1068097 46.503685 -16.527239
1.8024603 38.614442 -20.260117
7.7049539 43.301028 -18.861372
1.9998588 45.593529 -16.179198
5.3495597 39.280922 -20.587897
0 41.63701 -18.224274
0 -14.220602 -27.025725
0 -9.9241121 -27.529967
0 -1.9395135 -27.984199
0 -5.8633701 -27.838005
0 14.220602 -27.025725
0 9.9241121 -27.529967
0 1.9395135 -27.984199
0 5.8633701 -27.838005
39.935083 57.188701 -2.8370983
45.507662 51.640595 -8.4003299
37.059922 55.544299 -7.151572
47.842379 33.778265 -16.666067
47.607698 42.902064 -13.036045
30.312469 49.920165 -14.261905
41.303681 48.802265 -12.199619
33.710096 52.929325 -10.991638
39.55696 52.541557 -9.8021116
38.942684 2.9781732 -22.930341
42.336424 9.5840878 -22.504553
47.017297 25.134257 -19.457856
45.155965 17.027106 -21.404145
17.811273 36.578169 -22.606551
25.945112 36.015342 -22.258706
20.628079 39.857497 -21.200731
43.282358 31.44569 -19.434506
34.525491 34.386842 -21.252237
43.319024 35.710853 -17.993482
26.864231 46.548714 -17.137638
29.376423 39.162359 -20.530062
23.673304 43.230233 -19.385954
31.929616 46.280609 -16.419634
24.951701 39.645139 -20.951421
42.429494 44.427726 -14.445681
34.065067 38.348132 -19.893306
43.056548 40.088378 -16.324329
37.165626 45.591821 -15.523829
38.670929 37.223241 -19.064052
33.164684 42.349285 -18.303688
27.239758 -39.008468 -1.9351875
30.894405 -35.057952 -5.7028461
26.022565 -39.001839 -5.0216578
35.966719 -25.393665 -12.529138
33.800868 -30.459927 -9.2554287
22.784062 -37.52199 -10.719817
29.215006 -34.51892 -8.6290599
24.504666 -38.475577 -7.9900816
27.721905 -36.821638 -6.8694158
37.697556 -2.8829511 -22.197182
38.272444 -8.6640869 -20.344284
37.41944 -20.003486 -15.485834
38.183313 -14.397906 -18.099075
15.107735 -31.02604 -19.175147
20.950071 -29.081547 -17.973385
17.003611 -32.854314 -17.475645
33.368302 -24.242886 -14.982928
26.966181 -26.857889 -16.599088
32.604805 -26.878385 -13.543102
20.861878 -36.148201 -13.308526
23.033598 -30.706598 -16.097303
18.944231 -34.594391 -15.513339
24.069585 -34.887831 -12.377655
20.017893 -31.805935 -16.808606
30.554183 -31.993143 -10.402574
26.203222 -29.497803 -15.302149
31.665362 -29.482461 -12.005509
27.308502 -33.499889 -11.406575
29.343076 -28.244587 -14.465593
25.207546 -32.188504 -13.91212
2.0364188 -15.679336 -26.628274
5.9927065 -14.071572 -26.471978
3.3689979 -17.458371 -26.166083
1.9883013 -13.45429 -26.974939
13.888041 -10.751521 -25.979609
9.9008133 -12.445946 -26.257003
6.2369983 -21.116315 -24.949931
7.4206531 -15.771968 -25.974106
4.7773074 -19.279087 -25.607459
5.4155362 -16.60883 -26.078066
1.9188362 -9.2038482 -27.491405
5.8792576 -11.893996 -26.8322
1.9513006 -11.287649 -27.261485
3.9533523 -12.673769 -26.910091
33.80598 -1.6770951 -23.606842
27.833096 -4.5275851 -24.527586
34.292272 -4.4152804 -22.880277
18.091802 -8.9264261 -25.624609
22.673715 -6.8895423 -25.16064
34.827465 -9.9500072 -21.147896
28.224588 -7.055599 -23.887813
34.631566 -7.19181 -22.056458
31.126994 -5.8070276 -23.434579
12.922234 -28.778954 -20.908613
14.09941 -22.90531 -22.813325
11.160355 -26.868378 -22.149454
15.748259 -27.940884 -20.405428
15.674447 -12.3496 -25.361789
14.990858 -17.47359 -24.255719
13.586349 -13.219369 -25.542415
7.8489076 -23.053616 -24.139334
12.338836 -21.128879 -23.785453
9.457653 -24.945215 -23.225578
8.4451492 -20.218547 -24.802498
11.794417 -23.924665 -23.029019
21.486806 -26.04517 -19.309539
16.791494 -22.080304 -22.403757
18.613573 -27.024943 -19.870392
16.308572 -24.941901 -21.479265
9.5146548 -14.914767 -25.843406
12.8254 -18.351839 -24.465242
11.526378 -14.075523 -25.703559
8.9998986 -17.501201 -25.36724
13.232017 -15.758421 -25.038165
10.649257 -19.295524 -24.63921
1.8727057 -1.1573958 -27.972679
5.6635474 -3.5002648 -27.732146
1.8777998 -3.1072228 -27.91385
13.754421 -8.5007 -26.385887
9.5921959 -5.9283031 -27.223403
11.766473 -9.3806913 -26.518363
1.9061276 -7.0821181 -27.679617
5.6918563 -5.5036734 -27.584034
1.8876466 -5.0899588 -27.816382
3.8387666 -8.3953589 -27.445658
3.7797637 -4.2986235 -27.78103
7.8762379 -11.050527 -26.740109
7.7057579 -6.7811286 -27.306221
9.8015643 -10.234382 -26.636363
5.8340058 -9.7222246 -27.13353
9.6998607 -8.0540407 -26.95815
5.7727606 -7.583689 -27.38395
34.065425 -21.05359 -16.587724
28.481316 -17.602421 -20.51767
34.479368 -18.340032 -17.844651
30.771581 -22.472706 -17.343719
18.246584 -11.277009 -25.114895
23.149889 -14.307418 -23.243231
20.506471 -10.332512 -24.875359
17.946996 -13.85092 -24.574586
34.850853 -12.830887 -20.113152
28.606443 -14.99634 -21.458232
34.744058 -15.580455 -19.02619
31.593741 -11.208963 -21.796948
31.501553 -16.647749 -19.826323
24.567746 -24.927638 -18.683129
25.475963 -18.887537 -21.017221
27.594613 -23.763707 -18.043081
22.041995 -23.008818 -20.477642
28.097789 -20.659214 -19.352502
25.420555 -8.2654967 -24.277211
25.722879 -13.343886 -22.849916
22.902167 -9.3259573 -24.597858
28.425841 -9.6788827 -23.172231
23.060241 -11.810407 -23.957102
28.55227 -12.340512 -22.35993
17.236104 -19.179578 -23.24847
22.79758 -17.086662 -22.46844
17.610659 -16.49677 -23.951569
19.575478 -21.070911 -21.99514
20.335873 -15.440428 -23.614184
22.477702 -20.004954 -21.533196
2.0601315 15.861911 -26.938343
6.1825683 14.51739 -27.310668
3.441588 17.834538 -26.72987
2.0078265 13.586412 -27.239834
14.682855 11.366832 -27.466423
10.366955 13.031915 -27.493213
6.5415466 22.14741 -26.168218
7.7490782 16.470008 -27.123674
4.9393982 19.933213 -26.476303
5.5971616 17.165854 -26.952669
1.931388 9.2640542 -27.671237
6.0338623 12.206768 -27.537796
1.9671594 11.379387 -27.483047
4.0270653 12.91008 -27.411848
34.409189 1.7070199 -24.028064
29.046125 4.7249074 -25.596553
35.973023 4.6316844 -24.001697
31.252702 0 -24.546338
19.19766 9.4720525 -27.190909
23.971944 7.2840166 -26.601262
38.931602 11.122536 -23.640005
30.21476 7.5531033 -25.57219
37.498377 7.78715 -23.882298
33.042612 6.1644038 -24.87679
25.600104 -2.9094027 -25.298686
26.25932 2.9843214 -25.95014
28.306315 -1.5351589 -24.963311
28.715454 1.5573481 -25.324131
14.751579 32.853068 -23.868556
15.875322 25.790381 -25.68681
12.427787 29.919701 -24.664869
18.43847 32.713911 -23.891203
16.846016 13.272656 -27.257427
16.52719 19.264363 -26.741555
14.529087 14.136642 -27.314768
8.3794089 24.611791 -25.770892
13.584637 23.262176 -26.186973
10.29709 27.159288 -25.28702
8.9905292 21.524242 -26.40422
13.072716 26.517661 -25.524944
26.22749 31.791576 -23.569847
19.246201 25.308169 -25.678907
22.292357 32.366149 -23.797573
18.911465 28.922698 -24.907416
10.030919 15.724042 -27.245668
13.998456 20.030362 -26.702918
12.246422 14.954811 -27.309241
9.5401338 18.551742 -26.889954
14.30307 17.033971 -27.064855
11.49006 20.818986 -26.584579
1.8742143 1.1583281 -27.995213
5.705429 3.526149 -27.937224
1.8818754 3.1139669 -27.974436
3.766299 0 -27.95445
14.364824 8.8779493 -27.556856
9.7971398 6.0549654 -27.805049
12.260894 9.7748632 -27.632651
1.9156841 7.117625 -27.818391
5.7586151 5.5682251 -27.907563
1.8943915 5.1081461 -27.915775
3.8849711 8.496408 -27.776002
3.8026722 4.3246768 -27.949407
7.6519032 -2.3487566 -27.684846
7.7029822 2.3644354 -27.869651
5.7010912 -1.1737176 -27.851404
5.7152399 1.1766305 -27.920525
8.135993 11.414969 -27.621986
7.8572411 6.9144351 -27.843019
10.175625 10.62496 -27.652896
5.9584269 9.9295693 -27.712204
9.9865252 8.2920655 -27.754857
5.8676422 7.7083352 -27.834035
42.881463 26.502201 -20.880581
33.903885 20.953753 -24.424038
42.253708 22.475307 -21.868227
38.760625 28.307162 -21.846566
19.687319 12.167432 -27.097945
26.10751 16.135329 -26.212778
22.156405 11.163858 -26.876811
19.68084 15.189046 -26.948716
40.257635 14.821479 -23.233518
33.212345 17.410889 -24.913206
41.367507 18.550642 -22.653256
35.582965 12.624278 -24.549167
37.580809 19.860477 -23.652461
30.463568 30.909827 -23.166747
30.24132 22.420509 -24.948556
34.574389 29.774494 -22.606894
26.46017 27.620786 -24.582253
34.35315 25.258538 -23.660914
27.372179 8.9000675 -26.141057
29.070117 15.080284 -25.823305
24.729921 10.070234 -26.56094
31.259272 10.643655 -25.481992
25.447993 13.033305 -26.437717
32.269905 13.947302 -25.271293
19.482026 21.678742 -26.277825
26.26862 19.688188 -25.889368
19.617303 18.376492 -26.680727
22.7715 24.511088 -25.586212
22.829191 17.33353 -26.509445
26.460892 23.549957 -25.349014
16.195752 -7.3959024 -26.205277
16.577741 -2.4816803 -26.823349
18.333586 -6.4068487 -26.030297
13.970107 -6.096166 -26.71041
16.925685 7.7292316 -27.386334
16.825277 2.5187363 -27.22387
19.134014 6.6865659 -27.166756
14.416016 6.2907486 -27.562976
22.958812 -4.197739 -25.592754
18.73803 -1.3267691 -26.666488
20.593983 -5.3408639 -25.826827
23.297957 -1.419759 -25.950366
18.550233 -3.8675765 -26.378692
9.7504255 -3.6027793 -27.435359
14.27621 -1.2700964 -27.209511
11.812563 -4.8254843 -27.118713
9.7974898 -1.2110363 -27.609659
14.144195 -3.6752281 -26.986585
23.748361 4.3420983 -26.472883
18.903701 1.3384996 -26.902258
21.421302 5.5554215 -26.864363
23.56453 1.4360038 -26.247288
19.034661 3.9685759 -27.067555
21.052582 0 -26.482212
9.8779475 3.6498986 -27.794175
14.370181 1.2784566 -27.388613
12.064006 4.9281999 -27.695964
9.8402884 1.2163265 -27.730267
14.415657 3.7457646 -27.504523
12.041838 0 -27.511995
39.935083 57.188701 2.8370983
45.507662 51.640595 8.4003299
37.059922 55.544299 7.151572
44.469112 56.618624 0
47.842379 33.778265 16.666067
47.607698 42.902064 13.036045
30.312469 49.920165 14.261905
41.303681 48.802265 12.199619
33.710096 52.929325 10.991638
39.55696 52.541557 9.8021116
50.700045 51.304104 -5.830613
50.700045 51.304104 5.830613
48.234488 54.693891 -2.9662574
48.234488 54.693891 2.9662574
38.942684 2.9781732 22.930341
42.336424 9.5840878 22.504553
47.017297 25.134257 19.457856
45.155965 17.027106 21.404145
17.811273 36.578169 22.606551
25.945112 36.015342 22.258706
20.628079 39.857497 21.200731
43.282358 31.44569 19.434506
34.525491 34.386842 21.252237
43.319024 35.710853 17.993482
26.864231 46.548714 17.137638
29.376423 39.162359 20.530062
23.673304 43.230233 19.385954
31.929616 46.280609 16.419634
24.951701 39.645139 20.951421
42.429494 44.427726 14.445681
34.065067 38.348132 19.893306
43.056548 40.088378 16.324329
37.165626 45.591821 15.523829
38.670929 37.223241 19.064052
33.164684 42.349285 18.303688
52.176011 32.246548 -14.72561
59.983258 37.071692 -5.5496154
52.44269 36.93629 -12.907743
52.176011 32.246548 14.72561
59.983258 37.071692 5.5496154
52.44269 36.93629 12.907743
52.025079 46.670788 -8.5331849
59.684149 41.938909 -2.9695355
52.449746 41.82276 -10.846356
55.274137 49.624521 -3.0240789
56.750221 39.908341 -8.3205728
52.025079 46.670788 8.5331849
59.684149 41.938909 2.9695355
52.449746 41.82276 10.846356
55.274137 49.624521 3.0240789
56.750221 39.908341 8.3205728
58.336404 46.37573 0
27.239758 -39.008468 1.9351875
30.894405 -35.057952 5.7028461
26.022565 -39.001839 5.0216578
29.46652 -37.517137 0
35.966719 -25.393665 12.529138
33.800868 -30.459927 9.2554287
22.784062 -37.52199 10.719817
29.215006 -34.51892 8.6290599
24.504666 -38.475577 7.9900816
27.721905 -36.821638 6.8694158
33.452971 -33.851543 -3.8471629
33.452971 -33.851543 3.8471629
31.555891 -35.781752 -1.9405803
31.555891 -35.781752 1.9405803
37.697556 -2.8829511 22.197182
38.272444 -8.6640869 20.344284
37.41944 -20.003486 15.485834
38.183313 -14.397906 18.099075
15.107735 -31.02604 19.175147
20.950071 -29.081547 17.973385
17.003611 -32.854314 17.475645
33.368302 -24.242886 14.982928
26.966181 -26.857889 16.599088
32.604805 -26.878385 13.543102
20.861878 -36.148201 13.308526
23.033598 -30.706598 16.097303
18.944231 -34.594391 15.513339
24.069585 -34.887831 12.377655
20.017893 -31.805935 16.808606
30.554183 -31.993143 10.402574
26.203222 -29.497803 15.302149
31.665362 -29.482461 12.005509
27.308502 -33.499889 11.406575
29.343076 -28.244587 14.465593
25.207546 -32.188504 13.91212
39.260869 -24.264552 -11.080576
42.660466 -26.365618 -3.9469209
38.123593 -26.851103 -9.3833771
39.260869 -24.264552 11.080576
42.660466 -26.365618 3.9469209
38.123593 -26.851103 9.3833771
35.2563 -31.62781 -5.7827597
40.651315 -28.564901 -2.0225726
36.778511 -29.326717 -7.6056197
36.004999 -32.324898 -1.9698536
39.762069 -27.961797 -5.8298132
35.2563 -31.62781 5.7827597
40.651315 -28.564901 2.0225726
36.778511 -29.326717 7.6056197
36.004999 -32.324898 1.9698536
39.762069 -27.961797 5.8298132
38.434589 -30.55437 0
2.0364188 -15.679336 26.628274
5.9927065 -14.071572 26.471978
3.3689979 -17.458371 26.166083
1.9883013 -13.45429 26.974939
13.888041 -10.751521 25.979609
9.9008133 -12.445946 26.257003
6.2369983 -21.116315 24.949931
7.4206531 -15.771968 25.974106
4.7773074 -19.279087 25.607459
5.4155362 -16.60883 26.078066
1.9188362 -9.2038482 27.491405
5.8792576 -11.893996 26.8322
1.9513006 -11.287649 27.261485
3.9533523 -12.673769 26.910091
33.80598 -1.6770951 23.606842
27.833096 -4.5275851 24.527586
34.292272 -4.4152804 22.880277
18.091802 -8.9264261 25.624609
22.673715 -6.8895423 25.16064
34.827465 -9.9500072 21.147896
28.224588 -7.055599 23.887813
34.631566 -7.19181 22.056458
31.126994 -5.8070276 23.434579
12.922234 -28.778954 20.908613
14.09941 -22.90531 22.813325
11.160355 -26.868378 22.149454
15.748259 -27.940884 20.405428
15.674447 -12.3496 25.361789
14.990858 -17.47359 24.255719
13.586349 -13.219369 25.542415
7.8489076 -23.053616 24.139334
12.338836 -21.128879 23.785453
9.457653 -24.945215 23.225578
8.4451492 -20.218547 24.802498
11.794417 -23.924665 23.029019
21.486806 -26.04517 19.309539
16.791494 -22.080304 22.403757
18.613573 -27.024943 19.870392
16.308572 -24.941901 21.479265
9.5146548 -14.914767 25.843406
12.8254 -18.351839 24.465242
11.526378 -14.075523 25.703559
8.9998986 -17.501201 25.36724
13.232017 -15.758421 25.038165
10.649257 -19.295524 24.63921
1.8727057 -1.1573958 27.972679
5.6635474 -3.5002648 27.732146
1.8777998 -3.1072228 27.91385
13.754421 -8.5007 26.385887
9.5921959 -5.9283031 27.223403
11.766473 -9.3806913 26.518363
1.9061276 -7.0821181 27.679617
5.6918563 -5.5036734 27.584034
1.8876466 -5.0899588 27.816382
3.8387666 -8.3953589 27.445658
3.7797637 -4.2986235 27.78103
7.8762379 -11.050527 26.740109
7.7057579 -6.7811286 27.306221
9.8015643 -10.234382 26.636363
5.8340058 -9.7222246 27.13353
9.6998607 -8.0540407 26.95815
5.7727606 -7.583689 27.38395
34.065425 -21.05359 16.587724
28.481316 -17.602421 20.51767
34.479368 -18.340032 17.844651
30.771581 -22.472706 17.343719
18.246584 -11.277009 25.114895
23.149889 -14.307418 23.243231
20.506471 -10.332512 24.875359
17.946996 -13.85092 24.574586
34.850853 -12.830887 20.113152
28.606443 -14.99634 21.458232
34.744058 -15.580455 19.02619
31.593741 -11.208963 21.796948
31.501553 -16.647749 19.826323
24.567746 -24.927638 18.683129
25.475963 -18.887537 21.017221
27.594613 -23.763707 18.043081
22.041995 -23.008818 20.477642
28.097789 -20.659214 19.352502
25.420555 -8.2654967 24.277211
25.722879 -13.343886 22.849916
22.902167 -9.3259573 24.597858
28.425841 -9.6788827 23.172231
23.060241 -11.810407 23.957102
28.55227 -12.340512 22.35993
17.236104 -19.179578 23.24847
22.79758 -17.086662 22.46844
17.610659 -16.49677 23.951569
19.575478 -21.070911 21.99514
20.335873 -15.440428 23.614184
22.477702 -20.004954 21.533196
2.0601315 15.861911 26.938343
6.1825683 14.51739 27.310668
3.441588 17.834538 26.72987
2.0078265 13.586412 27.239834
14.682855 11.366832 27.466423
10.366955 13.031915 27.493213
6.5415466 22.14741 26.168218
7.7490782 16.470008 27.123674
4.9393982 19.933213 26.476303
5.5971616 17.165854 26.952669
1.931388 9.2640542 27.671237
6.0338623 12.206768 27.537796
1.9671594 11.379387 27.483047
4.0270653 12.91008 27.411848
34.409189 1.7070199 24.028064
29.046125 4.7249074 25.596553
35.973023 4.6316844 24.001697
31.252702 0 24.546338
19.19766 9.4720525 27.190909
23.971944 7.2840166 26.601262
38.931602 11.122536 23.640005
30.21476 7.5531033 25.57219
37.498377 7.78715 23.882298
33.042612 6.1644038 24.87679
25.600104 -2.9094027 25.298686
26.25932 2.9843214 25.95014
28.306315 -1.5351589 24.963311
28.715454 1.5573481 25.324131
14.751579 32.853068 23.868556
15.875322 25.790381 25.68681
12.427787 29.919701 24.664869
18.43847 32.713911 23.891203
16.846016 13.272656 27.257427
16.52719 19.264363 26.741555
14.529087 14.136642 27.314768
8.3794089 24.611791 25.770892
13.584637 23.262176 26.186973
10.29709 27.159288 25.28702
8.9905292 21.524242 26.40422
13.072716 26.517661 25.524944
26.22749 31.791576 23.569847
19.246201 25.308169 25.678907
22.292357 32.366149 23.797573
18.911465 28.922698 24.907416
10.030919 15.724042 27.245668
13.998456 20.030362 26.702918
12.246422 14.954811 27.309241
9.5401338 18.551742 26.889954
14.30307 17.033971 27.064855
11.49006 20.818986 26.584579
1.8742143 1.1583281 27.995213
5.705429 3.526149 27.937224
1.8818754 3.1139669 27.974436
3.766299 0 27.95445
14.364824 8.8779493 27.556856
9.7971398 6.0549654 27.805049
12.260894 9.7748632 27.632651
1.9156841 7.117625 27.818391
5.7586151 5.5682251 27.907563
1.8943915 5.1081461 27.915775
3.8849711 8.496408 27.776002
3.8026722 4.3246768 27.949407
7.6519032 -2.3487566 27.684846
7.7029822 2.3644354 27.869651
5.7010912 -1.1737176 27.851404
5.7152399 1.1766305 27.920525
8.135993 11.414969 27.621986
7.8572411 6.9144351 27.843019
10.175625 10.62496 27.652896
5.9584269 9.9295693 27.712204
9.9865252 8.2920655 27.754857
5.8676422 7.7083352 27.834035
42.881463 26.502201 20.880581
33.903885 20.953753 24.424038
42.253708 22.475307 21.868227
38.760625 28.307162 21.846566
19.687319 12.167432 27.097945
26.10751 16.135329 26.212778
22.156405 11.163858 26.876811
19.68084 15.189046 26.948716
40.257635 14.821479 23.233518
33.212345 17.410889 24.913206
41.367507 18.550642 22.653256
35.582965 12.624278 24.549167
37.580809 19.860477 23.652461
30.463568 30.909827 23.166747
30.24132 22.420509 24.948556
34.574389 29.774494 22.606894
26.46017 27.620786 24.582253
34.35315 25.258538 23.660914
27.372179 8.9000675 26.141057
29.070117 15.080284 25.823305
24.729921 10.070234 26.56094
31.259272 10.643655 25.481992
25.447993 13.033305 26.437717
32.269905 13.947302 25.271293
19.482026 21.678742 26.277825
26.26862 19.688188 25.889368
19.617303 18.376492 26.680727
22.7715 24.511088 25.586212
22.829191 17.33353 26.509445
26.460892 23.549957 25.349014
16.195752 -7.3959024 26.205277
16.577741 -2.4816803 26.823349
18.333586 -6.4068487 26.030297
13.970107 -6.096166 26.71041
16.925685 7.7292316 27.386334
16.825277 2.5187363 27.22387
19.134014 6.6865659 27.166756
14.416016 6.2907486 27.562976
22.958812 -4.197739 25.592754
18.73803 -1.3267691 26.666488
20.593983 -5.3408639 25.826827
23.297957 -1.419759 25.950366
18.550233 -3.8675765 26.378692
9.7504255 -3.6027793 27.435359
14.27621 -1.2700964 27.209511
11.812563 -4.8254843 27.118713
9.7974898 -1.2110363 27.609659
14.144195 -3.6752281 26.986585
23.748361 4.3420983 26.472883
18.903701 1.3384996 26.902258
21.421302 5.5554215 26.864363
23.56453 1.4360038 26.247288
19.034661 3.9685759 27.067555
21.052582 0 26.482212
9.8779475 3.6498986 27.794175
14.370181 1.2784566 27.388613
12.064006 4.9281999 27.695964
9.8402884 1.2163265 27.730267
14.415657 3.7457646 27.504523
12.041838 0 27.511995
41.168457 0 -21.662333
49.723508 0 -17.924528
43.159801 3.1812747 -21.526813
41.636862 -3.06902 -20.767217
62.567111 0 -4.3363669
57.712559 0 -12.155688
46.88725 10.27356 -20.783863
52.048343 3.6328533 -17.425266
45.105388 6.6264172 -21.243157
47.612332 3.4079572 -19.71394
42.004259 -9.2036381 -18.619364
49.972173 -3.4879415 -16.730185
41.922627 -6.1588389 -19.744181
45.795132 -3.2778871 -18.961527
41.168457 0 21.662333
49.723508 0 17.924528
43.159801 3.1812747 21.526813
41.636862 -3.06902 20.767217
62.567111 0 4.3363669
57.712559 0 12.155688
46.88725 10.27356 20.783863
52.048343 3.6328533 17.425266
45.105388 6.6264172 21.243157
47.612332 3.4079572 19.71394
42.004259 -9.2036381 18.619364
49.972173 -3.4879415 16.730185
41.922627 -6.1588389 19.744181
45.795132 -3.2778871 18.961527
51.592059 26.893882 -16.621333
58.329811 20.552573 -12.702189
50.854661 22.564741 -17.989492
56.023296 29.301363 -12.7863
63.813976 4.272197 -2.640363
62.516765 12.767373 -7.8906706
62.459876 4.2017543 -6.9527045
48.549303 14.300086 -20.063321
57.353992 16.185175 -14.243084
49.838499 18.339413 -19.149244
51.592622 11.092978 -18.48617
54.361133 19.559777 -16.24098
62.087371 32.575827 -2.8981391
61.618502 21.898989 -8.0916699
59.794514 31.339471 -8.1432488
59.22652 25.798311 -10.538724
56.398955 3.8838546 -14.43026
59.817923 12.343192 -11.935104
59.907411 4.0653749 -10.962111
54.26477 7.5898994 -16.599063
61.509849 8.3687571 -9.5175621
56.057849 11.817453 -15.524616
40.360742 -21.039227 -13.002957
48.001342 -16.913326 -10.45301
41.071498 -18.22385 -14.528764
42.875813 -22.424952 -9.7856254
61.616706 -4.1250949 -2.5494489
55.715402 -11.378377 -7.0322238
60.194349 -4.0493495 -6.700518
41.907277 -12.343693 -17.31846
48.942523 -13.811477 -12.15421
41.587841 -15.303362 -15.979127
45.865537 -9.8615923 -16.434097
44.943864 -16.171333 -13.427468
45.880528 -24.072466 -2.1416296
50.375729 -17.903349 -6.615282
44.818431 -23.490214 -6.1036977
46.631603 -20.312127 -8.297594
54.127999 -3.7274676 -13.849212
53.108463 -10.958721 -10.596406
57.590665 -3.9081582 -10.538183
50.022991 -6.9966107 -15.301545
56.920022 -7.7442856 -8.8073675
49.676212 -10.472152 -13.75729
51.592059 26.893882 16.621333
58.329811 20.552573 12.702189
50.854661 22.564741 17.989492
56.023296 29.301363 12.7863
63.813976 4.272197 2.640363
62.516765 12.767373 7.8906706
62.459876 4.2017543 6.9527045
64.402845 8.6769858 0
48.549303 14.300086 20.063321
57.353992 16.185175 14.243084
49.838499 18.339413 19.149244
51.592622 11.092978 18.48617
54.361133 19.559777 16.24098
62.087371 32.575827 2.8981391
61.618502 21.898989 8.0916699
59.794514 31.339471 8.1432488
63.17846 27.652839 0
59.22652 25.798311 10.538724
56.398955 3.8838546 14.43026
59.817923 12.343192 11.935104
59.907411 4.0653749 10.962111
54.26477 7.5898994 16.599063
61.509849 8.3687571 9.5175621
56.057849 11.817453 15.524616
63.309785 17.498394 -5.3711434
63.309785 17.498394 5.3711434
64.202782 13.142099 -2.7056423
63.510715 22.537242 -2.7857564
64.202782 13.142099 2.7056423
63.510715 22.537242 2.7857564
40.360742 -21.039227 13.002957
48.001342 -16.913326 10.45301
41.071498 -18.22385 14.528764
42.875813 -22.424952 9.7856254
61.616706 -4.1250949 2.5494489
55.715402 -11.378377 7.0322238
60.194349 -4.0493495 6.700518
59.96208 -8.0786822 0
41.907277 -12.343693 17.31846
48.942523 -13.811477 12.15421
41.587841 -15.303362 15.979127
45.865537 -9.8615923 16.434097
44.943864 -16.171333 13.427468
45.880528 -24.072466 2.1416296
50.375729 -17.903349 6.615282
44.818431 -23.490214 6.1036977
48.986454 -21.441082 0
46.631603 -20.312127 8.297594
54.127999 -3.7274676 13.849212
53.108463 -10.958721 10.596406
57.590665 -3.9081582 10.538183
50.022991 -6.9966107 15.301545
56.920022 -7.7442856 8.8073675
49.676212 -10.472152 13.75729
54.162372 -14.970112 -4.5950854
54.162372 -14.970112 4.5950854
57.384527 -11.746424 -2.4183064
51.816129 -18.387333 -2.2727993
57.384527 -11.746424 2.4183064
51.816129 -18.387333 2.2727993
-27.239758 39.008468 -1.9351875
-30.894405 35.057952 -5.7028461
-26.022565 39.001839 -5.0216578
-35.966719 25.393665 -12.529138
-33.800868 30.459927 -9.2554287
-22.784062 37.52199 -10.719817
-29.215006 34.51892 -8.6290599
-24.504666 38.475577 -7.9900816
-27.721905 36.821638 -6.8694158
-37.697556 2.8829511 -22.197182
-38.272444 8.6640869 -20.344284
-37.41944 20.003486 -15.485834
-38.183313 14.397906 -18.099075
-15.107735 31.02604 -19.175147
-20.950071 29.081547 -17.973385
-17.003611 32.854314 -17.475645
-33.368302 24.242886 -14.982928
-26.966181 26.857889 -16.599088
-32.604805 26.878385 -13.543102
-20.861878 36.148201 -13.308526
-23.033598 30.706598 -16.097303
-18.944231 34.594391 -15.513339
-24.069585 34.887831 -12.377655
-20.017893 31.805935 -16.808606
-30.554183 31.993143 -10.402574
-26.203222 29.497803 -15.302149
-31.665362 29.482461 -12.005509
-27.308502 33.499889 -11.406575
-29.343076 28.244587 -14.465593
-25.207546 32.188504 -13.91212
-39.935083 -57.188701 -2.8370983
-45.507662 -51.640595 -8.4003299
-37.059922 -55.544299 -7.151572
-47.842379 -33.778265 -16.666067
-47.607698 -42.902064 -13.036045
-30.312469 -49.920165 -14.261905
-41.303681 -48.802265 -12.199619
-33.710096 -52.929325 -10.991638
-39.55696 -52.541557 -9.8021116
-38.942684 -2.9781732 -22.930341
-42.336424 -9.5840878 -22.504553
-47.017297 -25.134257 -19.457856
-45.155965 -17.027106 -21.404145
-17.811273 -36.578169 -22.606551
-25.945112 -36.015342 -22.258706
-20.628079 -39.857497 -21.200731
-43.282358 -31.44569 -19.434506
-34.525491 -34.386842 -21.252237
-43.319024 -35.710853 -17.993482
-26.864231 -46.548714 -17.137638
-29.376423 -39.162359 -20.530062
-23.673304 -43.230233 -19.385954
-31.929616 -46.280609 -16.419634
-24.951701 -39.645139 -20.951421
-42.429494 -44.427726 -14.445681
-34.065067 -38.348132 -19.893306
-43.056548 -40.088378 -16.324329
-37.165626 -45.591821 -15.523829
-38.670929 -37.223241 -19.064052
-33.164684 -42.349285 -18.303688
-2.0601315 -15.861911 -26.938343
-6.1825683 -14.51739 -27.310668
-3.441588 -17.834538 -26.72987
-2.0078265 -13.586412 -27.239834
-14.682855 -11.366832 -27.466423
-10.366955 -13.031915 -27.493213
-6.5415466 -22.14741 -26.168218
-7.7490782 -16.470008 -27.123674
-4.9393982 -19.933213 -26.476303
-5.5971616 -17.165854 -26.952669
-1.931388 -9.2640542 -27.671237
-6.0338623 -12.206768 -27.537796
-1.9671594 -11.379387 -27.483047
-4.0270653 -12.91008 -27.411848
-34.409189 -1.7070199 -24.028064
-29.046125 -4.7249074 -25.596553
-35.973023 -4.6316844 -24.001697
-19.19766 -9.4720525 -27.190909
-23.971944 -7.2840166 -26.601262
-38.931602 -11.122536 -23.640005
-30.21476 -7.5531033 -25.57219
-37.498377 -7.78715 -23.882298
-33.042612 -6.1644038 -24.87679
-14.751579 -32.853068 -23.868556
-15.875322 -25.790381 -25.68681
-12.427787 -29.919701 -24.664869
-18.43847 -32.713911 -23.891203
-16.846016 -13.272656 -27.257427
-16.52719 -19.264363 -26.741555
-14.529087 -14.136642 -27.314768
-8.3794089 -24.611791 -25.770892
-13.584637 -23.262176 -26.186973
-10.29709 -27.159288 -25.28702
-8.9905292 -21.524242 -26.40422
-13.072716 -26.517661 -25.524944
-26.22749 -31.791576 -23.569847
-19.246201 -25.308169 -25.678907
-22.292357 -32.366149 -23.797573
-18.911465 -28.922698 -24.907416
-10.030919 -15.724042 -27.245668
-13.998456 -20.030362 -26.702918
-12.246422 -14.954811 -27.309241
-9.5401338 -18.551742 -26.889954
-14.30307 -17.033971 -27.064855
-11.49006 -20.818986 -26.584579
-1.8742143 -1.1583281 -27.995213
-5.705429 -3.526149 -27.937224
-1.8818754 -3.1139669 -27.974436
-14.364824 -8.8779493 -27.556856
-9.7971398 -6.0549654 -27.805049
-12.260894 -9.7748632 -27.632651
-1.9156841 -7.117625 -27.818391
-5.7586151 -5.5682251 -27.907563
-1.8943915 -5.1081461 -27.915775
-3.8849711 -8.496408 -27.776002
-3.8026722 -4.3246768 -27.949407
-8.135993 -11.414969 -27.621986
-7.8572411 -6.9144351 -27.843019
-10.175625 -10.62496 -27.652896
-5.9584269 -9.9295693 -27.712204
-9.9865252 -8.2920655 -27.754857
-5.8676422 -7.7083352 -27.834035
-42.881463 -26.502201 -20.880581
-33.903885 -20.953753 -24.424038
-42.253708 -22.475307 -21.868227
-38.760625 -28.307162 -21.846566
-19.687319 -12.167432 -27.097945
-26.10751 -16.135329 -26.212778
-22.156405 -11.163858 -26.876811
-19.68084 -15.189046 -26.948716
-40.257635 -14.821479 -23.233518
-33.212345 -17.410889 -24.913206
-41.367507 -18.550642 -22.653256
-35.582965 -12.624278 -24.549167
-37.580809 -19.860477 -23.652461
-30.463568 -30.909827 -23.166747
-30.24132 -22.420509 -24.948556
-34.574389 -29.774494 -22.606894
-26.46017 -27.620786 -24.582253
-34.35315 -25.258538 -23.660914
-27.372179 -8.9000675 -26.141057
-29.070117 -15.080284 -25.823305
-24.729921 -10.070234 -26.56094
-31.259272 -10.643655 -25.481992
-25.447993 -13.033305 -26.437717
-32.269905 -13.947302 -25.271293
-19.482026 -21.678742 -26.277825
-26.26862 -19.688188 -25.889368
-19.617303 -18.376492 -26.680727
-22.7715 -24.511088 -25.586212
-22.829191 -17.33353 -26.509445
-26.460892 -23.549957 -25.349014
-2.0364188 15.679336 -26.628274
-5.9927065 14.071572 -26.471978
-3.3689979 17.458371 -26.166083
-1.9883013 13.45429 -26.974939
-13.888041 10.751521 -25.979609
-9.9008133 12.445946 -26.257003
-6.2369983 21.116315 -24.949931
-7.4206531 15.771968 -25.974106
-4.7773074 19.279087 -25.607459
-5.4155362 16.60883 -26.078066
-1.9188362 9.2038482 -27.491405
-5.8792576 11.893996 -26.8322
-1.9513006 11.287649 -27.261485
-3.9533523 12.673769 -26.910091
-33.80598 1.6770951 -23.606842
-27.833096 4.5275851 -24.527586
-34.292272 4.4152804 -22.880277
-31.252702 0 -24.546338
-18.091802 8.9264261 -25.624609
-22.673715 6.8895423 -25.16064
-34.827465 9.9500072 -21.147896
-28.224588 7.055599 -23.887813
-34.631566 7.19181 -22.056458
-31.126994 5.8070276 -23.434579
-26.25932 -2.9843214 -25.95014
-25.600104 2.9094027 -25.298686
-28.715454 -1.5573481 -25.324131
-28.306315 1.5351589 -24.963311
-12.922234 28.778954 -20.908613
-14.09941 22.90531 -22.813325
-11.160355 26.868378 -22.149454
-15.748259 27.940884 -20.405428
-15.674447 12.3496 -25.361789
-14.990858 17.47359 -24.255719
-13.586349 13.219369 -25.542415
-7.8489076 23.053616 -24.139334
-12.338836 21.128879 -23.785453
-9.457653 24.945215 -23.225578
-8.4451492 20.218547 -24.802498
-11.794417 23.924665 -23.029019
-21.486806 26.04517 -19.309539
-16.791494 22.080304 -22.403757
-18.613573 27.024943 -19.870392
-16.308572 24.941901 -21.479265
-9.5146548 14.914767 -25.843406
-12.8254 18.351839 -24.465242
-11.526378 14.075523 -25.703559
-8.9998986 17.501201 -25.36724
-13.232017 15.758421 -25.038165
-10.649257 19.295524 -24.63921
-1.8727057 1.1573958 -27.972679
-5.6635474 3.5002648 -27.732146
-1.8777998 3.1072228 -27.91385
-3.766299 0 -27.95445
-13.754421 8.5007 -26.385887
-9.5921959 5.9283031 -27.223403
-11.766473 9.3806913 -26.518363
-1.9061276 7.0821181 -27.679617
-5.6918563 5.5036734 -27.584034
-1.8876466 5.0899588 -27.816382
-3.8387666 8.3953589 -27.445658
-3.7797637 4.2986235 -27.78103
-7.7029822 -2.3644354 -27.869651
-7.6519032 2.3487566 -27.684846
-5.7152399 -1.1766305 -27.920525
-5.7010912 1.1737176 -27.851404
-7.8762379 11.050527 -26.740109
-7.7057579 6.7811286 -27.306221
-9.8015643 10.234382 -26.636363
-5.8340058 9.7222246 -27.13353
-9.6998607 8.0540407 -26.95815
-5.7727606 7.583689 -27.38395
-34.065425 21.05359 -16.587724
-28.481316 17.602421 -20.51767
-34.479368 18.340032 -17.844651
-30.771581 22.472706 -17.343719
-18.246584 11.277009 -25.114895
-23.149889 14.307418 -23.243231
-20.506471 10.332512 -24.875359
-17.946996 13.85092 -24.574586
-34.850853 12.830887 -20.113152
-28.606443 14.99634 -21.458232
-34.744058 15.580455 -19.02619
-31.593741 11.208963 -21.796948
-31.501553 16.647749 -19.826323
-24.567746 24.927638 -18.683129
-25.475963 18.887537 -21.017221
-27.594613 23.763707 -18.043081
-22.041995 23.008818 -20.477642
-28.097789 20.659214 -19.352502
-25.420555 8.2654967 -24.277211
-25.722879 13.343886 -22.849916
-22.902167 9.3259573 -24.597858
-28.425841 9.6788827 -23.172231
-23.060241 11.810407 -23.957102
-28.55227 12.340512 -22.35993
-17.236104 19.179578 -23.24847
-22.79758 17.086662 -22.46844
-17.610659 16.49677 -23.951569
-19.575478 21.070911 -21.99514
-20.335873 15.440428 -23.614184
-22.477702 20.004954 -21.533196
-16.925685 -7.7292316 -27.386334
-16.825277 -2.5187363 -27.22387
-19.134014 -6.6865659 -27.166756
-14.416016 -6.2907486 -27.562976
-16.195752 7.3959024 -26.205277
-16.577741 2.4816803 -26.823349
-18.333586 6.4068487 -26.030297
-13.970107 6.096166 -26.71041
-23.748361 -4.3420983 -26.472883
-18.903701 -1.3384996 -26.902258
-21.421302 -5.5554215 -26.864363
-23.56453 -1.4360038 -26.247288
-19.034661 -3.9685759 -27.067555
-9.8779475 -3.6498986 -27.794175
-14.370181 -1.2784566 -27.388613
-12.064006 -4.9281999 -27.695964
-9.8402884 -1.2163265 -27.730267
-14.415657 -3.7457646 -27.504523
-22.958812 4.197739 -25.592754
-18.73803 1.3267691 -26.666488
-20.593983 5.3408639 -25.826827
-23.297957 1.419759 -25.950366
-18.550233 3.8675765 -26.378692
-21.052582 0 -26.482212
-9.7504255 3.6027793 -27.435359
-14.27621 1.2700964 -27.209511
-11.812563 4.8254843 -27.118713
-9.7974898 1.2110363 -27.609659
-14.144195 3.6752281 -26.986585
-12.041838 0 -27.511995
-27.239758 39.008468 1.9351875
-30.894405 35.057952 5.7028461
-26.022565 39.001839 5.0216578
-29.46652 37.517137 0
-35.966719 25.393665 12.529138
-33.800868 30.459927 9.2554287
-22.784062 37.52199 10.719817
-29.215006 34.51892 8.6290599
-24.504666 38.475577 7.9900816
-27.721905 36.821638 6.8694158
-33.452971 33.851543 -3.8471629
-33.452971 33.851543 3.8471629
-31.555891 35.781752 -1.9405803
-31.555891 35.781752 1.9405803
-37.697556 2.8829511 22.197182
-38.272444 8.6640869 20.344284
-37.41944 20.003486 15.485834
-38.183313 14.397906 18.099075
-15.107735 31.02604 19.175147
-20.950071 29.081547 17.973385
-17.003611 32.854314 17.475645
-33.368302 24.242886 14.982928
-26.966181 26.857889 16.599088
-32.604805 26.878385 13.543102
-20.861878 36.148201 13.308526
-23.033598 30.706598 16.097303
-18.944231 34.594391 15.513339
-24.069585 34.887831 12.377655
-20.017893 31.805935 16.808606
-30.554183 31.993143 10.402574
-26.203222 29.497803 15.302149
-31.665362 29.482461 12.005509
-27.308502 33.499889 11.406575
-29.343076 28.244587 14.465593
-25.207546 32.188504 13.91212
-39.260869 24.264552 -11.080576
-42.660466 26.365618 -3.9469209
-38.123593 26.851103 -9.3833771
-39.260869 24.264552 11.080576
-42.660466 26.365618 3.9469209
-38.123593 26.851103 9.3833771
-35.2563 31.62781 -5.7827597
-40.651315 28.564901 -2.0225726
-36.778511 29.326717 -7.6056197
-36.004999 32.324898 -1.9698536
-39.762069 27.961797 -5.8298132
-35.2563 31.62781 5.7827597
-40.651315 28.564901 2.0225726
-36.778511 29.326717 7.6056197
-36.004999 32.324898 1.9698536
-39.762069 27.961797 5.8298132
-38.434589 30.55437 0
-39.935083 -57.188701 2.8370983
-45.507662 -51.640595 8.4003299
-37.059922 -55.544299 7.151572
-44.469112 -56.618624 0
-47.842379 -33.778265 16.666067
-47.607698 -42.902064 13.036045
-30.312469 -49.920165 14.261905
-41.303681 -48.802265 12.199619
-33.710096 -52.929325 10.991638
-39.55696 -52.541557 9.8021116
-50.700045 -51.304104 -5.830613
-50.700045 -51.304104 5.830613
-48.234488 -54.693891 -2.9662574
-48.234488 -54.693891 2.9662574
-38.942684 -2.9781732 22.930341
-42.336424 -9.5840878 22.504553
-47.017297 -25.134257 19.457856
-45.155965 -17.027106 21.404145
-17.811273 -36.578169 22.606551
-25.945112 -36.015342 22.258706
-20.628079 -39.857497 21.200731
-43.282358 -31.44569 19.434506
-34.525491 -34.386842 21.252237
-43.319024 -35.710853 17.993482
-26.864231 -46.548714 17.137638
-29.376423 -39.162359 20.530062
-23.673304 -43.230233 19.385954
-31.929616 -46.280609 16.419634
-24.951701 -39.645139 20.951421
-42.429494 -44.427726 14.445681
-34.065067 -38.348132 19.893306
-43.056548 -40.088378 16.324329
-37.165626 -45.591821 15.523829
-38.670929 -37.223241 19.064052
-33.164684 -42.349285 18.303688
-52.176011 -32.246548 -14.72561
-59.983258 -37.071692 -5.5496154
-52.44269 -36.93629 -12.907743
-52.176011 -32.246548 14.72561
-59.983258 -37.071692 5.5496154
-52.44269 -36.93629 12.907743
-52.025079 -46.670788 -8.5331849
-59.684149 -41.938909 -2.9695355
-52.449746 -41.82276 -10.846356
-55.274137 -49.624521 -3.0240789
-56.750221 -39.908341 -8.3205728
-52.025079 -46.670788 8.5331849
-59.684149 -41.938909 2.9695355
-52.449746 -41.82276 10.846356
-55.274137 -49.624521 3.0240789
-56.750221 -39.908341 8.3205728
-58.336404 -46.37573 0
-2.0601315 -15.861911 26.938343
-6.1825683 -14.51739 27.310668
-3.441588 -17.834538 26.72987
-2.0078265 -13.586412 27.239834
-14.682855 -11.366832 27.466423
-10.366955 -13.031915 27.493213
-6.5415466 -22.14741 26.168218
-7.7490782 -16.470008 27.123674
-4.9393982 -19.933213 26.476303
-5.5971616 -17.165854 26.952669
-1.931388 -9.2640542 27.671237
-6.0338623 -12.206768 27.537796
-1.9671594 -11.379387 27.483047
-4.0270653 -12.91008 27.411848
-34.409189 -1.7070199 24.028064
-29.046125 -4.7249074 25.596553
-35.973023 -4.6316844 24.001697
-19.19766 -9.4720525 27.190909
-23.971944 -7.2840166 26.601262
-38.931602 -11.122536 23.640005
-30.21476 -7.5531033 25.57219
-37.498377 -7.78715 23.882298
-33.042612 -6.1644038 24.87679
-14.751579 -32.853068 23.868556
-15.875322 -25.790381 25.68681
-12.427787 -29.919701 24.664869
-18.43847 -32.713911 23.891203
-16.846016 -13.272656 27.257427
-16.52719 -19.264363 26.741555
-14.529087 -14.136642 27.314768
-8.3794089 -24.611791 25.770892
-13.584637 -23.262176 26.186973
-10.29709 -27.159288 25.28702
-8.9905292 -21.524242 26.40422
-13.072716 -26.517661 25.524944
-26.22749 -31.791576 23.569847
-19.246201 -25.308169 25.678907
-22.292357 -32.366149 23.797573
-18.911465 -28.922698 24.907416
-10.030919 -15.724042 27.245668
-13.998456 -20.030362 26.702918
-12.246422 -14.954811 27.309241
-9.5401338 -18.551742 26.889954
-14.30307 -17.033971 27.064855
-11.49006 -20.818986 26.584579
-1.8742143 -1.1583281 27.995213
-5.705429 -3.526149 27.937224
-1.8818754 -3.1139669 27.974436
-14.364824 -8.8779493 27.556856
-9.7971398 -6.0549654 27.805049
-12.260894 -9.7748632 27.632651
-1.9156841 -7.117625 27.818391
-5.7586151 -5.5682251 27.907563
-1.8943915 -5.1081461 27.915775
-3.8849711 -8.496408 27.776002
-3.8026722 -4.3246768 27.949407
-8.135993 -11.414969 27.621986
-7.8572411 -6.9144351 27.843019
-10.175625 -10.62496 27.652896
-5.9584269 -9.9295693 27.712204
-9.9865252 -8.2920655 27.754857
-5.8676422 -7.7083352 27.834035
-42.881463 -26.502201 20.880581
-33.903885 -20.953753 24.424038
-42.253708 -22.475307 21.868227
-38.760625 -28.307162 21.846566
-19.687319 -12.167432 27.097945
-26.10751 -16.135329 26.212778
-22.156405 -11.163858 26.876811
-19.68084 -15.189046 26.948716
-40.257635 -14.821479 23.233518
-33.212345 -17.410889 24.913206
-41.367507 -18.550642 22.653256
-35.582965 -12.624278 24.549167
-37.580809 -19.860477 23.652461
-30.463568 -30.909827 23.166747
-30.24132 -22.420509 24.948556
-34.574389 -29.774494 22.606894
-26.46017 -27.620786 24.582253
-34.35315 -25.258538 23.660914
-27.372179 -8.9000675 26.141057
-29.070117 -15.080284 25.823305
-24.729921 -10.070234 26.56094
-31.259272 -10.643655 25.481992
-25.447993 -13.033305 26.437717
-32.269905 -13.947302 25.271293
-19.482026 -21.678742 26.277825
-26.26862 -19.688188 25.889368
-19.617303 -18.376492 26.680727
-22.7715 -24.511088 25.586212
-22.829191 -17.33353 26.509445
-26.460892 -23.549957 25.349014
-2.0364188 15.679336 26.628274
-5.9927065 14.071572 26.471978
-3.3689979 17.458371 26.166083
-1.9883013 13.45429 26.974939
-13.888041 10.751521 25.979609
-9.9008133 12.445946 26.257003
-6.2369983 21.116315 24.949931
-7.4206531 15.771968 25.974106
-4.7773074 19.279087 25.607459
-5.4155362 16.60883 26.078066
-1.9188362 9.2038482 27.491405
-5.8792576 11.893996 26.8322
-1.9513006 11.287649 27.261485
-3.9533523 12.673769 26.910091
-33.80598 1.6770951 23.606842
-27.833096 4.5275851 24.527586
-34.292272 4.4152804 22.880277
-31.252702 0 24.546338
-18.091802 8.9264261 25.624609
-22.673715 6.8895423 25.16064
-34.827465 9.9500072 21.147896
-28.224588 7.055599 23.887813
-34.631566 7.19181 22.056458
-31.126994 5.8070276 23.434579
-26.25932 -2.9843214 25.95014
-25.600104 2.9094027 25.298686
-28.715454 -1.5573481 25.324131
-28.306315 1.5351589 24.963311
-12.922234 28.778954 20.908613
-14.09941 22.90531 22.813325
-11.160355 26.868378 22.149454
-15.748259 27.940884 20.405428
-15.674447 12.3496 25.361789
-14.990858 17.47359 24.255719
-13.586349 13.219369 25.542415
-7.8489076 23.053616 24.139334
-12.338836 21.128879 23.785453
-9.457653 24.945215 23.225578
-8.4451492 20.218547 24.802498
-11.794417 23.924665 23.029019
-21.486806 26.04517 19.309539
-16.791494 22.080304 22.403757
-18.613573 27.024943 19.870392
-16.308572 24.941901 21.479265
-9.5146548 14.914767 25.843406
-12.8254 18.351839 24.465242
-11.526378 14.075523 25.703559
-8.9998986 17.501201 25.36724
-13.232017 15.758421 25.038165
-10.649257 19.295524 24.63921
-1.8727057 1.1573958 27.972679
-5.6635474 3.5002648 27.732146
-1.8777998 3.1072228 27.91385
-3.766299 0 27.95445
-13.754421 8.5007 26.385887
-9.5921959 5.9283031 27.223403
-11.766473 9.3806913 26.518363
-1.9061276 7.0821181 27.679617
-5.6918563 5.5036734 27.584034
-1.8876466 5.0899588 27.816382
-3.8387666 8.3953589 27.445658
-3.7797637 4.2986235 27.78103
-7.7029822 -2.3644354 27.869651
-7.6519032 2.3487566 27.684846
-5.7152399 -1.1766305 27.920525
-5.7010912 1.1737176 27.851404
-7.8762379 11.050527 26.740109
-7.7057579 6.7811286 27.306221
-9.8015643 10.234382 26.636363
-5.8340058 9.7222246 27.13353
-9.6998607 8.0540407 26.95815
-5.7727606 7.583689 27.38395
-34.065425 21.05359 16.587724
-28.481316 17.602421 20.51767
-34.479368 18.340032 17.844651
-30.771581 22.472706 17.343719
-18.246584 11.277009 25.114895
-23.149889 14.307418 23.243231
-20.506471 10.332512 24.875359
-17.946996 13.85092 24.574586
-34.850853 12.830887 20.113152
-28.606443 14.99634 21.458232
-34.744058 15.580455 19.02619
-31.593741 11.208963 21.796948
-31.501553 16.647749 19.826323
-24.567746 24.927638 18.683129
-25.475963 18.887537 21.017221
-27.594613 23.763707 18.043081
-22.041995 23.008818 20.477642
-28.097789 20.659214 19.352502
-25.420555 8.2654967 24.277211
-25.722879 13.343886 22.849916
-22.902167 9.3259573 24.597858
-28.425841 9.6788827 23.172231
-23.060241 11.810407 23.957102
-28.55227 12.340512 22.35993
-17.236104 19.179578 23.24847
-22.79758 17.086662 22.46844
-17.610659 16.49677 23.951569
-19.575478 21.070911 21.99514
-20.335873 15.440428 23.614184
-22.477702 20.004954 21.533196
-16.925685 -7.7292316 27.386334
-16.825277 -2.5187363 27.22387
-19.134014 -6.6865659 27.166756
-14.416016 -6.2907486 27.562976
-16.195752 7.3959024 26.205277
-16.577741 2.4816803 26.823349
-18.333586 6.4068487 26.030297
-13.970107 6.096166 26.71041
-23.748361 -4.3420983 26.472883
-18.903701 -1.3384996 26.902258
-21.421302 -5.5554215 26.864363
-23.56453 -1.4360038 26.247288
-19.034661 -3.9685759 27.067555
-9.8779475 -3.6498986 27.794175
-14.370181 -1.2784566 27.388613
-12.064006 -4.9281999 27.695964
-9.8402884 -1.2163265 27.730267
-14.415657 -3.7457646 27.504523
-22.958812 4.197739 25.592754
-18.73803 1.3267691 26.666488
-20.593983 5.3408639 25.826827
-23.297957 1.419759 25.950366
-18.550233 3.8675765 26.378692
-21.052582 0 26.482212
-9.7504255 3.6027793 27.435359
-14.27621 1.2700964 27.209511
-11.812563 4.8254843 27.118713
-9.7974898 1.2110363 27.609659
-14.144195 3.6752281 26.986585
-12.041838 0 27.511995
-41.168457 0 -21.662333
-49.723508 0 -17.924528
-41.636862 3.06902 -20.767217
-43.159801 -3.1812747 -21.526813
-62.567111 0 -4.3363669
-57.712559 0 -12.155688
-42.004259 9.2036381 -18.619364
-49.972173 3.4879415 -16.730185
-41.922627 6.1588389 -19.744181
-45.795132 3.2778871 -18.961527
-46.88725 -10.27356 -20.783863
-52.048343 -3.6328533 -17.425266
-45.105388 -6.6264172 -21.243157
-47.612332 -3.4079572 -19.71394
-41.168457 0 21.662333
-49.723508 0 17.924528
-41.636862 3.06902 20.767217
-43.159801 -3.1812747 21.526813
-62.567111 0 4.3363669
-57.712559 0 12.155688
-42.004259 9.2036381 18.619364
-49.972173 3.4879415 16.730185
-41.922627 6.1588389 19.744181
-45.795132 3.2778871 18.961527
-46.88725 -10.27356 20.783863
-52.048343 -3.6328533 17.425266
-45.105388 -6.6264172 21.243157
-47.612332 -3.4079572 19.71394
-40.360742 21.039227 -13.002957
-48.001342 16.913326 -10.45301
-41.071498 18.22385 -14.528764
-42.875813 22.424952 -9.7856254
-61.616706 4.1250949 -2.5494489
-55.715402 11.378377 -7.0322238
-60.194349 4.0493495 -6.700518
-41.907277 12.343693 -17.31846
-48.942523 13.811477 -12.15421
-41.587841 15.303362 -15.979127
-45.865537 9.8615923 -16.434097
-44.943864 16.171333 -13.427468
-45.880528 24.072466 -2.1416296
-50.375729 17.903349 -6.615282
-44.818431 23.490214 -6.1036977
-46.631603 20.312127 -8.297594
-54.127999 3.7274676 -13.849212
-53.108463 10.958721 -10.596406
-57.590665 3.9081582 -10.538183
-50.022991 6.9966107 -15.301545
-56.920022 7.7442856 -8.8073675
-49.676212 10.472152 -13.75729
-51.592059 -26.893882 -16.621333
-58.329811 -20.552573 -12.702189
-50.854661 -22.564741 -17.989492
-56.023296 -29.301363 -12.7863
-63.813976 -4.272197 -2.640363
-62.516765 -12.767373 -7.8906706
-62.459876 -4.2017543 -6.9527045
-48.549303 -14.300086 -20.063321
-57.353992 -16.185175 -14.243084
-49.838499 -18.339413 -19.149244
-51.592622 -11.092978 -18.48617
-54.361133 -19.559777 -16.24098
-62.087371 -32.575827 -2.8981391
-61.618502 -21.898989 -8.0916699
-59.794514 -31.339471 -8.1432488
-59.22652 -25.798311 -10.538724
-56.398955 -3.8838546 -14.43026
-59.817923 -12.343192 -11.935104
-59.907411 -4.0653749 -10.962111
-54.26477 -7.5898994 -16.599063
-61.509849 -8.3687571 -9.5175621
-56.057849 -11.817453 -15.524616
-40.360742 21.039227 13.002957
-48.001342 16.913326 10.45301
-41.071498 18.22385 14.528764
-42.875813 22.424952 9.7856254
-61.616706 4.1250949 2.5494489
-55.715402 11.378377 7.0322238
-60.194349 4.0493495 6.700518
-59.96208 8.0786822 0
-41.907277 12.343693 17.31846
-48.942523 13.811477 12.15421
-41.587841 15.303362 15.979127
-45.865537 9.8615923 16.434097
-44.943864 16.171333 13.427468
-45.880528 24.072466 2.1416296
-50.375729 17.903349 6.615282
-44.818431 23.490214 6.1036977
-48.986454 21.441082 0
-46.631603 20.312127 8.297594
-54.127999 3.7274676 13.849212
-53.108463 10.958721 10.596406
-57.590665 3.9081582 10.538183
-50.022991 6.9966107 15.301545
-56.920022 7.7442856 8.8073675
-49.676212 10.472152 13.75729
-54.162372 14.970112 -4.5950854
-54.162372 14.970112 4.5950854
-57.384527 11.746424 -2.4183064
-51.816129 18.387333 -2.2727993
-57.384527 11.746424 2.4183064
-51.816129 18.387333 2.2727993
-51.592059 -26.893882 16.621333
-58.329811 -20.552573 12.702189
-50.854661 -22.564741 17.989492
-56.023296 -29.301363 12.7863
-63.813976 -4.272197 2.640363
-62.516765 -12.767373 7.8906706
-62.459876 -4.2017543 6.9527045
-64.402845 -8.6769858 0
-48.549303 -14.300086 20.063321
-57.353992 -16.185175 14.243084
-49.838499 -18.339413 19.149244
-51.592622 -11.092978 18.48617
-54.361133 -19.559777 16.24098
-62.087371 -32.575827 2.8981391
-61.618502 -21.898989 8.0916699
-59.794514 -31.339471 8.1432488
-63.17846 -27.652839 0
-59.22652 -25.798311 10.538724
-56.398955 -3.8838546 14.43026
-59.817923 -12.343192 11.935104
-59.907411 -4.0653749 10.962111
-54.26477 -7.5898994 16.599063
-61.509849 -8.3687571 9.5175621
-56.057849 -11.817453 15.524616
-63.309785 -17.498394 -5.3711434
-63.309785 -17.498394 5.3711434
-64.202782 -13.142099 -2.7056423
-63.510715 -22.537242 -2.7857564
-64.202782 -13.142099 2.7056423
-63.510715 -22.537242 2.7857564
