-24.534558 39.697748 0
33.567328 54.313078 0
-33.567328 -54.313078 0
24.534558 -39.697748 0
0 -19.313002 31.249093
0 19.313002 31.249093
0 -19.313002 -31.249093
0 19.313002 -31.249093
38.731735 0 -23.937529
38.731735 0 23.937529
-38.731735 0 -23.937529
-38.731735 0 23.937529
0 48.288753 0
0 -48.288753 0
-14.432608 -37.785058 23.35245
13.181057 -34.508456 21.327399
-13.181057 34.508456 21.327399
14.432608 37.785058 23.35245
0 0 34.045554
-14.432608 -37.785058 -23.35245
13.181057 -34.508456 -21.327399
-13.181057 34.508456 -21.327399
14.432608 37.785058 -23.35245
0 0 -34.045554
42.735052 26.411715 -16.323337
39.638143 -24.497719 -15.140423
19.258854 -11.902627 -31.161481
19.691993 12.170321 -31.862313
42.735052 26.411715 16.323337
39.638143 -24.497719 15.140423
19.258854 -11.902627 31.161481
19.691993 12.170321 31.862313
49.483501 0 0
-39.638143 24.497719 -15.140423
-42.735052 -26.411715 -16.323337
-19.691993 -12.170321 -31.862313
-19.258854 11.902627 -31.161481
-39.638143 24.497719 15.140423
-42.735052 -26.411715 16.323337
-19.691993 -12.170321 31.862313
-19.258854 11.902627 31.161481
-49.483501 0 0
-12.619227 44.421536 0
14.713149 51.792449 0
-14.713149 -51.792449 0
12.619227 -44.421536 0
-24.220805 -48.156432 14.507853
-6.4842043 -28.007454 28.341146
-8.000476 -46.835602 12.945042
19.727403 -39.222534 11.816381
6.3095298 -27.252977 27.577679
7.4108902 -43.384107 11.991072
0 -36.588998 22.613244
-19.727403 39.222534 11.816381
-6.3095298 27.252977 27.577679
-7.4108902 43.384107 11.991072
24.220805 48.156432 14.507853
6.4842043 28.007454 28.341146
8.000476 46.835602 12.945042
0 36.588998 22.613244
0 -9.4841831 33.385719
0 9.4841831 33.385719
-24.220805 -48.156432 -14.507853
-6.4842043 -28.007454 -28.341146
-8.000476 -46.835602 -12.945042
19.727403 -39.222534 -11.816381
6.3095298 -27.252977 -27.577679
7.4108902 -43.384107 -11.991072
0 -36.588998 -22.613244
-19.727403 39.222534 -11.816381
-6.3095298 27.252977 -27.577679
-7.4108902 43.384107 -11.991072
24.220805 48.156432 -14.507853
6.4842043 28.007454 -28.341146
8.000476 46.835602 -12.945042
0 36.588998 -22.613244
0 -9.4841831 -33.385719
0 9.4841831 -33.385719
43.221927 43.73689 -10.006615
41.067819 12.372301 -20.65551
30.757149 36.011098 -22.256082
33.475947 -33.874792 -7.7502537
40.831582 -12.301131 -20.536692
26.597562 -31.140968 -19.246176
9.5013507 -15.862469 -31.538172
29.546244 -6.75992 -29.198363
17.069155 -23.588992 -27.618473
9.2370078 -5.7087848 -33.419808
30.2575 -18.700163 -25.84299
9.681237 16.162789 -32.135275
29.822609 6.82315 -29.471475
18.055484 24.952066 -29.214387
9.290241 5.7416847 -33.612408
31.575857 19.514953 -26.969002
20.058815 0 -32.455845
43.221927 43.73689 10.006615
41.067819 12.372301 20.65551
30.757149 36.011098 22.256082
48.651847 30.068495 0
33.475947 -33.874792 7.7502537
40.831582 -12.301131 20.536692
26.597562 -31.140968 19.246176
42.994024 -26.571768 0
9.5013507 -15.862469 31.538172
29.546244 -6.75992 29.198363
17.069155 -23.588992 27.618473
9.2370078 -5.7087848 33.419808
30.2575 -18.700163 25.84299
9.681237 16.162789 32.135275
29.822609 6.82315 29.471475
18.055484 24.952066 29.214387
9.290241 5.7416847 33.612408
31.575857 19.514953 26.969002
20.058815 0 32.455845
46.457923 0 -13.197722
46.457923 0 13.197722
48.033399 13.276105 -8.2050841
47.397628 -13.100382 -8.0964814
48.033399 13.276105 8.2050841
47.397628 -13.100382 8.0964814
-33.475947 33.874792 -7.7502537
-40.831582 12.301131 -20.536692
-26.597562 31.140968 -19.246176
-43.221927 -43.73689 -10.006615
-41.067819 -12.372301 -20.65551
-30.757149 -36.011098 -22.256082
-9.681237 -16.162789 -32.135275
-29.822609 -6.82315 -29.471475
-18.055484 -24.952066 -29.214387
-9.290241 -5.7416847 -33.612408
-31.575857 -19.514953 -26.969002
-9.5013507 15.862469 -31.538172
-29.546244 6.75992 -29.198363
-17.069155 23.588992 -27.618473
-9.2370078 5.7087848 -33.419808
-30.2575 18.700163 -25.84299
-20.058815 0 -32.455845
-33.475947 33.874792 7.7502537
-40.831582 12.301131 20.536692
-26.597562 31.140968 19.246176
-42.994024 26.571768 0
-43.221927 -43.73689 10.006615
-41.067819 -12.372301 20.65551
-30.757149 -36.011098 22.256082
-48.651847 -30.068495 0
-9.681237 -16.162789 32.135275
-29.822609 -6.82315 29.471475
-18.055484 -24.952066 29.214387
-9.290241 -5.7416847 33.612408
-31.575857 -19.514953 26.969002
-9.5013507 15.862469 31.538172
-29.546244 6.75992 29.198363
-17.069155 23.588992 27.618473
-9.2370078 5.7087848 33.419808
-30.2575 18.700163 25.84299
-20.058815 0 32.455845
-46.457923 0 -13.197722
-46.457923 0 13.197722
-47.397628 13.100382 -8.0964814
-48.033399 -13.276105 -8.2050841
-47.397628 13.100382 8.0964814
-48.033399 -13.276105 8.2050841
-18.606044 42.209278 0
-6.466411 46.426102 0
23.550636 53.426475 0
6.9731239 50.064087 0
-23.550636 -53.426475 0
-6.9731239 -50.064087 0
18.606044 -42.209278 0
6.466411 -46.426102 0
-29.363528 -52.426081 7.9524667
-19.123429 -43.031525 19.560682
-20.008364 -51.62573 7.3534251
-3.102007 -23.551772 29.986407
-10.233168 -32.745103 26.191909
-4.0399003 -48.517058 6.5366961
-11.555307 -43.137198 18.69688
-11.417231 -50.125732 6.8878012
-15.711452 -47.784572 13.772618
22.40833 -40.008167 6.068804
16.591242 -37.333598 16.970596
16.433878 -42.402815 6.0397388
3.0699425 -23.308324 29.676447
9.7036712 -31.050768 24.836657
0 -27.71497 28.045177
3.8694938 -46.470566 6.2609725
10.530328 -39.310841 17.038429
10.152885 -44.574801 6.1250451
0 -45.195594 12.491755
13.617781 -41.416911 11.937311
-6.950646 -37.330514 23.071527
6.6384127 -35.653572 22.035119
-3.3805091 -32.504656 25.840248
-3.7847624 -41.973659 18.371623
3.3189457 -31.912705 25.369664
3.6673789 -40.671855 17.801831
-22.40833 40.008167 6.068804
-16.591242 37.333598 16.970596
-16.433878 42.402815 6.0397388
-3.0699425 23.308324 29.676447
-9.7036712 31.050768 24.836657
-3.8694938 46.470566 6.2609725
-10.530328 39.310841 17.038429
-10.152885 44.574801 6.1250451
-13.617781 41.416911 11.937311
29.363528 52.426081 7.9524667
19.123429 43.031525 19.560682
20.008364 51.62573 7.3534251
3.102007 23.551772 29.986407
10.233168 32.745103 26.191909
0 27.71497 28.045177
4.0399003 48.517058 6.5366961
11.555307 43.137198 18.69688
11.417231 50.125732 6.8878012
0 45.195594 12.491755
15.711452 47.784572 13.772618
-6.6384127 35.653572 22.035119
6.950646 37.330514 23.071527
-3.3189457 31.912705 25.369664
-3.6673789 40.671855 17.801831
3.3805091 32.504656 25.840248
3.7847624 41.973659 18.371623
0 -14.337264 32.525215
0 -4.7193432 33.882893
0 14.337264 32.525215
0 4.7193432 33.882893
-29.363528 -52.426081 -7.9524667
-19.123429 -43.031525 -19.560682
-20.008364 -51.62573 -7.3534251
-3.102007 -23.551772 -29.986407
-10.233168 -32.745103 -26.191909
-4.0399003 -48.517058 -6.5366961
-11.555307 -43.137198 -18.69688
-11.417231 -50.125732 -6.8878012
-15.711452 -47.784572 -13.772618
22.40833 -40.008167 -6.068804
16.591242 -37.333598 -16.970596
16.433878 -42.402815 -6.0397388
3.0699425 -23.308324 -29.676447
9.7036712 -31.050768 -24.836657
0 -27.71497 -28.045177
3.8694938 -46.470566 -6.2609725
10.530328 -39.310841 -17.038429
10.152885 -44.574801 -6.1250451
0 -45.195594 -12.491755
13.617781 -41.416911 -11.937311
-6.950646 -37.330514 -23.071527
6.6384127 -35.653572 -22.035119
-3.3805091 -32.504656 -25.840248
-3.7847624 -41.973659 -18.371623
3.3189457 -31.912705 -25.369664
3.6673789 -40.671855 -17.801831
-22.40833 40.008167 -6.068804
-16.591242 37.333598 -16.970596
-16.433878 42.402815 -6.0397388
-3.0699425 23.308324 -29.676447
-9.7036712 31.050768 -24.836657
-3.8694938 46.470566 -6.2609725
-10.530328 39.310841 -17.038429
-10.152885 44.574801 -6.1250451
-13.617781 41.416911 -11.937311
29.363528 52.426081 -7.9524667
19.123429 43.031525 -19.560682
20.008364 51.62573 -7.3534251
3.102007 23.551772 -29.986407
10.233168 32.745103 -26.191909
0 27.71497 -28.045177
4.0399003 48.517058 -6.5366961
11.555307 43.137198 -18.69688
11.417231 50.125732 -6.8878012
0 45.195594 -12.491755
15.711452 47.784572 -13.772618
-6.6384127 35.653572 -22.035119
6.950646 37.330514 -23.071527
-3.3189457 31.912705 -25.369664
-3.6673789 40.671855 -17.801831
3.3805091 32.504656 -25.840248
3.7847624 41.973659 -18.371623
0 -14.337264 -32.525215
0 -4.7193432 -33.882893
0 14.337264 -32.525215
0 4.7193432 -33.882893
40.504428 51.57074 -5.3348437
43.335726 34.663058 -13.542842
34.750811 48.219035 -12.958767
40.034332 6.072773 -22.422985
41.95207 19.069998 -18.643714
22.528444 37.611152 -23.24497
37.789454 32.145629 -19.867092
28.314784 42.980694 -18.99019
37.248636 40.407172 -17.030529
29.191213 -37.166614 -3.8447786
37.099468 -29.674846 -11.59395
26.641595 -36.966965 -9.9347965
40.031415 -6.0723306 -22.421351
40.829158 -18.55956 -18.144686
19.805322 -33.064911 -20.435239
33.408148 -28.418668 -17.563703
23.403057 -35.524892 -15.695988
30.471081 -33.054908 -13.931749
4.7716539 -17.618759 -31.456795
14.302865 -13.983144 -31.46486
8.0284251 -21.529384 -29.873436
4.6530816 -12.660842 -32.667598
34.446062 -3.5633454 -27.054451
24.382097 -9.5260747 -30.482477
35.558222 -9.5561998 -25.626333
15.35464 -29.206261 -24.844329
18.357387 -17.79152 -29.702876
11.661775 -25.506266 -27.669096
21.929371 -27.619249 -24.102711
13.207948 -19.693336 -29.893685
4.566599 -2.8223134 -33.894486
14.109172 -8.7199479 -32.552499
4.600665 -7.6260698 -33.481178
9.4230515 -10.749577 -32.693601
35.482388 -21.929322 -21.25335
24.694641 -15.262127 -29.030291
35.986442 -15.899915 -23.707117
28.942746 -25.257698 -22.980212
30.176928 -12.718759 -27.818067
23.590195 -21.463069 -27.031959
4.8244968 17.813875 -31.805158
14.631336 14.304273 -32.187463
8.22534 22.05744 -30.606148
4.6864928 12.751752 -32.902166
34.528253 3.5718478 -27.119005
24.806101 9.691733 -31.012567
35.832044 9.6297889 -25.823673
29.916052 0 -29.563817
16.563459 31.50557 -26.800239
19.059952 18.472429 -30.83965
12.203169 26.690387 -28.953625
24.060876 30.303803 -26.445462
13.664162 20.373561 -30.926239
4.5731603 2.8263685 -33.943185
14.291567 8.8326739 -32.973317
4.6192332 7.6568486 -33.616308
9.3283996 0 -33.750467
9.5332718 10.875314 -33.076014
37.460492 23.151857 -22.438201
25.514473 15.768812 -29.994062
36.795065 16.257189 -24.239821
31.530102 27.515626 -25.034544
30.82363 12.991326 -28.414218
24.994845 22.741061 -28.641544
19.81412 -5.9693031 -32.05992
20.016716 6.0303381 -32.387727
24.788301 -3.2428898 -31.181403
14.508899 -2.9889976 -33.148491
24.918395 3.2599091 -31.345049
14.570705 3.0017304 -33.2897
40.504428 51.57074 5.3348437
43.335726 34.663058 13.542842
34.750811 48.219035 12.958767
46.035928 46.584418 0
40.034332 6.072773 22.422985
41.95207 19.069998 18.643714
22.528444 37.611152 23.24497
37.789454 32.145629 19.867092
28.314784 42.980694 18.99019
37.248636 40.407172 17.030529
46.895147 28.982795 -8.7315048
46.895147 28.982795 8.7315048
47.312995 37.612443 -4.9205877
47.312995 37.612443 4.9205877
29.191213 -37.166614 3.8447786
37.099468 -29.674846 11.59395
26.641595 -36.966965 9.9347965
34.128321 -34.534939 0
40.031415 -6.0723306 22.421351
40.829158 -18.55956 18.144686
19.805322 -33.064911 20.435239
33.408148 -28.418668 17.563703
23.403057 -35.524892 15.695988
30.471081 -33.054908 13.931749
42.170151 -26.062586 -7.8517479
42.170151 -26.062586 7.8517479
38.722678 -30.783393 -4.0271881
38.722678 -30.783393 4.0271881
4.7716539 -17.618759 31.456795
14.302865 -13.983144 31.46486
8.0284251 -21.529384 29.873436
4.6530816 -12.660842 32.667598
34.446062 -3.5633454 27.054451
24.382097 -9.5260747 30.482477
35.558222 -9.5561998 25.626333
15.35464 -29.206261 24.844329
18.357387 -17.79152 29.702876
11.661775 -25.506266 27.669096
21.929371 -27.619249 24.102711
13.207948 -19.693336 29.893685
4.566599 -2.8223134 33.894486
14.109172 -8.7199479 32.552499
4.600665 -7.6260698 33.481178
9.4230515 -10.749577 32.693601
35.482388 -21.929322 21.25335
24.694641 -15.262127 29.030291
35.986442 -15.899915 23.707117
28.942746 -25.257698 22.980212
30.176928 -12.718759 27.818067
23.590195 -21.463069 27.031959
4.8244968 17.813875 31.805158
14.631336 14.304273 32.187463
8.22534 22.05744 30.606148
4.6864928 12.751752 32.902166
34.528253 3.5718478 27.119005
24.806101 9.691733 31.012567
35.832044 9.6297889 25.823673
29.916052 0 29.563817
16.563459 31.50557 26.800239
19.059952 18.472429 30.83965
12.203169 26.690387 28.953625
24.060876 30.303803 26.445462
13.664162 20.373561 30.926239
4.5731603 2.8263685 33.943185
14.291567 8.8326739 32.973317
4.6192332 7.6568486 33.616308
9.3283996 0 33.750467
9.5332718 10.875314 33.076014
37.460492 23.151857 22.438201
25.514473 15.768812 29.994062
36.795065 16.257189 24.239821
31.530102 27.515626 25.034544
30.82363 12.991326 28.414218
24.994845 22.741061 28.641544
19.81412 -5.9693031 32.05992
20.016716 6.0303381 32.387727
24.788301 -3.2428898 31.181403
14.508899 -2.9889976 33.148491
24.918395 3.2599091 31.345049
14.570705 3.0017304 33.2897
43.092493 0 -18.995369
48.684162 0 -6.7809225
44.149655 6.2885538 -17.110894
44.194808 -6.2949853 -17.128393
43.092493 0 18.995369
48.684162 0 6.7809225
44.149655 6.2885538 17.110894
44.194808 -6.2949853 17.128393
45.970104 19.924741 -12.314167
49.174267 6.6252417 -4.0946245
45.111635 13.002216 -14.832597
48.669192 21.302218 -4.3884983
47.359183 6.5076484 -10.787089
44.413558 -19.25009 -11.89721
48.950672 -6.5951168 -4.0760063
44.798547 -12.911977 -14.729655
46.238748 -20.238427 -4.1693453
47.291552 -6.4983552 -10.771684
45.970104 19.924741 12.314167
49.174267 6.6252417 4.0946245
45.111635 13.002216 14.832597
48.669192 21.302218 4.3884983
47.359183 6.5076484 10.787089
49.341747 13.637723 0
44.413558 -19.25009 11.89721
48.950672 -6.5951168 4.0760063
44.798547 -12.911977 14.729655
46.238748 -20.238427 4.1693453
47.291552 -6.4983552 10.771684
48.42472 -13.384264 0
-29.191213 37.166614 -3.8447786
-37.099468 29.674846 -11.59395
-26.641595 36.966965 -9.9347965
-40.031415 6.0723306 -22.421351
-40.829158 18.55956 -18.144686
-19.805322 33.064911 -20.435239
-33.408148 28.418668 -17.563703
-23.403057 35.524892 -15.695988
-30.471081 33.054908 -13.931749
-40.504428 -51.57074 -5.3348437
-43.335726 -34.663058 -13.542842
-34.750811 -48.219035 -12.958767
-40.034332 -6.072773 -22.422985
-41.95207 -19.069998 -18.643714
-22.528444 -37.611152 -23.24497
-37.789454 -32.145629 -19.867092
-28.314784 -42.980694 -18.99019
-37.248636 -40.407172 -17.030529
-4.8244968 -17.813875 -31.805158
-14.631336 -14.304273 -32.187463
-8.22534 -22.05744 -30.606148
-4.6864928 -12.751752 -32.902166
-34.528253 -3.5718478 -27.119005
-24.806101 -9.691733 -31.012567
-35.832044 -9.6297889 -25.823673
-16.563459 -31.50557 -26.800239
-19.059952 -18.472429 -30.83965
-12.203169 -26.690387 -28.953625
-24.060876 -30.303803 -26.445462
-13.664162 -20.373561 -30.926239
-4.5731603 -2.8263685 -33.943185
-14.291567 -8.8326739 -32.973317
-4.6192332 -7.6568486 -33.616308
-9.5332718 -10.875314 -33.076014
-37.460492 -23.151857 -22.438201
-25.514473 -15.768812 -29.994062
-36.795065 -16.257189 -24.239821
-31.530102 -27.515626 -25.034544
-30.82363 -12.991326 -28.414218
-24.994845 -22.741061 -28.641544
-4.7716539 17.618759 -31.456795
-14.302865 13.983144 -31.46486
-8.0284251 21.529384 -29.873436
-4.6530816 12.660842 -32.667598
-34.446062 3.5633454 -27.054451
-24.382097 9.5260747 -30.482477
-35.558222 9.5561998 -25.626333
-29.916052 0 -29.563817
-15.35464 29.206261 -24.844329
-18.357387 17.79152 -29.702876
-11.661775 25.506266 -27.669096
-21.929371 27.619249 -24.102711
-13.207948 19.693336 -29.893685
-4.566599 2.8223134 -33.894486
-14.109172 8.7199479 -32.552499
-4.600665 7.6260698 -33.481178
-9.3283996 0 -33.750467
-9.4230515 10.749577 -32.693601
-35.482388 21.929322 -21.25335
-24.694641 15.262127 -29.030291
-35.986442 15.899915 -23.707117
-28.942746 25.257698 -22.980212
-30.176928 12.718759 -27.818067
-23.590195 21.463069 -27.031959
-20.016716 -6.0303381 -32.387727
-19.81412 5.9693031 -32.05992
-24.918395 -3.2599091 -31.345049
-14.570705 -3.0017304 -33.2897
-24.788301 3.2428898 -31.181403
-14.508899 2.9889976 -33.148491
-29.191213 37.166614 3.8447786
-37.099468 29.674846 11.59395
-26.641595 36.966965 9.9347965
-34.128321 34.534939 0
-40.031415 6.0723306 22.421351
-40.829158 18.55956 18.144686
-19.805322 33.064911 20.435239
-33.408148 28.418668 17.563703
-23.403057 35.524892 15.695988
-30.471081 33.054908 13.931749
-42.170151 26.062586 -7.8517479
-42.170151 26.062586 7.8517479
-38.722678 30.783393 -4.0271881
-38.722678 30.783393 4.0271881
-40.504428 -51.57074 5.3348437
-43.335726 -34.663058 13.542842
-34.750811 -48.219035 12.958767
-46.035928 -46.584418 0
-40.034332 -6.072773 22.422985
-41.95207 -19.069998 18.643714
-22.528444 -37.611152 23.24497
-37.789454 -32.145629 19.867092
-28.314784 -42.980694 18.99019
-37.248636 -40.407172 17.030529
-46.895147 -28.982795 -8.7315048
-46.895147 -28.982795 8.7315048
-47.312995 -37.612443 -4.9205877
-47.312995 -37.612443 4.9205877
-4.8244968 -17.813875 31.805158
-14.631336 -14.304273 32.187463
-8.22534 -22.05744 30.606148
-4.6864928 -12.751752 32.902166
-34.528253 -3.5718478 27.119005
-24.806101 -9.691733 31.012567
-35.832044 -9.6297889 25.823673
-16.563459 -31.50557 26.800239
-19.059952 -18.472429 30.83965
-12.203169 -26.690387 28.953625
-24.060876 -30.303803 26.445462
-13.664162 -20.373561 30.926239
-4.5731603 -2.8263685 33.943185
-14.291567 -8.8326739 32.973317
-4.6192332 -7.6568486 33.616308
-9.5332718 -10.875314 33.076014
-37.460492 -23.151857 22.438201
-25.514473 -15.768812 29.994062
-36.795065 -16.257189 24.239821
-31.530102 -27.515626 25.034544
-30.82363 -12.991326 28.414218
-24.994845 -22.741061 28.641544
-4.7716539 17.618759 31.456795
-14.302865 13.983144 31.46486
-8.0284251 21.529384 29.873436
-4.6530816 12.660842 32.667598
-34.446062 3.5633454 27.054451
-24.382097 9.5260747 30.482477
-35.558222 9.5561998 25.626333
-29.916052 0 29.563817
-15.35464 29.206261 24.844329
-18.357387 17.79152 29.702876
-11.661775 25.506266 27.669096
-21.929371 27.619249 24.102711
-13.207948 19.693336 29.893685
-4.566599 2.8223134 33.894486
-14.109172 8.7199479 32.552499
-4.600665 7.6260698 33.481178
-9.3283996 0 33.750467
-9.4230515 10.749577 32.693601
-35.482388 21.929322 21.25335
-24.694641 15.262127 29.030291
-35.986442 15.899915 23.707117
-28.942746 25.257698 22.980212
-30.176928 12.718759 27.818067
-23.590195 21.463069 27.031959
-20.016716 -6.0303381 32.387727
-19.81412 5.9693031 32.05992
-24.918395 -3.2599091 31.345049
-14.570705 -3.0017304 33.2897
-24.788301 3.2428898 31.181403
-14.508899 2.9889976 33.148491
-43.092493 0 -18.995369
-48.684162 0 -6.7809225
-44.194808 6.2949853 -17.128393
-44.149655 -6.2885538 -17.110894
-43.092493 0 18.995369
-48.684162 0 6.7809225
-44.194808 6.2949853 17.128393
-44.149655 -6.2885538 17.110894
-44.413558 19.25009 -11.89721
-48.950672 6.5951168 -4.0760063
-44.798547 12.911977 -14.729655
-46.238748 20.238427 -4.1693453
-47.291552 6.4983552 -10.771684
-45.970104 -19.924741 -12.314167
-49.174267 -6.6252417 -4.0946245
-45.111635 -13.002216 -14.832597
-48.669192 -21.302218 -4.3884983
-47.359183 -6.5076484 -10.787089
-44.413558 19.25009 11.89721
-48.950672 6.5951168 4.0760063
-44.798547 12.911977 14.729655
-46.238748 20.238427 4.1693453
-47.291552 6.4983552 10.771684
-48.42472 13.384264 0
-45.970104 -19.924741 12.314167
-49.174267 -6.6252417 4.0946245
-45.111635 -13.002216 14.832597
-48.669192 -21.302218 4.3884983
-47.359183 -6.5076484 10.787089
-49.341747 -13.637723 0
-21.572835 40.99837 0
-15.625615 43.346212 0
-3.2832022 47.371563 0
-9.5719023 45.445309 0
28.450289 54.068715 0
18.973968 52.634704 0
3.4088359 49.184265 0
10.727742 50.932984 0
-28.450289 -54.068715 0
-18.973968 -52.634704 0
-3.4088359 -49.184265 0
-10.727742 -50.932984 0
21.572835 -40.99837 0
15.625615 -43.346212 0
3.2832022 -47.371563 0
9.5719023 -45.445309 0
-31.682095 -53.80582 4.1148436
-26.827211 -50.468373 11.424992
-26.675825 -53.483221 3.9422058
-16.717641 -40.395936 21.594645
-21.63483 -45.642637 17.210617
-17.429333 -52.060491 3.6337012
-22.317684 -50.347464 11.031735
-21.874975 -52.831578 3.7815361
-24.568918 -52.166945 7.6638282
-1.5210254 -21.409999 30.66001
-4.7528475 -25.747915 29.217885
-12.272286 -35.229389 24.873087
-8.3072478 -30.338107 27.339432
-2.0118297 -48.623183 3.2552088
-6.0496292 -47.930432 9.7885057
-5.5096156 -49.495834 3.3296469
-13.088439 -40.626075 21.17754
-9.8491376 -45.228294 15.936239
-15.272264 -43.173305 19.156443
-13.10026 -51.200807 3.5258895
-9.7058823 -48.645218 10.037748
-9.2150726 -50.359932 3.4174737
-15.571071 -50.904112 7.1198513
-7.6331991 -49.331637 6.7118437
-19.871761 -48.085765 14.163552
-11.758983 -47.351023 13.362359
-17.558407 -45.698131 16.815853
-17.874046 -49.884258 10.725661
-13.602863 -45.530937 16.382569
-13.651074 -49.292675 10.391299
23.54445 -39.985627 3.0579332
21.13286 -39.755942 8.9999202
20.577328 -41.256146 3.0409578
14.906927 -36.020588 19.255695
18.206601 -38.41016 14.483444
14.584753 -43.563883 3.0406577
18.153177 -40.952566 8.9731996
17.576699 -42.450551 3.0384913
19.425082 -41.245087 6.0593017
1.5141955 -21.313862 30.522338
4.6685223 -25.291094 28.6995
0 -23.447828 29.854065
11.43943 -32.838554 23.18508
7.9900518 -29.179706 26.295529
-3.2067881 -27.884598 28.216826
3.1630313 -27.504111 27.831805
-1.5773562 -25.649484 29.084378
1.5678803 -25.495395 28.909654
1.9677246 -47.557223 3.1838453
5.6882863 -45.067558 9.2038406
5.1907712 -46.631483 3.1369585
0 -47.510888 6.401135
11.915585 -36.985576 19.279822
9.0272826 -41.454248 14.60645
13.565828 -38.349363 17.01601
11.426996 -44.661053 3.0755363
8.8091495 -44.150854 9.110354
8.3556151 -45.663038 3.0987379
13.311692 -43.517869 6.086753
7.0467194 -45.541352 6.1961542
-3.9056329 -46.03578 12.723977
3.7595435 -44.313821 12.248039
-1.9810152 -47.007946 9.6223724
1.9406709 -46.050609 9.4264086
16.676807 -40.354603 11.886356
10.535199 -42.423095 11.971708
15.172227 -39.487773 14.530585
15.074482 -42.071021 9.0457297
12.100602 -40.502632 14.573325
11.946762 -43.138574 9.0939641
-10.61368 -37.606556 23.24213
-3.4219497 -36.986292 22.858785
-8.6427402 -35.11447 24.731726
-9.1852136 -40.245103 21.049036
9.9093689 -35.11103 21.69981
3.3440891 -36.144731 22.338673
8.2137133 -33.371382 23.504039
8.5867919 -37.623112 19.677679
-4.9688432 -30.294018 27.176234
-1.7221626 -34.61343 24.322194
-6.7538178 -32.659451 26.042231
-1.6460824 -30.087107 27.011878
-5.1169714 -34.900152 24.542762
-5.8443014 -44.504671 15.816796
-1.83522 -39.316258 20.628344
-7.5774718 -42.584593 18.549301
-1.9215198 -43.807528 15.545422
-5.4202195 -39.799765 20.859833
4.8516325 -29.579409 26.53517
1.704142 -34.251237 24.067688
6.5149912 -31.504557 25.121333
1.6329442 -29.846966 26.796282
4.9618504 -33.842154 23.798748
0 -32.232328 25.623755
5.5449287 -42.224931 15.006585
1.809849 -38.77273 20.343167
7.1213459 -40.021213 17.432726
1.8879543 -43.042289 15.273871
5.2051428 -38.220493 20.032106
0 -41.3478 18.097688
-23.54445 39.985627 3.0579332
-21.13286 39.755942 8.9999202
-20.577328 41.256146 3.0409578
-14.906927 36.020588 19.255695
-18.206601 38.41016 14.483444
-14.584753 43.563883 3.0406577
-18.153177 40.952566 8.9731996
-17.576699 42.450551 3.0384913
-19.425082 41.245087 6.0593017
-1.5141955 21.313862 30.522338
-4.6685223 25.291094 28.6995
-11.43943 32.838554 23.18508
-7.9900518 29.179706 26.295529
-1.9677246 47.557223 3.1838453
-5.6882863 45.067558 9.2038406
-5.1907712 46.631483 3.1369585
-11.915585 36.985576 19.279822
-9.0272826 41.454248 14.60645
-13.565828 38.349363 17.01601
-11.426996 44.661053 3.0755363
-8.8091495 44.150854 9.110354
-8.3556151 45.663038 3.0987379
-13.311692 43.517869 6.086753
-7.0467194 45.541352 6.1961542
-16.676807 40.354603 11.886356
-10.535199 42.423095 11.971708
-15.172227 39.487773 14.530585
-15.074482 42.071021 9.0457297
-12.100602 40.502632 14.573325
-11.946762 43.138574 9.0939641
31.682095 53.80582 4.1148436
26.827211 50.468373 11.424992
26.675825 53.483221 3.9422058
16.717641 40.395936 21.594645
21.63483 45.642637 17.210617
17.429333 52.060491 3.6337012
22.317684 50.347464 11.031735
21.874975 52.831578 3.7815361
24.568918 52.166945 7.6638282
1.5210254 21.409999 30.66001
4.7528475 25.747915 29.217885
0 23.447828 29.854065
12.272286 35.229389 24.873087
8.3072478 30.338107 27.339432
-3.1630313 27.504111 27.831805
3.2067881 27.884598 28.216826
-1.5678803 25.495395 28.909654
1.5773562 25.649484 29.084378
2.0118297 48.623183 3.2552088
6.0496292 47.930432 9.7885057
5.5096156 49.495834 3.3296469
0 47.510888 6.401135
13.088439 40.626075 21.17754
9.8491376 45.228294 15.936239
15.272264 43.173305 19.156443
13.10026 51.200807 3.5258895
9.7058823 48.645218 10.037748
9.2150726 50.359932 3.4174737
15.571071 50.904112 7.1198513
7.6331991 49.331637 6.7118437
-3.7595435 44.313821 12.248039
3.9056329 46.03578 12.723977
-1.9406709 46.050609 9.4264086
1.9810152 47.007946 9.6223724
19.871761 48.085765 14.163552
11.758983 47.351023 13.362359
17.558407 45.698131 16.815853
17.874046 49.884258 10.725661
13.602863 45.530937 16.382569
13.651074 49.292675 10.391299
-9.9093689 35.11103 21.69981
-3.3440891 36.144731 22.338673
-8.2137133 33.371382 23.504039
-8.5867919 37.623112 19.677679
10.61368 37.606556 23.24213
3.4219497 36.986292 22.858785
8.6427402 35.11447 24.731726
9.1852136 40.245103 21.049036
-4.8516325 29.579409 26.53517
-1.704142 34.251237 24.067688
-6.5149912 31.504557 25.121333
-1.6329442 29.846966 26.796282
-4.9618504 33.842154 23.798748
-5.5449287 42.224931 15.006585
-1.809849 38.77273 20.343167
-7.1213459 40.021213 17.432726
-1.8879543 43.042289 15.273871
-5.2051428 38.220493 20.032106
4.9688432 30.294018 27.176234
1.7221626 34.61343 24.322194
6.7538178 32.659451 26.042231
1.6460824 30.087107 27.011878
5.1169714 34.900152 24.542762
0 32.232328 25.623755
5.8443014 44.504671 15.816796
1.83522 39.316258 20.628344
7.5774718 42.584593 18.549301
1.9215198 43.807528 15.545422
5.4202195 39.799765 20.859833
0 41.3478 18.097688
0 -16.808248 31.943449
0 -11.897247 33.003538
0 -2.3568019 34.00503
0 -7.0932966 33.677429
0 16.808248 31.943449
0 11.897247 33.003538
0 2.3568019 34.00503
0 7.0932966 33.677429
-31.682095 -53.80582 -4.1148436
-26.827211 -50.468373 -11.424992
-26.675825 -53.483221 -3.9422058
-16.717641 -40.395936 -21.594645
-21.63483 -45.642637 -17.210617
-17.429333 -52.060491 -3.6337012
-22.317684 -50.347464 -11.031735
-21.874975 -52.831578 -3.7815361
-24.568918 -52.166945 -7.6638282
-1.5210254 -21.409999 -30.66001
-4.7528475 -25.747915 -29.217885
-12.272286 -35.229389 -24.873087
-8.3072478 -30.338107 -27.339432
-2.0118297 -48.623183 -3.2552088
-6.0496292 -47.930432 -9.7885057
-5.5096156 -49.495834 -3.3296469
-13.088439 -40.626075 -21.17754
-9.8491376 -45.228294 -15.936239
-15.272264 -43.173305 -19.156443
-13.10026 -51.200807 -3.5258895
-9.7058823 -48.645218 -10.037748
-9.2150726 -50.359932 -3.4174737
-15.571071 -50.904112 -7.1198513
-7.6331991 -49.331637 -6.7118437
-19.871761 -48.085765 -14.163552
-11.758983 -47.351023 -13.362359
-17.558407 -45.698131 -16.815853
-17.874046 -49.884258 -10.725661
-13.602863 -45.530937 -16.382569
-13.651074 -49.292675 -10.391299
23.54445 -39.985627 -3.0579332
21.13286 -39.755942 -8.9999202
20.577328 -41.256146 -3.0409578
14.906927 -36.020588 -19.255695
18.206601 -38.41016 -14.483444
14.584753 -43.563883 -3.0406577
18.153177 -40.952566 -8.9731996
17.576699 -42.450551 -3.0384913
19.425082 -41.245087 -6.0593017
1.5141955 -21.313862 -30.522338
4.6685223 -25.291094 -28.6995
0 -23.447828 -29.854065
11.43943 -32.838554 -23.18508
7.9900518 -29.179706 -26.295529
-3.2067881 -27.884598 -28.216826
3.1630313 -27.504111 -27.831805
-1.5773562 -25.649484 -29.084378
1.5678803 -25.495395 -28.909654
1.9677246 -47.557223 -3.1838453
5.6882863 -45.067558 -9.2038406
5.1907712 -46.631483 -3.1369585
0 -47.510888 -6.401135
11.915585 -36.985576 -19.279822
9.0272826 -41.454248 -14.60645
13.565828 -38.349363 -17.01601
11.426996 -44.661053 -3.0755363
8.8091495 -44.150854 -9.110354
8.3556151 -45.663038 -3.0987379
13.311692 -43.517869 -6.086753
7.0467194 -45.541352 -6.1961542
-3.9056329 -46.03578 -12.723977
3.7595435 -44.313821 -12.248039
-1.9810152 -47.007946 -9.6223724
1.9406709 -46.050609 -9.4264086
16.676807 -40.354603 -11.886356
10.535199 -42.423095 -11.971708
15.172227 -39.487773 -14.530585
15.074482 -42.071021 -9.0457297
12.100602 -40.502632 -14.573325
11.946762 -43.138574 -9.0939641
-10.61368 -37.606556 -23.24213
-3.4219497 -36.986292 -22.858785
-8.6427402 -35.11447 -24.731726
-9.1852136 -40.245103 -21.049036
9.9093689 -35.11103 -21.69981
3.3440891 -36.144731 -22.338673
8.2137133 -33.371382 -23.504039
8.5867919 -37.623112 -19.677679
-4.9688432 -30.294018 -27.176234
-1.7221626 -34.61343 -24.322194
-6.7538178 -32.659451 -26.042231
-1.6460824 -30.087107 -27.011878
-5.1169714 -34.900152 -24.542762
-5.8443014 -44.504671 -15.816796
-1.83522 -39.316258 -20.628344
-7.5774718 -42.584593 -18.549301
-1.9215198 -43.807528 -15.545422
-5.4202195 -39.799765 -20.859833
4.8516325 -29.579409 -26.53517
1.704142 -34.251237 -24.067688
6.5149912 -31.504557 -25.121333
1.6329442 -29.846966 -26.796282
4.9618504 -33.842154 -23.798748
0 -32.232328 -25.623755
5.5449287 -42.224931 -15.006585
1.809849 -38.77273 -20.343167
7.1213459 -40.021213 -17.432726
1.8879543 -43.042289 -15.273871
5.2051428 -38.220493 -20.032106
0 -41.3478 -18.097688
-23.54445 39.985627 -3.0579332
-21.13286 39.755942 -8.9999202
-20.577328 41.256146 -3.0409578
-14.906927 36.020588 -19.255695
-18.206601 38.41016 -14.483444
-14.584753 43.563883 -3.0406577
-18.153177 40.952566 -8.9731996
-17.576699 42.450551 -3.0384913
-19.425082 41.245087 -6.0593017
-1.5141955 21.313862 -30.522338
-4.6685223 25.291094 -28.6995
-11.43943 32.838554 -23.18508
-7.9900518 29.179706 -26.295529
-1.9677246 47.557223 -3.1838453
-5.6882863 45.067558 -9.2038406
-5.1907712 46.631483 -3.1369585
-11.915585 36.985576 -19.279822
-9.0272826 41.454248 -14.60645
-13.565828 38.349363 -17.01601
-11.426996 44.661053 -3.0755363
-8.8091495 44.150854 -9.110354
-8.3556151 45.663038 -3.0987379
-13.311692 43.517869 -6.086753
-7.0467194 45.541352 -6.1961542
-16.676807 40.354603 -11.886356
-10.535199 42.423095 -11.971708
-15.172227 39.487773 -14.530585
-15.074482 42.071021 -9.0457297
-12.100602 40.502632 -14.573325
-11.946762 43.138574 -9.0939641
31.682095 53.80582 -4.1148436
26.827211 50.468373 -11.424992
26.675825 53.483221 -3.9422058
16.717641 40.395936 -21.594645
21.63483 45.642637 -17.210617
17.429333 52.060491 -3.6337012
22.317684 50.347464 -11.031735
21.874975 52.831578 -3.7815361
24.568918 52.166945 -7.6638282
1.5210254 21.409999 -30.66001
4.7528475 25.747915 -29.217885
0 23.447828 -29.854065
12.272286 35.229389 -24.873087
8.3072478 30.338107 -27.339432
-3.1630313 27.504111 -27.831805
3.2067881 27.884598 -28.216826
-1.5678803 25.495395 -28.909654
1.5773562 25.649484 -29.084378
2.0118297 48.623183 -3.2552088
6.0496292 47.930432 -9.7885057
5.5096156 49.495834 -3.3296469
0 47.510888 -6.401135
13.088439 40.626075 -21.17754
9.8491376 45.228294 -15.936239
15.272264 43.173305 -19.156443
13.10026 51.200807 -3.5258895
9.7058823 48.645218 -10.037748
9.2150726 50.359932 -3.4174737
15.571071 50.904112 -7.1198513
7.6331991 49.331637 -6.7118437
-3.7595435 44.313821 -12.248039
3.9056329 46.03578 -12.723977
-1.9406709 46.050609 -9.4264086
1.9810152 47.007946 -9.6223724
19.871761 48.085765 -14.163552
11.758983 47.351023 -13.362359
17.558407 45.698131 -16.815853
17.874046 49.884258 -10.725661
13.602863 45.530937 -16.382569
13.651074 49.292675 -10.391299
-9.9093689 35.11103 -21.69981
-3.3440891 36.144731 -22.338673
-8.2137133 33.371382 -23.504039
-8.5867919 37.623112 -19.677679
10.61368 37.606556 -23.24213
3.4219497 36.986292 -22.858785
8.6427402 35.11447 -24.731726
9.1852136 40.245103 -21.049036
-4.8516325 29.579409 -26.53517
-1.704142 34.251237 -24.067688
-6.5149912 31.504557 -25.121333
-1.6329442 29.846966 -26.796282
-4.9618504 33.842154 -23.798748
-5.5449287 42.224931 -15.006585
-1.809849 38.77273 -20.343167
-7.1213459 40.021213 -17.432726
-1.8879543 43.042289 -15.273871
-5.2051428 38.220493 -20.032106
4.9688432 30.294018 -27.176234
1.7221626 34.61343 -24.322194
6.7538178 32.659451 -26.042231
1.6460824 30.087107 -27.011878
5.1169714 34.900152 -24.542762
0 32.232328 -25.623755
5.8443014 44.504671 -15.816796
1.83522 39.316258 -20.628344
7.5774718 42.584593 -18.549301
1.9215198 43.807528 -15.545422
5.4202195 39.799765 -20.859833
0 41.3478 -18.097688
0 -16.808248 -31.943449
0 -11.897247 -33.003538
0 -2.3568019 -34.00503
0 -7.0932966 -33.677429
0 16.808248 -31.943449
0 11.897247 -33.003538
0 2.3568019 -34.00503
0 7.0932966 -33.677429
37.466986 53.654284 -2.661758
42.370199 48.080305 -7.8211807
35.14331 52.671739 -6.7817173
43.073208 30.411076 -15.004709
43.441873 39.147996 -11.89535
29.479471 48.548341 -13.869983
39.517549 46.691865 -11.67206
32.379502 50.840115 -10.55778
37.826539 50.243124 -9.3733177
39.426685 3.0151876 -23.215332
40.57568 9.1854918 -21.568603
42.356751 22.642847 -17.529114
41.523716 15.657482 -19.682442
18.413239 37.814398 -23.370583
26.694762 37.05596 -22.901843
20.953763 40.486784 -21.535456
40.517859 29.437215 -18.193199
34.513048 34.374448 -21.244577
40.685228 33.539634 -16.899479
26.476174 45.876313 -16.890083
29.725463 39.627672 -20.773993
23.662039 43.209663 -19.376729
31.519659 45.686393 -16.208816
25.355251 40.286331 -21.290274
40.382524 42.284353 -13.748763
34.003691 38.279039 -19.857463
40.687566 37.882707 -15.426161
36.332951 44.570361 -15.176026
37.650835 36.241335 -18.561164
33.007271 42.148278 -18.216811
26.898514 -38.519793 -1.9109446
31.393604 -35.624427 -5.7949941
25.81037 -38.683808 -4.9807099
38.529503 -27.203074 -13.421893
35.395795 -31.897208 -9.6921549
23.183655 -38.18006 -10.907824
30.085069 -35.546941 -8.8860452
24.565758 -38.571499 -8.0100014
28.007689 -37.201231 -6.9402324
39.431919 -3.0155879 -23.218414
40.50887 -9.1703676 -21.53309
40.401927 -21.597848 -16.72012
40.955566 -15.443248 -19.413136
16.474385 -33.832666 -20.909738
23.181657 -32.179292 -19.887896
18.251267 -35.265031 -18.757937
36.652008 -26.628579 -16.457367
30.025671 -29.905092 -18.482363
35.397051 -29.180226 -14.702922
21.617158 -37.456903 -13.790346
25.06967 -33.420931 -17.520236
19.98416 -36.493423 -16.364931
25.107696 -36.392528 -12.911498
21.653737 -34.405087 -18.182191
32.095074 -33.606603 -10.927191
28.62573 -32.224897 -16.716844
33.854289 -31.520492 -12.835413
28.6276 -35.118053 -11.957554
32.045557 -30.845897 -15.797866
26.938461 -34.398777 -14.867417
2.3989221 -18.470417 -31.368379
7.1341499 -16.751814 -31.514152
3.9452926 -20.444769 -30.642006
2.3619615 -15.982746 -32.044322
16.758421 -12.973645 -31.349073
11.886943 -14.942636 -31.524228
7.2024085 -24.384859 -28.811871
8.7930925 -18.688972 -30.77798
5.5575199 -22.427677 -29.789576
6.3809874 -19.569758 -30.727117
2.3084558 -11.072689 -33.073535
7.0465927 -14.255567 -32.159772
2.3343412 -13.503416 -32.612918
4.7184077 -15.126406 -32.11775
36.681412 -1.8197436 -25.614766
32.053216 -5.2140683 -28.246517
37.356788 -4.8098503 -24.924964
21.803285 -10.757658 -30.881427
26.974317 -8.1963056 -29.932946
38.32759 -10.949973 -23.273237
32.603931 -8.1503497 -27.594259
37.913903 -7.8734408 -24.146942
35.058361 -6.5404603 -26.394387
14.326829 -31.907112 -23.181296
16.267464 -26.427439 -26.32131
12.524228 -30.151881 -24.856271
17.597432 -31.221723 -22.801448
18.85389 -14.854622 -30.506236
17.764175 -20.706213 -28.743038
16.309527 -15.868991 -30.662005
8.9865904 -26.39519 -27.63828
14.351491 -24.575328 -27.66523
10.727693 -28.295032 -26.344471
9.8246916 -23.521312 -28.854066
13.497295 -27.37891 -26.35395
24.320284 -29.479763 -21.8559
19.495001 -25.635333 -26.010864
20.949478 -30.41643 -22.36402
18.611352 -28.463712 -24.51215
11.333827 -17.766424 -30.784584
15.121916 -21.637919 -28.845988
13.789937 -16.839686 -30.751244
10.609088 -20.63043 -29.902924
15.762545 -18.772106 -29.826534
12.476418 -22.606181 -28.866718
2.276764 -1.4071175 -34.008114
6.8824601 -4.2535943 -33.700679
2.2810365 -3.7744646 -33.908041
16.646371 -10.288023 -31.933678
11.642289 -7.1953306 -33.041728
14.228629 -11.343618 -32.067379
2.3036262 -8.5590034 -33.451847
6.906798 -6.678447 -33.471919
2.288439 -6.1706786 -33.722464
4.6332075 -10.132796 -33.125596
4.5893233 -5.2193138 -33.731244
9.4765215 -13.295758 -32.173128
9.3427687 -8.2217113 -33.107154
11.828002 -12.350303 -32.143335
7.0310095 -11.717001 -32.700706
11.747552 -9.7542905 -32.649156
6.9858659 -9.1773482 -33.138496
37.739437 -23.324255 -18.376738
32.955075 -20.367357 -23.740524
38.301158 -20.372893 -19.822602
34.634437 -25.293778 -19.520932
21.945344 -13.562968 -30.205927
27.480744 -16.984034 -27.591548
24.588275 -12.389194 -29.826789
21.498782 -16.592075 -29.438
38.553695 -14.194147 -22.250139
33.193126 -17.400814 -24.898789
38.563099 -17.293047 -21.117535
35.863701 -12.723878 -24.742851
35.856167 -18.949048 -22.567012
27.895345 -28.303982 -21.213681
29.728605 -22.040388 -24.525575
31.293264 -26.948881 -20.46149
25.42032 -26.535326 -23.616202
32.278035 -23.732786 -22.231668
29.920117 -9.7285298 -28.574396
30.296915 -15.716692 -26.913083
27.273361 -11.105945 -29.292698
32.942204 -11.216686 -26.853888
27.446038 -14.056613 -28.513471
33.146762 -14.326286 -25.95798
20.297919 -22.586632 -27.378321
26.926762 -20.181462 -26.538008
20.949174 -19.624121 -28.492152
22.84791 -24.593335 -25.672067
24.217477 -18.387615 -28.121535
26.295154 -23.402452 -25.19024
2.4130984 18.579567 -31.553747
7.2442924 17.010441 -32.000691
3.9893824 20.673245 -30.984439
2.3733847 16.060043 -32.199298
17.1493 13.276247 -32.080269
12.142183 15.263489 -32.201127
7.393642 25.032309 -29.576865
8.9857712 19.098494 -31.452403
5.6575857 22.831498 -30.325952
6.4897115 19.903202 -31.250669
2.3155269 11.106607 -33.174843
7.1342285 14.432858 -32.559731
2.3434346 13.556018 -32.739962
4.7609714 15.262858 -32.407477
36.701869 1.8207585 -25.629051
32.227782 5.2424649 -28.400351
37.408503 4.8165088 -24.959469
34.549495 0 -27.135689
22.249626 10.977881 -31.513609
27.339294 8.3072059 -30.337954
38.565881 11.018051 -23.417933
32.897639 8.2237711 -27.842839
38.025045 7.8965212 -24.217727
35.216792 6.570017 -26.513665
29.795183 -3.3861654 -29.444372
29.922109 3.4005902 -29.569803
32.2206 -1.7474455 -28.415315
32.27389 1.7503356 -28.462311
15.587177 34.714019 -25.220583
17.379528 28.234051 -28.120667
13.373044 32.195393 -26.540878
19.442328 34.494976 -25.191928
19.417362 15.298571 -31.417951
18.610252 21.692415 -30.112021
16.798316 16.344577 -31.580932
9.3261632 27.392575 -28.682637
15.115557 25.883705 -29.138112
11.276357 29.742173 -27.691851
10.16156 24.327809 -29.843412
14.319779 29.047296 -27.959879
27.334414 33.133331 -24.564607
20.965457 27.568938 -27.972794
23.415837 33.997323 -24.996912
20.289783 31.03066 -26.722734
11.627956 18.227488 -31.583488
15.802642 22.611967 -30.144514
14.184336 17.32131 -31.630746
10.929835 21.254154 -30.806984
16.350093 19.471835 -30.938316
12.982892 23.523866 -30.038546
2.2775808 1.4076224 -34.020315
6.9047441 4.2673665 -33.809794
2.2832527 3.7781318 -33.940985
4.5776823 0 -33.976748
16.937098 10.467702 -32.491396
11.74711 7.2601131 -33.339217
14.47965 11.543743 -32.633112
2.3089267 8.5786973 -33.528818
6.9426676 6.7131307 -33.645751
2.2921368 6.1806495 -33.776955
4.6588841 10.188951 -33.309173
4.6017326 5.2334265 -33.822451
9.2990567 -2.8543515 -33.644303
9.3255031 2.8624692 -33.739987
6.9294991 -1.4266173 -33.852516
6.9369783 1.4281571 -33.889054
9.6198411 13.496839 -32.659703
9.4230789 8.2923849 -33.391742
12.027248 12.558347 -32.684798
7.1000353 11.832031 -33.02174
11.896756 9.8781787 -33.063829
7.0375568 9.2452547 -33.383699
40.197034 24.843133 -19.573433
34.570134 21.365518 -24.903997
39.862019 21.203136 -20.630419
37.687627 27.523544 -21.241795
22.555718 13.9402 -31.046056
28.537333 17.637042 -28.652397
25.189708 12.692236 -30.556357
22.297466 17.208475 -30.531628
39.050182 14.376936 -22.536672
34.298335 17.980197 -25.727827
39.478504 17.703546 -21.61882
36.341072 12.893242 -25.072196
37.151528 19.633613 -23.382282
31.268825 31.726881 -23.779125
31.616916 23.440357 -26.083399
34.683435 29.868401 -22.678195
27.893203 29.116677 -25.913582
34.681791 25.500175 -23.887268
30.355512 9.8700985 -28.990208
31.230323 16.200903 -27.742239
27.814548 11.326321 -29.873955
33.411611 11.376517 -27.23654
28.213881 14.449867 -29.311177
33.876977 14.641891 -26.529828
21.531594 23.959411 -29.042331
28.371342 21.264166 -27.961732
21.959182 20.570245 -29.865824
24.613468 26.49377 -27.65586
25.3103 19.217364 -29.390531
28.223205 25.1184 -27.037275
19.577343 -8.9401295 -31.676806
19.973439 -2.9900147 -32.317703
22.082946 -7.7170984 -31.353692
16.927708 -7.386781 -32.365253
19.890425 9.0831004 -32.183383
20.072797 3.0048885 -32.478467
22.387222 7.8234307 -31.785708
17.13232 7.4760679 -32.756464
27.17248 -4.9681568 -30.289833
22.412775 -1.5869639 -31.896096
24.638303 -6.3897217 -30.898791
27.366162 -1.6676722 -30.481725
22.285729 -4.6463979 -31.69062
11.843487 -4.3761648 -33.324731
17.245627 -1.5342734 -32.869023
14.335366 -5.8560605 -32.910442
11.89007 -1.4696935 -33.506621
17.126956 -4.4502687 -32.677578
27.378202 5.0057706 -30.519157
22.471741 1.591139 -31.98001
24.905578 6.4590372 -31.23398
27.432389 1.671708 -30.555492
22.462082 4.6831661 -31.941396
24.902261 0 -31.324754
11.907555 4.3998378 -33.505002
17.287034 1.5379573 -32.947944
14.45689 5.9057035 -33.189431
11.91139 1.4723288 -33.566703
17.248241 4.4817834 -32.908985
14.566827 0 -33.28084
37.466986 53.654284 2.661758
42.370199 48.080305 7.8211807
35.14331 52.671739 6.7817173
41.262558 52.535999 0
43.073208 30.411076 15.004709
43.441873 39.147996 11.89535
29.479471 48.548341 13.869983
39.517549 46.691865 11.67206
32.379502 50.840115 10.55778
37.826539 50.243124 9.3733177
45.250389 45.78952 -5.2038911
45.250389 45.78952 5.2038911
43.909694 49.789935 -2.7002972
43.909694 49.789935 2.7002972
39.426685 3.0151876 23.215332
40.57568 9.1854918 21.568603
42.356751 22.642847 17.529114
41.523716 15.657482 19.682442
18.413239 37.814398 23.370583
26.694762 37.05596 22.901843
20.953763 40.486784 21.535456
40.517859 29.437215 18.193199
34.513048 34.374448 21.244577
40.685228 33.539634 16.899479
26.476174 45.876313 16.890083
29.725463 39.627672 20.773993
23.662039 43.209663 19.376729
31.519659 45.686393 16.208816
25.355251 40.286331 21.290274
40.382524 42.284353 13.748763
34.003691 38.279039 19.857463
40.687566 37.882707 15.426161
36.332951 44.570361 15.176026
37.650835 36.241335 18.561164
33.007271 42.148278 18.216811
45.009439 27.817363 -12.702992
48.185964 29.780563 -4.4581367
45.374993 31.958389 -11.168167
45.009439 27.817363 12.702992
48.185964 29.780563 4.4581367
45.374993 31.958389 11.168167
45.708034 41.003878 -7.4970594
48.226757 33.888019 -2.3994825
45.648971 36.399909 -9.4399882
47.060164 42.250105 -2.5746878
47.194626 33.18858 -6.9195558
45.708034 41.003878 7.4970594
48.226757 33.888019 2.3994825
45.648971 36.399909 9.4399882
47.060164 42.250105 2.5746878
47.194626 33.18858 6.9195558
47.947879 38.117157 0
26.898514 -38.519793 1.9109446
31.393604 -35.624427 5.7949941
25.81037 -38.683808 4.9807099
29.329911 -37.343206 0
38.529503 -27.203074 13.421893
35.395795 -31.897208 9.6921549
23.183655 -38.18006 10.907824
30.085069 -35.546941 8.8860452
24.565758 -38.571499 8.0100014
28.007689 -37.201231 6.9402324
33.96706 -34.371756 -3.9062841
33.96706 -34.371756 3.9062841
31.710372 -35.95692 -1.9500803
31.710372 -35.95692 1.9500803
39.431919 -3.0155879 23.218414
40.50887 -9.1703676 21.53309
40.401927 -21.597848 16.72012
40.955566 -15.443248 19.413136
16.474385 -33.832666 20.909738
23.181657 -32.179292 19.887896
18.251267 -35.265031 18.757937
36.652008 -26.628579 16.457367
30.025671 -29.905092 18.482363
35.397051 -29.180226 14.702922
21.617158 -37.456903 13.790346
25.06967 -33.420931 17.520236
19.98416 -36.493423 16.364931
25.107696 -36.392528 12.911498
21.653737 -34.405087 18.182191
32.095074 -33.606603 10.927191
28.62573 -32.224897 16.716844
33.854289 -31.520492 12.835413
28.6276 -35.118053 11.957554
32.045557 -30.845897 15.797866
26.938461 -34.398777 14.867417
41.12169 -25.414602 -11.605754
42.789664 -26.445467 -3.9588743
39.780705 -28.018236 -9.7912429
41.12169 -25.414602 11.605754
42.789664 -26.445467 3.9588743
39.780705 -28.018236 9.7912429
36.187933 -32.463561 -5.9355666
41.014441 -28.820062 -2.0406396
38.10485 -30.384323 -7.8799002
36.526976 -32.793522 -1.9984112
40.607556 -28.556368 -5.9537763
36.187933 -32.463561 5.9355666
41.014441 -28.820062 2.0406396
38.10485 -30.384323 7.8799002
36.526976 -32.793522 1.9984112
40.607556 -28.556368 5.9537763
38.914348 -30.935765 0
2.3989221 -18.470417 31.368379
7.1341499 -16.751814 31.514152
3.9452926 -20.444769 30.642006
2.3619615 -15.982746 32.044322
16.758421 -12.973645 31.349073
11.886943 -14.942636 31.524228
7.2024085 -24.384859 28.811871
8.7930925 -18.688972 30.77798
5.5575199 -22.427677 29.789576
6.3809874 -19.569758 30.727117
2.3084558 -11.072689 33.073535
7.0465927 -14.255567 32.159772
2.3343412 -13.503416 32.612918
4.7184077 -15.126406 32.11775
36.681412 -1.8197436 25.614766
32.053216 -5.2140683 28.246517
37.356788 -4.8098503 24.924964
21.803285 -10.757658 30.881427
26.974317 -8.1963056 29.932946
38.32759 -10.949973 23.273237
32.603931 -8.1503497 27.594259
37.913903 -7.8734408 24.146942
35.058361 -6.5404603 26.394387
14.326829 -31.907112 23.181296
16.267464 -26.427439 26.32131
12.524228 -30.151881 24.856271
17.597432 -31.221723 22.801448
18.85389 -14.854622 30.506236
17.764175 -20.706213 28.743038
16.309527 -15.868991 30.662005
8.9865904 -26.39519 27.63828
14.351491 -24.575328 27.66523
10.727693 -28.295032 26.344471
9.8246916 -23.521312 28.854066
13.497295 -27.37891 26.35395
24.320284 -29.479763 21.8559
19.495001 -25.635333 26.010864
20.949478 -30.41643 22.36402
18.611352 -28.463712 24.51215
11.333827 -17.766424 30.784584
15.121916 -21.637919 28.845988
13.789937 -16.839686 30.751244
10.609088 -20.63043 29.902924
15.762545 -18.772106 29.826534
12.476418 -22.606181 28.866718
2.276764 -1.4071175 34.008114
6.8824601 -4.2535943 33.700679
2.2810365 -3.7744646 33.908041
16.646371 -10.288023 31.933678
11.642289 -7.1953306 33.041728
14.228629 -11.343618 32.067379
2.3036262 -8.5590034 33.451847
6.906798 -6.678447 33.471919
2.288439 -6.1706786 33.722464
4.6332075 -10.132796 33.125596
4.5893233 -5.2193138 33.731244
9.4765215 -13.295758 32.173128
9.3427687 -8.2217113 33.107154
11.828002 -12.350303 32.143335
7.0310095 -11.717001 32.700706
11.747552 -9.7542905 32.649156
6.9858659 -9.1773482 33.138496
37.739437 -23.324255 18.376738
32.955075 -20.367357 23.740524
38.301158 -20.372893 19.822602
34.634437 -25.293778 19.520932
21.945344 -13.562968 30.205927
27.480744 -16.984034 27.591548
24.588275 -12.389194 29.826789
21.498782 -16.592075 29.438
38.553695 -14.194147 22.250139
33.193126 -17.400814 24.898789
38.563099 -17.293047 21.117535
35.863701 -12.723878 24.742851
35.856167 -18.949048 22.567012
27.895345 -28.303982 21.213681
29.728605 -22.040388 24.525575
31.293264 -26.948881 20.46149
25.42032 -26.535326 23.616202
32.278035 -23.732786 22.231668
29.920117 -9.7285298 28.574396
30.296915 -15.716692 26.913083
27.273361 -11.105945 29.292698
32.942204 -11.216686 26.853888
27.446038 -14.056613 28.513471
33.146762 -14.326286 25.95798
20.297919 -22.586632 27.378321
26.926762 -20.181462 26.538008
20.949174 -19.624121 28.492152
22.84791 -24.593335 25.672067
24.217477 -18.387615 28.121535
26.295154 -23.402452 25.19024
2.4130984 18.579567 31.553747
7.2442924 17.010441 32.000691
3.9893824 20.673245 30.984439
2.3733847 16.060043 32.199298
17.1493 13.276247 32.080269
12.142183 15.263489 32.201127
7.393642 25.032309 29.576865
8.9857712 19.098494 31.452403
5.6575857 22.831498 30.325952
6.4897115 19.903202 31.250669
2.3155269 11.106607 33.174843
7.1342285 14.432858 32.559731
2.3434346 13.556018 32.739962
4.7609714 15.262858 32.407477
36.701869 1.8207585 25.629051
32.227782 5.2424649 28.400351
37.408503 4.8165088 24.959469
34.549495 0 27.135689
22.249626 10.977881 31.513609
27.339294 8.3072059 30.337954
38.565881 11.018051 23.417933
32.897639 8.2237711 27.842839
38.025045 7.8965212 24.217727
35.216792 6.570017 26.513665
29.795183 -3.3861654 29.444372
29.922109 3.4005902 29.569803
32.2206 -1.7474455 28.415315
32.27389 1.7503356 28.462311
15.587177 34.714019 25.220583
17.379528 28.234051 28.120667
13.373044 32.195393 26.540878
19.442328 34.494976 25.191928
19.417362 15.298571 31.417951
18.610252 21.692415 30.112021
16.798316 16.344577 31.580932
9.3261632 27.392575 28.682637
15.115557 25.883705 29.138112
11.276357 29.742173 27.691851
10.16156 24.327809 29.843412
14.319779 29.047296 27.959879
27.334414 33.133331 24.564607
20.965457 27.568938 27.972794
23.415837 33.997323 24.996912
20.289783 31.03066 26.722734
11.627956 18.227488 31.583488
15.802642 22.611967 30.144514
14.184336 17.32131 31.630746
10.929835 21.254154 30.806984
16.350093 19.471835 30.938316
12.982892 23.523866 30.038546
2.2775808 1.4076224 34.020315
6.9047441 4.2673665 33.809794
2.2832527 3.7781318 33.940985
4.5776823 0 33.976748
16.937098 10.467702 32.491396
11.74711 7.2601131 33.339217
14.47965 11.543743 32.633112
2.3089267 8.5786973 33.528818
6.9426676 6.7131307 33.645751
2.2921368 6.1806495 33.776955
4.6588841 10.188951 33.309173
4.6017326 5.2334265 33.822451
9.2990567 -2.8543515 33.644303
9.3255031 2.8624692 33.739987
6.9294991 -1.4266173 33.852516
6.9369783 1.4281571 33.889054
9.6198411 13.496839 32.659703
9.4230789 8.2923849 33.391742
12.027248 12.558347 32.684798
7.1000353 11.832031 33.02174
11.896756 9.8781787 33.063829
7.0375568 9.2452547 33.383699
40.197034 24.843133 19.573433
34.570134 21.365518 24.903997
39.862019 21.203136 20.630419
37.687627 27.523544 21.241795
22.555718 13.9402 31.046056
28.537333 17.637042 28.652397
25.189708 12.692236 30.556357
22.297466 17.208475 30.531628
39.050182 14.376936 22.536672
34.298335 17.980197 25.727827
39.478504 17.703546 21.61882
36.341072 12.893242 25.072196
37.151528 19.633613 23.382282
31.268825 31.726881 23.779125
31.616916 23.440357 26.083399
34.683435 29.868401 22.678195
27.893203 29.116677 25.913582
34.681791 25.500175 23.887268
30.355512 9.8700985 28.990208
31.230323 16.200903 27.742239
27.814548 11.326321 29.873955
33.411611 11.376517 27.23654
28.213881 14.449867 29.311177
33.876977 14.641891 26.529828
21.531594 23.959411 29.042331
28.371342 21.264166 27.961732
21.959182 20.570245 29.865824
24.613468 26.49377 27.65586
25.3103 19.217364 29.390531
28.223205 25.1184 27.037275
19.577343 -8.9401295 31.676806
19.973439 -2.9900147 32.317703
22.082946 -7.7170984 31.353692
16.927708 -7.386781 32.365253
19.890425 9.0831004 32.183383
20.072797 3.0048885 32.478467
22.387222 7.8234307 31.785708
17.13232 7.4760679 32.756464
27.17248 -4.9681568 30.289833
22.412775 -1.5869639 31.896096
24.638303 -6.3897217 30.898791
27.366162 -1.6676722 30.481725
22.285729 -4.6463979 31.69062
11.843487 -4.3761648 33.324731
17.245627 -1.5342734 32.869023
14.335366 -5.8560605 32.910442
11.89007 -1.4696935 33.506621
17.126956 -4.4502687 32.677578
27.378202 5.0057706 30.519157
22.471741 1.591139 31.98001
24.905578 6.4590372 31.23398
27.432389 1.671708 30.555492
22.462082 4.6831661 31.941396
24.902261 0 31.324754
11.907555 4.3998378 33.505002
17.287034 1.5379573 32.947944
14.45689 5.9057035 33.189431
11.91139 1.4723288 33.566703
17.248241 4.4817834 32.908985
14.566827 0 33.28084
41.031802 0 -21.590426
44.904855 0 -16.187481
41.651629 3.0701085 -20.774583
41.684525 -3.0725332 -20.79099
49.280308 0 -3.4154925
47.729483 0 -10.053006
42.70993 9.358259 -18.932169
45.399821 3.1688019 -15.199407
42.209185 6.200937 -19.87914
43.656522 3.1248114 -18.076033
42.682578 -9.352266 -18.920045
45.432734 -3.1710992 -15.210426
42.248965 -6.2067811 -19.897875
43.699906 -3.1279167 -18.093996
41.031802 0 21.590426
44.904855 0 16.187481
41.651629 3.0701085 20.774583
41.684525 -3.0725332 20.79099
49.280308 0 3.4154925
47.729483 0 10.053006
42.70993 9.358259 18.932169
45.399821 3.1688019 15.199407
42.209185 6.200937 19.87914
43.656522 3.1248114 18.076033
42.682578 -9.352266 18.920045
45.432734 -3.1710992 15.210426
42.248965 -6.2067811 19.897875
43.699906 -3.1279167 18.093996
44.525482 23.21022 -14.344705
47.127154 16.605304 -10.262643
44.100573 19.567882 -15.600279
46.463048 24.301152 -10.604347
49.430774 3.3092752 -2.0452445
48.711183 9.9479531 -6.1481731
48.974165 3.2945536 -5.4515462
43.212033 12.728006 -17.857659
46.737266 13.189158 -11.606564
43.659638 16.065735 -16.775165
44.649936 9.6002248 -15.998534
45.552502 16.390328 -13.609306
48.777931 25.592668 -2.2768758
48.405823 17.203251 -6.3565962
47.954666 25.133976 -6.5308129
47.583477 20.726751 -8.4669697
46.943066 3.2326847 -12.010872
47.720585 9.8469539 -9.5213961
48.124096 3.2657477 -8.8059498
45.898107 6.4196719 -14.039783
48.451353 6.5920761 -7.4969906
46.343633 9.7696169 -12.834368
42.250303 -22.024216 -13.611714
46.115868 -16.248977 -10.04242
42.802623 -18.991968 -15.141138
43.566731 -22.786317 -9.943315
49.32825 -3.3024114 -2.0410025
48.322312 -9.8685366 -6.0990911
48.896653 -3.2893393 -5.442918
42.976554 -12.658646 -17.760346
46.277439 -13.059396 -11.492373
43.026564 -15.832778 -16.531922
44.598356 -9.5891345 -15.980053
44.761846 -16.105841 -13.373089
44.88757 -23.551484 -2.0952799
47.055115 -16.723215 -6.1792229
44.450086 -23.297157 -6.0535338
45.558031 -19.844493 -8.1065634
46.945323 -3.2328402 -12.01145
47.459368 -9.7930526 -9.4692769
48.086006 -3.2631629 -8.79898
45.904413 -6.4205539 -14.041712
48.298417 -6.5712683 -7.4733265
46.205934 -9.7405888 -12.796234
44.525482 23.21022 14.344705
47.127154 16.605304 10.262643
44.100573 19.567882 15.600279
46.463048 24.301152 10.604347
49.430774 3.3092752 2.0452445
48.711183 9.9479531 6.1481731
48.974165 3.2945536 5.4515462
49.483383 6.6668889 0
43.212033 12.728006 17.857659
46.737266 13.189158 11.606564
43.659638 16.065735 16.775165
44.649936 9.6002248 15.998534
45.552502 16.390328 13.609306
48.777931 25.592668 2.2768758
48.405823 17.203251 6.3565962
47.954666 25.133976 6.5308129
49.077355 21.480869 0
47.583477 20.726751 8.4669697
46.943066 3.2326847 12.010872
47.720585 9.8469539 9.5213961
48.124096 3.2657477 8.8059498
45.898107 6.4196719 14.039783
48.451353 6.5920761 7.4969906
46.343633 9.7696169 12.834368
49.002519 13.543963 -4.1573283
49.002519 13.543963 4.1573283
49.344025 10.10056 -2.0794625
49.130148 17.434193 -2.1549847
49.344025 10.10056 2.0794625
49.130148 17.434193 2.1549847
42.250303 -22.024216 13.611714
46.115868 -16.248977 10.04242
42.802623 -18.991968 15.141138
43.566731 -22.786317 9.943315
49.32825 -3.3024114 2.0410025
48.322312 -9.8685366 6.0990911
48.896653 -3.2893393 5.442918
49.224213 -6.6319709 0
42.976554 -12.658646 17.760346
46.277439 -13.059396 11.492373
43.026564 -15.832778 16.531922
44.598356 -9.5891345 15.980053
44.761846 -16.105841 13.373089
44.88757 -23.551484 2.0952799
47.055115 -16.723215 6.1792229
44.450086 -23.297157 6.0535338
46.488792 -20.34787 0
45.558031 -19.844493 8.1065634
46.945323 -3.2328402 12.01145
47.459368 -9.7930526 9.4692769
48.086006 -3.2631629 8.79898
45.904413 -6.4205539 14.041712
48.298417 -6.5712683 7.4733265
46.205934 -9.7405888 12.796234
48.165764 -13.31269 -4.0863388
48.165764 -13.31269 4.0863388
48.848535 -9.999135 -2.0585815
47.571624 -16.881139 -2.0866236
48.848535 -9.999135 2.0585815
47.571624 -16.881139 2.0866236
-26.898514 38.519793 -1.9109446
-31.393604 35.624427 -5.7949941
-25.81037 38.683808 -4.9807099
-38.529503 27.203074 -13.421893
-35.395795 31.897208 -9.6921549
-23.183655 38.18006 -10.907824
-30.085069 35.546941 -8.8860452
-24.565758 38.571499 -8.0100014
-28.007689 37.201231 -6.9402324
-39.431919 3.0155879 -23.218414
-40.50887 9.1703676 -21.53309
-40.401927 21.597848 -16.72012
-40.955566 15.443248 -19.413136
-16.474385 33.832666 -20.909738
-23.181657 32.179292 -19.887896
-18.251267 35.265031 -18.757937
-36.652008 26.628579 -16.457367
-30.025671 29.905092 -18.482363
-35.397051 29.180226 -14.702922
-21.617158 37.456903 -13.790346
-25.06967 33.420931 -17.520236
-19.98416 36.493423 -16.364931
-25.107696 36.392528 -12.911498
-21.653737 34.405087 -18.182191
-32.095074 33.606603 -10.927191
-28.62573 32.224897 -16.716844
-33.854289 31.520492 -12.835413
-28.6276 35.118053 -11.957554
-32.045557 30.845897 -15.797866
-26.938461 34.398777 -14.867417
-37.466986 -53.654284 -2.661758
-42.370199 -48.080305 -7.8211807
-35.14331 -52.671739 -6.7817173
-43.073208 -30.411076 -15.004709
-43.441873 -39.147996 -11.89535
-29.479471 -48.548341 -13.869983
-39.517549 -46.691865 -11.67206
-32.379502 -50.840115 -10.55778
-37.826539 -50.243124 -9.3733177
-39.426685 -3.0151876 -23.215332
-40.57568 -9.1854918 -21.568603
-42.356751 -22.642847 -17.529114
-41.523716 -15.657482 -19.682442
-18.413239 -37.814398 -23.370583
-26.694762 -37.05596 -22.901843
-20.953763 -40.486784 -21.535456
-40.517859 -29.437215 -18.193199
-34.513048 -34.374448 -21.244577
-40.685228 -33.539634 -16.899479
-26.476174 -45.876313 -16.890083
-29.725463 -39.627672 -20.773993
-23.662039 -43.209663 -19.376729
-31.519659 -45.686393 -16.208816
-25.355251 -40.286331 -21.290274
-40.382524 -42.284353 -13.748763
-34.003691 -38.279039 -19.857463
-40.687566 -37.882707 -15.426161
-36.332951 -44.570361 -15.176026
-37.650835 -36.241335 -18.561164
-33.007271 -42.148278 -18.216811
-2.4130984 -18.579567 -31.553747
-7.2442924 -17.010441 -32.000691
-3.9893824 -20.673245 -30.984439
-2.3733847 -16.060043 -32.199298
-17.1493 -13.276247 -32.080269
-12.142183 -15.263489 -32.201127
-7.393642 -25.032309 -29.576865
-8.9857712 -19.098494 -31.452403
-5.6575857 -22.831498 -30.325952
-6.4897115 -19.903202 -31.250669
-2.3155269 -11.106607 -33.174843
-7.1342285 -14.432858 -32.559731
-2.3434346 -13.556018 -32.739962
-4.7609714 -15.262858 -32.407477
-36.701869 -1.8207585 -25.629051
-32.227782 -5.2424649 -28.400351
-37.408503 -4.8165088 -24.959469
-22.249626 -10.977881 -31.513609
-27.339294 -8.3072059 -30.337954
-38.565881 -11.018051 -23.417933
-32.897639 -8.2237711 -27.842839
-38.025045 -7.8965212 -24.217727
-35.216792 -6.570017 -26.513665
-15.587177 -34.714019 -25.220583
-17.379528 -28.234051 -28.120667
-13.373044 -32.195393 -26.540878
-19.442328 -34.494976 -25.191928
-19.417362 -15.298571 -31.417951
-18.610252 -21.692415 -30.112021
-16.798316 -16.344577 -31.580932
-9.3261632 -27.392575 -28.682637
-15.115557 -25.883705 -29.138112
-11.276357 -29.742173 -27.691851
-10.16156 -24.327809 -29.843412
-14.319779 -29.047296 -27.959879
-27.334414 -33.133331 -24.564607
-20.965457 -27.568938 -27.972794
-23.415837 -33.997323 -24.996912
-20.289783 -31.03066 -26.722734
-11.627956 -18.227488 -31.583488
-15.802642 -22.611967 -30.144514
-14.184336 -17.32131 -31.630746
-10.929835 -21.254154 -30.806984
-16.350093 -19.471835 -30.938316
-12.982892 -23.523866 -30.038546
-2.2775808 -1.4076224 -34.020315
-6.9047441 -4.2673665 -33.809794
-2.2832527 -3.7781318 -33.940985
-16.937098 -10.467702 -32.491396
-11.74711 -7.2601131 -33.339217
-14.47965 -11.543743 -32.633112
-2.3089267 -8.5786973 -33.528818
-6.9426676 -6.7131307 -33.645751
-2.2921368 -6.1806495 -33.776955
-4.6588841 -10.188951 -33.309173
-4.6017326 -5.2334265 -33.822451
-9.6198411 -13.496839 -32.659703
-9.4230789 -8.2923849 -33.391742
-12.027248 -12.558347 -32.684798
-7.1000353 -11.832031 -33.02174
-11.896756 -9.8781787 -33.063829
-7.0375568 -9.2452547 -33.383699
-40.197034 -24.843133 -19.573433
-34.570134 -21.365518 -24.903997
-39.862019 -21.203136 -20.630419
-37.687627 -27.523544 -21.241795
-22.555718 -13.9402 -31.046056
-28.537333 -17.637042 -28.652397
-25.189708 -12.692236 -30.556357
-22.297466 -17.208475 -30.531628
-39.050182 -14.376936 -22.536672
-34.298335 -17.980197 -25.727827
-39.478504 -17.703546 -21.61882
-36.341072 -12.893242 -25.072196
-37.151528 -19.633613 -23.382282
-31.268825 -31.726881 -23.779125
-31.616916 -23.440357 -26.083399
-34.683435 -29.868401 -22.678195
-27.893203 -29.116677 -25.913582
-34.681791 -25.500175 -23.887268
-30.355512 -9.8700985 -28.990208
-31.230323 -16.200903 -27.742239
-27.814548 -11.326321 -29.873955
-33.411611 -11.376517 -27.23654
-28.213881 -14.449867 -29.311177
-33.876977 -14.641891 -26.529828
-21.531594 -23.959411 -29.042331
-28.371342 -21.264166 -27.961732
-21.959182 -20.570245 -29.865824
-24.613468 -26.49377 -27.65586
-25.3103 -19.217364 -29.390531
-28.223205 -25.1184 -27.037275
-2.3989221 18.470417 -31.368379
-7.1341499 16.751814 -31.514152
-3.9452926 20.444769 -30.642006
-2.3619615 15.982746 -32.044322
-16.758421 12.973645 -31.349073
-11.886943 14.942636 -31.524228
-7.2024085 24.384859 -28.811871
-8.7930925 18.688972 -30.77798
-5.5575199 22.427677 -29.789576
-6.3809874 19.569758 -30.727117
-2.3084558 11.072689 -33.073535
-7.0465927 14.255567 -32.159772
-2.3343412 13.503416 -32.612918
-4.7184077 15.126406 -32.11775
-36.681412 1.8197436 -25.614766
-32.053216 5.2140683 -28.246517
-37.356788 4.8098503 -24.924964
-34.549495 0 -27.135689
-21.803285 10.757658 -30.881427
-26.974317 8.1963056 -29.932946
-38.32759 10.949973 -23.273237
-32.603931 8.1503497 -27.594259
-37.913903 7.8734408 -24.146942
-35.058361 6.5404603 -26.394387
-29.922109 -3.4005902 -29.569803
-29.795183 3.3861654 -29.444372
-32.27389 -1.7503356 -28.462311
-32.2206 1.7474455 -28.415315
-14.326829 31.907112 -23.181296
-16.267464 26.427439 -26.32131
-12.524228 30.151881 -24.856271
-17.597432 31.221723 -22.801448
-18.85389 14.854622 -30.506236
-17.764175 20.706213 -28.743038
-16.309527 15.868991 -30.662005
-8.9865904 26.39519 -27.63828
-14.351491 24.575328 -27.66523
-10.727693 28.295032 -26.344471
-9.8246916 23.521312 -28.854066
-13.497295 27.37891 -26.35395
-24.320284 29.479763 -21.8559
-19.495001 25.635333 -26.010864
-20.949478 30.41643 -22.36402
-18.611352 28.463712 -24.51215
-11.333827 17.766424 -30.784584
-15.121916 21.637919 -28.845988
-13.789937 16.839686 -30.751244
-10.609088 20.63043 -29.902924
-15.762545 18.772106 -29.826534
-12.476418 22.606181 -28.866718
-2.276764 1.4071175 -34.008114
-6.8824601 4.2535943 -33.700679
-2.2810365 3.7744646 -33.908041
-4.5776823 0 -33.976748
-16.646371 10.288023 -31.933678
-11.642289 7.1953306 -33.041728
-14.228629 11.343618 -32.067379
-2.3036262 8.5590034 -33.451847
-6.906798 6.678447 -33.471919
-2.288439 6.1706786 -33.722464
-4.6332075 10.132796 -33.125596
-4.5893233 5.2193138 -33.731244
-9.3255031 -2.8624692 -33.739987
-9.2990567 2.8543515 -33.644303
-6.9369783 -1.4281571 -33.889054
-6.9294991 1.4266173 -33.852516
-9.4765215 13.295758 -32.173128
-9.3427687 8.2217113 -33.107154
-11.828002 12.350303 -32.143335
-7.0310095 11.717001 -32.700706
-11.747552 9.7542905 -32.649156
-6.9858659 9.1773482 -33.138496
-37.739437 23.324255 -18.376738
-32.955075 20.367357 -23.740524
-38.301158 20.372893 -19.822602
-34.634437 25.293778 -19.520932
-21.945344 13.562968 -30.205927
-27.480744 16.984034 -27.591548
-24.588275 12.389194 -29.826789
-21.498782 16.592075 -29.438
-38.553695 14.194147 -22.250139
-33.193126 17.400814 -24.898789
-38.563099 17.293047 -21.117535
-35.863701 12.723878 -24.742851
-35.856167 18.949048 -22.567012
-27.895345 28.303982 -21.213681
-29.728605 22.040388 -24.525575
-31.293264 26.948881 -20.46149
-25.42032 26.535326 -23.616202
-32.278035 23.732786 -22.231668
-29.920117 9.7285298 -28.574396
-30.296915 15.716692 -26.913083
-27.273361 11.105945 -29.292698
-32.942204 11.216686 -26.853888
-27.446038 14.056613 -28.513471
-33.146762 14.326286 -25.95798
-20.297919 22.586632 -27.378321
-26.926762 20.181462 -26.538008
-20.949174 19.624121 -28.492152
-22.84791 24.593335 -25.672067
-24.217477 18.387615 -28.121535
-26.295154 23.402452 -25.19024
-19.890425 -9.0831004 -32.183383
-20.072797 -3.0048885 -32.478467
-22.387222 -7.8234307 -31.785708
-17.13232 -7.4760679 -32.756464
-19.577343 8.9401295 -31.676806
-19.973439 2.9900147 -32.317703
-22.082946 7.7170984 -31.353692
-16.927708 7.386781 -32.365253
-27.378202 -5.0057706 -30.519157
-22.471741 -1.591139 -31.98001
-24.905578 -6.4590372 -31.23398
-27.432389 -1.671708 -30.555492
-22.462082 -4.6831661 -31.941396
-11.907555 -4.3998378 -33.505002
-17.287034 -1.5379573 -32.947944
-14.45689 -5.9057035 -33.189431
-11.91139 -1.4723288 -33.566703
-17.248241 -4.4817834 -32.908985
-27.17248 4.9681568 -30.289833
-22.412775 1.5869639 -31.896096
-24.638303 6.3897217 -30.898791
-27.366162 1.6676722 -30.481725
-22.285729 4.6463979 -31.69062
-24.902261 0 -31.324754
-11.843487 4.3761648 -33.324731
-17.245627 1.5342734 -32.869023
-14.335366 5.8560605 -32.910442
-11.89007 1.4696935 -33.506621
-17.126956 4.4502687 -32.677578
-14.566827 0 -33.28084
-26.898514 38.519793 1.9109446
-31.393604 35.624427 5.7949941
-25.81037 38.683808 4.9807099
-29.329911 37.343206 0
-38.529503 27.203074 13.421893
-35.395795 31.897208 9.6921549
-23.183655 38.18006 10.907824
-30.085069 35.546941 8.8860452
-24.565758 38.571499 8.0100014
-28.007689 37.201231 6.9402324
-33.96706 34.371756 -3.9062841
-33.96706 34.371756 3.9062841
-31.710372 35.95692 -1.9500803
-31.710372 35.95692 1.9500803
-39.431919 3.0155879 23.218414
-40.50887 9.1703676 21.53309
-40.401927 21.597848 16.72012
-40.955566 15.443248 19.413136
-16.474385 33.832666 20.909738
-23.181657 32.179292 19.887896
-18.251267 35.265031 18.757937
-36.652008 26.628579 16.457367
-30.025671 29.905092 18.482363
-35.397051 29.180226 14.702922
-21.617158 37.456903 13.790346
-25.06967 33.420931 17.520236
-19.98416 36.493423 16.364931
-25.107696 36.392528 12.911498
-21.653737 34.405087 18.182191
-32.095074 33.606603 10.927191
-28.62573 32.224897 16.716844
-33.854289 31.520492 12.835413
-28.6276 35.118053 11.957554
-32.045557 30.845897 15.797866
-26.938461 34.398777 14.867417
-41.12169 25.414602 -11.605754
-42.789664 26.445467 -3.9588743
-39.780705 28.018236 -9.7912429
-41.12169 25.414602 11.605754
-42.789664 26.445467 3.9588743
-39.780705 28.018236 9.7912429
-36.187933 32.463561 -5.9355666
-41.014441 28.820062 -2.0406396
-38.10485 30.384323 -7.8799002
-36.526976 32.793522 -1.9984112
-40.607556 28.556368 -5.9537763
-36.187933 32.463561 5.9355666
-41.014441 28.820062 2.0406396
-38.10485 30.384323 7.8799002
-36.526976 32.793522 1.9984112
-40.607556 28.556368 5.9537763
-38.914348 30.935765 0
-37.466986 -53.654284 2.661758
-42.370199 -48.080305 7.8211807
-35.14331 -52.671739 6.7817173
-41.262558 -52.535999 0
-43.073208 -30.411076 15.004709
-43.441873 -39.147996 11.89535
-29.479471 -48.548341 13.869983
-39.517549 -46.691865 11.67206
-32.379502 -50.840115 10.55778
-37.826539 -50.243124 9.3733177
-45.250389 -45.78952 -5.2038911
-45.250389 -45.78952 5.2038911
-43.909694 -49.789935 -2.7002972
-43.909694 -49.789935 2.7002972
-39.426685 -3.0151876 23.215332
-40.57568 -9.1854918 21.568603
-42.356751 -22.642847 17.529114
-41.523716 -15.657482 19.682442
-18.413239 -37.814398 23.370583
-26.694762 -37.05596 22.901843
-20.953763 -40.486784 21.535456
-40.517859 -29.437215 18.193199
-34.513048 -34.374448 21.244577
-40.685228 -33.539634 16.899479
-26.476174 -45.876313 16.890083
-29.725463 -39.627672 20.773993
-23.662039 -43.209663 19.376729
-31.519659 -45.686393 16.208816
-25.355251 -40.286331 21.290274
-40.382524 -42.284353 13.748763
-34.003691 -38.279039 19.857463
-40.687566 -37.882707 15.426161
-36.332951 -44.570361 15.176026
-37.650835 -36.241335 18.561164
-33.007271 -42.148278 18.216811
-45.009439 -27.817363 -12.702992
-48.185964 -29.780563 -4.4581367
-45.374993 -31.958389 -11.168167
-45.009439 -27.817363 12.702992
-48.185964 -29.780563 4.4581367
-45.374993 -31.958389 11.168167
-45.708034 -41.003878 -7.4970594
-48.226757 -33.888019 -2.3994825
-45.648971 -36.399909 -9.4399882
-47.060164 -42.250105 -2.5746878
-47.194626 -33.18858 -6.9195558
-45.708034 -41.003878 7.4970594
-48.226757 -33.888019 2.3994825
-45.648971 -36.399909 9.4399882
-47.060164 -42.250105 2.5746878
-47.194626 -33.18858 6.9195558
-47.947879 -38.117157 0
-2.4130984 -18.579567 31.553747
-7.2442924 -17.010441 32.000691
-3.9893824 -20.673245 30.984439
-2.3733847 -16.060043 32.199298
-17.1493 -13.276247 32.080269
-12.142183 -15.263489 32.201127
-7.393642 -25.032309 29.576865
-8.9857712 -19.098494 31.452403
-5.6575857 -22.831498 30.325952
-6.4897115 -19.903202 31.250669
-2.3155269 -11.106607 33.174843
-7.1342285 -14.432858 32.559731
-2.3434346 -13.556018 32.739962
-4.7609714 -15.262858 32.407477
-36.701869 -1.8207585 25.629051
-32.227782 -5.2424649 28.400351
-37.408503 -4.8165088 24.959469
-22.249626 -10.977881 31.513609
-27.339294 -8.3072059 30.337954
-38.565881 -11.018051 23.417933
-32.897639 -8.2237711 27.842839
-38.025045 -7.8965212 24.217727
-35.216792 -6.570017 26.513665
-15.587177 -34.714019 25.220583
-17.379528 -28.234051 28.120667
-13.373044 -32.195393 26.540878
-19.442328 -34.494976 25.191928
-19.417362 -15.298571 31.417951
-18.610252 -21.692415 30.112021
-16.798316 -16.344577 31.580932
-9.3261632 -27.392575 28.682637
-15.115557 -25.883705 29.138112
-11.276357 -29.742173 27.691851
-10.16156 -24.327809 29.843412
-14.319779 -29.047296 27.959879
-27.334414 -33.133331 24.564607
-20.965457 -27.568938 27.972794
-23.415837 -33.997323 24.996912
-20.289783 -31.03066 26.722734
-11.627956 -18.227488 31.583488
-15.802642 -22.611967 30.144514
-14.184336 -17.32131 31.630746
-10.929835 -21.254154 30.806984
-16.350093 -19.471835 30.938316
-12.982892 -23.523866 30.038546
-2.2775808 -1.4076224 34.020315
-6.9047441 -4.2673665 33.809794
-2.2832527 -3.7781318 33.940985
-16.937098 -10.467702 32.491396
-11.74711 -7.2601131 33.339217
-14.47965 -11.543743 32.633112
-2.3089267 -8.5786973 33.528818
-6.9426676 -6.7131307 33.645751
-2.2921368 -6.1806495 33.776955
-4.6588841 -10.188951 33.309173
-4.6017326 -5.2334265 33.822451
-9.6198411 -13.496839 32.659703
-9.4230789 -8.2923849 33.391742
-12.027248 -12.558347 32.684798
-7.1000353 -11.832031 33.02174
-11.896756 -9.8781787 33.063829
-7.0375568 -9.2452547 33.383699
-40.197034 -24.843133 19.573433
-34.570134 -21.365518 24.903997
-39.862019 -21.203136 20.630419
-37.687627 -27.523544 21.241795
-22.555718 -13.9402 31.046056
-28.537333 -17.637042 28.652397
-25.189708 -12.692236 30.556357
-22.297466 -17.208475 30.531628
-39.050182 -14.376936 22.536672
-34.298335 -17.980197 25.727827
-39.478504 -17.703546 21.61882
-36.341072 -12.893242 25.072196
-37.151528 -19.633613 23.382282
-31.268825 -31.726881 23.779125
-31.616916 -23.440357 26.083399
-34.683435 -29.868401 22.678195
-27.893203 -29.116677 25.913582
-34.681791 -25.500175 23.887268
-30.355512 -9.8700985 28.990208
-31.230323 -16.200903 27.742239
-27.814548 -11.326321 29.873955
-33.411611 -11.376517 27.23654
-28.213881 -14.449867 29.311177
-33.876977 -14.641891 26.529828
-21.531594 -23.959411 29.042331
-28.371342 -21.264166 27.961732
-21.959182 -20.570245 29.865824
-24.613468 -26.49377 27.65586
-25.3103 -19.217364 29.390531
-28.223205 -25.1184 27.037275
-2.3989221 18.470417 31.368379
-7.1341499 16.751814 31.514152
-3.9452926 20.444769 30.642006
-2.3619615 15.982746 32.044322
-16.758421 12.973645 31.349073
-11.886943 14.942636 31.524228
-7.2024085 24.384859 28.811871
-8.7930925 18.688972 30.77798
-5.5575199 22.427677 29.789576
-6.3809874 19.569758 30.727117
-2.3084558 11.072689 33.073535
-7.0465927 14.255567 32.159772
-2.3343412 13.503416 32.612918
-4.7184077 15.126406 32.11775
-36.681412 1.8197436 25.614766
-32.053216 5.2140683 28.246517
-37.356788 4.8098503 24.924964
-34.549495 0 27.135689
-21.803285 10.757658 30.881427
-26.974317 8.1963056 29.932946
-38.32759 10.949973 23.273237
-32.603931 8.1503497 27.594259
-37.913903 7.8734408 24.146942
-35.058361 6.5404603 26.394387
-29.922109 -3.4005902 29.569803
-29.795183 3.3861654 29.444372
-32.27389 -1.7503356 28.462311
-32.2206 1.7474455 28.415315
-14.326829 31.907112 23.181296
-16.267464 26.427439 26.32131
-12.524228 30.151881 24.856271
-17.597432 31.221723 22.801448
-18.85389 14.854622 30.506236
-17.764175 20.706213 28.743038
-16.309527 15.868991 30.662005
-8.9865904 26.39519 27.63828
-14.351491 24.575328 27.66523
-10.727693 28.295032 26.344471
-9.8246916 23.521312 28.854066
-13.497295 27.37891 26.35395
-24.320284 29.479763 21.8559
-19.495001 25.635333 26.010864
-20.949478 30.41643 22.36402
-18.611352 28.463712 24.51215
-11.333827 17.766424 30.784584
-15.121916 21.637919 28.845988
-13.789937 16.839686 30.751244
-10.609088 20.63043 29.902924
-15.762545 18.772106 29.826534
-12.476418 22.606181 28.866718
-2.276764 1.4071175 34.008114
-6.8824601 4.2535943 33.700679
-2.2810365 3.7744646 33.908041
-4.5776823 0 33.976748
-16.646371 10.288023 31.933678
-11.642289 7.1953306 33.041728
-14.228629 11.343618 32.067379
-2.3036262 8.5590034 33.451847
-6.906798 6.678447 33.471919
-2.288439 6.1706786 33.722464
-4.6332075 10.132796 33.125596
-4.5893233 5.2193138 33.731244
-9.3255031 -2.8624692 33.739987
-9.2990567 2.8543515 33.644303
-6.9369783 -1.4281571 33.889054
-6.9294991 1.4266173 33.852516
-9.4765215 13.295758 32.173128
-9.3427687 8.2217113 33.107154
-11.828002 12.350303 32.143335
-7.0310095 11.717001 32.700706
-11.747552 9.7542905 32.649156
-6.9858659 9.1773482 33.138496
-37.739437 23.324255 18.376738
-32.955075 20.367357 23.740524
-38.301158 20.372893 19.822602
-34.634437 25.293778 19.520932
-21.945344 13.562968 30.205927
-27.480744 16.984034 27.591548
-24.588275 12.389194 29.826789
-21.498782 16.592075 29.438
-38.553695 14.194147 22.250139
-33.193126 17.400814 24.898789
-38.563099 17.293047 21.117535
-35.863701 12.723878 24.742851
-35.856167 18.949048 22.567012
-27.895345 28.303982 21.213681
-29.728605 22.040388 24.525575
-31.293264 26.948881 20.46149
-25.42032 26.535326 23.616202
-32.278035 23.732786 22.231668
-29.920117 9.7285298 28.574396
-30.296915 15.716692 26.913083
-27.273361 11.105945 29.292698
-32.942204 11.216686 26.853888
-27.446038 14.056613 28.513471
-33.146762 14.326286 25.95798
-20.297919 22.586632 27.378321
-26.926762 20.181462 26.538008
-20.949174 19.624121 28.492152
-22.84791 24.593335 25.672067
-24.217477 18.387615 28.121535
-26.295154 23.402452 25.19024
-19.890425 -9.0831004 32.183383
-20.072797 -3.0048885 32.478467
-22.387222 -7.8234307 31.785708
-17.13232 -7.4760679 32.756464
-19.577343 8.9401295 31.676806
-19.973439 2.9900147 32.317703
-22.082946 7.7170984 31.353692
-16.927708 7.386781 32.365253
-27.378202 -5.0057706 30.519157
-22.471741 -1.591139 31.98001
-24.905578 -6.4590372 31.23398
-27.432389 -1.671708 30.555492
-22.462082 -4.6831661 31.941396
-11.907555 -4.3998378 33.505002
-17.287034 -1.5379573 32.947944
-14.45689 -5.9057035 33.189431
-11.91139 -1.4723288 33.566703
-17.248241 -4.4817834 32.908985
-27.17248 4.9681568 30.289833
-22.412775 1.5869639 31.896096
-24.638303 6.3897217 30.898791
-27.366162 1.6676722 30.481725
-22.285729 4.6463979 31.69062
-24.902261 0 31.324754
-11.843487 4.3761648 33.324731
-17.245627 1.5342734 32.869023
-14.335366 5.8560605 32.910442
-11.89007 1.4696935 33.506621
-17.126956 4.4502687 32.677578
-14.566827 0 33.28084
-41.031802 0 -21.590426
-44.904855 0 -16.187481
-41.684525 3.0725332 -20.79099
-41.651629 -3.0701085 -20.774583
-49.280308 0 -3.4154925
-47.729483 0 -10.053006
-42.682578 9.352266 -18.920045
-45.432734 3.1710992 -15.210426
-42.248965 6.2067811 -19.897875
-43.699906 3.1279167 -18.093996
-42.70993 -9.358259 -18.932169
-45.399821 -3.1688019 -15.199407
-42.209185 -6.200937 -19.87914
-43.656522 -3.1248114 -18.076033
-41.031802 0 21.590426
-44.904855 0 16.187481
-41.684525 3.0725332 20.79099
-41.651629 -3.0701085 20.774583
-49.280308 0 3.4154925
-47.729483 0 10.053006
-42.682578 9.352266 18.920045
-45.432734 3.1710992 15.210426
-42.248965 6.2067811 19.897875
-43.699906 3.1279167 18.093996
-42.70993 -9.358259 18.932169
-45.399821 -3.1688019 15.199407
-42.209185 -6.200937 19.87914
-43.656522 -3.1248114 18.076033
-42.250303 22.024216 -13.611714
-46.115868 16.248977 -10.04242
-42.802623 18.991968 -15.141138
-43.566731 22.786317 -9.943315
-49.32825 3.3024114 -2.0410025
-48.322312 9.8685366 -6.0990911
-48.896653 3.2893393 -5.442918
-42.976554 12.658646 -17.760346
-46.277439 13.059396 -11.492373
-43.026564 15.832778 -16.531922
-44.598356 9.5891345 -15.980053
-44.761846 16.105841 -13.373089
-44.88757 23.551484 -2.0952799
-47.055115 16.723215 -6.1792229
-44.450086 23.297157 -6.0535338
-45.558031 19.844493 -8.1065634
-46.945323 3.2328402 -12.01145
-47.459368 9.7930526 -9.4692769
-48.086006 3.2631629 -8.79898
-45.904413 6.4205539 -14.041712
-48.298417 6.5712683 -7.4733265
-46.205934 9.7405888 -12.796234
-44.525482 -23.21022 -14.344705
-47.127154 -16.605304 -10.262643
-44.100573 -19.567882 -15.600279
-46.463048 -24.301152 -10.604347
-49.430774 -3.3092752 -2.0452445
-48.711183 -9.9479531 -6.1481731
-48.974165 -3.2945536 -5.4515462
-43.212033 -12.728006 -17.857659
-46.737266 -13.189158 -11.606564
-43.659638 -16.065735 -16.775165
-44.649936 -9.6002248 -15.998534
-45.552502 -16.390328 -13.609306
-48.777931 -25.592668 -2.2768758
-48.405823 -17.203251 -6.3565962
-47.954666 -25.133976 -6.5308129
-47.583477 -20.726751 -8.4669697
-46.943066 -3.2326847 -12.010872
-47.720585 -9.8469539 -9.5213961
-48.124096 -3.2657477 -8.8059498
-45.898107 -6.4196719 -14.039783
-48.451353 -6.5920761 -7.4969906
-46.343633 -9.7696169 -12.834368
-42.250303 22.024216 13.611714
-46.115868 16.248977 10.04242
-42.802623 18.991968 15.141138
-43.566731 22.786317 9.943315
-49.32825 3.3024114 2.0410025
-48.322312 9.8685366 6.0990911
-48.896653 3.2893393 5.442918
-49.224213 6.6319709 0
-42.976554 12.658646 17.760346
-46.277439 13.059396 11.492373
-43.026564 15.832778 16.531922
-44.598356 9.5891345 15.980053
-44.761846 16.105841 13.373089
-44.88757 23.551484 2.0952799
-47.055115 16.723215 6.1792229
-44.450086 23.297157 6.0535338
-46.488792 20.34787 0
-45.558031 19.844493 8.1065634
-46.945323 3.2328402 12.01145
-47.459368 9.7930526 9.4692769
-48.086006 3.2631629 8.79898
-45.904413 6.4205539 14.041712
-48.298417 6.5712683 7.4733265
-46.205934 9.7405888 12.796234
-48.165764 13.31269 -4.0863388
-48.165764 13.31269 4.0863388
-48.848535 9.999135 -2.0585815
-47.571624 16.881139 -2.0866236
-48.848535 9.999135 2.0585815
-47.571624 16.881139 2.0866236
-44.525482 -23.21022 14.344705
-47.127154 -16.605304 10.262643
-44.100573 -19.567882 15.600279
-46.463048 -24.301152 10.604347
-49.430774 -3.3092752 2.0452445
-48.711183 -9.9479531 6.1481731
-48.974165 -3.2945536 5.4515462
-49.483383 -6.6668889 0
-43.212033 -12.728006 17.857659
-46.737266 -13.189158 11.606564
-43.659638 -16.065735 16.775165
-44.649936 -9.6002248 15.998534
-45.552502 -16.390328 13.609306
-48.777931 -25.592668 2.2768758
-48.405823 -17.203251 6.3565962
-47.954666 -25.133976 6.5308129
-49.077355 -21.480869 0
-47.583477 -20.726751 8.4669697
-46.943066 -3.2326847 12.010872
-47.720585 -9.8469539 9.5213961
-48.124096 -3.2657477 8.8059498
-45.898107 -6.4196719 14.039783
-48.451353 -6.5920761 7.4969906
-46.343633 -9.7696169 12.834368
-49.002519 -13.543963 -4.1573283
-49.002519 -13.543963 4.1573283
-49.344025 -10.10056 -2.0794625
-49.130148 -17.434193 -2.1549847
-49.344025 -10.10056 2.0794625
-49.130148 -17.434193 2.1549847
