-16.694315 27.011969 0
21.197273 34.297909 0
-21.197273 -34.297909 0
16.694315 -27.011969 0
0 -19.643277 31.78349
0 19.643277 31.78349
0 -19.643277 -31.78349
0 19.643277 -31.78349
33.099731 0 -20.456759
33.099731 0 20.456759
-33.099731 0 -20.456759
-33.099731 0 20.456759
0 34.134144 0
0 -34.134144 0
-11.806817 -30.910649 19.103831
10.326215 -27.034383 16.708167
-10.326215 27.034383 16.708167
11.806817 30.910649 19.103831
0 0 38.863636
-11.806817 -30.910649 -19.103831
10.326215 -27.034383 -16.708167
-10.326215 27.034383 -16.708167
11.806817 30.910649 -19.103831
0 0 -38.863636
34.835352 21.529431 -13.30592
27.272178 -16.855133 -10.417045
18.31471 -11.319113 -29.633823
20.158573 12.458683 -32.617256
34.835352 21.529431 13.30592
27.272178 -16.855133 10.417045
18.31471 -11.319113 29.633823
20.158573 12.458683 32.617256
38.929231 0 0
-27.272178 16.855133 -10.417045
-34.835352 -21.529431 -13.30592
-20.158573 -12.458683 -32.617256
-18.31471 11.319113 -29.633823
-27.272178 16.855133 10.417045
-34.835352 -21.529431 13.30592
-20.158573 -12.458683 32.617256
-18.31471 11.319113 29.633823
-38.929231 0 0
-8.84674 31.141825 0
10.094898 35.535525 0
-10.094898 -35.535525 0
8.84674 -31.141825 0
-17.017653 -33.834939 10.193287
-6.0300098 -26.045636 26.355954
-5.8379191 -34.175773 9.4459515
13.96549 -27.766548 8.3650921
5.666907 -24.477273 24.768905
5.4017564 -31.622432 8.7402254
0 -29.999344 18.540614
-13.96549 27.766548 8.3650921
-5.666907 24.477273 24.768905
-5.4017564 31.622432 8.7402254
17.017653 33.834939 10.193287
6.0300098 26.045636 26.355954
5.8379191 34.175773 9.4459515
0 29.999344 18.540614
0 -10.504551 36.977563
0 10.504551 36.977563
-17.017653 -33.834939 -10.193287
-6.0300098 -26.045636 -26.355954
-5.8379191 -34.175773 -9.4459515
13.96549 -27.766548 -8.3650921
5.666907 -24.477273 -24.768905
5.4017564 -31.622432 -8.7402254
0 -29.999344 -18.540614
-13.96549 27.766548 -8.3650921
-5.666907 24.477273 -24.768905
-5.4017564 31.622432 -8.7402254
17.017653 33.834939 -10.193287
6.0300098 26.045636 -26.355954
5.8379191 34.175773 -9.4459515
0 29.999344 -18.540614
0 -10.504551 -36.977563
0 10.504551 -36.977563
29.512486 29.864109 -6.8326448
35.842676 10.798148 -18.027467
24.324565 28.479696 -17.60142
22.359333 -22.625731 -5.1765678
31.127371 -9.3775907 -15.655852
19.331044 -22.63318 -13.988075
9.5131191 -15.882116 -31.577235
26.282168 -6.0131283 -25.972719
14.721456 -20.344551 -23.819815
10.042927 -6.2068705 -36.335653
24.0362 -14.855189 -20.529366
10.182932 17.000367 -33.80057
28.227476 6.4581976 -27.895123
17.023923 23.526483 -27.545286
10.317364 6.3764818 -37.328575
28.742652 17.763936 -24.549156
20.441337 0 -33.074778
29.512486 29.864109 6.8326448
35.842676 10.798148 18.027467
24.324565 28.479696 17.60142
37.0761 22.91429 0
22.359333 -22.625731 5.1765678
31.127371 -9.3775907 15.655852
19.331044 -22.63318 13.988075
28.30804 -17.495331 0
9.5131191 -15.882116 31.577235
26.282168 -6.0131283 25.972719
14.721456 -20.344551 23.819815
10.042927 -6.2068705 36.335653
24.0362 -14.855189 20.529366
10.182932 17.000367 33.80057
28.227476 6.4581976 27.895123
17.023923 23.526483 27.545286
10.317364 6.3764818 37.328575
28.742652 17.763936 24.549156
20.441337 0 33.074778
37.442797 0 -10.636714
37.442797 0 10.636714
39.892704 11.026072 -6.8144874
34.077671 -9.4188366 -5.8211612
39.892704 11.026072 6.8144874
34.077671 -9.4188366 5.8211612
-22.359333 22.625731 -5.1765678
-31.127371 9.3775907 -15.655852
-19.331044 22.63318 -13.988075
-29.512486 -29.864109 -6.8326448
-35.842676 -10.798148 -18.027467
-24.324565 -28.479696 -17.60142
-10.182932 -17.000367 -33.80057
-28.227476 -6.4581976 -27.895123
-17.023923 -23.526483 -27.545286
-10.317364 -6.3764818 -37.328575
-28.742652 -17.763936 -24.549156
-9.5131191 15.882116 -31.577235
-26.282168 6.0131283 -25.972719
-14.721456 20.344551 -23.819815
-10.042927 6.2068705 -36.335653
-24.0362 14.855189 -20.529366
-20.441337 0 -33.074778
-22.359333 22.625731 5.1765678
-31.127371 9.3775907 15.655852
-19.331044 22.63318 13.988075
-28.30804 17.495331 0
-29.512486 -29.864109 6.8326448
-35.842676 -10.798148 18.027467
-24.324565 -28.479696 17.60142
-37.0761 -22.91429 0
-10.182932 -17.000367 33.80057
-28.227476 -6.4581976 27.895123
-17.023923 -23.526483 27.545286
-10.317364 -6.3764818 37.328575
-28.742652 -17.763936 24.549156
-9.5131191 15.882116 31.577235
-26.282168 6.0131283 25.972719
-14.721456 20.344551 23.819815
-10.042927 6.2068705 36.335653
-24.0362 14.855189 20.529366
-20.441337 0 33.074778
-37.442797 0 -10.636714
-37.442797 0 10.636714
-34.077671 9.4188366 -5.8211612
-39.892704 -11.026072 -6.8144874
-34.077671 9.4188366 5.8211612
-39.892704 -11.026072 6.8144874
-12.875605 29.209327 0
-4.5680087 32.796375 0
15.576191 35.335818 0
4.8866363 35.083987 0
-15.576191 -35.335818 0
-4.8866363 -35.083987 0
12.875605 -29.209327 0
4.5680087 -32.796375 0
-19.2715 -34.407624 5.2192626
-14.508191 -32.646319 14.839917
-13.637621 -35.187891 5.0120652
-3.031593 -23.017158 29.305731
-8.9665259 -28.691978 22.949925
-2.8733478 -34.507381 4.6491744
-8.8449563 -33.019168 14.31144
-8.0075418 -35.155977 4.8307999
-11.303193 -34.377359 9.9083495
15.43759 -27.562504 4.1809323
12.266723 -27.602571 12.547199
11.509057 -29.695755 4.2297807
2.9462678 -22.369333 28.480912
8.1291098 -26.012331 20.806549
0 -25.513684 25.817664
2.7604184 -33.151159 4.4664508
7.9240691 -29.581398 12.821413
7.1995312 -31.608521 4.3433422
0 -33.170738 9.1681664
9.8113992 -29.84024 8.6006471
-5.7306408 -30.778113 19.02192
5.3472792 -28.719156 17.749414
-2.9533789 -28.397665 22.575311
-2.9216495 -32.401589 14.181984
2.8543058 -27.445046 21.818007
2.8117271 -31.182531 13.64841
-15.43759 27.562504 4.1809323
-12.266723 27.602571 12.547199
-11.509057 29.695755 4.2297807
-2.9462678 22.369333 28.480912
-8.1291098 26.012331 20.806549
-2.7604184 33.151159 4.4664508
-7.9240691 29.581398 12.821413
-7.1995312 31.608521 4.3433422
-9.8113992 29.84024 8.6006471
19.2715 34.407624 5.2192626
14.508191 32.646319 14.839917
13.637621 35.187891 5.0120652
3.031593 23.017158 29.305731
8.9665259 28.691978 22.949925
0 25.513684 25.817664
2.8733478 34.507381 4.6491744
8.8449563 33.019168 14.31144
8.0075418 35.155977 4.8307999
0 33.170738 9.1681664
11.303193 34.377359 9.9083495
-5.3472792 28.719156 17.749414
5.7306408 30.778113 19.02192
-2.8543058 27.445046 21.818007
-2.8117271 31.182531 13.64841
2.9533789 28.397665 22.575311
2.9216495 32.401589 14.181984
0 -15.311138 34.734523
0 -5.3462731 38.383985
0 15.311138 34.734523
0 5.3462731 38.383985
-19.2715 -34.407624 -5.2192626
-14.508191 -32.646319 -14.839917
-13.637621 -35.187891 -5.0120652
-3.031593 -23.017158 -29.305731
-8.9665259 -28.691978 -22.949925
-2.8733478 -34.507381 -4.6491744
-8.8449563 -33.019168 -14.31144
-8.0075418 -35.155977 -4.8307999
-11.303193 -34.377359 -9.9083495
15.43759 -27.562504 -4.1809323
12.266723 -27.602571 -12.547199
11.509057 -29.695755 -4.2297807
2.9462678 -22.369333 -28.480912
8.1291098 -26.012331 -20.806549
0 -25.513684 -25.817664
2.7604184 -33.151159 -4.4664508
7.9240691 -29.581398 -12.821413
7.1995312 -31.608521 -4.3433422
0 -33.170738 -9.1681664
9.8113992 -29.84024 -8.6006471
-5.7306408 -30.778113 -19.02192
5.3472792 -28.719156 -17.749414
-2.9533789 -28.397665 -22.575311
-2.9216495 -32.401589 -14.181984
2.8543058 -27.445046 -21.818007
2.8117271 -31.182531 -13.64841
-15.43759 27.562504 -4.1809323
-12.266723 27.602571 -12.547199
-11.509057 29.695755 -4.2297807
-2.9462678 22.369333 -28.480912
-8.1291098 26.012331 -20.806549
-2.7604184 33.151159 -4.4664508
-7.9240691 29.581398 -12.821413
-7.1995312 31.608521 -4.3433422
-9.8113992 29.84024 -8.6006471
19.2715 34.407624 -5.2192626
14.508191 32.646319 -14.839917
13.637621 35.187891 -5.0120652
3.031593 23.017158 -29.305731
8.9665259 28.691978 -22.949925
0 25.513684 -25.817664
2.8733478 34.507381 -4.6491744
8.8449563 33.019168 -14.31144
8.0075418 35.155977 -4.8307999
0 33.170738 -9.1681664
11.303193 34.377359 -9.9083495
-5.3472792 28.719156 -17.749414
5.7306408 30.778113 -19.02192
-2.8543058 27.445046 -21.818007
-2.8117271 31.182531 -13.64841
2.9533789 28.397665 -22.575311
2.9216495 32.401589 -14.181984
0 -15.311138 -34.734523
0 -5.3462731 -38.383985
0 15.311138 -34.734523
0 5.3462731 -38.383985
25.594179 32.586826 -3.3710128
32.671183 26.132782 -10.210067
23.439383 32.523685 -8.740674
34.848606 5.2861547 -19.518491
35.884825 16.312033 -15.9474
18.095377 30.210163 -18.670907
30.07281 25.58146 -15.810212
20.868865 31.678091 -13.996353
27.201384 29.507953 -12.436804
19.61642 -24.975869 -2.5836813
24.919058 -19.93207 -7.7874514
18.292206 -25.381639 -6.8212637
32.424326 -4.9184178 -18.160667
29.369249 -13.350271 -13.051844
14.974108 -24.999217 -15.450366
23.427123 -19.928301 -12.316367
16.726216 -25.389718 -11.217957
21.011944 -22.793674 -9.6069165
4.8399013 -17.870754 -31.906711
14.008292 -13.695156 -30.816828
7.6409767 -20.490385 -28.431757
4.9511348 -13.471832 -34.760121
29.86713 -3.0896681 -23.458089
22.415649 -8.7577844 -28.024026
29.124988 -7.8272811 -20.989988
12.599496 -23.965666 -20.386413
16.649456 -16.136236 -26.939385
10.30678 -22.542665 -24.454193
17.273793 -21.755717 -18.985736
12.321044 -18.370942 -27.886346
5.1487548 -3.1821054 -38.215397
14.475662 -8.9464511 -33.39806
5.0779778 -8.4172643 -36.954805
9.8883788 -11.280411 -34.30807
25.946079 -16.035559 -15.541263
21.502247 -13.289119 -25.277407
27.726822 -12.250561 -18.265851
21.830596 -19.051081 -17.333246
25.380408 -10.697155 -23.39648
19.526307 -17.765621 -22.375157
5.0264087 18.55941 -33.136248
15.298425 14.956449 -33.65499
8.2006745 21.991296 -30.514369
5.0963277 13.866896 -35.779468
31.099906 3.2171953 -24.42633
24.535163 9.5858776 -30.67384
32.400515 8.7075724 -23.350616
27.666569 0 -27.34082
14.590258 27.752319 -23.607533
18.927588 18.344145 -30.62548
11.492143 25.135252 -27.266621
20.893218 26.314252 -22.963868
13.695166 20.419789 -30.996411
5.1846443 3.2042864 -38.481778
15.33603 9.478188 -35.38309
5.1719068 8.5729613 -37.638371
10.354693 0 -37.46363
10.388296 11.850703 -36.042549
32.191011 19.895139 -19.281871
24.674873 15.24991 -29.007053
32.814076 14.498266 -21.617228
27.082108 23.633959 -21.502887
28.89786 12.179666 -26.638981
23.208083 21.115412 -26.594097
19.619329 -5.9106192 -31.744741
20.653643 6.2222221 -33.418297
23.720515 -3.1031985 -29.838227
15.359182 -3.1641656 -35.091134
24.491722 3.2040904 -30.808335
15.683453 3.230969 -35.831996
25.594179 32.586826 3.3710128
32.671183 26.132782 10.210067
23.439383 32.523685 8.740674
29.979446 30.336633 0
34.848606 5.2861547 19.518491
35.884825 16.312033 15.9474
18.095377 30.210163 18.670907
30.07281 25.58146 15.810212
20.868865 31.678091 13.996353
27.201384 29.507953 12.436804
36.504679 22.561132 -6.7968819
36.504679 22.561132 6.7968819
33.811867 26.879442 -3.5164601
33.811867 26.879442 3.5164601
19.61642 -24.975869 2.5836813
24.919058 -19.93207 7.7874514
18.292206 -25.381639 6.8212637
22.560359 -22.829152 0
32.424326 -4.9184178 18.160667
29.369249 -13.350271 13.051844
14.974108 -24.999217 15.450366
23.427123 -19.928301 12.316367
16.726216 -25.389718 11.217957
21.011944 -22.793674 9.6069165
28.05124 -17.33662 -5.2229187
28.05124 -17.33662 5.2229187
25.448193 -20.230567 -2.6466315
25.448193 -20.230567 2.6466315
4.8399013 -17.870754 31.906711
14.008292 -13.695156 30.816828
7.6409767 -20.490385 28.431757
4.9511348 -13.471832 34.760121
29.86713 -3.0896681 23.458089
22.415649 -8.7577844 28.024026
29.124988 -7.8272811 20.989988
12.599496 -23.965666 20.386413
16.649456 -16.136236 26.939385
10.30678 -22.542665 24.454193
17.273793 -21.755717 18.985736
12.321044 -18.370942 27.886346
5.1487548 -3.1821054 38.215397
14.475662 -8.9464511 33.39806
5.0779778 -8.4172643 36.954805
9.8883788 -11.280411 34.30807
25.946079 -16.035559 15.541263
21.502247 -13.289119 25.277407
27.726822 -12.250561 18.265851
21.830596 -19.051081 17.333246
25.380408 -10.697155 23.39648
19.526307 -17.765621 22.375157
5.0264087 18.55941 33.136248
15.298425 14.956449 33.65499
8.2006745 21.991296 30.514369
5.0963277 13.866896 35.779468
31.099906 3.2171953 24.42633
24.535163 9.5858776 30.67384
32.400515 8.7075724 23.350616
27.666569 0 27.34082
14.590258 27.752319 23.607533
18.927588 18.344145 30.62548
11.492143 25.135252 27.266621
20.893218 26.314252 22.963868
13.695166 20.419789 30.996411
5.1846443 3.2042864 38.481778
15.33603 9.478188 35.38309
5.1719068 8.5729613 37.638371
10.354693 0 37.46363
10.388296 11.850703 36.042549
32.191011 19.895139 19.281871
24.674873 15.24991 29.007053
32.814076 14.498266 21.617228
27.082108 23.633959 21.502887
28.89786 12.179666 26.638981
23.208083 21.115412 26.594097
19.619329 -5.9106192 31.744741
20.653643 6.2222221 33.418297
23.720515 -3.1031985 29.838227
15.359182 -3.1641656 35.091134
24.491722 3.2040904 30.808335
15.683453 3.230969 35.831996
35.61215 0 -15.698
38.555784 0 -5.370202
37.35232 5.3203604 -14.47648
34.57147 -4.9242638 -13.398717
35.61215 0 15.698
38.555784 0 5.370202
37.35232 5.3203604 14.47648
34.57147 -4.9242638 13.398717
38.17724 16.547094 -10.226666
40.054585 5.3965484 -3.3352503
38.309524 11.04169 -12.596079
39.363569 17.229202 -3.5494108
39.146409 5.3791271 -8.91645
30.84468 -13.368955 -8.2624686
36.841681 -4.9636742 -3.0677194
32.896093 -9.4814145 -10.816156
31.404504 -13.745566 -2.8317424
36.078172 -4.9575192 -8.2175919
38.17724 16.547094 10.226666
40.054585 5.3965484 3.3352503
38.309524 11.04169 12.596079
39.363569 17.229202 3.5494108
39.146409 5.3791271 8.91645
40.520475 11.199584 0
30.84468 -13.368955 8.2624686
36.841681 -4.9636742 3.0677194
32.896093 -9.4814145 10.816156
31.404504 -13.745566 2.8317424
36.078172 -4.9575192 8.2175919
34.466498 -9.5263057 0
-19.61642 24.975869 -2.5836813
-24.919058 19.93207 -7.7874514
-18.292206 25.381639 -6.8212637
-32.424326 4.9184178 -18.160667
-29.369249 13.350271 -13.051844
-14.974108 24.999217 -15.450366
-23.427123 19.928301 -12.316367
-16.726216 25.389718 -11.217957
-21.011944 22.793674 -9.6069165
-25.594179 -32.586826 -3.3710128
-32.671183 -26.132782 -10.210067
-23.439383 -32.523685 -8.740674
-34.848606 -5.2861547 -19.518491
-35.884825 -16.312033 -15.9474
-18.095377 -30.210163 -18.670907
-30.07281 -25.58146 -15.810212
-20.868865 -31.678091 -13.996353
-27.201384 -29.507953 -12.436804
-5.0264087 -18.55941 -33.136248
-15.298425 -14.956449 -33.65499
-8.2006745 -21.991296 -30.514369
-5.0963277 -13.866896 -35.779468
-31.099906 -3.2171953 -24.42633
-24.535163 -9.5858776 -30.67384
-32.400515 -8.7075724 -23.350616
-14.590258 -27.752319 -23.607533
-18.927588 -18.344145 -30.62548
-11.492143 -25.135252 -27.266621
-20.893218 -26.314252 -22.963868
-13.695166 -20.419789 -30.996411
-5.1846443 -3.2042864 -38.481778
-15.33603 -9.478188 -35.38309
-5.1719068 -8.5729613 -37.638371
-10.388296 -11.850703 -36.042549
-32.191011 -19.895139 -19.281871
-24.674873 -15.24991 -29.007053
-32.814076 -14.498266 -21.617228
-27.082108 -23.633959 -21.502887
-28.89786 -12.179666 -26.638981
-23.208083 -21.115412 -26.594097
-4.8399013 17.870754 -31.906711
-14.008292 13.695156 -30.816828
-7.6409767 20.490385 -28.431757
-4.9511348 13.471832 -34.760121
-29.86713 3.0896681 -23.458089
-22.415649 8.7577844 -28.024026
-29.124988 7.8272811 -20.989988
-27.666569 0 -27.34082
-12.599496 23.965666 -20.386413
-16.649456 16.136236 -26.939385
-10.30678 22.542665 -24.454193
-17.273793 21.755717 -18.985736
-12.321044 18.370942 -27.886346
-5.1487548 3.1821054 -38.215397
-14.475662 8.9464511 -33.39806
-5.0779778 8.4172643 -36.954805
-10.354693 0 -37.46363
-9.8883788 11.280411 -34.30807
-25.946079 16.035559 -15.541263
-21.502247 13.289119 -25.277407
-27.726822 12.250561 -18.265851
-21.830596 19.051081 -17.333246
-25.380408 10.697155 -23.39648
-19.526307 17.765621 -22.375157
-20.653643 -6.2222221 -33.418297
-19.619329 5.9106192 -31.744741
-24.491722 -3.2040904 -30.808335
-15.683453 -3.230969 -35.831996
-23.720515 3.1031985 -29.838227
-15.359182 3.1641656 -35.091134
-19.61642 24.975869 2.5836813
-24.919058 19.93207 7.7874514
-18.292206 25.381639 6.8212637
-22.560359 22.829152 0
-32.424326 4.9184178 18.160667
-29.369249 13.350271 13.051844
-14.974108 24.999217 15.450366
-23.427123 19.928301 12.316367
-16.726216 25.389718 11.217957
-21.011944 22.793674 9.6069165
-28.05124 17.33662 -5.2229187
-28.05124 17.33662 5.2229187
-25.448193 20.230567 -2.6466315
-25.448193 20.230567 2.6466315
-25.594179 -32.586826 3.3710128
-32.671183 -26.132782 10.210067
-23.439383 -32.523685 8.740674
-29.979446 -30.336633 0
-34.848606 -5.2861547 19.518491
-35.884825 -16.312033 15.9474
-18.095377 -30.210163 18.670907
-30.07281 -25.58146 15.810212
-20.868865 -31.678091 13.996353
-27.201384 -29.507953 12.436804
-36.504679 -22.561132 -6.7968819
-36.504679 -22.561132 6.7968819
-33.811867 -26.879442 -3.5164601
-33.811867 -26.879442 3.5164601
-5.0264087 -18.55941 33.136248
-15.298425 -14.956449 33.65499
-8.2006745 -21.991296 30.514369
-5.0963277 -13.866896 35.779468
-31.099906 -3.2171953 24.42633
-24.535163 -9.5858776 30.67384
-32.400515 -8.7075724 23.350616
-14.590258 -27.752319 23.607533
-18.927588 -18.344145 30.62548
-11.492143 -25.135252 27.266621
-20.893218 -26.314252 22.963868
-13.695166 -20.419789 30.996411
-5.1846443 -3.2042864 38.481778
-15.33603 -9.478188 35.38309
-5.1719068 -8.5729613 37.638371
-10.388296 -11.850703 36.042549
-32.191011 -19.895139 19.281871
-24.674873 -15.24991 29.007053
-32.814076 -14.498266 21.617228
-27.082108 -23.633959 21.502887
-28.89786 -12.179666 26.638981
-23.208083 -21.115412 26.594097
-4.8399013 17.870754 31.906711
-14.008292 13.695156 30.816828
-7.6409767 20.490385 28.431757
-4.9511348 13.471832 34.760121
-29.86713 3.0896681 23.458089
-22.415649 8.7577844 28.024026
-29.124988 7.8272811 20.989988
-27.666569 0 27.34082
-12.599496 23.965666 20.386413
-16.649456 16.136236 26.939385
-10.30678 22.542665 24.454193
-17.273793 21.755717 18.985736
-12.321044 18.370942 27.886346
-5.1487548 3.1821054 38.215397
-14.475662 8.9464511 33.39806
-5.0779778 8.4172643 36.954805
-10.354693 0 37.46363
-9.8883788 11.280411 34.30807
-25.946079 16.035559 15.541263
-21.502247 13.289119 25.277407
-27.726822 12.250561 18.265851
-21.830596 19.051081 17.333246
-25.380408 10.697155 23.39648
-19.526307 17.765621 22.375157
-20.653643 -6.2222221 33.418297
-19.619329 5.9106192 31.744741
-24.491722 -3.2040904 30.808335
-15.683453 -3.230969 35.831996
-23.720515 3.1031985 29.838227
-15.359182 3.1641656 35.091134
-35.61215 0 -15.698
-38.555784 0 -5.370202
-34.57147 4.9242638 -13.398717
-37.35232 -5.3203604 -14.47648
-35.61215 0 15.698
-38.555784 0 5.370202
-34.57147 4.9242638 13.398717
-37.35232 -5.3203604 14.47648
-30.84468 13.368955 -8.2624686
-36.841681 4.9636742 -3.0677194
-32.896093 9.4814145 -10.816156
-31.404504 13.745566 -2.8317424
-36.078172 4.9575192 -8.2175919
-38.17724 -16.547094 -10.226666
-40.054585 -5.3965484 -3.3352503
-38.309524 -11.04169 -12.596079
-39.363569 -17.229202 -3.5494108
-39.146409 -5.3791271 -8.91645
-30.84468 13.368955 8.2624686
-36.841681 4.9636742 3.0677194
-32.896093 9.4814145 10.816156
-31.404504 13.745566 2.8317424
-36.078172 4.9575192 8.2175919
-34.466498 9.5263057 0
-38.17724 -16.547094 10.226666
-40.054585 -5.3965484 3.3352503
-38.309524 -11.04169 12.596079
-39.363569 -17.229202 3.5494108
-39.146409 -5.3791271 8.91645
-40.520475 -11.199584 0
-14.808916 28.143794 0
-10.889848 30.208965 0
-2.322386 33.508461 0
-6.7411676 32.005597 0
18.381827 34.933978 0
12.807346 35.528198 0
2.4024363 34.663464 0
7.4520307 35.38062 0
-18.381827 -34.933978 0
-12.807346 -35.528198 0
-2.4024363 -34.663464 0
-7.4520307 -35.38062 0
14.808916 -28.143794 0
10.889848 -30.208965 0
2.322386 -33.508461 0
6.7411676 -32.005597 0
-20.280151 -34.441856 2.6339688
-18.180895 -34.202594 7.7427574
-17.460303 -35.006724 2.5803179
-13.177925 -31.842687 17.022295
-15.790651 -33.31327 12.561543
-11.877588 -35.477723 2.4762625
-15.357848 -34.646458 7.5914554
-14.634808 -35.345412 2.5299254
-16.440665 -34.908304 5.1283671
-1.5182819 -21.371382 30.604708
-4.5366484 -24.576685 27.888812
-10.401144 -29.858001 21.080713
-7.5079842 -27.419193 24.709029
-1.4234242 -34.402223 2.3031487
-4.3464982 -34.436744 7.0327817
-3.881201 -34.866912 2.345541
-10.338786 -32.091244 16.728507
-7.3405726 -33.708695 11.877296
-11.648359 -32.928853 14.610874
-9.0637524 -35.424599 2.4394776
-6.930932 -34.737357 7.167916
-6.4438851 -35.215525 2.3897596
-10.786793 -35.263607 4.9322467
-5.3996317 -34.896597 4.7478762
-14.138044 -34.211294 10.076859
-8.5323085 -34.357865 9.6957169
-12.926167 -33.642099 12.379513
-12.491989 -34.863602 7.4960559
-10.087927 -33.76589 12.149366
-9.6611632 -34.885504 7.3541495
16.092396 -27.329775 2.0900667
14.729043 -27.708838 6.2727058
14.186904 -28.44378 2.0965685
11.32768 -27.371819 14.632282
13.145332 -27.732485 10.457178
10.204301 -30.479706 2.1274126
12.762498 -28.791493 6.3085622
12.214399 -29.499736 2.1115083
13.499167 -28.66265 4.2108201
1.4979549 -21.085258 30.194968
4.3375901 -23.498313 26.665111
0 -22.753434 28.969954
9.2605071 -26.583637 18.768907
6.9312062 -25.312797 22.810833
-2.9727857 -25.849833 26.157817
2.8810299 -25.05197 25.350449
-1.4976228 -24.352934 27.614198
1.4751417 -23.987368 27.199677
1.3949535 -33.714127 2.2570822
4.0960201 -32.452239 6.6274998
3.6773266 -33.035398 2.2223328
0 -33.897636 4.5670235
9.1404579 -28.371674 14.789571
6.677757 -30.664975 10.804838
10.127109 -28.628417 12.702726
8.041588 -31.42959 2.1643656
6.3198293 -31.674552 6.5359184
5.9043964 -32.267245 2.1896864
9.3875844 -30.689388 4.2924603
5.0163022 -32.419225 4.4108159
-2.8633865 -33.750799 9.3284914
2.7535357 -32.455986 8.9706139
-1.4292154 -33.914167 6.9421187
1.4009112 -33.242531 6.8046372
11.917796 -28.838729 8.4943818
7.6411357 -30.769294 8.6830298
11.05895 -28.782415 10.591262
10.685343 -29.821474 6.4119432
8.8928316 -29.765716 10.710056
8.5266562 -30.788911 6.4905543
-8.7310681 -30.936057 19.119535
-2.8180779 -30.459317 18.824893
-7.3445795 -29.840191 21.01696
-7.2993322 -31.982095 16.727309
7.8807084 -27.923049 17.257393
2.7214385 -29.414786 18.179337
6.7482231 -27.417262 19.31045
6.6728555 -29.237181 15.291661
-4.4810774 -27.32021 24.508483
-1.4571558 -29.287106 20.579489
-5.9195947 -28.625397 22.825527
-1.477659 -27.008663 24.248085
-4.3459834 -29.641652 20.844838
-4.3822155 -33.370808 11.859862
-1.4599032 -31.275776 16.409686
-5.8352982 -32.793761 14.284541
-1.4426363 -32.889762 11.671173
-4.3173404 -31.701508 16.615379
4.2665486 -26.012272 23.335154
1.4316583 -28.774637 20.219386
5.5376741 -26.778543 21.352869
1.4534378 -26.565947 23.850619
4.1278537 -28.153904 19.798612
0 -27.987072 22.248901
4.1350031 -31.488272 11.190816
1.4326213 -30.691312 16.103031
5.4152722 -30.433259 13.256336
1.4146517 -32.251759 11.444773
4.0881761 -30.018793 15.733435
0 -31.860942 13.945346
-16.092396 27.329775 2.0900667
-14.729043 27.708838 6.2727058
-14.186904 28.44378 2.0965685
-11.32768 27.371819 14.632282
-13.145332 27.732485 10.457178
-10.204301 30.479706 2.1274126
-12.762498 28.791493 6.3085622
-12.214399 29.499736 2.1115083
-13.499167 28.66265 4.2108201
-1.4979549 21.085258 30.194968
-4.3375901 23.498313 26.665111
-9.2605071 26.583637 18.768907
-6.9312062 25.312797 22.810833
-1.3949535 33.714127 2.2570822
-4.0960201 32.452239 6.6274998
-3.6773266 33.035398 2.2223328
-9.1404579 28.371674 14.789571
-6.677757 30.664975 10.804838
-10.127109 28.628417 12.702726
-8.041588 31.42959 2.1643656
-6.3198293 31.674552 6.5359184
-5.9043964 32.267245 2.1896864
-9.3875844 30.689388 4.2924603
-5.0163022 32.419225 4.4108159
-11.917796 28.838729 8.4943818
-7.6411357 30.769294 8.6830298
-11.05895 28.782415 10.591262
-10.685343 29.821474 6.4119432
-8.8928316 29.765716 10.710056
-8.5266562 30.788911 6.4905543
20.280151 34.441856 2.6339688
18.180895 34.202594 7.7427574
17.460303 35.006724 2.5803179
13.177925 31.842687 17.022295
15.790651 33.31327 12.561543
11.877588 35.477723 2.4762625
15.357848 34.646458 7.5914554
14.634808 35.345412 2.5299254
16.440665 34.908304 5.1283671
1.5182819 21.371382 30.604708
4.5366484 24.576685 27.888812
0 22.753434 28.969954
10.401144 29.858001 21.080713
7.5079842 27.419193 24.709029
-2.8810299 25.05197 25.350449
2.9727857 25.849833 26.157817
-1.4751417 23.987368 27.199677
1.4976228 24.352934 27.614198
1.4234242 34.402223 2.3031487
4.3464982 34.436744 7.0327817
3.881201 34.866912 2.345541
0 33.897636 4.5670235
10.338786 32.091244 16.728507
7.3405726 33.708695 11.877296
11.648359 32.928853 14.610874
9.0637524 35.424599 2.4394776
6.930932 34.737357 7.167916
6.4438851 35.215525 2.3897596
10.786793 35.263607 4.9322467
5.3996317 34.896597 4.7478762
-2.7535357 32.455986 8.9706139
2.8633865 33.750799 9.3284914
-1.4009112 33.242531 6.8046372
1.4292154 33.914167 6.9421187
14.138044 34.211294 10.076859
8.5323085 34.357865 9.6957169
12.926167 33.642099 12.379513
12.491989 34.863602 7.4960559
10.087927 33.76589 12.149366
9.6611632 34.885504 7.3541495
-7.8807084 27.923049 17.257393
-2.7214385 29.414786 18.179337
-6.7482231 27.417262 19.31045
-6.6728555 29.237181 15.291661
8.7310681 30.936057 19.119535
2.8180779 30.459317 18.824893
7.3445795 29.840191 21.01696
7.2993322 31.982095 16.727309
-4.2665486 26.012272 23.335154
-1.4316583 28.774637 20.219386
-5.5376741 26.778543 21.352869
-1.4534378 26.565947 23.850619
-4.1278537 28.153904 19.798612
-4.1350031 31.488272 11.190816
-1.4326213 30.691312 16.103031
-5.4152722 30.433259 13.256336
-1.4146517 32.251759 11.444773
-4.0881761 30.018793 15.733435
4.4810774 27.32021 24.508483
1.4571558 29.287106 20.579489
5.9195947 28.625397 22.825527
1.477659 27.008663 24.248085
4.3459834 29.641652 20.844838
0 27.987072 22.248901
4.3822155 33.370808 11.859862
1.4599032 31.275776 16.409686
5.8352982 32.793761 14.284541
1.4426363 32.889762 11.671173
4.3173404 31.701508 16.615379
0 31.860942 13.945346
0 -17.542364 33.33861
0 -12.960556 35.953209
0 -2.6851923 38.743199
0 -7.9599589 37.792153
0 17.542364 33.33861
0 12.960556 35.953209
0 2.6851923 38.743199
0 7.9599589 37.792153
-20.280151 -34.441856 -2.6339688
-18.180895 -34.202594 -7.7427574
-17.460303 -35.006724 -2.5803179
-13.177925 -31.842687 -17.022295
-15.790651 -33.31327 -12.561543
-11.877588 -35.477723 -2.4762625
-15.357848 -34.646458 -7.5914554
-14.634808 -35.345412 -2.5299254
-16.440665 -34.908304 -5.1283671
-1.5182819 -21.371382 -30.604708
-4.5366484 -24.576685 -27.888812
-10.401144 -29.858001 -21.080713
-7.5079842 -27.419193 -24.709029
-1.4234242 -34.402223 -2.3031487
-4.3464982 -34.436744 -7.0327817
-3.881201 -34.866912 -2.345541
-10.338786 -32.091244 -16.728507
-7.3405726 -33.708695 -11.877296
-11.648359 -32.928853 -14.610874
-9.0637524 -35.424599 -2.4394776
-6.930932 -34.737357 -7.167916
-6.4438851 -35.215525 -2.3897596
-10.786793 -35.263607 -4.9322467
-5.3996317 -34.896597 -4.7478762
-14.138044 -34.211294 -10.076859
-8.5323085 -34.357865 -9.6957169
-12.926167 -33.642099 -12.379513
-12.491989 -34.863602 -7.4960559
-10.087927 -33.76589 -12.149366
-9.6611632 -34.885504 -7.3541495
16.092396 -27.329775 -2.0900667
14.729043 -27.708838 -6.2727058
14.186904 -28.44378 -2.0965685
11.32768 -27.371819 -14.632282
13.145332 -27.732485 -10.457178
10.204301 -30.479706 -2.1274126
12.762498 -28.791493 -6.3085622
12.214399 -29.499736 -2.1115083
13.499167 -28.66265 -4.2108201
1.4979549 -21.085258 -30.194968
4.3375901 -23.498313 -26.665111
0 -22.753434 -28.969954
9.2605071 -26.583637 -18.768907
6.9312062 -25.312797 -22.810833
-2.9727857 -25.849833 -26.157817
2.8810299 -25.05197 -25.350449
-1.4976228 -24.352934 -27.614198
1.4751417 -23.987368 -27.199677
1.3949535 -33.714127 -2.2570822
4.0960201 -32.452239 -6.6274998
3.6773266 -33.035398 -2.2223328
0 -33.897636 -4.5670235
9.1404579 -28.371674 -14.789571
6.677757 -30.664975 -10.804838
10.127109 -28.628417 -12.702726
8.041588 -31.42959 -2.1643656
6.3198293 -31.674552 -6.5359184
5.9043964 -32.267245 -2.1896864
9.3875844 -30.689388 -4.2924603
5.0163022 -32.419225 -4.4108159
-2.8633865 -33.750799 -9.3284914
2.7535357 -32.455986 -8.9706139
-1.4292154 -33.914167 -6.9421187
1.4009112 -33.242531 -6.8046372
11.917796 -28.838729 -8.4943818
7.6411357 -30.769294 -8.6830298
11.05895 -28.782415 -10.591262
10.685343 -29.821474 -6.4119432
8.8928316 -29.765716 -10.710056
8.5266562 -30.788911 -6.4905543
-8.7310681 -30.936057 -19.119535
-2.8180779 -30.459317 -18.824893
-7.3445795 -29.840191 -21.01696
-7.2993322 -31.982095 -16.727309
7.8807084 -27.923049 -17.257393
2.7214385 -29.414786 -18.179337
6.7482231 -27.417262 -19.31045
6.6728555 -29.237181 -15.291661
-4.4810774 -27.32021 -24.508483
-1.4571558 -29.287106 -20.579489
-5.9195947 -28.625397 -22.825527
-1.477659 -27.008663 -24.248085
-4.3459834 -29.641652 -20.844838
-4.3822155 -33.370808 -11.859862
-1.4599032 -31.275776 -16.409686
-5.8352982 -32.793761 -14.284541
-1.4426363 -32.889762 -11.671173
-4.3173404 -31.701508 -16.615379
4.2665486 -26.012272 -23.335154
1.4316583 -28.774637 -20.219386
5.5376741 -26.778543 -21.352869
1.4534378 -26.565947 -23.850619
4.1278537 -28.153904 -19.798612
0 -27.987072 -22.248901
4.1350031 -31.488272 -11.190816
1.4326213 -30.691312 -16.103031
5.4152722 -30.433259 -13.256336
1.4146517 -32.251759 -11.444773
4.0881761 -30.018793 -15.733435
0 -31.860942 -13.945346
-16.092396 27.329775 -2.0900667
-14.729043 27.708838 -6.2727058
-14.186904 28.44378 -2.0965685
-11.32768 27.371819 -14.632282
-13.145332 27.732485 -10.457178
-10.204301 30.479706 -2.1274126
-12.762498 28.791493 -6.3085622
-12.214399 29.499736 -2.1115083
-13.499167 28.66265 -4.2108201
-1.4979549 21.085258 -30.194968
-4.3375901 23.498313 -26.665111
-9.2605071 26.583637 -18.768907
-6.9312062 25.312797 -22.810833
-1.3949535 33.714127 -2.2570822
-4.0960201 32.452239 -6.6274998
-3.6773266 33.035398 -2.2223328
-9.1404579 28.371674 -14.789571
-6.677757 30.664975 -10.804838
-10.127109 28.628417 -12.702726
-8.041588 31.42959 -2.1643656
-6.3198293 31.674552 -6.5359184
-5.9043964 32.267245 -2.1896864
-9.3875844 30.689388 -4.2924603
-5.0163022 32.419225 -4.4108159
-11.917796 28.838729 -8.4943818
-7.6411357 30.769294 -8.6830298
-11.05895 28.782415 -10.591262
-10.685343 29.821474 -6.4119432
-8.8928316 29.765716 -10.710056
-8.5266562 30.788911 -6.4905543
20.280151 34.441856 -2.6339688
18.180895 34.202594 -7.7427574
17.460303 35.006724 -2.5803179
13.177925 31.842687 -17.022295
15.790651 33.31327 -12.561543
11.877588 35.477723 -2.4762625
15.357848 34.646458 -7.5914554
14.634808 35.345412 -2.5299254
16.440665 34.908304 -5.1283671
1.5182819 21.371382 -30.604708
4.5366484 24.576685 -27.888812
0 22.753434 -28.969954
10.401144 29.858001 -21.080713
7.5079842 27.419193 -24.709029
-2.8810299 25.05197 -25.350449
2.9727857 25.849833 -26.157817
-1.4751417 23.987368 -27.199677
1.4976228 24.352934 -27.614198
1.4234242 34.402223 -2.3031487
4.3464982 34.436744 -7.0327817
3.881201 34.866912 -2.345541
0 33.897636 -4.5670235
10.338786 32.091244 -16.728507
7.3405726 33.708695 -11.877296
11.648359 32.928853 -14.610874
9.0637524 35.424599 -2.4394776
6.930932 34.737357 -7.167916
6.4438851 35.215525 -2.3897596
10.786793 35.263607 -4.9322467
5.3996317 34.896597 -4.7478762
-2.7535357 32.455986 -8.9706139
2.8633865 33.750799 -9.3284914
-1.4009112 33.242531 -6.8046372
1.4292154 33.914167 -6.9421187
14.138044 34.211294 -10.076859
8.5323085 34.357865 -9.6957169
12.926167 33.642099 -12.379513
12.491989 34.863602 -7.4960559
10.087927 33.76589 -12.149366
9.6611632 34.885504 -7.3541495
-7.8807084 27.923049 -17.257393
-2.7214385 29.414786 -18.179337
-6.7482231 27.417262 -19.31045
-6.6728555 29.237181 -15.291661
8.7310681 30.936057 -19.119535
2.8180779 30.459317 -18.824893
7.3445795 29.840191 -21.01696
7.2993322 31.982095 -16.727309
-4.2665486 26.012272 -23.335154
-1.4316583 28.774637 -20.219386
-5.5376741 26.778543 -21.352869
-1.4534378 26.565947 -23.850619
-4.1278537 28.153904 -19.798612
-4.1350031 31.488272 -11.190816
-1.4326213 30.691312 -16.103031
-5.4152722 30.433259 -13.256336
-1.4146517 32.251759 -11.444773
-4.0881761 30.018793 -15.733435
4.4810774 27.32021 -24.508483
1.4571558 29.287106 -20.579489
5.9195947 28.625397 -22.825527
1.477659 27.008663 -24.248085
4.3459834 29.641652 -20.844838
0 27.987072 -22.248901
4.3822155 33.370808 -11.859862
1.4599032 31.275776 -16.409686
5.8352982 32.793761 -14.284541
1.4426363 32.889762 -11.671173
4.3173404 31.701508 -16.615379
0 31.860942 -13.945346
0 -17.542364 -33.33861
0 -12.960556 -35.953209
0 -2.6851923 -38.743199
0 -7.9599589 -37.792153
0 17.542364 -33.33861
0 12.960556 -35.953209
0 2.6851923 -38.743199
0 7.9599589 -37.792153
23.43824 33.564536 -1.6651172
27.630894 31.354627 -5.1004295
22.465404 33.670474 -4.3352211
33.888394 23.9263 -11.805146
31.203459 28.119251 -8.5442004
20.241311 33.334454 -9.5234624
26.55296 31.373586 -7.8427875
21.392877 33.589656 -6.9754404
24.577705 32.645352 -6.0902912
34.055641 2.6044327 -20.052739
35.452908 8.0258025 -18.845518
35.501276 18.978084 -14.692012
35.993579 13.572216 -17.06113
14.937883 30.677225 -18.959568
21.24053 29.484743 -18.222573
16.330132 31.55302 -16.78347
32.608267 23.690703 -14.641659
27.289867 27.180274 -16.798333
31.461852 25.936171 -13.068353
18.977735 32.883471 -12.106565
22.661561 30.210629 -15.837301
17.685872 32.29648 -14.482875
22.20681 32.187819 -11.419733
19.520254 31.015248 -16.390749
28.435505 29.774685 -9.6812427
25.82572 29.072837 -15.081695
30.05536 27.983448 -11.395098
25.396578 31.154493 -10.607978
28.739786 27.663881 -14.168182
24.088736 30.759851 -13.294645
18.178123 -26.031828 -1.2914239
21.010139 -23.841613 -3.878294
17.558759 -26.31654 -3.3883699
26.123838 -18.444273 -9.1003343
23.663032 -21.324133 -6.4794638
16.163683 -26.619203 -7.6049535
20.356161 -24.051773 -6.0124762
16.885639 -26.512693 -5.5057935
18.986736 -25.219144 -4.7048637
32.850925 -2.5123011 -19.343375
31.84272 -7.2085311 -16.92647
28.357031 -15.158951 -11.735405
30.297356 -11.424322 -14.361093
12.688931 -26.058658 -16.105136
17.186707 -23.857486 -14.744737
13.637373 -26.350082 -14.015958
25.381492 -18.440274 -11.396716
21.410481 -21.324499 -13.179265
24.22192 -19.967796 -10.061092
15.36517 -26.623837 -9.8019828
18.048525 -24.060888 -12.613426
14.532829 -26.538653 -11.900863
17.54554 -25.431507 -9.0226998
15.886306 -25.241358 -13.339399
21.72639 -22.749602 -7.397036
20.214256 -22.755833 -11.804714
22.995761 -21.410513 -8.7185431
19.674433 -24.135022 -8.2178764
22.242824 -21.41014 -10.9653
18.902831 -24.137766 -10.432529
2.4398517 -18.785553 -31.903575
7.1981541 -16.902103 -31.796882
3.8975856 -20.197548 -30.271479
2.4642946 -16.675206 -33.432657
16.185926 -12.530444 -30.278137
11.783565 -14.812683 -31.250068
6.6639495 -22.561823 -26.657868
8.5927862 -18.263238 -30.076859
5.3179834 -21.461014 -28.505606
6.2774777 -19.252306 -30.228675
2.5131549 -12.054545 -36.006284
7.2903813 -14.748762 -33.272393
2.4918732 -14.414688 -34.813787
4.9083752 -15.735409 -33.41084
31.532949 -1.5643313 -22.019576
28.113657 -4.5732238 -24.774827
31.26471 -4.0254684 -20.860245
20.392316 -10.061491 -28.882979
24.380662 -7.4082082 -27.054811
30.229322 -8.636344 -18.355816
27.810047 -6.9519718 -23.536967
30.818675 -6.4000008 -19.62807
29.571391 -5.5168156 -22.263412
11.479971 -25.566907 -18.574983
13.681507 -22.226402 -22.137143
10.394216 -25.023911 -20.628932
13.84071 -24.55647 -17.933766
17.520367 -13.803964 -28.348549
15.713328 -18.315712 -25.424699
15.389832 -14.974138 -28.932975
8.0158539 -23.543967 -24.652778
12.541404 -21.475755 -24.175942
9.2316146 -24.349023 -22.670485
9.01746 -21.588717 -26.483313
11.493822 -23.314917 -22.442098
18.361843 -22.257255 -16.50123
16.061888 -21.120894 -21.430293
16.148159 -23.445422 -17.238509
14.974276 -22.901263 -19.721925
10.967578 -17.192307 -29.789789
13.572154 -19.420367 -25.889721
13.191863 -16.109343 -29.417552
10.007958 -19.461473 -28.20857
14.510712 -17.281259 -27.457764
11.333863 -20.535971 -26.223186
2.5909093 -1.60127 -38.700515
7.6421628 -4.7231163 -37.420641
2.5819042 -4.2723148 -38.380496
16.474593 -10.181859 -31.604147
12.327109 -7.6185723 -34.9853
14.279986 -11.384562 -32.183125
2.5508352 -9.4774958 -37.041665
7.5768257 -7.3263223 -36.719026
2.5665749 -6.9206601 -37.821078
5.0296781 -10.999875 -35.960203
5.1288388 -5.8328903 -37.696649
9.7259824 -13.645757 -33.020057
9.9955306 -8.796147 -35.420289
12.016996 -12.547642 -32.656937
7.4397984 -12.398238 -34.601953
12.203111 -10.132553 -33.91526
7.5393819 -9.9045035 -35.764182
26.679598 -16.488898 -12.99129
25.066683 -15.492062 -18.057801
27.692597 -14.730059 -14.332186
24.727728 -18.058837 -13.937235
19.991069 -12.35516 -27.516031
22.849544 -14.121795 -22.941675
22.010472 -11.090327 -26.699787
19.113159 -14.750927 -26.171397
29.466339 -10.848494 -17.005637
25.915228 -13.585526 -19.439501
28.632256 -12.839708 -15.679307
28.485465 -10.106196 -19.652506
26.877 -14.203793 -16.91574
20.612829 -20.914785 -15.675518
22.975632 -17.033825 -18.954491
22.692053 -19.541759 -14.837481
19.588966 -20.448193 -18.198709
23.92167 -17.588675 -16.476177
25.894564 -8.4196208 -24.729901
24.756065 -12.842346 -21.991084
23.991239 -9.7694367 -25.767565
27.290516 -9.2923093 -22.246734
23.471308 -12.020937 -24.384155
26.648166 -11.517543 -20.868782
17.160848 -19.095838 -23.146965
21.8184 -16.352772 -21.503398
18.160536 -17.011867 -24.699435
18.432297 -19.8404 -20.710655
20.553865 -15.605943 -23.867318
20.752384 -18.469436 -19.880375
2.4883444 19.158921 -32.537667
7.597875 17.840695 -33.562595
4.0335713 20.902235 -31.327643
2.5080706 16.971426 -34.026558
17.774812 13.760491 -33.250381
12.758446 16.03817 -33.835457
7.1306175 24.141799 -28.524685
9.223839 19.604487 -32.285699
5.5935609 22.573122 -29.982764
6.6235623 20.313708 -31.895217
2.545838 12.211312 -36.474539
7.6446832 15.46553 -34.889383
2.5304365 14.637764 -35.352552
5.0762258 16.273509 -34.553383
32.208998 1.5978698 -22.491663
29.771444 4.8428945 -26.235732
33.065946 4.2573855 -22.062055
30.595508 0 -24.030169
22.421008 11.06244 -31.756348
26.477189 8.0452501 -29.381291
34.224541 9.777755 -20.781788
30.394024 7.5979158 -25.72391
33.748541 7.0084354 -21.49407
31.839146 5.9398861 -23.970737
27.062874 -3.0756437 -26.744233
28.064275 3.189451 -27.733844
28.865745 -1.5654989 -25.456672
29.431151 1.5961631 -25.955303
13.230885 29.466348 -21.408021
15.862365 25.769333 -25.665846
11.761818 28.316391 -23.34315
16.382199 29.065633 -21.22684
19.633312 15.468714 -31.767366
18.052387 21.042158 -29.209376
17.14281 16.679766 -32.228582
8.7404095 25.672113 -26.88115
14.262686 24.423259 -27.494041
10.252822 27.042529 -25.17831
9.8619714 23.610563 -28.963553
13.061666 26.495247 -25.503369
22.673207 27.483263 -20.375722
19.004094 24.989806 -25.35588
19.56546 28.406982 -20.886552
17.755898 27.155403 -23.385471
11.95794 18.744758 -32.479782
15.386719 22.016824 -29.351115
14.558687 17.778451 -32.465539
10.945752 21.285107 -30.851849
16.337867 19.457275 -30.915183
12.640059 22.902683 -29.245334
2.595447 1.6040745 -38.768295
7.7610207 4.7965745 -38.002641
2.5939798 4.2922964 -38.560002
5.189362 0 -38.516794
17.777967 10.987388 -34.104482
12.845509 7.9389611 -36.456559
15.370817 12.254216 -34.641555
2.5772032 9.5754649 -37.424566
7.7603731 7.5038014 -37.608539
2.5859877 6.9730058 -38.107144
5.1511016 11.265428 -36.828333
5.1946879 5.9077787 -38.180636
10.239995 -3.1431732 -37.048652
10.381651 3.1866545 -37.561166
7.7652106 -1.5986702 -37.935198
7.806119 1.6070922 -38.135046
10.31973 14.478798 -35.035853
10.387457 9.1410456 -36.809125
12.861223 13.429148 -34.951176
7.7467403 12.909749 -36.029517
12.892771 10.705196 -35.831986
7.7882259 10.23141 -36.94461
33.625082 20.781443 -16.373305
30.555739 18.884485 -22.012065
34.177919 18.179688 -17.688637
31.304343 22.861786 -17.643999
22.463136 13.882982 -30.918625
26.77495 16.547829 -26.882909
24.694352 12.442643 -29.955466
21.887102 16.891769 -29.969722
34.468516 12.690124 -19.892497
30.896915 16.197073 -23.176358
34.458588 15.45244 -18.869864
32.727197 11.611096 -22.578935
32.628446 17.243282 -20.535562
25.82732 26.205663 -19.641002
28.060006 20.803312 -23.149011
28.667132 24.68733 -18.744361
24.063265 25.118747 -22.35546
29.769988 21.888717 -20.504238
28.658625 9.3183555 -27.369642
28.929652 15.007417 -25.698528
26.779015 10.904643 -28.761751
30.773371 10.478207 -25.085894
26.880883 13.767166 -27.926335
30.945552 13.374906 -24.234163
20.167638 22.441661 -27.202595
26.086336 19.551567 -25.709715
21.113444 19.778001 -28.715569
22.157052 23.8497 -24.895814
24.058279 18.266741 -27.936673
25.21716 22.443046 -24.157543
19.019299 -8.6852948 -30.773872
20.09882 -3.0087841 -32.520574
21.098345 -7.3730203 -29.955742
17.081297 -7.4538029 -32.65891
20.498344 9.3607112 -33.167018
20.630983 3.0884488 -33.381632
22.632727 7.9092247 -32.13428
18.077874 7.8886812 -34.564333
25.09237 -4.5878342 -27.971084
22.168254 -1.5696502 -31.548112
23.136806 -6.0003221 -29.01577
25.733242 -1.5681633 -28.662901
21.699364 -4.5241454 -30.8568
12.726219 -4.7023342 -35.808529
17.93399 -1.5955143 -34.180998
14.966145 -6.1137365 -34.358555
12.928456 -1.5980451 -36.432829
17.575255 -4.5667548 -33.532916
26.404838 4.8278029 -29.434124
22.500352 1.5931648 -32.020728
24.620663 6.385147 -30.876669
26.181936 1.5955064 -29.162679
22.656031 4.7236028 -32.217194
24.200295 0 -30.441746
13.059526 4.8254909 -36.746374
18.154038 1.615091 -34.600394
15.578328 6.3638162 -35.763976
13.042408 1.6121303 -36.753948
18.201097 4.7293734 -34.726998
15.587297 0 -35.612308
23.43824 33.564536 1.6651172
27.630894 31.354627 5.1004295
22.465404 33.670474 4.3352211
25.691008 32.710109 0
33.888394 23.9263 11.805146
31.203459 28.119251 8.5442004
20.241311 33.334454 9.5234624
26.55296 31.373586 7.8427875
21.392877 33.589656 6.9754404
24.577705 32.645352 6.0902912
29.862169 30.217959 -3.434213
29.862169 30.217959 3.434213
27.858916 31.58969 -1.7132288
27.858916 31.58969 1.7132288
34.055641 2.6044327 20.052739
35.452908 8.0258025 18.845518
35.501276 18.978084 14.692012
35.993579 13.572216 17.06113
14.937883 30.677225 18.959568
21.24053 29.484743 18.222573
16.330132 31.55302 16.78347
32.608267 23.690703 14.641659
27.289867 27.180274 16.798333
31.461852 25.936171 13.068353
18.977735 32.883471 12.106565
22.661561 30.210629 15.837301
17.685872 32.29648 14.482875
22.20681 32.187819 11.419733
19.520254 31.015248 16.390749
28.435505 29.774685 9.6812427
25.82572 29.072837 15.081695
30.05536 27.983448 11.395098
25.396578 31.154493 10.607978
28.739786 27.663881 14.168182
24.088736 30.759851 13.294645
35.801108 22.126302 -10.104129
36.932517 22.825551 -3.4169745
34.727868 24.459436 -8.5475857
35.801108 22.126302 10.104129
36.932517 22.825551 3.4169745
34.727868 24.459436 8.5475857
31.771618 28.501763 -5.2112
35.591628 25.009555 -1.770832
33.367781 26.607044 -6.9002971
32.015561 28.743223 -1.7515892
35.301623 24.825087 -5.1758339
31.771618 28.501763 5.2112
35.591628 25.009555 1.770832
33.367781 26.607044 6.9002971
32.015561 28.743223 1.7515892
35.301623 24.825087 5.1758339
33.951132 26.990154 0
18.178123 -26.031828 1.2914239
21.010139 -23.841613 3.878294
17.558759 -26.31654 3.3883699
19.659913 -25.031245 0
26.123838 -18.444273 9.1003343
23.663032 -21.324133 6.4794638
16.163683 -26.619203 7.6049535
20.356161 -24.051773 6.0124762
16.885639 -26.512693 5.5057935
18.986736 -25.219144 4.7048637
22.510254 -22.77845 -2.5887271
22.510254 -22.77845 2.5887271
21.113235 -23.940649 -1.2983923
21.113235 -23.940649 1.2983923
32.850925 -2.5123011 19.343375
31.84272 -7.2085311 16.92647
28.357031 -15.158951 11.735405
30.297356 -11.424322 14.361093
12.688931 -26.058658 16.105136
17.186707 -23.857486 14.744737
13.637373 -26.350082 14.015958
25.381492 -18.440274 11.396716
21.410481 -21.324499 13.179265
24.22192 -19.967796 10.061092
15.36517 -26.623837 9.8019828
18.048525 -24.060888 12.613426
14.532829 -26.538653 11.900863
17.54554 -25.431507 9.0226998
15.886306 -25.241358 13.339399
21.72639 -22.749602 7.397036
20.214256 -22.755833 11.804714
22.995761 -21.410513 8.7185431
19.674433 -24.135022 8.2178764
22.242824 -21.41014 10.9653
18.902831 -24.137766 10.432529
27.728195 -17.136967 -7.8257148
28.243977 -17.455738 -2.613116
26.516103 -18.675748 -6.5264204
27.728195 -17.136967 7.8257148
28.243977 -17.455738 2.613116
26.516103 -18.675748 6.5264204
23.931444 -21.46848 -3.9252499
26.908081 -18.907793 -1.3387893
25.240854 -20.126736 -5.2196876
24.031046 -21.574813 -1.314752
26.777681 -18.830814 -3.9260754
23.931444 -21.46848 3.9252499
26.908081 -18.907793 1.3387893
25.240854 -20.126736 5.2196876
24.031046 -21.574813 1.314752
26.777681 -18.830814 3.9260754
25.507409 -20.277642 0
2.4398517 -18.785553 31.903575
7.1981541 -16.902103 31.796882
3.8975856 -20.197548 30.271479
2.4642946 -16.675206 33.432657
16.185926 -12.530444 30.278137
11.783565 -14.812683 31.250068
6.6639495 -22.561823 26.657868
8.5927862 -18.263238 30.076859
5.3179834 -21.461014 28.505606
6.2774777 -19.252306 30.228675
2.5131549 -12.054545 36.006284
7.2903813 -14.748762 33.272393
2.4918732 -14.414688 34.813787
4.9083752 -15.735409 33.41084
31.532949 -1.5643313 22.019576
28.113657 -4.5732238 24.774827
31.26471 -4.0254684 20.860245
20.392316 -10.061491 28.882979
24.380662 -7.4082082 27.054811
30.229322 -8.636344 18.355816
27.810047 -6.9519718 23.536967
30.818675 -6.4000008 19.62807
29.571391 -5.5168156 22.263412
11.479971 -25.566907 18.574983
13.681507 -22.226402 22.137143
10.394216 -25.023911 20.628932
13.84071 -24.55647 17.933766
17.520367 -13.803964 28.348549
15.713328 -18.315712 25.424699
15.389832 -14.974138 28.932975
8.0158539 -23.543967 24.652778
12.541404 -21.475755 24.175942
9.2316146 -24.349023 22.670485
9.01746 -21.588717 26.483313
11.493822 -23.314917 22.442098
18.361843 -22.257255 16.50123
16.061888 -21.120894 21.430293
16.148159 -23.445422 17.238509
14.974276 -22.901263 19.721925
10.967578 -17.192307 29.789789
13.572154 -19.420367 25.889721
13.191863 -16.109343 29.417552
10.007958 -19.461473 28.20857
14.510712 -17.281259 27.457764
11.333863 -20.535971 26.223186
2.5909093 -1.60127 38.700515
7.6421628 -4.7231163 37.420641
2.5819042 -4.2723148 38.380496
16.474593 -10.181859 31.604147
12.327109 -7.6185723 34.9853
14.279986 -11.384562 32.183125
2.5508352 -9.4774958 37.041665
7.5768257 -7.3263223 36.719026
2.5665749 -6.9206601 37.821078
5.0296781 -10.999875 35.960203
5.1288388 -5.8328903 37.696649
9.7259824 -13.645757 33.020057
9.9955306 -8.796147 35.420289
12.016996 -12.547642 32.656937
7.4397984 -12.398238 34.601953
12.203111 -10.132553 33.91526
7.5393819 -9.9045035 35.764182
26.679598 -16.488898 12.99129
25.066683 -15.492062 18.057801
27.692597 -14.730059 14.332186
24.727728 -18.058837 13.937235
19.991069 -12.35516 27.516031
22.849544 -14.121795 22.941675
22.010472 -11.090327 26.699787
19.113159 -14.750927 26.171397
29.466339 -10.848494 17.005637
25.915228 -13.585526 19.439501
28.632256 -12.839708 15.679307
28.485465 -10.106196 19.652506
26.877 -14.203793 16.91574
20.612829 -20.914785 15.675518
22.975632 -17.033825 18.954491
22.692053 -19.541759 14.837481
19.588966 -20.448193 18.198709
23.92167 -17.588675 16.476177
25.894564 -8.4196208 24.729901
24.756065 -12.842346 21.991084
23.991239 -9.7694367 25.767565
27.290516 -9.2923093 22.246734
23.471308 -12.020937 24.384155
26.648166 -11.517543 20.868782
17.160848 -19.095838 23.146965
21.8184 -16.352772 21.503398
18.160536 -17.011867 24.699435
18.432297 -19.8404 20.710655
20.553865 -15.605943 23.867318
20.752384 -18.469436 19.880375
2.4883444 19.158921 32.537667
7.597875 17.840695 33.562595
4.0335713 20.902235 31.327643
2.5080706 16.971426 34.026558
17.774812 13.760491 33.250381
12.758446 16.03817 33.835457
7.1306175 24.141799 28.524685
9.223839 19.604487 32.285699
5.5935609 22.573122 29.982764
6.6235623 20.313708 31.895217
2.545838 12.211312 36.474539
7.6446832 15.46553 34.889383
2.5304365 14.637764 35.352552
5.0762258 16.273509 34.553383
32.208998 1.5978698 22.491663
29.771444 4.8428945 26.235732
33.065946 4.2573855 22.062055
30.595508 0 24.030169
22.421008 11.06244 31.756348
26.477189 8.0452501 29.381291
34.224541 9.777755 20.781788
30.394024 7.5979158 25.72391
33.748541 7.0084354 21.49407
31.839146 5.9398861 23.970737
27.062874 -3.0756437 26.744233
28.064275 3.189451 27.733844
28.865745 -1.5654989 25.456672
29.431151 1.5961631 25.955303
13.230885 29.466348 21.408021
15.862365 25.769333 25.665846
11.761818 28.316391 23.34315
16.382199 29.065633 21.22684
19.633312 15.468714 31.767366
18.052387 21.042158 29.209376
17.14281 16.679766 32.228582
8.7404095 25.672113 26.88115
14.262686 24.423259 27.494041
10.252822 27.042529 25.17831
9.8619714 23.610563 28.963553
13.061666 26.495247 25.503369
22.673207 27.483263 20.375722
19.004094 24.989806 25.35588
19.56546 28.406982 20.886552
17.755898 27.155403 23.385471
11.95794 18.744758 32.479782
15.386719 22.016824 29.351115
14.558687 17.778451 32.465539
10.945752 21.285107 30.851849
16.337867 19.457275 30.915183
12.640059 22.902683 29.245334
2.595447 1.6040745 38.768295
7.7610207 4.7965745 38.002641
2.5939798 4.2922964 38.560002
5.189362 0 38.516794
17.777967 10.987388 34.104482
12.845509 7.9389611 36.456559
15.370817 12.254216 34.641555
2.5772032 9.5754649 37.424566
7.7603731 7.5038014 37.608539
2.5859877 6.9730058 38.107144
5.1511016 11.265428 36.828333
5.1946879 5.9077787 38.180636
10.239995 -3.1431732 37.048652
10.381651 3.1866545 37.561166
7.7652106 -1.5986702 37.935198
7.806119 1.6070922 38.135046
10.31973 14.478798 35.035853
10.387457 9.1410456 36.809125
12.861223 13.429148 34.951176
7.7467403 12.909749 36.029517
12.892771 10.705196 35.831986
7.7882259 10.23141 36.94461
33.625082 20.781443 16.373305
30.555739 18.884485 22.012065
34.177919 18.179688 17.688637
31.304343 22.861786 17.643999
22.463136 13.882982 30.918625
26.77495 16.547829 26.882909
24.694352 12.442643 29.955466
21.887102 16.891769 29.969722
34.468516 12.690124 19.892497
30.896915 16.197073 23.176358
34.458588 15.45244 18.869864
32.727197 11.611096 22.578935
32.628446 17.243282 20.535562
25.82732 26.205663 19.641002
28.060006 20.803312 23.149011
28.667132 24.68733 18.744361
24.063265 25.118747 22.35546
29.769988 21.888717 20.504238
28.658625 9.3183555 27.369642
28.929652 15.007417 25.698528
26.779015 10.904643 28.761751
30.773371 10.478207 25.085894
26.880883 13.767166 27.926335
30.945552 13.374906 24.234163
20.167638 22.441661 27.202595
26.086336 19.551567 25.709715
21.113444 19.778001 28.715569
22.157052 23.8497 24.895814
24.058279 18.266741 27.936673
25.21716 22.443046 24.157543
19.019299 -8.6852948 30.773872
20.09882 -3.0087841 32.520574
21.098345 -7.3730203 29.955742
17.081297 -7.4538029 32.65891
20.498344 9.3607112 33.167018
20.630983 3.0884488 33.381632
22.632727 7.9092247 32.13428
18.077874 7.8886812 34.564333
25.09237 -4.5878342 27.971084
22.168254 -1.5696502 31.548112
23.136806 -6.0003221 29.01577
25.733242 -1.5681633 28.662901
21.699364 -4.5241454 30.8568
12.726219 -4.7023342 35.808529
17.93399 -1.5955143 34.180998
14.966145 -6.1137365 34.358555
12.928456 -1.5980451 36.432829
17.575255 -4.5667548 33.532916
26.404838 4.8278029 29.434124
22.500352 1.5931648 32.020728
24.620663 6.385147 30.876669
26.181936 1.5955064 29.162679
22.656031 4.7236028 32.217194
24.200295 0 30.441746
13.059526 4.8254909 36.746374
18.154038 1.615091 34.600394
15.578328 6.3638162 35.763976
13.042408 1.6121303 36.753948
18.201097 4.7293734 34.726998
15.587297 0 35.612308
34.438393 0 -18.121056
36.615258 0 -13.199214
35.395387 2.6089659 -17.654157
34.094561 -2.513083 -17.005344
38.835754 0 -2.691607
38.090702 0 -8.0228407
36.788124 8.0607202 -16.307191
37.559564 2.6215702 -12.574567
36.19342 5.3171631 -17.045912
36.572876 2.6177839 -15.143041
32.908105 -7.2105614 -14.587282
36.093016 -2.5192085 -12.083581
33.575004 -4.9324924 -15.812724
35.182151 -2.5182397 -14.56721
34.438393 0 18.121056
36.615258 0 13.199214
35.395387 2.6089659 17.654157
34.094561 -2.513083 17.005344
38.835754 0 2.691607
38.090702 0 8.0228407
36.788124 8.0607202 16.307191
37.559564 2.6215702 12.574567
36.19342 5.3171631 17.045912
36.572876 2.6177839 15.143041
32.908105 -7.2105614 14.587282
36.093016 -2.5192085 12.083581
33.575004 -4.9324924 15.812724
35.182151 -2.5182397 14.56721
36.70344 19.132751 -11.82469
39.239774 13.826178 -8.5450478
37.142712 16.480607 -13.138983
37.558224 19.643741 -8.5719823
39.632421 2.6532982 -1.6398285
40.154122 8.2004028 -5.0681277
39.417195 2.6516442 -4.3877146
37.180866 10.951539 -15.365239
39.216669 11.066861 -9.7389263
37.296839 13.724372 -14.330413
37.959318 8.1616687 -13.601217
38.388633 13.812683 -11.469022
38.442926 20.170126 -1.7944542
39.839694 14.158881 -5.2317021
38.146144 19.993138 -5.1950175
38.917242 16.951851 -6.9249062
38.397032 2.6441711 -9.8242804
39.656458 8.1829532 -7.9124102
39.00174 2.6466958 -7.1367027
38.356566 5.3648523 -11.732899
39.705407 5.4021415 -6.1437101
38.924483 8.2055994 -10.779715
29.095429 -15.16685 -9.3736289
32.51003 -11.454945 -7.0795453
30.171719 -13.387505 -10.673041
29.496906 -15.427502 -6.7321329
37.986234 -2.5430899 -1.571716
35.529311 -7.2559092 -4.4843985
37.789249 -2.5421303 -4.2065003
32.084836 -9.4505153 -13.259271
33.5606 -9.4707303 -8.3343184
31.177817 -11.472714 -11.979326
33.804945 -7.268433 -12.112662
31.918398 -11.484617 -9.5359688
29.901045 -15.688396 -1.3957329
32.803397 -11.658207 -4.3077039
29.766945 -15.601436 -4.0538775
31.203371 -13.591787 -5.5523054
36.853916 -2.5379061 -9.4294583
35.144306 -7.2518883 -7.012128
37.4097 -2.5386584 -6.8453845
35.411027 -4.952866 -10.831887
36.542155 -4.9717634 -5.6542527
34.554033 -7.2842727 -9.569366
36.70344 19.132751 11.82469
39.239774 13.826178 8.5450478
37.142712 16.480607 13.138983
37.558224 19.643741 8.5719823
39.632421 2.6532982 1.6398285
40.154122 8.2004028 5.0681277
39.417195 2.6516442 4.3877146
40.202905 5.4165315 0
37.180866 10.951539 15.365239
39.216669 11.066861 9.7389263
37.296839 13.724372 14.330413
37.959318 8.1616687 13.601217
38.388633 13.812683 11.469022
38.442926 20.170126 1.7944542
39.839694 14.158881 5.2317021
38.146144 19.993138 5.1950175
39.528772 17.30151 0
38.917242 16.951851 6.9249062
38.397032 2.6441711 9.8242804
39.656458 8.1829532 7.9124102
39.00174 2.6466958 7.1367027
38.356566 5.3648523 11.732899
39.705407 5.4021415 6.1437101
38.924483 8.2055994 10.779715
40.362874 11.156024 -3.4243488
40.362874 11.156024 3.4243488
40.462075 8.282454 -1.7051582
40.167619 14.253774 -1.7618634
40.462075 8.282454 1.7051582
40.167619 14.253774 1.7618634
29.095429 -15.16685 9.3736289
32.51003 -11.454945 7.0795453
30.171719 -13.387505 10.673041
29.496906 -15.427502 6.7321329
37.986234 -2.5430899 1.571716
35.529311 -7.2559092 4.4843985
37.789249 -2.5421303 4.2065003
36.956997 -4.9792107 0
32.084836 -9.4505153 13.259271
33.5606 -9.4707303 8.3343184
31.177817 -11.472714 11.979326
33.804945 -7.268433 12.112662
31.918398 -11.484617 9.5359688
29.901045 -15.688396 1.3957329
32.803397 -11.658207 4.3077039
29.766945 -15.601436 4.0538775
31.488202 -13.7822 0
31.203371 -13.591787 5.5523054
36.853916 -2.5379061 9.4294583
35.144306 -7.2518883 7.012128
37.4097 -2.5386584 6.8453845
35.411027 -4.952866 10.831887
36.542155 -4.9717634 5.6542527
34.554033 -7.2842727 9.569366
34.369351 -9.499455 -2.9158639
34.369351 -9.499455 2.9158639
35.733009 -7.3144299 -1.5058653
32.993875 -11.708118 -1.447203
35.733009 -7.3144299 1.5058653
32.993875 -11.708118 1.447203
-18.178123 26.031828 -1.2914239
-21.010139 23.841613 -3.878294
-17.558759 26.31654 -3.3883699
-26.123838 18.444273 -9.1003343
-23.663032 21.324133 -6.4794638
-16.163683 26.619203 -7.6049535
-20.356161 24.051773 -6.0124762
-16.885639 26.512693 -5.5057935
-18.986736 25.219144 -4.7048637
-32.850925 2.5123011 -19.343375
-31.84272 7.2085311 -16.92647
-28.357031 15.158951 -11.735405
-30.297356 11.424322 -14.361093
-12.688931 26.058658 -16.105136
-17.186707 23.857486 -14.744737
-13.637373 26.350082 -14.015958
-25.381492 18.440274 -11.396716
-21.410481 21.324499 -13.179265
-24.22192 19.967796 -10.061092
-15.36517 26.623837 -9.8019828
-18.048525 24.060888 -12.613426
-14.532829 26.538653 -11.900863
-17.54554 25.431507 -9.0226998
-15.886306 25.241358 -13.339399
-21.72639 22.749602 -7.397036
-20.214256 22.755833 -11.804714
-22.995761 21.410513 -8.7185431
-19.674433 24.135022 -8.2178764
-22.242824 21.41014 -10.9653
-18.902831 24.137766 -10.432529
-23.43824 -33.564536 -1.6651172
-27.630894 -31.354627 -5.1004295
-22.465404 -33.670474 -4.3352211
-33.888394 -23.9263 -11.805146
-31.203459 -28.119251 -8.5442004
-20.241311 -33.334454 -9.5234624
-26.55296 -31.373586 -7.8427875
-21.392877 -33.589656 -6.9754404
-24.577705 -32.645352 -6.0902912
-34.055641 -2.6044327 -20.052739
-35.452908 -8.0258025 -18.845518
-35.501276 -18.978084 -14.692012
-35.993579 -13.572216 -17.06113
-14.937883 -30.677225 -18.959568
-21.24053 -29.484743 -18.222573
-16.330132 -31.55302 -16.78347
-32.608267 -23.690703 -14.641659
-27.289867 -27.180274 -16.798333
-31.461852 -25.936171 -13.068353
-18.977735 -32.883471 -12.106565
-22.661561 -30.210629 -15.837301
-17.685872 -32.29648 -14.482875
-22.20681 -32.187819 -11.419733
-19.520254 -31.015248 -16.390749
-28.435505 -29.774685 -9.6812427
-25.82572 -29.072837 -15.081695
-30.05536 -27.983448 -11.395098
-25.396578 -31.154493 -10.607978
-28.739786 -27.663881 -14.168182
-24.088736 -30.759851 -13.294645
-2.4883444 -19.158921 -32.537667
-7.597875 -17.840695 -33.562595
-4.0335713 -20.902235 -31.327643
-2.5080706 -16.971426 -34.026558
-17.774812 -13.760491 -33.250381
-12.758446 -16.03817 -33.835457
-7.1306175 -24.141799 -28.524685
-9.223839 -19.604487 -32.285699
-5.5935609 -22.573122 -29.982764
-6.6235623 -20.313708 -31.895217
-2.545838 -12.211312 -36.474539
-7.6446832 -15.46553 -34.889383
-2.5304365 -14.637764 -35.352552
-5.0762258 -16.273509 -34.553383
-32.208998 -1.5978698 -22.491663
-29.771444 -4.8428945 -26.235732
-33.065946 -4.2573855 -22.062055
-22.421008 -11.06244 -31.756348
-26.477189 -8.0452501 -29.381291
-34.224541 -9.777755 -20.781788
-30.394024 -7.5979158 -25.72391
-33.748541 -7.0084354 -21.49407
-31.839146 -5.9398861 -23.970737
-13.230885 -29.466348 -21.408021
-15.862365 -25.769333 -25.665846
-11.761818 -28.316391 -23.34315
-16.382199 -29.065633 -21.22684
-19.633312 -15.468714 -31.767366
-18.052387 -21.042158 -29.209376
-17.14281 -16.679766 -32.228582
-8.7404095 -25.672113 -26.88115
-14.262686 -24.423259 -27.494041
-10.252822 -27.042529 -25.17831
-9.8619714 -23.610563 -28.963553
-13.061666 -26.495247 -25.503369
-22.673207 -27.483263 -20.375722
-19.004094 -24.989806 -25.35588
-19.56546 -28.406982 -20.886552
-17.755898 -27.155403 -23.385471
-11.95794 -18.744758 -32.479782
-15.386719 -22.016824 -29.351115
-14.558687 -17.778451 -32.465539
-10.945752 -21.285107 -30.851849
-16.337867 -19.457275 -30.915183
-12.640059 -22.902683 -29.245334
-2.595447 -1.6040745 -38.768295
-7.7610207 -4.7965745 -38.002641
-2.5939798 -4.2922964 -38.560002
-17.777967 -10.987388 -34.104482
-12.845509 -7.9389611 -36.456559
-15.370817 -12.254216 -34.641555
-2.5772032 -9.5754649 -37.424566
-7.7603731 -7.5038014 -37.608539
-2.5859877 -6.9730058 -38.107144
-5.1511016 -11.265428 -36.828333
-5.1946879 -5.9077787 -38.180636
-10.31973 -14.478798 -35.035853
-10.387457 -9.1410456 -36.809125
-12.861223 -13.429148 -34.951176
-7.7467403 -12.909749 -36.029517
-12.892771 -10.705196 -35.831986
-7.7882259 -10.23141 -36.94461
-33.625082 -20.781443 -16.373305
-30.555739 -18.884485 -22.012065
-34.177919 -18.179688 -17.688637
-31.304343 -22.861786 -17.643999
-22.463136 -13.882982 -30.918625
-26.77495 -16.547829 -26.882909
-24.694352 -12.442643 -29.955466
-21.887102 -16.891769 -29.969722
-34.468516 -12.690124 -19.892497
-30.896915 -16.197073 -23.176358
-34.458588 -15.45244 -18.869864
-32.727197 -11.611096 -22.578935
-32.628446 -17.243282 -20.535562
-25.82732 -26.205663 -19.641002
-28.060006 -20.803312 -23.149011
-28.667132 -24.68733 -18.744361
-24.063265 -25.118747 -22.35546
-29.769988 -21.888717 -20.504238
-28.658625 -9.3183555 -27.369642
-28.929652 -15.007417 -25.698528
-26.779015 -10.904643 -28.761751
-30.773371 -10.478207 -25.085894
-26.880883 -13.767166 -27.926335
-30.945552 -13.374906 -24.234163
-20.167638 -22.441661 -27.202595
-26.086336 -19.551567 -25.709715
-21.113444 -19.778001 -28.715569
-22.157052 -23.8497 -24.895814
-24.058279 -18.266741 -27.936673
-25.21716 -22.443046 -24.157543
-2.4398517 18.785553 -31.903575
-7.1981541 16.902103 -31.796882
-3.8975856 20.197548 -30.271479
-2.4642946 16.675206 -33.432657
-16.185926 12.530444 -30.278137
-11.783565 14.812683 -31.250068
-6.6639495 22.561823 -26.657868
-8.5927862 18.263238 -30.076859
-5.3179834 21.461014 -28.505606
-6.2774777 19.252306 -30.228675
-2.5131549 12.054545 -36.006284
-7.2903813 14.748762 -33.272393
-2.4918732 14.414688 -34.813787
-4.9083752 15.735409 -33.41084
-31.532949 1.5643313 -22.019576
-28.113657 4.5732238 -24.774827
-31.26471 4.0254684 -20.860245
-30.595508 0 -24.030169
-20.392316 10.061491 -28.882979
-24.380662 7.4082082 -27.054811
-30.229322 8.636344 -18.355816
-27.810047 6.9519718 -23.536967
-30.818675 6.4000008 -19.62807
-29.571391 5.5168156 -22.263412
-28.064275 -3.189451 -27.733844
-27.062874 3.0756437 -26.744233
-29.431151 -1.5961631 -25.955303
-28.865745 1.5654989 -25.456672
-11.479971 25.566907 -18.574983
-13.681507 22.226402 -22.137143
-10.394216 25.023911 -20.628932
-13.84071 24.55647 -17.933766
-17.520367 13.803964 -28.348549
-15.713328 18.315712 -25.424699
-15.389832 14.974138 -28.932975
-8.0158539 23.543967 -24.652778
-12.541404 21.475755 -24.175942
-9.2316146 24.349023 -22.670485
-9.01746 21.588717 -26.483313
-11.493822 23.314917 -22.442098
-18.361843 22.257255 -16.50123
-16.061888 21.120894 -21.430293
-16.148159 23.445422 -17.238509
-14.974276 22.901263 -19.721925
-10.967578 17.192307 -29.789789
-13.572154 19.420367 -25.889721
-13.191863 16.109343 -29.417552
-10.007958 19.461473 -28.20857
-14.510712 17.281259 -27.457764
-11.333863 20.535971 -26.223186
-2.5909093 1.60127 -38.700515
-7.6421628 4.7231163 -37.420641
-2.5819042 4.2723148 -38.380496
-5.189362 0 -38.516794
-16.474593 10.181859 -31.604147
-12.327109 7.6185723 -34.9853
-14.279986 11.384562 -32.183125
-2.5508352 9.4774958 -37.041665
-7.5768257 7.3263223 -36.719026
-2.5665749 6.9206601 -37.821078
-5.0296781 10.999875 -35.960203
-5.1288388 5.8328903 -37.696649
-10.381651 -3.1866545 -37.561166
-10.239995 3.1431732 -37.048652
-7.806119 -1.6070922 -38.135046
-7.7652106 1.5986702 -37.935198
-9.7259824 13.645757 -33.020057
-9.9955306 8.796147 -35.420289
-12.016996 12.547642 -32.656937
-7.4397984 12.398238 -34.601953
-12.203111 10.132553 -33.91526
-7.5393819 9.9045035 -35.764182
-26.679598 16.488898 -12.99129
-25.066683 15.492062 -18.057801
-27.692597 14.730059 -14.332186
-24.727728 18.058837 -13.937235
-19.991069 12.35516 -27.516031
-22.849544 14.121795 -22.941675
-22.010472 11.090327 -26.699787
-19.113159 14.750927 -26.171397
-29.466339 10.848494 -17.005637
-25.915228 13.585526 -19.439501
-28.632256 12.839708 -15.679307
-28.485465 10.106196 -19.652506
-26.877 14.203793 -16.91574
-20.612829 20.914785 -15.675518
-22.975632 17.033825 -18.954491
-22.692053 19.541759 -14.837481
-19.588966 20.448193 -18.198709
-23.92167 17.588675 -16.476177
-25.894564 8.4196208 -24.729901
-24.756065 12.842346 -21.991084
-23.991239 9.7694367 -25.767565
-27.290516 9.2923093 -22.246734
-23.471308 12.020937 -24.384155
-26.648166 11.517543 -20.868782
-17.160848 19.095838 -23.146965
-21.8184 16.352772 -21.503398
-18.160536 17.011867 -24.699435
-18.432297 19.8404 -20.710655
-20.553865 15.605943 -23.867318
-20.752384 18.469436 -19.880375
-20.498344 -9.3607112 -33.167018
-20.630983 -3.0884488 -33.381632
-22.632727 -7.9092247 -32.13428
-18.077874 -7.8886812 -34.564333
-19.019299 8.6852948 -30.773872
-20.09882 3.0087841 -32.520574
-21.098345 7.3730203 -29.955742
-17.081297 7.4538029 -32.65891
-26.404838 -4.8278029 -29.434124
-22.500352 -1.5931648 -32.020728
-24.620663 -6.385147 -30.876669
-26.181936 -1.5955064 -29.162679
-22.656031 -4.7236028 -32.217194
-13.059526 -4.8254909 -36.746374
-18.154038 -1.615091 -34.600394
-15.578328 -6.3638162 -35.763976
-13.042408 -1.6121303 -36.753948
-18.201097 -4.7293734 -34.726998
-25.09237 4.5878342 -27.971084
-22.168254 1.5696502 -31.548112
-23.136806 6.0003221 -29.01577
-25.733242 1.5681633 -28.662901
-21.699364 4.5241454 -30.8568
-24.200295 0 -30.441746
-12.726219 4.7023342 -35.808529
-17.93399 1.5955143 -34.180998
-14.966145 6.1137365 -34.358555
-12.928456 1.5980451 -36.432829
-17.575255 4.5667548 -33.532916
-15.587297 0 -35.612308
-18.178123 26.031828 1.2914239
-21.010139 23.841613 3.878294
-17.558759 26.31654 3.3883699
-19.659913 25.031245 0
-26.123838 18.444273 9.1003343
-23.663032 21.324133 6.4794638
-16.163683 26.619203 7.6049535
-20.356161 24.051773 6.0124762
-16.885639 26.512693 5.5057935
-18.986736 25.219144 4.7048637
-22.510254 22.77845 -2.5887271
-22.510254 22.77845 2.5887271
-21.113235 23.940649 -1.2983923
-21.113235 23.940649 1.2983923
-32.850925 2.5123011 19.343375
-31.84272 7.2085311 16.92647
-28.357031 15.158951 11.735405
-30.297356 11.424322 14.361093
-12.688931 26.058658 16.105136
-17.186707 23.857486 14.744737
-13.637373 26.350082 14.015958
-25.381492 18.440274 11.396716
-21.410481 21.324499 13.179265
-24.22192 19.967796 10.061092
-15.36517 26.623837 9.8019828
-18.048525 24.060888 12.613426
-14.532829 26.538653 11.900863
-17.54554 25.431507 9.0226998
-15.886306 25.241358 13.339399
-21.72639 22.749602 7.397036
-20.214256 22.755833 11.804714
-22.995761 21.410513 8.7185431
-19.674433 24.135022 8.2178764
-22.242824 21.41014 10.9653
-18.902831 24.137766 10.432529
-27.728195 17.136967 -7.8257148
-28.243977 17.455738 -2.613116
-26.516103 18.675748 -6.5264204
-27.728195 17.136967 7.8257148
-28.243977 17.455738 2.613116
-26.516103 18.675748 6.5264204
-23.931444 21.46848 -3.9252499
-26.908081 18.907793 -1.3387893
-25.240854 20.126736 -5.2196876
-24.031046 21.574813 -1.314752
-26.777681 18.830814 -3.9260754
-23.931444 21.46848 3.9252499
-26.908081 18.907793 1.3387893
-25.240854 20.126736 5.2196876
-24.031046 21.574813 1.314752
-26.777681 18.830814 3.9260754
-25.507409 20.277642 0
-23.43824 -33.564536 1.6651172
-27.630894 -31.354627 5.1004295
-22.465404 -33.670474 4.3352211
-25.691008 -32.710109 0
-33.888394 -23.9263 11.805146
-31.203459 -28.119251 8.5442004
-20.241311 -33.334454 9.5234624
-26.55296 -31.373586 7.8427875
-21.392877 -33.589656 6.9754404
-24.577705 -32.645352 6.0902912
-29.862169 -30.217959 -3.434213
-29.862169 -30.217959 3.434213
-27.858916 -31.58969 -1.7132288
-27.858916 -31.58969 1.7132288
-34.055641 -2.6044327 20.052739
-35.452908 -8.0258025 18.845518
-35.501276 -18.978084 14.692012
-35.993579 -13.572216 17.06113
-14.937883 -30.677225 18.959568
-21.24053 -29.484743 18.222573
-16.330132 -31.55302 16.78347
-32.608267 -23.690703 14.641659
-27.289867 -27.180274 16.798333
-31.461852 -25.936171 13.068353
-18.977735 -32.883471 12.106565
-22.661561 -30.210629 15.837301
-17.685872 -32.29648 14.482875
-22.20681 -32.187819 11.419733
-19.520254 -31.015248 16.390749
-28.435505 -29.774685 9.6812427
-25.82572 -29.072837 15.081695
-30.05536 -27.983448 11.395098
-25.396578 -31.154493 10.607978
-28.739786 -27.663881 14.168182
-24.088736 -30.759851 13.294645
-35.801108 -22.126302 -10.104129
-36.932517 -22.825551 -3.4169745
-34.727868 -24.459436 -8.5475857
-35.801108 -22.126302 10.104129
-36.932517 -22.825551 3.4169745
-34.727868 -24.459436 8.5475857
-31.771618 -28.501763 -5.2112
-35.591628 -25.009555 -1.770832
-33.367781 -26.607044 -6.9002971
-32.015561 -28.743223 -1.7515892
-35.301623 -24.825087 -5.1758339
-31.771618 -28.501763 5.2112
-35.591628 -25.009555 1.770832
-33.367781 -26.607044 6.9002971
-32.015561 -28.743223 1.7515892
-35.301623 -24.825087 5.1758339
-33.951132 -26.990154 0
-2.4883444 -19.158921 32.537667
-7.597875 -17.840695 33.562595
-4.0335713 -20.902235 31.327643
-2.5080706 -16.971426 34.026558
-17.774812 -13.760491 33.250381
-12.758446 -16.03817 33.835457
-7.1306175 -24.141799 28.524685
-9.223839 -19.604487 32.285699
-5.5935609 -22.573122 29.982764
-6.6235623 -20.313708 31.895217
-2.545838 -12.211312 36.474539
-7.6446832 -15.46553 34.889383
-2.5304365 -14.637764 35.352552
-5.0762258 -16.273509 34.553383
-32.208998 -1.5978698 22.491663
-29.771444 -4.8428945 26.235732
-33.065946 -4.2573855 22.062055
-22.421008 -11.06244 31.756348
-26.477189 -8.0452501 29.381291
-34.224541 -9.777755 20.781788
-30.394024 -7.5979158 25.72391
-33.748541 -7.0084354 21.49407
-31.839146 -5.9398861 23.970737
-13.230885 -29.466348 21.408021
-15.862365 -25.769333 25.665846
-11.761818 -28.316391 23.34315
-16.382199 -29.065633 21.22684
-19.633312 -15.468714 31.767366
-18.052387 -21.042158 29.209376
-17.14281 -16.679766 32.228582
-8.7404095 -25.672113 26.88115
-14.262686 -24.423259 27.494041
-10.252822 -27.042529 25.17831
-9.8619714 -23.610563 28.963553
-13.061666 -26.495247 25.503369
-22.673207 -27.483263 20.375722
-19.004094 -24.989806 25.35588
-19.56546 -28.406982 20.886552
-17.755898 -27.155403 23.385471
-11.95794 -18.744758 32.479782
-15.386719 -22.016824 29.351115
-14.558687 -17.778451 32.465539
-10.945752 -21.285107 30.851849
-16.337867 -19.457275 30.915183
-12.640059 -22.902683 29.245334
-2.595447 -1.6040745 38.768295
-7.7610207 -4.7965745 38.002641
-2.5939798 -4.2922964 38.560002
-17.777967 -10.987388 34.104482
-12.845509 -7.9389611 36.456559
-15.370817 -12.254216 34.641555
-2.5772032 -9.5754649 37.424566
-7.7603731 -7.5038014 37.608539
-2.5859877 -6.9730058 38.107144
-5.1511016 -11.265428 36.828333
-5.1946879 -5.9077787 38.180636
-10.31973 -14.478798 35.035853
-10.387457 -9.1410456 36.809125
-12.861223 -13.429148 34.951176
-7.7467403 -12.909749 36.029517
-12.892771 -10.705196 35.831986
-7.7882259 -10.23141 36.94461
-33.625082 -20.781443 16.373305
-30.555739 -18.884485 22.012065
-34.177919 -18.179688 17.688637
-31.304343 -22.861786 17.643999
-22.463136 -13.882982 30.918625
-26.77495 -16.547829 26.882909
-24.694352 -12.442643 29.955466
-21.887102 -16.891769 29.969722
-34.468516 -12.690124 19.892497
-30.896915 -16.197073 23.176358
-34.458588 -15.45244 18.869864
-32.727197 -11.611096 22.578935
-32.628446 -17.243282 20.535562
-25.82732 -26.205663 19.641002
-28.060006 -20.803312 23.149011
-28.667132 -24.68733 18.744361
-24.063265 -25.118747 22.35546
-29.769988 -21.888717 20.504238
-28.658625 -9.3183555 27.369642
-28.929652 -15.007417 25.698528
-26.779015 -10.904643 28.761751
-30.773371 -10.478207 25.085894
-26.880883 -13.767166 27.926335
-30.945552 -13.374906 24.234163
-20.167638 -22.441661 27.202595
-26.086336 -19.551567 25.709715
-21.113444 -19.778001 28.715569
-22.157052 -23.8497 24.895814
-24.058279 -18.266741 27.936673
-25.21716 -22.443046 24.157543
-2.4398517 18.785553 31.903575
-7.1981541 16.902103 31.796882
-3.8975856 20.197548 30.271479
-2.4642946 16.675206 33.432657
-16.185926 12.530444 30.278137
-11.783565 14.812683 31.250068
-6.6639495 22.561823 26.657868
-8.5927862 18.263238 30.076859
-5.3179834 21.461014 28.505606
-6.2774777 19.252306 30.228675
-2.5131549 12.054545 36.006284
-7.2903813 14.748762 33.272393
-2.4918732 14.414688 34.813787
-4.9083752 15.735409 33.41084
-31.532949 1.5643313 22.019576
-28.113657 4.5732238 24.774827
-31.26471 4.0254684 20.860245
-30.595508 0 24.030169
-20.392316 10.061491 28.882979
-24.380662 7.4082082 27.054811
-30.229322 8.636344 18.355816
-27.810047 6.9519718 23.536967
-30.818675 6.4000008 19.62807
-29.571391 5.5168156 22.263412
-28.064275 -3.189451 27.733844
-27.062874 3.0756437 26.744233
-29.431151 -1.5961631 25.955303
-28.865745 1.5654989 25.456672
-11.479971 25.566907 18.574983
-13.681507 22.226402 22.137143
-10.394216 25.023911 20.628932
-13.84071 24.55647 17.933766
-17.520367 13.803964 28.348549
-15.713328 18.315712 25.424699
-15.389832 14.974138 28.932975
-8.0158539 23.543967 24.652778
-12.541404 21.475755 24.175942
-9.2316146 24.349023 22.670485
-9.01746 21.588717 26.483313
-11.493822 23.314917 22.442098
-18.361843 22.257255 16.50123
-16.061888 21.120894 21.430293
-16.148159 23.445422 17.238509
-14.974276 22.901263 19.721925
-10.967578 17.192307 29.789789
-13.572154 19.420367 25.889721
-13.191863 16.109343 29.417552
-10.007958 19.461473 28.20857
-14.510712 17.281259 27.457764
-11.333863 20.535971 26.223186
-2.5909093 1.60127 38.700515
-7.6421628 4.7231163 37.420641
-2.5819042 4.2723148 38.380496
-5.189362 0 38.516794
-16.474593 10.181859 31.604147
-12.327109 7.6185723 34.9853
-14.279986 11.384562 32.183125
-2.5508352 9.4774958 37.041665
-7.5768257 7.3263223 36.719026
-2.5665749 6.9206601 37.821078
-5.0296781 10.999875 35.960203
-5.1288388 5.8328903 37.696649
-10.381651 -3.1866545 37.561166
-10.239995 3.1431732 37.048652
-7.806119 -1.6070922 38.135046
-7.7652106 1.5986702 37.935198
-9.7259824 13.645757 33.020057
-9.9955306 8.796147 35.420289
-12.016996 12.547642 32.656937
-7.4397984 12.398238 34.601953
-12.203111 10.132553 33.91526
-7.5393819 9.9045035 35.764182
-26.679598 16.488898 12.99129
-25.066683 15.492062 18.057801
-27.692597 14.730059 14.332186
-24.727728 18.058837 13.937235
-19.991069 12.35516 27.516031
-22.849544 14.121795 22.941675
-22.010472 11.090327 26.699787
-19.113159 14.750927 26.171397
-29.466339 10.848494 17.005637
-25.915228 13.585526 19.439501
-28.632256 12.839708 15.679307
-28.485465 10.106196 19.652506
-26.877 14.203793 16.91574
-20.612829 20.914785 15.675518
-22.975632 17.033825 18.954491
-22.692053 19.541759 14.837481
-19.588966 20.448193 18.198709
-23.92167 17.588675 16.476177
-25.894564 8.4196208 24.729901
-24.756065 12.842346 21.991084
-23.991239 9.7694367 25.767565
-27.290516 9.2923093 22.246734
-23.471308 12.020937 24.384155
-26.648166 11.517543 20.868782
-17.160848 19.095838 23.146965
-21.8184 16.352772 21.503398
-18.160536 17.011867 24.699435
-18.432297 19.8404 20.710655
-20.553865 15.605943 23.867318
-20.752384 18.469436 19.880375
-20.498344 -9.3607112 33.167018
-20.630983 -3.0884488 33.381632
-22.632727 -7.9092247 32.13428
-18.077874 -7.8886812 34.564333
-19.019299 8.6852948 30.773872
-20.09882 3.0087841 32.520574
-21.098345 7.3730203 29.955742
-17.081297 7.4538029 32.65891
-26.404838 -4.8278029 29.434124
-22.500352 -1.5931648 32.020728
-24.620663 -6.385147 30.876669
-26.181936 -1.5955064 29.162679
-22.656031 -4.7236028 32.217194
-13.059526 -4.8254909 36.746374
-18.154038 -1.615091 34.600394
-15.578328 -6.3638162 35.763976
-13.042408 -1.6121303 36.753948
-18.201097 -4.7293734 34.726998
-25.09237 4.5878342 27.971084
-22.168254 1.5696502 31.548112
-23.136806 6.0003221 29.01577
-25.733242 1.5681633 28.662901
-21.699364 4.5241454 30.8568
-24.200295 0 30.441746
-12.726219 4.7023342 35.808529
-17.93399 1.5955143 34.180998
-14.966145 6.1137365 34.358555
-12.928456 1.5980451 36.432829
-17.575255 4.5667548 33.532916
-15.587297 0 35.612308
-34.438393 0 -18.121056
-36.615258 0 -13.199214
-34.094561 2.513083 -17.005344
-35.395387 -2.6089659 -17.654157
-38.835754 0 -2.691607
-38.090702 0 -8.0228407
-32.908105 7.2105614 -14.587282
-36.093016 2.5192085 -12.083581
-33.575004 4.9324924 -15.812724
-35.182151 2.5182397 -14.56721
-36.788124 -8.0607202 -16.307191
-37.559564 -2.6215702 -12.574567
-36.19342 -5.3171631 -17.045912
-36.572876 -2.6177839 -15.143041
-34.438393 0 18.121056
-36.615258 0 13.199214
-34.094561 2.513083 17.005344
-35.395387 -2.6089659 17.654157
-38.835754 0 2.691607
-38.090702 0 8.0228407
-32.908105 7.2105614 14.587282
-36.093016 2.5192085 12.083581
-33.575004 4.9324924 15.812724
-35.182151 2.5182397 14.56721
-36.788124 -8.0607202 16.307191
-37.559564 -2.6215702 12.574567
-36.19342 -5.3171631 17.045912
-36.572876 -2.6177839 15.143041
-29.095429 15.16685 -9.3736289
-32.51003 11.454945 -7.0795453
-30.171719 13.387505 -10.673041
-29.496906 15.427502 -6.7321329
-37.986234 2.5430899 -1.571716
-35.529311 7.2559092 -4.4843985
-37.789249 2.5421303 -4.2065003
-32.084836 9.4505153 -13.259271
-33.5606 9.4707303 -8.3343184
-31.177817 11.472714 -11.979326
-33.804945 7.268433 -12.112662
-31.918398 11.484617 -9.5359688
-29.901045 15.688396 -1.3957329
-32.803397 11.658207 -4.3077039
-29.766945 15.601436 -4.0538775
-31.203371 13.591787 -5.5523054
-36.853916 2.5379061 -9.4294583
-35.144306 7.2518883 -7.012128
-37.4097 2.5386584 -6.8453845
-35.411027 4.952866 -10.831887
-36.542155 4.9717634 -5.6542527
-34.554033 7.2842727 -9.569366
-36.70344 -19.132751 -11.82469
-39.239774 -13.826178 -8.5450478
-37.142712 -16.480607 -13.138983
-37.558224 -19.643741 -8.5719823
-39.632421 -2.6532982 -1.6398285
-40.154122 -8.2004028 -5.0681277
-39.417195 -2.6516442 -4.3877146
-37.180866 -10.951539 -15.365239
-39.216669 -11.066861 -9.7389263
-37.296839 -13.724372 -14.330413
-37.959318 -8.1616687 -13.601217
-38.388633 -13.812683 -11.469022
-38.442926 -20.170126 -1.7944542
-39.839694 -14.158881 -5.2317021
-38.146144 -19.993138 -5.1950175
-38.917242 -16.951851 -6.9249062
-38.397032 -2.6441711 -9.8242804
-39.656458 -8.1829532 -7.9124102
-39.00174 -2.6466958 -7.1367027
-38.356566 -5.3648523 -11.732899
-39.705407 -5.4021415 -6.1437101
-38.924483 -8.2055994 -10.779715
-29.095429 15.16685 9.3736289
-32.51003 11.454945 7.0795453
-30.171719 13.387505 10.673041
-29.496906 15.427502 6.7321329
-37.986234 2.5430899 1.571716
-35.529311 7.2559092 4.4843985
-37.789249 2.5421303 4.2065003
-36.956997 4.9792107 0
-32.084836 9.4505153 13.259271
-33.5606 9.4707303 8.3343184
-31.177817 11.472714 11.979326
-33.804945 7.268433 12.112662
-31.918398 11.484617 9.5359688
-29.901045 15.688396 1.3957329
-32.803397 11.658207 4.3077039
-29.766945 15.601436 4.0538775
-31.488202 13.7822 0
-31.203371 13.591787 5.5523054
-36.853916 2.5379061 9.4294583
-35.144306 7.2518883 7.012128
-37.4097 2.5386584 6.8453845
-35.411027 4.952866 10.831887
-36.542155 4.9717634 5.6542527
-34.554033 7.2842727 9.569366
-34.369351 9.499455 -2.9158639
-34.369351 9.499455 2.9158639
-35.733009 7.3144299 -1.5058653
-32.993875 11.708118 -1.447203
-35.733009 7.3144299 1.5058653
-32.993875 11.708118 1.447203
-36.70344 -19.132751 11.82469
-39.239774 -13.826178 8.5450478
-37.142712 -16.480607 13.138983
-37.558224 -19.643741 8.5719823
-39.632421 -2.6532982 1.6398285
-40.154122 -8.2004028 5.0681277
-39.417195 -2.6516442 4.3877146
-40.202905 -5.4165315 0
-37.180866 -10.951539 15.365239
-39.216669 -11.066861 9.7389263
-37.296839 -13.724372 14.330413
-37.959318 -8.1616687 13.601217
-38.388633 -13.812683 11.469022
-38.442926 -20.170126 1.7944542
-39.839694 -14.158881 5.2317021
-38.146144 -19.993138 5.1950175
-39.528772 -17.30151 0
-38.917242 -16.951851 6.9249062
-38.397032 -2.6441711 9.8242804
-39.656458 -8.1829532 7.9124102
-39.00174 -2.6466958 7.1367027
-38.356566 -5.3648523 11.732899
-39.705407 -5.4021415 6.1437101
-38.924483 -8.2055994 10.779715
-40.362874 -11.156024 -3.4243488
-40.362874 -11.156024 3.4243488
-40.462075 -8.282454 -1.7051582
-40.167619 -14.253774 -1.7618634
-40.462075 -8.282454 1.7051582
-40.167619 -14.253774 1.7618634
