-9.527570 15.415932 0.000000
15.415932 24.943501 0.000000
-15.415932 -24.943501 0.000000
9.527570 -15.415932 0.000000
0.000000 -9.988540 16.161797
0.000000 9.988540 16.161797
0.000000 -9.988540 -16.161797
0.000000 9.988540 -16.161797
18.780904 0.000000 -11.607237
18.780904 0.000000 11.607237
-18.780904 0.000000 -11.607237
-18.780904 0.000000 11.607237
0.000000 24.943501 0.000000
0.000000 -24.943501 0.000000
-7.769894 -20.341847 12.571953
5.826675 -15.254432 9.427757
-5.826675 15.254432 9.427757
7.769894 20.341847 12.571953
0.000000 0.000000 17.637719
-7.769894 -20.341847 -12.571953
5.826675 -15.254432 -9.427757
-5.826675 15.254432 -9.427757
7.769894 20.341847 -12.571953
0.000000 0.000000 -17.637719
21.883926 13.525010 -8.358916
14.622566 -9.037243 -5.585323
8.900392 -5.500745 -14.401137
10.751943 6.645066 -17.397009
21.883926 13.525010 8.358916
14.622566 -9.037243 5.585323
8.900392 -5.500745 14.401137
10.751943 6.645066 17.397009
24.943501 0.000000 0.000000
-14.622566 9.037243 -5.585323
-21.883926 -13.525010 -8.358916
-10.751943 -6.645066 -17.397009
-8.900392 5.500745 -14.401137
-14.622566 9.037243 5.585323
-21.883926 -13.525010 8.358916
-10.751943 -6.645066 17.397009
-8.900392 5.500745 14.401137
-24.943501 0.000000 0.000000
-5.518294 19.425207 0.000000
7.085926 24.943501 0.000000
-7.085926 -24.943501 0.000000
5.518294 -19.425207 0.000000
-11.629155 -23.121387 6.965667
-3.555178 -15.356005 15.538963
-4.082235 -23.897817 6.605194
8.030822 -15.967089 4.810327
3.058698 -13.211541 13.368949
3.451920 -20.207890 5.585323
0.000000 -18.780904 11.607237
-8.030822 15.967089 4.810327
-3.058698 13.211541 13.368949
-3.451920 20.207890 5.585323
11.629155 23.121387 6.965667
3.555178 15.356005 15.538963
4.082235 23.897817 6.605194
0.000000 18.780904 11.607237
0.000000 -4.912378 17.292293
0.000000 4.912378 17.292293
-11.629155 -23.121387 -6.965667
-3.555178 -15.356005 -15.538963
-4.082235 -23.897817 -6.605194
8.030822 -15.967089 -4.810327
3.058698 -13.211541 -13.368949
3.451920 -20.207890 -5.585323
0.000000 -18.780904 -11.607237
-8.030822 15.967089 -4.810327
-3.058698 13.211541 -13.368949
-3.451920 20.207890 -5.585323
11.629155 23.121387 -6.965667
3.555178 15.356005 -15.538963
4.082235 23.897817 -6.605194
0.000000 18.780904 -11.607237
0.000000 -4.912378 -17.292293
0.000000 4.912378 -17.292293
21.323372 21.577427 -4.936725
21.705612 6.539144 -10.917075
15.549289 18.205424 -11.251571
12.236914 -12.382709 -2.833055
16.819848 -5.067233 -8.459727
10.393419 -12.168827 -7.520749
4.618994 -7.711392 -15.331990
13.403690 -3.066646 -13.245873
7.551764 -10.436281 -12.219011
4.648078 -2.872670 -16.816905
12.353394 -7.634817 -10.551058
5.260399 8.782216 -17.461029
15.626528 3.575212 -15.442539
10.610029 14.662699 -17.167387
4.861419 3.004522 -17.588778
17.292623 10.687429 -14.769663
9.988540 0.000000 -16.161797
21.323372 21.577427 4.936725
21.705612 6.539144 10.917075
15.549289 18.205424 11.251571
24.943501 15.415932 0.000000
12.236914 -12.382709 2.833055
16.819848 -5.067233 8.459727
10.393419 -12.168827 7.520749
15.415932 -9.527570 0.000000
4.618994 -7.711392 15.331990
13.403690 -3.066646 13.245873
7.551764 -10.436281 12.219011
4.648078 -2.872670 16.816905
12.353394 -7.634817 10.551058
5.260399 8.782216 17.461029
15.626528 3.575212 15.442539
10.610029 14.662699 17.167387
4.861419 3.004522 17.588778
17.292623 10.687429 14.769663
9.988540 0.000000 16.161797
23.145479 0.000000 -6.575145
23.145479 0.000000 6.575145
24.463285 6.761486 -4.178828
19.201295 -5.307107 -3.279973
24.463285 6.761486 4.178828
19.201295 -5.307107 3.279973
-12.236914 12.382709 -2.833055
-16.819848 5.067233 -8.459727
-10.393419 12.168827 -7.520749
-21.323372 -21.577427 -4.936725
-21.705612 -6.539144 -10.917075
-15.549289 -18.205424 -11.251571
-5.260399 -8.782216 -17.461029
-15.626528 -3.575212 -15.442539
-10.610029 -14.662699 -17.167387
-4.861419 -3.004522 -17.588778
-17.292623 -10.687429 -14.769663
-4.618994 7.711392 -15.331990
-13.403690 3.066646 -13.245873
-7.551764 10.436281 -12.219011
-4.648078 2.872670 -16.816905
-12.353394 7.634817 -10.551058
-9.988540 0.000000 -16.161797
-12.236914 12.382709 2.833055
-16.819848 5.067233 8.459727
-10.393419 12.168827 7.520749
-15.415932 9.527570 0.000000
-21.323372 -21.577427 4.936725
-21.705612 -6.539144 10.917075
-15.549289 -18.205424 11.251571
-24.943501 -15.415932 0.000000
-5.260399 -8.782216 17.461029
-15.626528 -3.575212 15.442539
-10.610029 -14.662699 17.167387
-4.861419 -3.004522 17.588778
-17.292623 -10.687429 14.769663
-4.618994 7.711392 15.331990
-13.403690 3.066646 13.245873
-7.551764 10.436281 12.219011
-4.648078 2.872670 16.816905
-12.353394 7.634817 10.551058
-9.988540 0.000000 16.161797
-23.145479 0.000000 -6.575145
-23.145479 0.000000 6.575145
-19.201295 5.307107 -3.279973
-24.463285 -6.761486 -4.178828
-19.201295 5.307107 3.279973
-24.463285 -6.761486 4.178828
-7.631299 17.312203 0.000000
-3.049485 21.894016 0.000000
10.995210 24.943501 0.000000
3.474229 24.943501 0.000000
-10.995210 -24.943501 0.000000
-3.474229 -24.943501 0.000000
7.631299 -17.312203 0.000000
3.049485 -21.894016 0.000000
-13.633155 -24.340839 3.692241
-9.664023 -21.745977 9.884989
-9.513710 -24.547346 3.496456
-1.643464 -12.477887 15.887000
-5.888775 -18.843486 15.072387
-2.056838 -24.701531 3.328034
-6.012187 -22.444137 9.727923
-5.613849 -24.646808 3.386730
-7.758826 -23.597576 6.801367
8.871562 -15.839420 2.402668
7.011389 -15.777021 7.171702
6.894780 -17.789961 2.533952
1.544784 -11.728665 14.933081
4.498792 -14.395681 11.514710
0.000000 -14.287430 14.457656
1.888346 -22.678037 3.055409
4.744617 -17.712165 7.676952
4.570534 -20.066281 2.757318
0.000000 -23.231807 6.421113
5.900646 -17.946135 5.172491
-3.888894 -20.886461 12.908543
3.152030 -16.928916 10.462645
-1.804462 -17.350468 13.793113
-2.043889 -22.667079 9.921247
1.646362 -15.830287 12.584614
1.794093 -19.896801 8.708713
-8.871562 15.839420 2.402668
-7.011389 15.777021 7.171702
-6.894780 17.789961 2.533952
-1.544784 11.728665 14.933081
-4.498792 14.395681 11.514710
-1.888346 22.678037 3.055409
-4.744617 17.712165 7.676952
-4.570534 20.066281 2.757318
-5.900646 17.946135 5.172491
13.633155 24.340839 3.692241
9.664023 21.745977 9.884989
9.513710 24.547346 3.496456
1.643464 12.477887 15.887000
5.888775 18.843486 15.072387
0.000000 14.287430 14.457656
2.056838 24.701531 3.328034
6.012187 22.444137 9.727923
5.613849 24.646808 3.386730
0.000000 23.231807 6.421113
7.758826 23.597576 6.801367
-3.152030 16.928916 10.462645
3.888894 20.886461 12.908543
-1.646362 15.830287 12.584614
-1.794093 19.896801 8.708713
1.804462 17.350468 13.793113
2.043889 22.667079 9.921247
0.000000 -7.422576 16.838700
0.000000 -2.444822 17.552793
0.000000 7.422576 16.838700
0.000000 2.444822 17.552793
-13.633155 -24.340839 -3.692241
-9.664023 -21.745977 -9.884989
-9.513710 -24.547346 -3.496456
-1.643464 -12.477887 -15.887000
-5.888775 -18.843486 -15.072387
-2.056838 -24.701531 -3.328034
-6.012187 -22.444137 -9.727923
-5.613849 -24.646808 -3.386730
-7.758826 -23.597576 -6.801367
8.871562 -15.839420 -2.402668
7.011389 -15.777021 -7.171702
6.894780 -17.789961 -2.533952
1.544784 -11.728665 -14.933081
4.498792 -14.395681 -11.514710
0.000000 -14.287430 -14.457656
1.888346 -22.678037 -3.055409
4.744617 -17.712165 -7.676952
4.570534 -20.066281 -2.757318
0.000000 -23.231807 -6.421113
5.900646 -17.946135 -5.172491
-3.888894 -20.886461 -12.908543
3.152030 -16.928916 -10.462645
-1.804462 -17.350468 -13.793113
-2.043889 -22.667079 -9.921247
1.646362 -15.830287 -12.584614
1.794093 -19.896801 -8.708713
-8.871562 15.839420 -2.402668
-7.011389 15.777021 -7.171702
-6.894780 17.789961 -2.533952
-1.544784 11.728665 -14.933081
-4.498792 14.395681 -11.514710
-1.888346 22.678037 -3.055409
-4.744617 17.712165 -7.676952
-4.570534 20.066281 -2.757318
-5.900646 17.946135 -5.172491
13.633155 24.340839 -3.692241
9.664023 21.745977 -9.884989
9.513710 24.547346 -3.496456
1.643464 12.477887 -15.887000
5.888775 18.843486 -15.072387
0.000000 14.287430 -14.457656
2.056838 24.701531 -3.328034
6.012187 22.444137 -9.727923
5.613849 24.646808 -3.386730
0.000000 23.231807 -6.421113
7.758826 23.597576 -6.801367
-3.152030 16.928916 -10.462645
3.888894 20.886461 -12.908543
-1.646362 15.830287 -12.584614
-1.794093 19.896801 -8.708713
1.804462 17.350468 -13.793113
2.043889 22.667079 -9.921247
0.000000 -7.422576 -16.838700
0.000000 -2.444822 -17.552793
0.000000 7.422576 -16.838700
0.000000 2.444822 -17.552793
19.158729 24.393130 -2.523399
21.832119 17.462912 -6.822752
16.399245 22.755030 -6.115368
21.491508 3.260028 -12.037263
21.815908 9.916777 -9.695101
11.669621 19.482388 -12.040778
19.121129 16.265404 -10.052573
13.862670 21.042972 -9.297431
18.227370 19.772979 -8.333775
10.936147 -13.924037 -1.440401
13.458681 -10.765230 -4.205971
10.201361 -14.155060 -3.804143
17.845042 -2.706899 -9.994899
15.741831 -7.155706 -6.995750
8.198956 -13.688125 -8.459727
12.506670 -10.638809 -6.575145
9.270342 -14.072003 -6.217443
11.427482 -12.396487 -5.224784
2.389826 -8.824146 -15.754762
6.766196 -6.614946 -14.884947
3.883906 -10.415257 -14.451854
2.352488 -6.401023 -16.515967
15.931434 -1.648061 -12.512786
11.088694 -4.332348 -13.863076
15.327010 -4.119103 -11.045971
6.749299 -12.837929 -10.920595
8.262465 -8.007774 -13.368949
5.389892 -11.788602 -12.788229
9.095205 -11.455082 -9.996598
6.149928 -9.169675 -13.919196
2.348588 -1.451507 -17.431832
6.848823 -4.232805 -15.801515
2.346634 -3.889785 -17.077549
4.659427 -5.315356 -16.166044
13.657485 -8.440790 -8.180603
10.751943 -6.645066 -12.639667
14.530414 -6.419983 -9.572333
11.423529 -9.969062 -9.070152
12.932369 -5.450643 -11.921475
9.958604 -9.060637 -11.411545
2.570414 9.490944 -16.945273
8.017306 7.838090 -17.637264
4.515151 12.108032 -16.800691
2.475358 6.735346 -17.378590
17.474396 1.807676 -13.724652
13.338117 5.211196 -16.675302
19.771767 5.313622 -14.249247
14.514845 0.000000 -14.343945
9.304217 17.697672 -15.054539
10.899721 10.563737 -17.636119
7.008114 15.327926 -16.627673
13.007186 16.382080 -14.296281
7.702777 11.485007 -17.433775
2.374756 1.467680 -17.626053
7.592835 4.692630 -17.518092
2.418675 4.009200 -17.601825
4.784427 0.000000 -17.310221
5.081507 5.796854 -17.630464
19.584580 12.103936 -11.730832
14.622566 9.037243 -17.189858
19.734613 8.719358 -13.000751
16.613810 14.498507 -13.191177
17.488638 7.370988 -16.121591
14.120770 12.847501 -16.180962
9.475691 -2.854695 -15.331990
10.425485 3.140835 -16.868790
11.833096 -1.548046 -14.884947
7.232529 -1.489983 -16.524165
12.598156 1.648134 -15.847322
7.496888 1.544444 -17.128145
19.158729 24.393130 2.523399
21.832119 17.462912 6.822752
16.399245 22.755030 6.115368
24.649814 24.943501 0.000000
21.491508 3.260028 12.037263
21.815908 9.916777 9.695101
11.669621 19.482388 12.040778
19.121129 16.265404 10.052573
13.862670 21.042972 9.297431
18.227370 19.772979 8.333775
23.961486 14.809013 -4.461439
23.961486 14.809013 4.461439
24.367234 19.371236 -2.534211
24.367234 19.371236 2.534211
10.936147 -13.924037 1.440401
13.458681 -10.765230 4.205971
10.201361 -14.155060 3.804143
12.397894 -12.545607 0.000000
17.845042 -2.706899 9.994899
15.741831 -7.155706 6.995750
8.198956 -13.688125 8.459727
12.506670 -10.638809 6.575145
9.270342 -14.072003 6.217443
11.427482 -12.396487 5.224784
15.215764 -9.403859 -2.833055
15.215764 -9.403859 2.833055
13.849911 -11.010273 -1.440401
13.849911 -11.010273 1.440401
2.389826 -8.824146 15.754762
6.766196 -6.614946 14.884947
3.883906 -10.415257 14.451854
2.352488 -6.401023 16.515967
15.931434 -1.648061 12.512786
11.088694 -4.332348 13.863076
15.327010 -4.119103 11.045971
6.749299 -12.837929 10.920595
8.262465 -8.007774 13.368949
5.389892 -11.788602 12.788229
9.095205 -11.455082 9.996598
6.149928 -9.169675 13.919196
2.348588 -1.451507 17.431832
6.848823 -4.232805 15.801515
2.346634 -3.889785 17.077549
4.659427 -5.315356 16.166044
13.657485 -8.440790 8.180603
10.751943 -6.645066 12.639667
14.530414 -6.419983 9.572333
11.423529 -9.969062 9.070152
12.932369 -5.450643 11.921475
9.958604 -9.060637 11.411545
2.570414 9.490944 16.945273
8.017306 7.838090 17.637264
4.515151 12.108032 16.800691
2.475358 6.735346 17.378590
17.474396 1.807676 13.724652
13.338117 5.211196 16.675302
19.771767 5.313622 14.249247
14.514845 0.000000 14.343945
9.304217 17.697672 15.054539
10.899721 10.563737 17.636119
7.008114 15.327926 16.627673
13.007186 16.382080 14.296281
7.702777 11.485007 17.433775
2.374756 1.467680 17.626053
7.592835 4.692630 17.518092
2.418675 4.009200 17.601825
4.784427 0.000000 17.310221
5.081507 5.796854 17.630464
19.584580 12.103936 11.730832
14.622566 9.037243 17.189858
19.734613 8.719358 13.000751
16.613810 14.498507 13.191177
17.488638 7.370988 16.121591
14.120770 12.847501 16.180962
9.475691 -2.854695 15.331990
10.425485 3.140835 16.868790
11.833096 -1.548046 14.884947
7.232529 -1.489983 16.524165
12.598156 1.648134 15.847322
7.496888 1.544444 17.128145
21.167332 0.000000 -9.330657
24.473238 0.000000 -3.408729
23.093763 3.289411 -8.950351
19.685290 -2.803918 -7.629344
21.167332 0.000000 9.330657
24.473238 0.000000 3.408729
23.093763 3.289411 8.950351
19.685290 -2.803918 7.629344
23.587433 10.223460 -6.318446
24.844418 3.347285 -2.068736
23.328861 6.723917 -7.670473
24.766690 10.840234 -2.233211
24.238379 3.330608 -5.520820
16.823679 -7.291857 -4.506616
21.864465 -2.945796 -1.820602
18.212591 -5.249290 -5.988256
17.281812 -7.564147 -1.558300
21.100236 -2.899394 -4.806040
23.587433 10.223460 6.318446
24.844418 3.347285 2.068736
23.328861 6.723917 7.670473
24.766690 10.840234 2.233211
24.238379 3.330608 5.520820
24.943501 6.894214 0.000000
16.823679 -7.291857 4.506616
21.864465 -2.945796 1.820602
18.212591 -5.249290 5.988256
17.281812 -7.564147 1.558300
21.100236 -2.899394 4.806040
19.542177 -5.401325 0.000000
-10.936147 13.924037 -1.440401
-13.458681 10.765230 -4.205971
-10.201361 14.155060 -3.804143
-17.845042 2.706899 -9.994899
-15.741831 7.155706 -6.995750
-8.198956 13.688125 -8.459727
-12.506670 10.638809 -6.575145
-9.270342 14.072003 -6.217443
-11.427482 12.396487 -5.224784
-19.158729 -24.393130 -2.523399
-21.832119 -17.462912 -6.822752
-16.399245 -22.755030 -6.115368
-21.491508 -3.260028 -12.037263
-21.815908 -9.916777 -9.695101
-11.669621 -19.482388 -12.040778
-19.121129 -16.265404 -10.052573
-13.862670 -21.042972 -9.297431
-18.227370 -19.772979 -8.333775
-2.570414 -9.490944 -16.945273
-8.017306 -7.838090 -17.637264
-4.515151 -12.108032 -16.800691
-2.475358 -6.735346 -17.378590
-17.474396 -1.807676 -13.724652
-13.338117 -5.211196 -16.675302
-19.771767 -5.313622 -14.249247
-9.304217 -17.697672 -15.054539
-10.899721 -10.563737 -17.636119
-7.008114 -15.327926 -16.627673
-13.007186 -16.382080 -14.296281
-7.702777 -11.485007 -17.433775
-2.374756 -1.467680 -17.626053
-7.592835 -4.692630 -17.518092
-2.418675 -4.009200 -17.601825
-5.081507 -5.796854 -17.630464
-19.584580 -12.103936 -11.730832
-14.622566 -9.037243 -17.189858
-19.734613 -8.719358 -13.000751
-16.613810 -14.498507 -13.191177
-17.488638 -7.370988 -16.121591
-14.120770 -12.847501 -16.180962
-2.389826 8.824146 -15.754762
-6.766196 6.614946 -14.884947
-3.883906 10.415257 -14.451854
-2.352488 6.401023 -16.515967
-15.931434 1.648061 -12.512786
-11.088694 4.332348 -13.863076
-15.327010 4.119103 -11.045971
-14.514845 0.000000 -14.343945
-6.749299 12.837929 -10.920595
-8.262465 8.007774 -13.368949
-5.389892 11.788602 -12.788229
-9.095205 11.455082 -9.996598
-6.149928 9.169675 -13.919196
-2.348588 1.451507 -17.431832
-6.848823 4.232805 -15.801515
-2.346634 3.889785 -17.077549
-4.784427 0.000000 -17.310221
-4.659427 5.315356 -16.166044
-13.657485 8.440790 -8.180603
-10.751943 6.645066 -12.639667
-14.530414 6.419983 -9.572333
-11.423529 9.969062 -9.070152
-12.932369 5.450643 -11.921475
-9.958604 9.060637 -11.411545
-10.425485 -3.140835 -16.868790
-9.475691 2.854695 -15.331990
-12.598156 -1.648134 -15.847322
-7.496888 -1.544444 -17.128145
-11.833096 1.548046 -14.884947
-7.232529 1.489983 -16.524165
-10.936147 13.924037 1.440401
-13.458681 10.765230 4.205971
-10.201361 14.155060 3.804143
-12.397894 12.545607 0.000000
-17.845042 2.706899 9.994899
-15.741831 7.155706 6.995750
-8.198956 13.688125 8.459727
-12.506670 10.638809 6.575145
-9.270342 14.072003 6.217443
-11.427482 12.396487 5.224784
-15.215764 9.403859 -2.833055
-15.215764 9.403859 2.833055
-13.849911 11.010273 -1.440401
-13.849911 11.010273 1.440401
-19.158729 -24.393130 2.523399
-21.832119 -17.462912 6.822752
-16.399245 -22.755030 6.115368
-24.649814 -24.943501 0.000000
-21.491508 -3.260028 12.037263
-21.815908 -9.916777 9.695101
-11.669621 -19.482388 12.040778
-19.121129 -16.265404 10.052573
-13.862670 -21.042972 9.297431
-18.227370 -19.772979 8.333775
-23.961486 -14.809013 -4.461439
-23.961486 -14.809013 4.461439
-24.367234 -19.371236 -2.534211
-24.367234 -19.371236 2.534211
-2.570414 -9.490944 16.945273
-8.017306 -7.838090 17.637264
-4.515151 -12.108032 16.800691
-2.475358 -6.735346 17.378590
-17.474396 -1.807676 13.724652
-13.338117 -5.211196 16.675302
-19.771767 -5.313622 14.249247
-9.304217 -17.697672 15.054539
-10.899721 -10.563737 17.636119
-7.008114 -15.327926 16.627673
-13.007186 -16.382080 14.296281
-7.702777 -11.485007 17.433775
-2.374756 -1.467680 17.626053
-7.592835 -4.692630 17.518092
-2.418675 -4.009200 17.601825
-5.081507 -5.796854 17.630464
-19.584580 -12.103936 11.730832
-14.622566 -9.037243 17.189858
-19.734613 -8.719358 13.000751
-16.613810 -14.498507 13.191177
-17.488638 -7.370988 16.121591
-14.120770 -12.847501 16.180962
-2.389826 8.824146 15.754762
-6.766196 6.614946 14.884947
-3.883906 10.415257 14.451854
-2.352488 6.401023 16.515967
-15.931434 1.648061 12.512786
-11.088694 4.332348 13.863076
-15.327010 4.119103 11.045971
-14.514845 0.000000 14.343945
-6.749299 12.837929 10.920595
-8.262465 8.007774 13.368949
-5.389892 11.788602 12.788229
-9.095205 11.455082 9.996598
-6.149928 9.169675 13.919196
-2.348588 1.451507 17.431832
-6.848823 4.232805 15.801515
-2.346634 3.889785 17.077549
-4.784427 0.000000 17.310221
-4.659427 5.315356 16.166044
-13.657485 8.440790 8.180603
-10.751943 6.645066 12.639667
-14.530414 6.419983 9.572333
-11.423529 9.969062 9.070152
-12.932369 5.450643 11.921475
-9.958604 9.060637 11.411545
-10.425485 -3.140835 16.868790
-9.475691 2.854695 15.331990
-12.598156 -1.648134 15.847322
-7.496888 -1.544444 17.128145
-11.833096 1.548046 14.884947
-7.232529 1.489983 16.524165
-21.167332 0.000000 -9.330657
-24.473238 0.000000 -3.408729
-19.685290 2.803918 -7.629344
-23.093763 -3.289411 -8.950351
-21.167332 0.000000 9.330657
-24.473238 0.000000 3.408729
-19.685290 2.803918 7.629344
-23.093763 -3.289411 8.950351
-16.823679 7.291857 -4.506616
-21.864465 2.945796 -1.820602
-18.212591 5.249290 -5.988256
-17.281812 7.564147 -1.558300
-21.100236 2.899394 -4.806040
-23.587433 -10.223460 -6.318446
-24.844418 -3.347285 -2.068736
-23.328861 -6.723917 -7.670473
-24.766690 -10.840234 -2.233211
-24.238379 -3.330608 -5.520820
-16.823679 7.291857 4.506616
-21.864465 2.945796 1.820602
-18.212591 5.249290 5.988256
-17.281812 7.564147 1.558300
-21.100236 2.899394 4.806040
-19.542177 5.401325 0.000000
-23.587433 -10.223460 6.318446
-24.844418 -3.347285 2.068736
-23.328861 -6.723917 7.670473
-24.766690 -10.840234 2.233211
-24.238379 -3.330608 5.520820
-24.943501 -6.894214 0.000000
-8.599835 16.343666 0.000000
-6.609216 18.334285 0.000000
-1.616720 23.326782 0.000000
-4.339674 20.603827 0.000000
13.124962 24.943501 0.000000
8.991733 24.943501 0.000000
1.728770 24.943501 0.000000
5.253716 24.943501 0.000000
-13.124962 -24.943501 0.000000
-8.991733 -24.943501 0.000000
-1.728770 -24.943501 0.000000
-5.253716 -24.943501 0.000000
8.599835 -16.343666 0.000000
6.609216 -18.334285 0.000000
1.616720 -23.326782 0.000000
4.339674 -20.603827 0.000000
-14.585308 -24.770282 1.894327
-12.634016 -23.767592 5.380490
-12.374712 -24.810459 1.828759
-8.709467 -21.045259 11.250263
-10.637137 -22.440989 8.461897
-8.320533 -24.852990 1.734681
-10.629344 -23.979214 5.254134
-10.283259 -24.835723 1.777671
-11.520988 -24.462402 3.593763
-0.795320 -11.194944 16.031626
-2.557866 -13.856895 15.724347
-6.840067 -19.635412 13.863235
-4.656448 -17.005372 15.324529
-1.029659 -24.885467 1.666024
-3.076764 -24.376806 4.978309
-2.769548 -24.880333 1.673731
-6.916779 -21.469449 11.191584
-5.064088 -23.254834 8.193866
-7.827458 -22.127512 9.818207
-6.361869 -24.864609 1.712275
-4.851810 -24.316940 5.017704
-4.551484 -24.873641 1.687949
-7.525986 -24.603551 3.441247
-3.818284 -24.676707 3.357403
-9.666098 -23.390061 6.889489
-5.901161 -23.762769 6.705803
-8.750673 -22.774810 8.380602
-8.641966 -24.118663 5.185776
-6.883655 -23.040682 8.290310
-6.709729 -24.228166 5.107496
9.222798 -15.663113 1.197849
8.474058 -15.941722 3.608875
8.280849 -16.602541 1.223760
6.438522 -15.557825 8.316819
7.542797 -15.912912 6.000333
6.239254 -18.636321 1.300772
7.490220 -16.897523 3.702450
7.285114 -17.594721 1.259381
7.907802 -16.790560 2.466695
0.773490 -10.887668 15.591595
2.308349 -12.505169 14.190454
0.000000 -12.110580 15.419340
5.178894 -14.866770 10.496420
3.790519 -13.842993 12.474725
-1.704829 -14.824328 15.000950
1.581205 -13.749350 13.913165
-0.825568 -13.424611 15.222391
0.797640 -12.970473 14.707436
0.986984 -23.854063 1.596974
2.707834 -21.453819 4.381367
2.489358 -22.363243 1.504404
0.000000 -24.502690 3.301244
5.308497 -16.477396 8.589329
4.128241 -18.957323 6.679634
5.913520 -16.716983 7.417499
5.066607 -19.802231 1.363660
4.031417 -20.205184 4.169260
3.845631 -21.016192 1.426179
5.776844 -18.885348 2.641454
3.296934 -21.307336 2.898982
-2.034811 -23.984364 6.629115
1.835197 -21.631506 5.978801
-1.029154 -24.421031 4.998905
0.971867 -23.061638 4.720642
6.996265 -16.929589 4.986572
4.726448 -19.032441 5.370915
6.480822 -16.867216 6.206745
6.420956 -17.920096 3.853017
5.342472 -17.882099 6.434190
5.268010 -19.022262 4.010048
-5.834370 -20.672430 12.776264
-1.831639 -19.797346 12.235433
-4.914717 -19.967938 14.063762
-4.956347 -21.716283 11.358073
4.536570 -16.074044 9.934306
1.649438 -17.828021 11.018323
3.848413 -15.635666 11.012469
3.970621 -17.397316 9.099162
-2.692791 -16.417392 14.727756
-0.902610 -18.141386 12.747605
-3.741335 -18.091982 14.426316
-0.862126 -15.757945 14.147312
-2.790727 -19.034071 13.385291
-3.068544 -23.367127 8.304591
-0.963800 -20.647671 10.833362
-4.025428 -22.622481 9.854062
-1.013201 -23.099342 8.196971
-2.984438 -21.914226 11.485673
2.376201 -14.487210 12.996223
0.858549 -17.255826 12.125338
3.123022 -15.102006 12.042147
0.826776 -15.111821 13.567229
2.409470 -16.433721 11.556652
0.000000 -16.577665 13.178757
2.645970 -20.149201 7.160952
0.907495 -19.441432 10.200476
3.338946 -18.764522 8.173585
0.944623 -21.535878 7.642164
2.504071 -18.386975 9.636972
0.000000 -21.209109 9.283102
-9.222798 15.663113 1.197849
-8.474058 15.941722 3.608875
-8.280849 16.602541 1.223760
-6.438522 15.557825 8.316819
-7.542797 15.912912 6.000333
-6.239254 18.636321 1.300772
-7.490220 16.897523 3.702450
-7.285114 17.594721 1.259381
-7.907802 16.790560 2.466695
-0.773490 10.887668 15.591595
-2.308349 12.505169 14.190454
-5.178894 14.866770 10.496420
-3.790519 13.842993 12.474725
-0.986984 23.854063 1.596974
-2.707834 21.453819 4.381367
-2.489358 22.363243 1.504404
-5.308497 16.477396 8.589329
-4.128241 18.957323 6.679634
-5.913520 16.716983 7.417499
-5.066607 19.802231 1.363660
-4.031417 20.205184 4.169260
-3.845631 21.016192 1.426179
-5.776844 18.885348 2.641454
-3.296934 21.307336 2.898982
-6.996265 16.929589 4.986572
-4.726448 19.032441 5.370915
-6.480822 16.867216 6.206745
-6.420956 17.920096 3.853017
-5.342472 17.882099 6.434190
-5.268010 19.022262 4.010048
14.585308 24.770282 1.894327
12.634016 23.767592 5.380490
12.374712 24.810459 1.828759
8.709467 21.045259 11.250263
10.637137 22.440989 8.461897
8.320533 24.852990 1.734681
10.629344 23.979214 5.254134
10.283259 24.835723 1.777671
11.520988 24.462402 3.593763
0.795320 11.194944 16.031626
2.557866 13.856895 15.724347
0.000000 12.110580 15.419340
6.840067 19.635412 13.863235
4.656448 17.005372 15.324529
-1.581205 13.749350 13.913165
1.704829 14.824328 15.000950
-0.797640 12.970473 14.707436
0.825568 13.424611 15.222391
1.029659 24.885467 1.666024
3.076764 24.376806 4.978309
2.769548 24.880333 1.673731
0.000000 24.502690 3.301244
6.916779 21.469449 11.191584
5.064088 23.254834 8.193866
7.827458 22.127512 9.818207
6.361869 24.864609 1.712275
4.851810 24.316940 5.017704
4.551484 24.873641 1.687949
7.525986 24.603551 3.441247
3.818284 24.676707 3.357403
-1.835197 21.631506 5.978801
2.034811 23.984364 6.629115
-0.971867 23.061638 4.720642
1.029154 24.421031 4.998905
9.666098 23.390061 6.889489
5.901161 23.762769 6.705803
8.750673 22.774810 8.380602
8.641966 24.118663 5.185776
6.883655 23.040682 8.290310
6.709729 24.228166 5.107496
-4.536570 16.074044 9.934306
-1.649438 17.828021 11.018323
-3.848413 15.635666 11.012469
-3.970621 17.397316 9.099162
5.834370 20.672430 12.776264
1.831639 19.797346 12.235433
4.914717 19.967938 14.063762
4.956347 21.716283 11.358073
-2.376201 14.487210 12.996223
-0.858549 17.255826 12.125338
-3.123022 15.102006 12.042147
-0.826776 15.111821 13.567229
-2.409470 16.433721 11.556652
-2.645970 20.149201 7.160952
-0.907495 19.441432 10.200476
-3.338946 18.764522 8.173585
-0.944623 21.535878 7.642164
-2.504071 18.386975 9.636972
2.692791 16.417392 14.727756
0.902610 18.141386 12.747605
3.741335 18.091982 14.426316
0.862126 15.757945 14.147312
2.790727 19.034071 13.385291
0.000000 16.577665 13.178757
3.068544 23.367127 8.304591
0.963800 20.647671 10.833362
4.025428 22.622481 9.854062
1.013201 23.099342 8.196971
2.984438 21.914226 11.485673
0.000000 21.209109 9.283102
0.000000 -8.698184 16.530575
0.000000 -6.161108 17.091211
0.000000 -1.220960 17.616576
0.000000 -3.674410 17.445300
0.000000 8.698184 16.530575
0.000000 6.161108 17.091211
0.000000 1.220960 17.616576
0.000000 3.674410 17.445300
-14.585308 -24.770282 -1.894327
-12.634016 -23.767592 -5.380490
-12.374712 -24.810459 -1.828759
-8.709467 -21.045259 -11.250263
-10.637137 -22.440989 -8.461897
-8.320533 -24.852990 -1.734681
-10.629344 -23.979214 -5.254134
-10.283259 -24.835723 -1.777671
-11.520988 -24.462402 -3.593763
-0.795320 -11.194944 -16.031626
-2.557866 -13.856895 -15.724347
-6.840067 -19.635412 -13.863235
-4.656448 -17.005372 -15.324529
-1.029659 -24.885467 -1.666024
-3.076764 -24.376806 -4.978309
-2.769548 -24.880333 -1.673731
-6.916779 -21.469449 -11.191584
-5.064088 -23.254834 -8.193866
-7.827458 -22.127512 -9.818207
-6.361869 -24.864609 -1.712275
-4.851810 -24.316940 -5.017704
-4.551484 -24.873641 -1.687949
-7.525986 -24.603551 -3.441247
-3.818284 -24.676707 -3.357403
-9.666098 -23.390061 -6.889489
-5.901161 -23.762769 -6.705803
-8.750673 -22.774810 -8.380602
-8.641966 -24.118663 -5.185776
-6.883655 -23.040682 -8.290310
-6.709729 -24.228166 -5.107496
9.222798 -15.663113 -1.197849
8.474058 -15.941722 -3.608875
8.280849 -16.602541 -1.223760
6.438522 -15.557825 -8.316819
7.542797 -15.912912 -6.000333
6.239254 -18.636321 -1.300772
7.490220 -16.897523 -3.702450
7.285114 -17.594721 -1.259381
7.907802 -16.790560 -2.466695
0.773490 -10.887668 -15.591595
2.308349 -12.505169 -14.190454
0.000000 -12.110580 -15.419340
5.178894 -14.866770 -10.496420
3.790519 -13.842993 -12.474725
-1.704829 -14.824328 -15.000950
1.581205 -13.749350 -13.913165
-0.825568 -13.424611 -15.222391
0.797640 -12.970473 -14.707436
0.986984 -23.854063 -1.596974
2.707834 -21.453819 -4.381367
2.489358 -22.363243 -1.504404
0.000000 -24.502690 -3.301244
5.308497 -16.477396 -8.589329
4.128241 -18.957323 -6.679634
5.913520 -16.716983 -7.417499
5.066607 -19.802231 -1.363660
4.031417 -20.205184 -4.169260
3.845631 -21.016192 -1.426179
5.776844 -18.885348 -2.641454
3.296934 -21.307336 -2.898982
-2.034811 -23.984364 -6.629115
1.835197 -21.631506 -5.978801
-1.029154 -24.421031 -4.998905
0.971867 -23.061638 -4.720642
6.996265 -16.929589 -4.986572
4.726448 -19.032441 -5.370915
6.480822 -16.867216 -6.206745
6.420956 -17.920096 -3.853017
5.342472 -17.882099 -6.434190
5.268010 -19.022262 -4.010048
-5.834370 -20.672430 -12.776264
-1.831639 -19.797346 -12.235433
-4.914717 -19.967938 -14.063762
-4.956347 -21.716283 -11.358073
4.536570 -16.074044 -9.934306
1.649438 -17.828021 -11.018323
3.848413 -15.635666 -11.012469
3.970621 -17.397316 -9.099162
-2.692791 -16.417392 -14.727756
-0.902610 -18.141386 -12.747605
-3.741335 -18.091982 -14.426316
-0.862126 -15.757945 -14.147312
-2.790727 -19.034071 -13.385291
-3.068544 -23.367127 -8.304591
-0.963800 -20.647671 -10.833362
-4.025428 -22.622481 -9.854062
-1.013201 -23.099342 -8.196971
-2.984438 -21.914226 -11.485673
2.376201 -14.487210 -12.996223
0.858549 -17.255826 -12.125338
3.123022 -15.102006 -12.042147
0.826776 -15.111821 -13.567229
2.409470 -16.433721 -11.556652
0.000000 -16.577665 -13.178757
2.645970 -20.149201 -7.160952
0.907495 -19.441432 -10.200476
3.338946 -18.764522 -8.173585
0.944623 -21.535878 -7.642164
2.504071 -18.386975 -9.636972
0.000000 -21.209109 -9.283102
-9.222798 15.663113 -1.197849
-8.474058 15.941722 -3.608875
-8.280849 16.602541 -1.223760
-6.438522 15.557825 -8.316819
-7.542797 15.912912 -6.000333
-6.239254 18.636321 -1.300772
-7.490220 16.897523 -3.702450
-7.285114 17.594721 -1.259381
-7.907802 16.790560 -2.466695
-0.773490 10.887668 -15.591595
-2.308349 12.505169 -14.190454
-5.178894 14.866770 -10.496420
-3.790519 13.842993 -12.474725
-0.986984 23.854063 -1.596974
-2.707834 21.453819 -4.381367
-2.489358 22.363243 -1.504404
-5.308497 16.477396 -8.589329
-4.128241 18.957323 -6.679634
-5.913520 16.716983 -7.417499
-5.066607 19.802231 -1.363660
-4.031417 20.205184 -4.169260
-3.845631 21.016192 -1.426179
-5.776844 18.885348 -2.641454
-3.296934 21.307336 -2.898982
-6.996265 16.929589 -4.986572
-4.726448 19.032441 -5.370915
-6.480822 16.867216 -6.206745
-6.420956 17.920096 -3.853017
-5.342472 17.882099 -6.434190
-5.268010 19.022262 -4.010048
14.585308 24.770282 -1.894327
12.634016 23.767592 -5.380490
12.374712 24.810459 -1.828759
8.709467 21.045259 -11.250263
10.637137 22.440989 -8.461897
8.320533 24.852990 -1.734681
10.629344 23.979214 -5.254134
10.283259 24.835723 -1.777671
11.520988 24.462402 -3.593763
0.795320 11.194944 -16.031626
2.557866 13.856895 -15.724347
0.000000 12.110580 -15.419340
6.840067 19.635412 -13.863235
4.656448 17.005372 -15.324529
-1.581205 13.749350 -13.913165
1.704829 14.824328 -15.000950
-0.797640 12.970473 -14.707436
0.825568 13.424611 -15.222391
1.029659 24.885467 -1.666024
3.076764 24.376806 -4.978309
2.769548 24.880333 -1.673731
0.000000 24.502690 -3.301244
6.916779 21.469449 -11.191584
5.064088 23.254834 -8.193866
7.827458 22.127512 -9.818207
6.361869 24.864609 -1.712275
4.851810 24.316940 -5.017704
4.551484 24.873641 -1.687949
7.525986 24.603551 -3.441247
3.818284 24.676707 -3.357403
-1.835197 21.631506 -5.978801
2.034811 23.984364 -6.629115
-0.971867 23.061638 -4.720642
1.029154 24.421031 -4.998905
9.666098 23.390061 -6.889489
5.901161 23.762769 -6.705803
8.750673 22.774810 -8.380602
8.641966 24.118663 -5.185776
6.883655 23.040682 -8.290310
6.709729 24.228166 -5.107496
-4.536570 16.074044 -9.934306
-1.649438 17.828021 -11.018323
-3.848413 15.635666 -11.012469
-3.970621 17.397316 -9.099162
5.834370 20.672430 -12.776264
1.831639 19.797346 -12.235433
4.914717 19.967938 -14.063762
4.956347 21.716283 -11.358073
-2.376201 14.487210 -12.996223
-0.858549 17.255826 -12.125338
-3.123022 15.102006 -12.042147
-0.826776 15.111821 -13.567229
-2.409470 16.433721 -11.556652
-2.645970 20.149201 -7.160952
-0.907495 19.441432 -10.200476
-3.338946 18.764522 -8.173585
-0.944623 21.535878 -7.642164
-2.504071 18.386975 -9.636972
2.692791 16.417392 -14.727756
0.902610 18.141386 -12.747605
3.741335 18.091982 -14.426316
0.862126 15.757945 -14.147312
2.790727 19.034071 -13.385291
0.000000 16.577665 -13.178757
3.068544 23.367127 -8.304591
0.963800 20.647671 -10.833362
4.025428 22.622481 -9.854062
1.013201 23.099342 -8.196971
2.984438 21.914226 -11.485673
0.000000 21.209109 -9.283102
0.000000 -8.698184 -16.530575
0.000000 -6.161108 -17.091211
0.000000 -1.220960 -17.616576
0.000000 -3.674410 -17.445300
0.000000 8.698184 -16.530575
0.000000 6.161108 -17.091211
0.000000 1.220960 -17.616576
0.000000 3.674410 -17.445300
17.348312 24.843505 -1.232472
20.541862 23.310228 -3.791854
16.264037 24.376051 -3.138523
21.882952 15.450071 -7.623006
21.682303 19.539183 -5.937096
13.955050 22.981909 -6.565800
18.918071 22.352601 -5.587716
15.101697 23.711669 -4.924115
17.763416 23.594269 -4.401728
20.058918 1.534022 -11.811149
21.642130 4.899329 -11.504195
21.857815 11.684635 -9.045739
21.764110 8.206664 -10.316293
9.715069 19.951378 -12.330630
13.622947 18.910503 -11.687334
10.707847 20.689663 -11.005106
20.632239 14.989826 -9.264222
17.403361 17.333471 -10.712674
20.466577 16.872009 -8.501230
12.807987 22.192906 -8.170666
14.776553 19.698950 -10.326770
11.741800 21.441905 -9.615303
15.097199 21.882742 -7.763654
12.744630 20.249627 -10.701399
19.711321 20.639632 -6.710979
16.847344 18.965592 -9.838506
20.183623 18.792234 -7.652357
17.446411 21.401863 -7.287247
18.749230 18.047332 -9.243023
16.066029 20.515342 -8.866889
10.247458 -14.674786 -0.728008
11.598018 -13.161049 -2.140896
9.923304 -14.872751 -1.914932
14.046834 -9.917518 -4.893266
12.856178 -11.585449 -3.520307
9.139474 -15.051366 -4.300089
11.229855 -13.268608 -3.316894
9.552609 -14.998864 -3.114759
10.594077 -14.071589 -2.625185
18.327810 -1.401634 -10.791833
17.340583 -3.925548 -9.217644
15.187293 -8.118742 -6.285180
16.286281 -6.141121 -7.719776
7.041954 -14.461728 -8.937839
9.311925 -12.926219 -7.988842
7.621762 -14.726740 -7.833348
13.559217 -9.851102 -6.088316
11.454802 -11.408801 -7.051027
13.014395 -10.728662 -5.405807
8.667530 -15.018572 -5.529323
9.844204 -13.123526 -6.879739
8.166959 -14.913827 -6.687883
9.762092 -14.149733 -5.020103
8.757554 -13.914660 -7.353535
11.861154 -12.419759 -4.038286
10.937607 -12.312813 -6.387340
12.446114 -11.588122 -4.718782
10.827395 -13.282183 -4.522529
11.976412 -11.528062 -5.904149
10.362903 -13.232797 -5.719317
1.220544 -9.397534 -15.959867
3.519244 -8.263594 -15.545787
1.979007 -10.255347 -15.370407
1.205071 -8.154385 -16.348988
7.830767 -6.062241 -14.648593
5.698400 -7.163248 -15.112185
3.484636 -11.797769 -13.939626
4.260788 -9.055942 -14.913802
2.740864 -11.060905 -14.691655
3.144682 -9.644379 -15.142955
1.183588 -5.677175 -16.957420
3.499771 -7.080190 -15.972518
1.194022 -6.907033 -16.681594
2.374421 -7.611986 -16.162456
17.307959 -0.858638 -12.086212
14.634816 -2.380633 -12.896758
16.954506 -2.182967 -11.312280
9.983459 -4.925801 -14.140230
12.225395 -3.714758 -13.566315
16.133127 -4.609142 -9.796340
14.413009 -3.602972 -12.198416
16.556631 -3.438255 -10.544734
15.646174 -2.918938 -11.779535
6.305186 -14.042207 -10.202006
7.163541 -11.637589 -11.590853
5.650234 -13.602849 -11.213765
7.502319 -13.310768 -9.720949
8.589681 -6.767646 -13.898395
7.917191 -9.228407 -12.810284
7.533934 -7.330436 -14.163841
4.251671 -12.487903 -13.076026
6.486159 -11.106823 -12.503305
4.959695 -13.081537 -12.179742
4.650321 -11.133341 -13.657494
6.086235 -12.345769 -11.883591
9.777023 -11.851191 -8.786314
8.351966 -10.982581 -11.143464
8.662718 -12.577352 -9.247639
7.940814 -12.144472 -10.458479
5.398635 -8.462670 -14.663603
6.868896 -9.828689 -13.102842
6.466489 -7.896602 -14.420123
5.033206 -9.787570 -14.186664
7.212198 -8.589232 -13.647217
5.781571 -10.475701 -13.376834
1.177355 -0.727646 -17.586205
3.507556 -2.167788 -17.175109
1.177163 -1.947869 -17.498749
7.896432 -4.880263 -15.148173
5.763928 -3.562303 -16.358479
6.816946 -5.434736 -15.363505
1.183797 -4.398337 -17.190376
3.498257 -3.382598 -16.953349
1.178517 -3.177821 -17.366643
2.352840 -5.145647 -16.821875
2.350535 -2.673200 -17.276289
4.645766 -6.518108 -15.772542
4.660195 -4.101009 -16.513927
5.730146 -5.983178 -15.572031
3.514483 -5.856798 -16.345601
5.753044 -4.776899 -15.989036
3.514995 -4.617658 -16.673905
14.184699 -8.766626 -6.907058
13.045381 -8.062489 -9.397769
14.691812 -7.814769 -7.603685
13.093177 -9.562041 -7.379679
9.854338 -6.090316 -13.563670
11.586980 -7.161148 -11.633700
10.933625 -5.509081 -13.263025
9.503369 -7.334397 -13.012838
15.657067 -5.764394 -9.036019
13.431793 -7.041341 -10.075441
15.186552 -6.810183 -8.316306
14.940242 -5.300563 -10.307474
14.102368 -7.452734 -8.875693
10.922234 -11.082233 -8.306073
11.899980 -8.822485 -9.817274
12.002291 -10.336036 -7.847847
10.265978 -10.716272 -9.537386
12.534741 -9.216308 -8.633369
13.182755 -4.286374 -12.589833
12.655300 -6.565007 -11.241842
12.046540 -4.905454 -12.938473
14.107981 -4.803710 -11.500570
11.830730 -6.059162 -12.290851
13.777406 -5.954701 -10.789398
8.762960 -9.751037 -11.819691
11.151284 -8.357827 -10.990288
9.138268 -8.560265 -12.428600
9.539902 -10.268685 -10.719098
10.364517 -7.869472 -12.035363
10.726509 -9.546497 -10.275784
1.268199 9.764451 -16.583003
3.902969 9.164625 -17.240842
2.122304 10.997919 -16.483351
1.245041 8.424848 -16.891249
9.394507 7.272822 -17.573797
6.635145 8.340795 -17.596435
4.062637 13.754680 -16.251809
4.913605 10.443451 -17.198824
3.054667 12.327277 -16.373713
3.504888 10.749089 -16.877497
1.210013 5.803922 -17.336007
3.816984 7.721927 -17.420242
1.226993 7.097761 -17.142233
2.525692 8.096934 -17.192142
18.199187 0.902851 -12.708560
16.613191 2.702453 -14.640178
19.421919 2.500657 -12.958572
16.689365 0.000000 -13.108077
12.072658 5.956604 -17.099300
14.529047 4.414737 -16.122639
20.763046 5.931883 -12.607714
17.659198 4.414457 -14.945820
20.723482 4.303569 -13.198554
18.616045 3.472995 -14.015461
13.958259 -1.586329 -13.793913
15.072220 1.712929 -14.894758
15.274043 -0.828369 -13.470163
15.935931 0.864266 -14.053882
8.566368 19.078058 -13.860675
9.984376 16.220198 -16.155060
7.619426 18.343646 -15.121930
10.472765 18.580993 -13.569832
10.854174 8.551797 -17.562422
10.872270 12.672896 -17.591703
9.381252 9.127856 -17.636809
5.238789 15.387241 -16.111908
8.852409 15.158763 -17.064703
6.496278 17.134382 -15.953197
5.693409 13.630602 -16.720933
8.349163 16.936058 -16.302038
14.250813 17.274082 -12.806772
11.799289 15.515706 -15.742995
12.385734 17.982778 -13.222039
11.171060 17.084726 -14.712887
6.423861 10.069771 -17.448289
9.130472 13.064774 -17.416939
7.889995 9.634927 -17.594509
6.088956 11.840582 -17.162416
9.297439 11.072610 -17.592996
7.398786 13.405955 -17.118589
1.180611 0.729658 -17.634836
3.596564 2.222799 -17.610949
1.185936 1.962387 -17.629172
2.365616 0.000000 -17.558219
9.104387 5.626821 -17.465463
6.186717 3.823602 -17.558387
7.810251 6.226637 -17.602137
1.204122 4.473853 -17.485524
3.639431 3.519105 -17.637514
1.192967 3.216783 -17.579568
2.450125 5.358408 -17.517422
2.399500 2.728887 -17.636181
4.723296 -1.449819 -17.089045
4.830833 1.482827 -17.478117
3.556614 -0.732221 -17.375042
3.586767 0.738429 -17.522346
5.176944 7.263361 -17.575909
4.975901 4.378833 -17.632665
6.489843 6.776422 -17.636555
3.772983 6.287581 -17.547864
6.340354 5.264557 -17.621307
3.714117 4.879244 -17.618467
20.738664 12.817199 -10.098428
18.435220 11.393593 -13.280558
20.780081 11.053200 -10.754643
19.397804 14.166355 -10.933142
12.574430 7.771425 -17.307649
16.152878 9.983028 -16.218008
13.967593 7.037794 -16.943378
12.792409 9.872774 -17.516478
20.783443 7.651750 -11.994557
18.567014 9.733376 -13.927467
20.793077 9.324345 -11.386495
19.761042 7.010908 -13.633410
19.673624 10.396997 -12.382108
16.143505 16.379991 -12.276714
16.989133 12.595515 -14.015736
17.840768 15.363969 -11.665408
14.854221 15.505768 -13.799995
18.176126 13.364200 -12.518904
16.520833 5.371751 -15.777773
17.418406 9.035894 -15.472961
15.298074 6.229506 -16.430754
18.693735 6.365140 -15.238794
16.112423 8.252051 -16.739068
18.636973 8.055044 -14.595036
12.398565 13.796578 -16.723483
15.758984 11.811273 -15.531464
12.920059 12.102855 -17.572067
13.603388 14.642594 -15.284859
14.591035 11.078542 -16.943231
15.353443 13.664427 -14.708296
9.195598 -4.199234 -14.878790
9.740377 -1.458130 -15.760262
10.310411 -3.603073 -14.638874
8.146767 -3.555023 -15.576366
10.605819 4.843221 -17.160576
10.218046 1.529637 -16.533146
11.817782 4.129838 -16.779061
9.030789 3.940785 -17.266588
12.656088 -2.314011 -14.108054
10.941423 -0.774721 -15.570970
11.467274 -2.973934 -14.381060
13.133793 -0.800363 -14.629039
10.631402 -2.216563 -15.118003
5.927177 -2.190090 -16.677653
8.580310 -0.763355 -16.353504
7.048089 -2.879176 -16.180663
6.024030 -0.744611 -16.975921
8.376231 -2.176480 -15.981529
14.047436 2.568402 -15.659024
11.252321 0.796734 -16.013416
12.977881 3.365696 -16.275506
13.601428 0.828860 -15.149914
11.541571 2.406326 -16.412275
12.222706 0.000000 -15.375040
6.191147 2.287627 -17.420402
8.766878 0.779954 -16.709089
7.558352 3.087620 -17.352101
6.112814 0.755585 -17.226119
8.914949 2.316461 -17.009383
7.374793 0.000000 -16.849194
17.348312 24.843505 1.232472
20.541862 23.310228 3.791854
16.264037 24.376051 3.138523
19.590998 24.943501 0.000000
21.882952 15.450071 7.623006
21.682303 19.539183 5.937096
13.955050 22.981909 6.565800
18.918071 22.352601 5.587716
15.101697 23.711669 4.924115
17.763416 23.594269 4.401728
22.936682 23.209958 -2.637767
22.936682 23.209958 2.637767
21.750566 24.663330 -1.337586
21.750566 24.663330 1.337586
20.058918 1.534022 11.811149
21.642130 4.899329 11.504195
21.857815 11.684635 9.045739
21.764110 8.206664 10.316293
9.715069 19.951378 12.330630
13.622947 18.910503 11.687334
10.707847 20.689663 11.005106
20.632239 14.989826 9.264222
17.403361 17.333471 10.712674
20.466577 16.872009 8.501230
12.807987 22.192906 8.170666
14.776553 19.698950 10.326770
11.741800 21.441905 9.615303
15.097199 21.882742 7.763654
12.744630 20.249627 10.701399
19.711321 20.639632 6.710979
16.847344 18.965592 9.838506
20.183623 18.792234 7.652357
17.446411 21.401863 7.287247
18.749230 18.047332 9.243023
16.066029 20.515342 8.866889
22.984237 14.205040 -6.486830
24.674689 15.249796 -2.282888
23.084801 16.259023 -5.681872
22.984237 14.205040 6.486830
24.674689 15.249796 2.282888
23.084801 16.259023 5.681872
23.194096 20.807018 -3.804310
24.841495 17.455643 -1.235968
23.169110 18.474754 -4.791261
24.623609 22.106809 -1.347171
24.155317 16.986694 -3.541591
23.194096 20.807018 3.804310
24.841495 17.455643 1.235968
23.169110 18.474754 4.791261
24.623609 22.106809 1.347171
24.155317 16.986694 3.541591
24.943501 19.829352 0.000000
10.247458 -14.674786 0.728008
11.598018 -13.161049 2.140896
9.923304 -14.872751 1.914932
10.972798 -13.970703 0.000000
14.046834 -9.917518 4.893266
12.856178 -11.585449 3.520307
9.139474 -15.051366 4.300089
11.229855 -13.268608 3.316894
9.552609 -14.998864 3.114759
10.594077 -14.071589 2.625185
12.357583 -12.504816 -1.421148
12.357583 -12.504816 1.421148
11.679374 -13.243437 -0.718242
11.679374 -13.243437 0.718242
18.327810 -1.401634 10.791833
17.340583 -3.925548 9.217644
15.187293 -8.118742 6.285180
16.286281 -6.141121 7.719776
7.041954 -14.461728 8.937839
9.311925 -12.926219 7.988842
7.621762 -14.726740 7.833348
13.559217 -9.851102 6.088316
11.454802 -11.408801 7.051027
13.014395 -10.728662 5.405807
8.667530 -15.018572 5.529323
9.844204 -13.123526 6.879739
8.166959 -14.913827 6.687883
9.762092 -14.149733 5.020103
8.757554 -13.914660 7.353535
11.861154 -12.419759 4.038286
10.937607 -12.312813 6.387340
12.446114 -11.588122 4.718782
10.827395 -13.282183 4.522529
11.976412 -11.528062 5.904149
10.362903 -13.232797 5.719317
14.967278 -9.250286 -4.224207
15.365774 -9.496571 -1.421632
14.339472 -10.099537 -3.529381
14.967278 -9.250286 4.224207
15.365774 -9.496571 1.421632
14.339472 -10.099537 3.529381
13.051150 -11.707958 -2.140658
14.637053 -10.285177 -0.728254
13.697511 -10.922221 -2.832580
13.132543 -11.790254 -0.718489
14.537512 -10.223184 -2.131453
13.051150 -11.707958 2.140658
14.637053 -10.285177 0.728254
13.697511 -10.922221 2.832580
13.132543 -11.790254 0.718489
14.537512 -10.223184 2.131453
13.896328 -11.047173 0.000000
1.220544 -9.397534 15.959867
3.519244 -8.263594 15.545787
1.979007 -10.255347 15.370407
1.205071 -8.154385 16.348988
7.830767 -6.062241 14.648593
5.698400 -7.163248 15.112185
3.484636 -11.797769 13.939626
4.260788 -9.055942 14.913802
2.740864 -11.060905 14.691655
3.144682 -9.644379 15.142955
1.183588 -5.677175 16.957420
3.499771 -7.080190 15.972518
1.194022 -6.907033 16.681594
2.374421 -7.611986 16.162456
17.307959 -0.858638 12.086212
14.634816 -2.380633 12.896758
16.954506 -2.182967 11.312280
9.983459 -4.925801 14.140230
12.225395 -3.714758 13.566315
16.133127 -4.609142 9.796340
14.413009 -3.602972 12.198416
16.556631 -3.438255 10.544734
15.646174 -2.918938 11.779535
6.305186 -14.042207 10.202006
7.163541 -11.637589 11.590853
5.650234 -13.602849 11.213765
7.502319 -13.310768 9.720949
8.589681 -6.767646 13.898395
7.917191 -9.228407 12.810284
7.533934 -7.330436 14.163841
4.251671 -12.487903 13.076026
6.486159 -11.106823 12.503305
4.959695 -13.081537 12.179742
4.650321 -11.133341 13.657494
6.086235 -12.345769 11.883591
9.777023 -11.851191 8.786314
8.351966 -10.982581 11.143464
8.662718 -12.577352 9.247639
7.940814 -12.144472 10.458479
5.398635 -8.462670 14.663603
6.868896 -9.828689 13.102842
6.466489 -7.896602 14.420123
5.033206 -9.787570 14.186664
7.212198 -8.589232 13.647217
5.781571 -10.475701 13.376834
1.177355 -0.727646 17.586205
3.507556 -2.167788 17.175109
1.177163 -1.947869 17.498749
7.896432 -4.880263 15.148173
5.763928 -3.562303 16.358479
6.816946 -5.434736 15.363505
1.183797 -4.398337 17.190376
3.498257 -3.382598 16.953349
1.178517 -3.177821 17.366643
2.352840 -5.145647 16.821875
2.350535 -2.673200 17.276289
4.645766 -6.518108 15.772542
4.660195 -4.101009 16.513927
5.730146 -5.983178 15.572031
3.514483 -5.856798 16.345601
5.753044 -4.776899 15.989036
3.514995 -4.617658 16.673905
14.184699 -8.766626 6.907058
13.045381 -8.062489 9.397769
14.691812 -7.814769 7.603685
13.093177 -9.562041 7.379679
9.854338 -6.090316 13.563670
11.586980 -7.161148 11.633700
10.933625 -5.509081 13.263025
9.503369 -7.334397 13.012838
15.657067 -5.764394 9.036019
13.431793 -7.041341 10.075441
15.186552 -6.810183 8.316306
14.940242 -5.300563 10.307474
14.102368 -7.452734 8.875693
10.922234 -11.082233 8.306073
11.899980 -8.822485 9.817274
12.002291 -10.336036 7.847847
10.265978 -10.716272 9.537386
12.534741 -9.216308 8.633369
13.182755 -4.286374 12.589833
12.655300 -6.565007 11.241842
12.046540 -4.905454 12.938473
14.107981 -4.803710 11.500570
11.830730 -6.059162 12.290851
13.777406 -5.954701 10.789398
8.762960 -9.751037 11.819691
11.151284 -8.357827 10.990288
9.138268 -8.560265 12.428600
9.539902 -10.268685 10.719098
10.364517 -7.869472 12.035363
10.726509 -9.546497 10.275784
1.268199 9.764451 16.583003
3.902969 9.164625 17.240842
2.122304 10.997919 16.483351
1.245041 8.424848 16.891249
9.394507 7.272822 17.573797
6.635145 8.340795 17.596435
4.062637 13.754680 16.251809
4.913605 10.443451 17.198824
3.054667 12.327277 16.373713
3.504888 10.749089 16.877497
1.210013 5.803922 17.336007
3.816984 7.721927 17.420242
1.226993 7.097761 17.142233
2.525692 8.096934 17.192142
18.199187 0.902851 12.708560
16.613191 2.702453 14.640178
19.421919 2.500657 12.958572
16.689365 0.000000 13.108077
12.072658 5.956604 17.099300
14.529047 4.414737 16.122639
20.763046 5.931883 12.607714
17.659198 4.414457 14.945820
20.723482 4.303569 13.198554
18.616045 3.472995 14.015461
13.958259 -1.586329 13.793913
15.072220 1.712929 14.894758
15.274043 -0.828369 13.470163
15.935931 0.864266 14.053882
8.566368 19.078058 13.860675
9.984376 16.220198 16.155060
7.619426 18.343646 15.121930
10.472765 18.580993 13.569832
10.854174 8.551797 17.562422
10.872270 12.672896 17.591703
9.381252 9.127856 17.636809
5.238789 15.387241 16.111908
8.852409 15.158763 17.064703
6.496278 17.134382 15.953197
5.693409 13.630602 16.720933
8.349163 16.936058 16.302038
14.250813 17.274082 12.806772
11.799289 15.515706 15.742995
12.385734 17.982778 13.222039
11.171060 17.084726 14.712887
6.423861 10.069771 17.448289
9.130472 13.064774 17.416939
7.889995 9.634927 17.594509
6.088956 11.840582 17.162416
9.297439 11.072610 17.592996
7.398786 13.405955 17.118589
1.180611 0.729658 17.634836
3.596564 2.222799 17.610949
1.185936 1.962387 17.629172
2.365616 0.000000 17.558219
9.104387 5.626821 17.465463
6.186717 3.823602 17.558387
7.810251 6.226637 17.602137
1.204122 4.473853 17.485524
3.639431 3.519105 17.637514
1.192967 3.216783 17.579568
2.450125 5.358408 17.517422
2.399500 2.728887 17.636181
4.723296 -1.449819 17.089045
4.830833 1.482827 17.478117
3.556614 -0.732221 17.375042
3.586767 0.738429 17.522346
5.176944 7.263361 17.575909
4.975901 4.378833 17.632665
6.489843 6.776422 17.636555
3.772983 6.287581 17.547864
6.340354 5.264557 17.621307
3.714117 4.879244 17.618467
20.738664 12.817199 10.098428
18.435220 11.393593 13.280558
20.780081 11.053200 10.754643
19.397804 14.166355 10.933142
12.574430 7.771425 17.307649
16.152878 9.983028 16.218008
13.967593 7.037794 16.943378
12.792409 9.872774 17.516478
20.783443 7.651750 11.994557
18.567014 9.733376 13.927467
20.793077 9.324345 11.386495
19.761042 7.010908 13.633410
19.673624 10.396997 12.382108
16.143505 16.379991 12.276714
16.989133 12.595515 14.015736
17.840768 15.363969 11.665408
14.854221 15.505768 13.799995
18.176126 13.364200 12.518904
16.520833 5.371751 15.777773
17.418406 9.035894 15.472961
15.298074 6.229506 16.430754
18.693735 6.365140 15.238794
16.112423 8.252051 16.739068
18.636973 8.055044 14.595036
12.398565 13.796578 16.723483
15.758984 11.811273 15.531464
12.920059 12.102855 17.572067
13.603388 14.642594 15.284859
14.591035 11.078542 16.943231
15.353443 13.664427 14.708296
9.195598 -4.199234 14.878790
9.740377 -1.458130 15.760262
10.310411 -3.603073 14.638874
8.146767 -3.555023 15.576366
10.605819 4.843221 17.160576
10.218046 1.529637 16.533146
11.817782 4.129838 16.779061
9.030789 3.940785 17.266588
12.656088 -2.314011 14.108054
10.941423 -0.774721 15.570970
11.467274 -2.973934 14.381060
13.133793 -0.800363 14.629039
10.631402 -2.216563 15.118003
5.927177 -2.190090 16.677653
8.580310 -0.763355 16.353504
7.048089 -2.879176 16.180663
6.024030 -0.744611 16.975921
8.376231 -2.176480 15.981529
14.047436 2.568402 15.659024
11.252321 0.796734 16.013416
12.977881 3.365696 16.275506
13.601428 0.828860 15.149914
11.541571 2.406326 16.412275
12.222706 0.000000 15.375040
6.191147 2.287627 17.420402
8.766878 0.779954 16.709089
7.558352 3.087620 17.352101
6.112814 0.755585 17.226119
8.914949 2.316461 17.009383
7.374793 0.000000 16.849194
20.010931 0.000000 -10.529504
22.222342 0.000000 -8.010798
21.423895 1.579138 -10.685596
19.416169 -1.431150 -9.684202
24.824541 0.000000 -1.720526
23.905521 0.000000 -5.035092
22.466611 4.922705 -9.958847
23.603277 1.647454 -7.902142
22.378738 3.287653 -10.539651
22.724363 1.626546 -9.409048
18.195710 -3.986899 -8.065672
21.321290 -1.488176 -7.138155
18.807098 -2.762944 -8.857526
20.426601 -1.462079 -8.457657
20.010931 0.000000 10.529504
22.222342 0.000000 8.010798
21.423895 1.579138 10.685596
19.416169 -1.431150 9.684202
24.824541 0.000000 1.720526
23.905521 0.000000 5.035092
22.466611 4.922705 9.958847
23.603277 1.647454 7.902142
22.378738 3.287653 10.539651
22.724363 1.626546 9.409048
18.195710 -3.986899 8.065672
21.321290 -1.488176 7.138155
18.807098 -2.762944 8.857526
20.426601 -1.462079 8.457657
22.861332 11.917143 -7.365200
24.105908 8.493743 -5.249422
22.760131 10.098906 -8.051242
23.767655 12.430984 -5.424536
24.920661 1.668380 -1.031116
24.699307 5.044171 -3.117469
24.780060 1.666986 -2.758386
22.566770 6.646991 -9.325867
23.969028 6.764009 -5.952382
22.660759 8.338634 -8.706851
23.210326 4.990474 -8.316500
23.455748 8.439655 -7.007660
24.886734 13.057501 -1.161673
24.620735 8.750119 -3.233166
24.484458 12.832782 -3.334470
24.292973 10.581707 -4.322674
24.125232 1.661359 -6.172692
24.350946 5.024721 -4.858595
24.511436 1.663370 -4.485206
23.725685 3.318462 -7.257455
24.607829 3.348032 -3.807627
23.848401 5.027438 -6.604557
15.707083 -8.187780 -5.060326
17.984117 -6.336723 -3.916310
16.325035 -7.243588 -5.774871
16.021806 -8.379742 -3.656686
23.343295 -1.562779 -0.965851
20.489489 -4.184429 -2.586119
23.121123 -1.555387 -2.573722
17.561423 -5.172677 -7.257374
18.762611 -5.294769 -4.659439
16.945956 -6.235719 -6.511076
18.947639 -4.073950 -6.789135
17.517246 -6.302912 -5.233468
16.344545 -8.575610 -0.762937
18.232752 -6.479853 -2.394304
16.236719 -8.509981 -2.211234
17.114181 -7.454717 -3.045285
22.104216 -1.522183 -5.655594
20.133475 -4.154463 -4.017109
22.701313 -1.540533 -4.153982
20.458992 -2.861556 -6.258206
21.559922 -2.933347 -3.336017
19.600811 -4.132011 -5.428233
22.861332 11.917143 7.365200
24.105908 8.493743 5.249422
22.760131 10.098906 8.051242
23.767655 12.430984 5.424536
24.920661 1.668380 1.031116
24.699307 5.044171 3.117469
24.780060 1.666986 2.758386
24.943501 3.360634 0.000000
22.566770 6.646991 9.325867
23.969028 6.764009 5.952382
22.660759 8.338634 8.706851
23.210326 4.990474 8.316500
23.455748 8.439655 7.007660
24.886734 13.057501 1.161673
24.620735 8.750119 3.233166
24.484458 12.832782 3.334470
24.943501 10.917623 0.000000
24.292973 10.581707 4.322674
24.125232 1.661359 6.172692
24.350946 5.024721 4.858595
24.511436 1.663370 4.485206
23.725685 3.318462 7.257455
24.607829 3.348032 3.807627
23.848401 5.027438 6.604557
24.820892 6.860326 -2.105781
24.820892 6.860326 2.105781
24.915721 5.100166 -1.050002
24.906449 8.838236 -1.092466
24.915721 5.100166 1.050002
24.906449 8.838236 1.092466
15.707083 -8.187780 5.060326
17.984117 -6.336723 3.916310
16.325035 -7.243588 5.774871
16.021806 -8.379742 3.656686
23.343295 -1.562779 0.965851
20.489489 -4.184429 2.586119
23.121123 -1.555387 2.573722
21.981885 -2.961616 0.000000
17.561423 -5.172677 7.257374
18.762611 -5.294769 4.659439
16.945956 -6.235719 6.511076
18.947639 -4.073950 6.789135
17.517246 -6.302912 5.233468
16.344545 -8.575610 0.762937
18.232752 -6.479853 2.394304
16.236719 -8.509981 2.211234
17.349658 -7.593843 0.000000
17.114181 -7.454717 3.045285
22.104216 -1.522183 5.655594
20.133475 -4.154463 4.017109
22.701313 -1.540533 4.153982
20.458992 -2.861556 6.258206
21.559922 -2.933347 3.336017
19.600811 -4.132011 5.428233
19.456408 -5.377619 -1.650664
19.456408 -5.377619 1.650664
20.679922 -4.233112 -0.871496
18.391161 -6.526238 -0.806687
20.679922 -4.233112 0.871496
18.391161 -6.526238 0.806687
-10.247458 14.674786 -0.728008
-11.598018 13.161049 -2.140896
-9.923304 14.872751 -1.914932
-14.046834 9.917518 -4.893266
-12.856178 11.585449 -3.520307
-9.139474 15.051366 -4.300089
-11.229855 13.268608 -3.316894
-9.552609 14.998864 -3.114759
-10.594077 14.071589 -2.625185
-18.327810 1.401634 -10.791833
-17.340583 3.925548 -9.217644
-15.187293 8.118742 -6.285180
-16.286281 6.141121 -7.719776
-7.041954 14.461728 -8.937839
-9.311925 12.926219 -7.988842
-7.621762 14.726740 -7.833348
-13.559217 9.851102 -6.088316
-11.454802 11.408801 -7.051027
-13.014395 10.728662 -5.405807
-8.667530 15.018572 -5.529323
-9.844204 13.123526 -6.879739
-8.166959 14.913827 -6.687883
-9.762092 14.149733 -5.020103
-8.757554 13.914660 -7.353535
-11.861154 12.419759 -4.038286
-10.937607 12.312813 -6.387340
-12.446114 11.588122 -4.718782
-10.827395 13.282183 -4.522529
-11.976412 11.528062 -5.904149
-10.362903 13.232797 -5.719317
-17.348312 -24.843505 -1.232472
-20.541862 -23.310228 -3.791854
-16.264037 -24.376051 -3.138523
-21.882952 -15.450071 -7.623006
-21.682303 -19.539183 -5.937096
-13.955050 -22.981909 -6.565800
-18.918071 -22.352601 -5.587716
-15.101697 -23.711669 -4.924115
-17.763416 -23.594269 -4.401728
-20.058918 -1.534022 -11.811149
-21.642130 -4.899329 -11.504195
-21.857815 -11.684635 -9.045739
-21.764110 -8.206664 -10.316293
-9.715069 -19.951378 -12.330630
-13.622947 -18.910503 -11.687334
-10.707847 -20.689663 -11.005106
-20.632239 -14.989826 -9.264222
-17.403361 -17.333471 -10.712674
-20.466577 -16.872009 -8.501230
-12.807987 -22.192906 -8.170666
-14.776553 -19.698950 -10.326770
-11.741800 -21.441905 -9.615303
-15.097199 -21.882742 -7.763654
-12.744630 -20.249627 -10.701399
-19.711321 -20.639632 -6.710979
-16.847344 -18.965592 -9.838506
-20.183623 -18.792234 -7.652357
-17.446411 -21.401863 -7.287247
-18.749230 -18.047332 -9.243023
-16.066029 -20.515342 -8.866889
-1.268199 -9.764451 -16.583003
-3.902969 -9.164625 -17.240842
-2.122304 -10.997919 -16.483351
-1.245041 -8.424848 -16.891249
-9.394507 -7.272822 -17.573797
-6.635145 -8.340795 -17.596435
-4.062637 -13.754680 -16.251809
-4.913605 -10.443451 -17.198824
-3.054667 -12.327277 -16.373713
-3.504888 -10.749089 -16.877497
-1.210013 -5.803922 -17.336007
-3.816984 -7.721927 -17.420242
-1.226993 -7.097761 -17.142233
-2.525692 -8.096934 -17.192142
-18.199187 -0.902851 -12.708560
-16.613191 -2.702453 -14.640178
-19.421919 -2.500657 -12.958572
-12.072658 -5.956604 -17.099300
-14.529047 -4.414737 -16.122639
-20.763046 -5.931883 -12.607714
-17.659198 -4.414457 -14.945820
-20.723482 -4.303569 -13.198554
-18.616045 -3.472995 -14.015461
-8.566368 -19.078058 -13.860675
-9.984376 -16.220198 -16.155060
-7.619426 -18.343646 -15.121930
-10.472765 -18.580993 -13.569832
-10.854174 -8.551797 -17.562422
-10.872270 -12.672896 -17.591703
-9.381252 -9.127856 -17.636809
-5.238789 -15.387241 -16.111908
-8.852409 -15.158763 -17.064703
-6.496278 -17.134382 -15.953197
-5.693409 -13.630602 -16.720933
-8.349163 -16.936058 -16.302038
-14.250813 -17.274082 -12.806772
-11.799289 -15.515706 -15.742995
-12.385734 -17.982778 -13.222039
-11.171060 -17.084726 -14.712887
-6.423861 -10.069771 -17.448289
-9.130472 -13.064774 -17.416939
-7.889995 -9.634927 -17.594509
-6.088956 -11.840582 -17.162416
-9.297439 -11.072610 -17.592996
-7.398786 -13.405955 -17.118589
-1.180611 -0.729658 -17.634836
-3.596564 -2.222799 -17.610949
-1.185936 -1.962387 -17.629172
-9.104387 -5.626821 -17.465463
-6.186717 -3.823602 -17.558387
-7.810251 -6.226637 -17.602137
-1.204122 -4.473853 -17.485524
-3.639431 -3.519105 -17.637514
-1.192967 -3.216783 -17.579568
-2.450125 -5.358408 -17.517422
-2.399500 -2.728887 -17.636181
-5.176944 -7.263361 -17.575909
-4.975901 -4.378833 -17.632665
-6.489843 -6.776422 -17.636555
-3.772983 -6.287581 -17.547864
-6.340354 -5.264557 -17.621307
-3.714117 -4.879244 -17.618467
-20.738664 -12.817199 -10.098428
-18.435220 -11.393593 -13.280558
-20.780081 -11.053200 -10.754643
-19.397804 -14.166355 -10.933142
-12.574430 -7.771425 -17.307649
-16.152878 -9.983028 -16.218008
-13.967593 -7.037794 -16.943378
-12.792409 -9.872774 -17.516478
-20.783443 -7.651750 -11.994557
-18.567014 -9.733376 -13.927467
-20.793077 -9.324345 -11.386495
-19.761042 -7.010908 -13.633410
-19.673624 -10.396997 -12.382108
-16.143505 -16.379991 -12.276714
-16.989133 -12.595515 -14.015736
-17.840768 -15.363969 -11.665408
-14.854221 -15.505768 -13.799995
-18.176126 -13.364200 -12.518904
-16.520833 -5.371751 -15.777773
-17.418406 -9.035894 -15.472961
-15.298074 -6.229506 -16.430754
-18.693735 -6.365140 -15.238794
-16.112423 -8.252051 -16.739068
-18.636973 -8.055044 -14.595036
-12.398565 -13.796578 -16.723483
-15.758984 -11.811273 -15.531464
-12.920059 -12.102855 -17.572067
-13.603388 -14.642594 -15.284859
-14.591035 -11.078542 -16.943231
-15.353443 -13.664427 -14.708296
-1.220544 9.397534 -15.959867
-3.519244 8.263594 -15.545787
-1.979007 10.255347 -15.370407
-1.205071 8.154385 -16.348988
-7.830767 6.062241 -14.648593
-5.698400 7.163248 -15.112185
-3.484636 11.797769 -13.939626
-4.260788 9.055942 -14.913802
-2.740864 11.060905 -14.691655
-3.144682 9.644379 -15.142955
-1.183588 5.677175 -16.957420
-3.499771 7.080190 -15.972518
-1.194022 6.907033 -16.681594
-2.374421 7.611986 -16.162456
-17.307959 0.858638 -12.086212
-14.634816 2.380633 -12.896758
-16.954506 2.182967 -11.312280
-16.689365 0.000000 -13.108077
-9.983459 4.925801 -14.140230
-12.225395 3.714758 -13.566315
-16.133127 4.609142 -9.796340
-14.413009 3.602972 -12.198416
-16.556631 3.438255 -10.544734
-15.646174 2.918938 -11.779535
-15.072220 -1.712929 -14.894758
-13.958259 1.586329 -13.793913
-15.935931 -0.864266 -14.053882
-15.274043 0.828369 -13.470163
-6.305186 14.042207 -10.202006
-7.163541 11.637589 -11.590853
-5.650234 13.602849 -11.213765
-7.502319 13.310768 -9.720949
-8.589681 6.767646 -13.898395
-7.917191 9.228407 -12.810284
-7.533934 7.330436 -14.163841
-4.251671 12.487903 -13.076026
-6.486159 11.106823 -12.503305
-4.959695 13.081537 -12.179742
-4.650321 11.133341 -13.657494
-6.086235 12.345769 -11.883591
-9.777023 11.851191 -8.786314
-8.351966 10.982581 -11.143464
-8.662718 12.577352 -9.247639
-7.940814 12.144472 -10.458479
-5.398635 8.462670 -14.663603
-6.868896 9.828689 -13.102842
-6.466489 7.896602 -14.420123
-5.033206 9.787570 -14.186664
-7.212198 8.589232 -13.647217
-5.781571 10.475701 -13.376834
-1.177355 0.727646 -17.586205
-3.507556 2.167788 -17.175109
-1.177163 1.947869 -17.498749
-2.365616 0.000000 -17.558219
-7.896432 4.880263 -15.148173
-5.763928 3.562303 -16.358479
-6.816946 5.434736 -15.363505
-1.183797 4.398337 -17.190376
-3.498257 3.382598 -16.953349
-1.178517 3.177821 -17.366643
-2.352840 5.145647 -16.821875
-2.350535 2.673200 -17.276289
-4.830833 -1.482827 -17.478117
-4.723296 1.449819 -17.089045
-3.586767 -0.738429 -17.522346
-3.556614 0.732221 -17.375042
-4.645766 6.518108 -15.772542
-4.660195 4.101009 -16.513927
-5.730146 5.983178 -15.572031
-3.514483 5.856798 -16.345601
-5.753044 4.776899 -15.989036
-3.514995 4.617658 -16.673905
-14.184699 8.766626 -6.907058
-13.045381 8.062489 -9.397769
-14.691812 7.814769 -7.603685
-13.093177 9.562041 -7.379679
-9.854338 6.090316 -13.563670
-11.586980 7.161148 -11.633700
-10.933625 5.509081 -13.263025
-9.503369 7.334397 -13.012838
-15.657067 5.764394 -9.036019
-13.431793 7.041341 -10.075441
-15.186552 6.810183 -8.316306
-14.940242 5.300563 -10.307474
-14.102368 7.452734 -8.875693
-10.922234 11.082233 -8.306073
-11.899980 8.822485 -9.817274
-12.002291 10.336036 -7.847847
-10.265978 10.716272 -9.537386
-12.534741 9.216308 -8.633369
-13.182755 4.286374 -12.589833
-12.655300 6.565007 -11.241842
-12.046540 4.905454 -12.938473
-14.107981 4.803710 -11.500570
-11.830730 6.059162 -12.290851
-13.777406 5.954701 -10.789398
-8.762960 9.751037 -11.819691
-11.151284 8.357827 -10.990288
-9.138268 8.560265 -12.428600
-9.539902 10.268685 -10.719098
-10.364517 7.869472 -12.035363
-10.726509 9.546497 -10.275784
-10.605819 -4.843221 -17.160576
-10.218046 -1.529637 -16.533146
-11.817782 -4.129838 -16.779061
-9.030789 -3.940785 -17.266588
-9.195598 4.199234 -14.878790
-9.740377 1.458130 -15.760262
-10.310411 3.603073 -14.638874
-8.146767 3.555023 -15.576366
-14.047436 -2.568402 -15.659024
-11.252321 -0.796734 -16.013416
-12.977881 -3.365696 -16.275506
-13.601428 -0.828860 -15.149914
-11.541571 -2.406326 -16.412275
-6.191147 -2.287627 -17.420402
-8.766878 -0.779954 -16.709089
-7.558352 -3.087620 -17.352101
-6.112814 -0.755585 -17.226119
-8.914949 -2.316461 -17.009383
-12.656088 2.314011 -14.108054
-10.941423 0.774721 -15.570970
-11.467274 2.973934 -14.381060
-13.133793 0.800363 -14.629039
-10.631402 2.216563 -15.118003
-12.222706 0.000000 -15.375040
-5.927177 2.190090 -16.677653
-8.580310 0.763355 -16.353504
-7.048089 2.879176 -16.180663
-6.024030 0.744611 -16.975921
-8.376231 2.176480 -15.981529
-7.374793 0.000000 -16.849194
-10.247458 14.674786 0.728008
-11.598018 13.161049 2.140896
-9.923304 14.872751 1.914932
-10.972798 13.970703 0.000000
-14.046834 9.917518 4.893266
-12.856178 11.585449 3.520307
-9.139474 15.051366 4.300089
-11.229855 13.268608 3.316894
-9.552609 14.998864 3.114759
-10.594077 14.071589 2.625185
-12.357583 12.504816 -1.421148
-12.357583 12.504816 1.421148
-11.679374 13.243437 -0.718242
-11.679374 13.243437 0.718242
-18.327810 1.401634 10.791833
-17.340583 3.925548 9.217644
-15.187293 8.118742 6.285180
-16.286281 6.141121 7.719776
-7.041954 14.461728 8.937839
-9.311925 12.926219 7.988842
-7.621762 14.726740 7.833348
-13.559217 9.851102 6.088316
-11.454802 11.408801 7.051027
-13.014395 10.728662 5.405807
-8.667530 15.018572 5.529323
-9.844204 13.123526 6.879739
-8.166959 14.913827 6.687883
-9.762092 14.149733 5.020103
-8.757554 13.914660 7.353535
-11.861154 12.419759 4.038286
-10.937607 12.312813 6.387340
-12.446114 11.588122 4.718782
-10.827395 13.282183 4.522529
-11.976412 11.528062 5.904149
-10.362903 13.232797 5.719317
-14.967278 9.250286 -4.224207
-15.365774 9.496571 -1.421632
-14.339472 10.099537 -3.529381
-14.967278 9.250286 4.224207
-15.365774 9.496571 1.421632
-14.339472 10.099537 3.529381
-13.051150 11.707958 -2.140658
-14.637053 10.285177 -0.728254
-13.697511 10.922221 -2.832580
-13.132543 11.790254 -0.718489
-14.537512 10.223184 -2.131453
-13.051150 11.707958 2.140658
-14.637053 10.285177 0.728254
-13.697511 10.922221 2.832580
-13.132543 11.790254 0.718489
-14.537512 10.223184 2.131453
-13.896328 11.047173 0.000000
-17.348312 -24.843505 1.232472
-20.541862 -23.310228 3.791854
-16.264037 -24.376051 3.138523
-19.590998 -24.943501 0.000000
-21.882952 -15.450071 7.623006
-21.682303 -19.539183 5.937096
-13.955050 -22.981909 6.565800
-18.918071 -22.352601 5.587716
-15.101697 -23.711669 4.924115
-17.763416 -23.594269 4.401728
-22.936682 -23.209958 -2.637767
-22.936682 -23.209958 2.637767
-21.750566 -24.663330 -1.337586
-21.750566 -24.663330 1.337586
-20.058918 -1.534022 11.811149
-21.642130 -4.899329 11.504195
-21.857815 -11.684635 9.045739
-21.764110 -8.206664 10.316293
-9.715069 -19.951378 12.330630
-13.622947 -18.910503 11.687334
-10.707847 -20.689663 11.005106
-20.632239 -14.989826 9.264222
-17.403361 -17.333471 10.712674
-20.466577 -16.872009 8.501230
-12.807987 -22.192906 8.170666
-14.776553 -19.698950 10.326770
-11.741800 -21.441905 9.615303
-15.097199 -21.882742 7.763654
-12.744630 -20.249627 10.701399
-19.711321 -20.639632 6.710979
-16.847344 -18.965592 9.838506
-20.183623 -18.792234 7.652357
-17.446411 -21.401863 7.287247
-18.749230 -18.047332 9.243023
-16.066029 -20.515342 8.866889
-22.984237 -14.205040 -6.486830
-24.674689 -15.249796 -2.282888
-23.084801 -16.259023 -5.681872
-22.984237 -14.205040 6.486830
-24.674689 -15.249796 2.282888
-23.084801 -16.259023 5.681872
-23.194096 -20.807018 -3.804310
-24.841495 -17.455643 -1.235968
-23.169110 -18.474754 -4.791261
-24.623609 -22.106809 -1.347171
-24.155317 -16.986694 -3.541591
-23.194096 -20.807018 3.804310
-24.841495 -17.455643 1.235968
-23.169110 -18.474754 4.791261
-24.623609 -22.106809 1.347171
-24.155317 -16.986694 3.541591
-24.943501 -19.829352 0.000000
-1.268199 -9.764451 16.583003
-3.902969 -9.164625 17.240842
-2.122304 -10.997919 16.483351
-1.245041 -8.424848 16.891249
-9.394507 -7.272822 17.573797
-6.635145 -8.340795 17.596435
-4.062637 -13.754680 16.251809
-4.913605 -10.443451 17.198824
-3.054667 -12.327277 16.373713
-3.504888 -10.749089 16.877497
-1.210013 -5.803922 17.336007
-3.816984 -7.721927 17.420242
-1.226993 -7.097761 17.142233
-2.525692 -8.096934 17.192142
-18.199187 -0.902851 12.708560
-16.613191 -2.702453 14.640178
-19.421919 -2.500657 12.958572
-12.072658 -5.956604 17.099300
-14.529047 -4.414737 16.122639
-20.763046 -5.931883 12.607714
-17.659198 -4.414457 14.945820
-20.723482 -4.303569 13.198554
-18.616045 -3.472995 14.015461
-8.566368 -19.078058 13.860675
-9.984376 -16.220198 16.155060
-7.619426 -18.343646 15.121930
-10.472765 -18.580993 13.569832
-10.854174 -8.551797 17.562422
-10.872270 -12.672896 17.591703
-9.381252 -9.127856 17.636809
-5.238789 -15.387241 16.111908
-8.852409 -15.158763 17.064703
-6.496278 -17.134382 15.953197
-5.693409 -13.630602 16.720933
-8.349163 -16.936058 16.302038
-14.250813 -17.274082 12.806772
-11.799289 -15.515706 15.742995
-12.385734 -17.982778 13.222039
-11.171060 -17.084726 14.712887
-6.423861 -10.069771 17.448289
-9.130472 -13.064774 17.416939
-7.889995 -9.634927 17.594509
-6.088956 -11.840582 17.162416
-9.297439 -11.072610 17.592996
-7.398786 -13.405955 17.118589
-1.180611 -0.729658 17.634836
-3.596564 -2.222799 17.610949
-1.185936 -1.962387 17.629172
-9.104387 -5.626821 17.465463
-6.186717 -3.823602 17.558387
-7.810251 -6.226637 17.602137
-1.204122 -4.473853 17.485524
-3.639431 -3.519105 17.637514
-1.192967 -3.216783 17.579568
-2.450125 -5.358408 17.517422
-2.399500 -2.728887 17.636181
-5.176944 -7.263361 17.575909
-4.975901 -4.378833 17.632665
-6.489843 -6.776422 17.636555
-3.772983 -6.287581 17.547864
-6.340354 -5.264557 17.621307
-3.714117 -4.879244 17.618467
-20.738664 -12.817199 10.098428
-18.435220 -11.393593 13.280558
-20.780081 -11.053200 10.754643
-19.397804 -14.166355 10.933142
-12.574430 -7.771425 17.307649
-16.152878 -9.983028 16.218008
-13.967593 -7.037794 16.943378
-12.792409 -9.872774 17.516478
-20.783443 -7.651750 11.994557
-18.567014 -9.733376 13.927467
-20.793077 -9.324345 11.386495
-19.761042 -7.010908 13.633410
-19.673624 -10.396997 12.382108
-16.143505 -16.379991 12.276714
-16.989133 -12.595515 14.015736
-17.840768 -15.363969 11.665408
-14.854221 -15.505768 13.799995
-18.176126 -13.364200 12.518904
-16.520833 -5.371751 15.777773
-17.418406 -9.035894 15.472961
-15.298074 -6.229506 16.430754
-18.693735 -6.365140 15.238794
-16.112423 -8.252051 16.739068
-18.636973 -8.055044 14.595036
-12.398565 -13.796578 16.723483
-15.758984 -11.811273 15.531464
-12.920059 -12.102855 17.572067
-13.603388 -14.642594 15.284859
-14.591035 -11.078542 16.943231
-15.353443 -13.664427 14.708296
-1.220544 9.397534 15.959867
-3.519244 8.263594 15.545787
-1.979007 10.255347 15.370407
-1.205071 8.154385 16.348988
-7.830767 6.062241 14.648593
-5.698400 7.163248 15.112185
-3.484636 11.797769 13.939626
-4.260788 9.055942 14.913802
-2.740864 11.060905 14.691655
-3.144682 9.644379 15.142955
-1.183588 5.677175 16.957420
-3.499771 7.080190 15.972518
-1.194022 6.907033 16.681594
-2.374421 7.611986 16.162456
-17.307959 0.858638 12.086212
-14.634816 2.380633 12.896758
-16.954506 2.182967 11.312280
-16.689365 0.000000 13.108077
-9.983459 4.925801 14.140230
-12.225395 3.714758 13.566315
-16.133127 4.609142 9.796340
-14.413009 3.602972 12.198416
-16.556631 3.438255 10.544734
-15.646174 2.918938 11.779535
-15.072220 -1.712929 14.894758
-13.958259 1.586329 13.793913
-15.935931 -0.864266 14.053882
-15.274043 0.828369 13.470163
-6.305186 14.042207 10.202006
-7.163541 11.637589 11.590853
-5.650234 13.602849 11.213765
-7.502319 13.310768 9.720949
-8.589681 6.767646 13.898395
-7.917191 9.228407 12.810284
-7.533934 7.330436 14.163841
-4.251671 12.487903 13.076026
-6.486159 11.106823 12.503305
-4.959695 13.081537 12.179742
-4.650321 11.133341 13.657494
-6.086235 12.345769 11.883591
-9.777023 11.851191 8.786314
-8.351966 10.982581 11.143464
-8.662718 12.577352 9.247639
-7.940814 12.144472 10.458479
-5.398635 8.462670 14.663603
-6.868896 9.828689 13.102842
-6.466489 7.896602 14.420123
-5.033206 9.787570 14.186664
-7.212198 8.589232 13.647217
-5.781571 10.475701 13.376834
-1.177355 0.727646 17.586205
-3.507556 2.167788 17.175109
-1.177163 1.947869 17.498749
-2.365616 0.000000 17.558219
-7.896432 4.880263 15.148173
-5.763928 3.562303 16.358479
-6.816946 5.434736 15.363505
-1.183797 4.398337 17.190376
-3.498257 3.382598 16.953349
-1.178517 3.177821 17.366643
-2.352840 5.145647 16.821875
-2.350535 2.673200 17.276289
-4.830833 -1.482827 17.478117
-4.723296 1.449819 17.089045
-3.586767 -0.738429 17.522346
-3.556614 0.732221 17.375042
-4.645766 6.518108 15.772542
-4.660195 4.101009 16.513927
-5.730146 5.983178 15.572031
-3.514483 5.856798 16.345601
-5.753044 4.776899 15.989036
-3.514995 4.617658 16.673905
-14.184699 8.766626 6.907058
-13.045381 8.062489 9.397769
-14.691812 7.814769 7.603685
-13.093177 9.562041 7.379679
-9.854338 6.090316 13.563670
-11.586980 7.161148 11.633700
-10.933625 5.509081 13.263025
-9.503369 7.334397 13.012838
-15.657067 5.764394 9.036019
-13.431793 7.041341 10.075441
-15.186552 6.810183 8.316306
-14.940242 5.300563 10.307474
-14.102368 7.452734 8.875693
-10.922234 11.082233 8.306073
-11.899980 8.822485 9.817274
-12.002291 10.336036 7.847847
-10.265978 10.716272 9.537386
-12.534741 9.216308 8.633369
-13.182755 4.286374 12.589833
-12.655300 6.565007 11.241842
-12.046540 4.905454 12.938473
-14.107981 4.803710 11.500570
-11.830730 6.059162 12.290851
-13.777406 5.954701 10.789398
-8.762960 9.751037 11.819691
-11.151284 8.357827 10.990288
-9.138268 8.560265 12.428600
-9.539902 10.268685 10.719098
-10.364517 7.869472 12.035363
-10.726509 9.546497 10.275784
-10.605819 -4.843221 17.160576
-10.218046 -1.529637 16.533146
-11.817782 -4.129838 16.779061
-9.030789 -3.940785 17.266588
-9.195598 4.199234 14.878790
-9.740377 1.458130 15.760262
-10.310411 3.603073 14.638874
-8.146767 3.555023 15.576366
-14.047436 -2.568402 15.659024
-11.252321 -0.796734 16.013416
-12.977881 -3.365696 16.275506
-13.601428 -0.828860 15.149914
-11.541571 -2.406326 16.412275
-6.191147 -2.287627 17.420402
-8.766878 -0.779954 16.709089
-7.558352 -3.087620 17.352101
-6.112814 -0.755585 17.226119
-8.914949 -2.316461 17.009383
-12.656088 2.314011 14.108054
-10.941423 0.774721 15.570970
-11.467274 2.973934 14.381060
-13.133793 0.800363 14.629039
-10.631402 2.216563 15.118003
-12.222706 0.000000 15.375040
-5.927177 2.190090 16.677653
-8.580310 0.763355 16.353504
-7.048089 2.879176 16.180663
-6.024030 0.744611 16.975921
-8.376231 2.176480 15.981529
-7.374793 0.000000 16.849194
-20.010931 0.000000 -10.529504
-22.222342 0.000000 -8.010798
-19.416169 1.431150 -9.684202
-21.423895 -1.579138 -10.685596
-24.824541 0.000000 -1.720526
-23.905521 0.000000 -5.035092
-18.195710 3.986899 -8.065672
-21.321290 1.488176 -7.138155
-18.807098 2.762944 -8.857526
-20.426601 1.462079 -8.457657
-22.466611 -4.922705 -9.958847
-23.603277 -1.647454 -7.902142
-22.378738 -3.287653 -10.539651
-22.724363 -1.626546 -9.409048
-20.010931 0.000000 10.529504
-22.222342 0.000000 8.010798
-19.416169 1.431150 9.684202
-21.423895 -1.579138 10.685596
-24.824541 0.000000 1.720526
-23.905521 0.000000 5.035092
-18.195710 3.986899 8.065672
-21.321290 1.488176 7.138155
-18.807098 2.762944 8.857526
-20.426601 1.462079 8.457657
-22.466611 -4.922705 9.958847
-23.603277 -1.647454 7.902142
-22.378738 -3.287653 10.539651
-22.724363 -1.626546 9.409048
-15.707083 8.187780 -5.060326
-17.984117 6.336723 -3.916310
-16.325035 7.243588 -5.774871
-16.021806 8.379742 -3.656686
-23.343295 1.562779 -0.965851
-20.489489 4.184429 -2.586119
-23.121123 1.555387 -2.573722
-17.561423 5.172677 -7.257374
-18.762611 5.294769 -4.659439
-16.945956 6.235719 -6.511076
-18.947639 4.073950 -6.789135
-17.517246 6.302912 -5.233468
-16.344545 8.575610 -0.762937
-18.232752 6.479853 -2.394304
-16.236719 8.509981 -2.211234
-17.114181 7.454717 -3.045285
-22.104216 1.522183 -5.655594
-20.133475 4.154463 -4.017109
-22.701313 1.540533 -4.153982
-20.458992 2.861556 -6.258206
-21.559922 2.933347 -3.336017
-19.600811 4.132011 -5.428233
-22.861332 -11.917143 -7.365200
-24.105908 -8.493743 -5.249422
-22.760131 -10.098906 -8.051242
-23.767655 -12.430984 -5.424536
-24.920661 -1.668380 -1.031116
-24.699307 -5.044171 -3.117469
-24.780060 -1.666986 -2.758386
-22.566770 -6.646991 -9.325867
-23.969028 -6.764009 -5.952382
-22.660759 -8.338634 -8.706851
-23.210326 -4.990474 -8.316500
-23.455748 -8.439655 -7.007660
-24.886734 -13.057501 -1.161673
-24.620735 -8.750119 -3.233166
-24.484458 -12.832782 -3.334470
-24.292973 -10.581707 -4.322674
-24.125232 -1.661359 -6.172692
-24.350946 -5.024721 -4.858595
-24.511436 -1.663370 -4.485206
-23.725685 -3.318462 -7.257455
-24.607829 -3.348032 -3.807627
-23.848401 -5.027438 -6.604557
-15.707083 8.187780 5.060326
-17.984117 6.336723 3.916310
-16.325035 7.243588 5.774871
-16.021806 8.379742 3.656686
-23.343295 1.562779 0.965851
-20.489489 4.184429 2.586119
-23.121123 1.555387 2.573722
-21.981885 2.961616 0.000000
-17.561423 5.172677 7.257374
-18.762611 5.294769 4.659439
-16.945956 6.235719 6.511076
-18.947639 4.073950 6.789135
-17.517246 6.302912 5.233468
-16.344545 8.575610 0.762937
-18.232752 6.479853 2.394304
-16.236719 8.509981 2.211234
-17.349658 7.593843 0.000000
-17.114181 7.454717 3.045285
-22.104216 1.522183 5.655594
-20.133475 4.154463 4.017109
-22.701313 1.540533 4.153982
-20.458992 2.861556 6.258206
-21.559922 2.933347 3.336017
-19.600811 4.132011 5.428233
-19.456408 5.377619 -1.650664
-19.456408 5.377619 1.650664
-20.679922 4.233112 -0.871496
-18.391161 6.526238 -0.806687
-20.679922 4.233112 0.871496
-18.391161 6.526238 0.806687
-22.861332 -11.917143 7.365200
-24.105908 -8.493743 5.249422
-22.760131 -10.098906 8.051242
-23.767655 -12.430984 5.424536
-24.920661 -1.668380 1.031116
-24.699307 -5.044171 3.117469
-24.780060 -1.666986 2.758386
-24.943501 -3.360634 0.000000
-22.566770 -6.646991 9.325867
-23.969028 -6.764009 5.952382
-22.660759 -8.338634 8.706851
-23.210326 -4.990474 8.316500
-23.455748 -8.439655 7.007660
-24.886734 -13.057501 1.161673
-24.620735 -8.750119 3.233166
-24.484458 -12.832782 3.334470
-24.943501 -10.917623 0.000000
-24.292973 -10.581707 4.322674
-24.125232 -1.661359 6.172692
-24.350946 -5.024721 4.858595
-24.511436 -1.663370 4.485206
-23.725685 -3.318462 7.257455
-24.607829 -3.348032 3.807627
-23.848401 -5.027438 6.604557
-24.820892 -6.860326 -2.105781
-24.820892 -6.860326 2.105781
-24.915721 -5.100166 -1.050002
-24.906449 -8.838236 -1.092466
-24.915721 -5.100166 1.050002
-24.906449 -8.838236 1.092466
