-15.029487 24.318221 0
19.803457 32.042666 0
-19.803457 -32.042666 0
15.029487 -24.318221 0
0 -20.75533 33.582829
0 20.75533 33.582829
0 -20.75533 -33.582829
0 20.75533 -33.582829
30.420661 0 -18.801003
30.420661 0 18.801003
-30.420661 0 -18.801003
-30.420661 0 18.801003
0 31.722788 0
0 -31.722788 0
-11.541741 -30.216669 18.674929
9.7385528 -25.495862 15.757309
-9.7385528 25.495862 15.757309
11.541741 30.216669 18.674929
0 0 44.406497
-11.541741 -30.216669 -18.674929
9.7385528 -25.495862 -15.757309
-9.7385528 25.495862 -15.757309
11.541741 30.216669 -18.674929
0 0 -44.406497
31.912293 19.722882 -12.189411
24.261084 -14.994174 -9.2669094
18.403369 -11.373908 -29.777277
21.149655 13.071206 -34.220861
31.912293 19.722882 12.189411
24.261084 -14.994174 9.2669094
18.403369 -11.373908 29.777277
21.149655 13.071206 34.220861
33.578731 0 0
-24.261084 14.994174 -9.2669094
-31.912293 -19.722882 -12.189411
-21.149655 -13.071206 -34.220861
-18.403369 11.373908 -29.777277
-24.261084 14.994174 9.2669094
-31.912293 -19.722882 12.189411
-21.149655 -13.071206 34.220861
-18.403369 11.373908 29.777277
-33.578731 0 0
-8.0998197 28.512556 0
9.4667174 33.324237 0
-9.4667174 -33.324237 0
8.0998197 -28.512556 0
-16.129706 -32.069499 9.6614211
-6.1304199 -26.479341 26.794826
-5.5154 -32.287714 8.9241047
12.751216 -25.352298 7.6377628
5.6237046 -24.290668 24.580076
5.0210635 -29.393818 8.1242514
0 -29.020205 17.935473
-12.751216 25.352298 7.6377628
-5.6237046 24.290668 24.580076
-5.0210635 29.393818 8.1242514
16.129706 32.069499 9.6614211
6.1304199 26.479341 26.794826
5.5154 32.287714 8.9241047
0 29.020205 17.935473
0 -11.722117 41.263577
0 11.722117 41.263577
-16.129706 -32.069499 -9.6614211
-6.1304199 -26.479341 -26.794826
-5.5154 -32.287714 -8.9241047
12.751216 -25.352298 -7.6377628
5.6237046 -24.290668 -24.580076
5.0210635 -29.393818 -8.1242514
0 -29.020205 -17.935473
-12.751216 25.352298 -7.6377628
-5.6237046 24.290668 -24.580076
-5.0210635 29.393818 -8.1242514
16.129706 32.069499 -9.6614211
6.1304199 26.479341 -26.794826
5.5154 32.287714 -8.9241047
0 29.020205 -17.935473
0 -11.722117 -41.263577
0 11.722117 -41.263577
27.270986 27.595903 -6.3136991
32.780504 9.8756222 -16.487314
23.341478 27.328679 -16.890052
19.926082 -20.163489 -4.6132285
27.949506 -8.4202111 -14.05751
17.694894 -20.717543 -12.804146
9.895469 -16.520448 -32.846383
25.262927 -5.779935 -24.965479
14.26537 -19.714257 -23.081854
11.000848 -6.7988981 -39.801443
22.389273 -13.837332 -19.122722
10.992642 18.352174 -36.488267
27.719681 6.3420185 -27.393306
17.379595 24.01801 -28.120776
11.511619 7.114572 -41.64943
27.973954 17.288855 -23.892609
21.249969 0 -34.383172
27.270986 27.595903 6.3136991
32.780504 9.8756222 16.487314
23.341478 27.328679 16.890052
33.187068 20.510736 0
19.926082 -20.163489 4.6132285
27.949506 -8.4202111 14.05751
17.694894 -20.717543 12.804146
24.80726 -15.33173 0
9.895469 -16.520448 32.846383
25.262927 -5.779935 24.965479
14.26537 -19.714257 23.081854
11.000848 -6.7988981 39.801443
22.389273 -13.837332 19.122722
10.992642 18.352174 36.488267
27.719681 6.3420185 27.393306
17.379595 24.01801 28.120776
11.511619 7.114572 41.64943
27.973954 17.288855 23.892609
21.249969 0 34.383172
32.829826 0 -9.3262655
32.829826 0 9.3262655
34.979681 9.6681459 -5.9752428
29.644356 -8.1934985 -5.0638606
34.979681 9.6681459 5.9752428
29.644356 -8.1934985 5.0638606
-19.926082 20.163489 -4.6132285
-27.949506 8.4202111 -14.05751
-17.694894 20.717543 -12.804146
-27.270986 -27.595903 -6.3136991
-32.780504 -9.8756222 -16.487314
-23.341478 -27.328679 -16.890052
-10.992642 -18.352174 -36.488267
-27.719681 -6.3420185 -27.393306
-17.379595 -24.01801 -28.120776
-11.511619 -7.114572 -41.64943
-27.973954 -17.288855 -23.892609
-9.895469 16.520448 -32.846383
-25.262927 5.779935 -24.965479
-14.26537 19.714257 -23.081854
-11.000848 6.7988981 -39.801443
-22.389273 13.837332 -19.122722
-21.249969 0 -34.383172
-19.926082 20.163489 4.6132285
-27.949506 8.4202111 14.05751
-17.694894 20.717543 12.804146
-24.80726 15.33173 0
-27.270986 -27.595903 6.3136991
-32.780504 -9.8756222 16.487314
-23.341478 -27.328679 16.890052
-33.187068 -20.510736 0
-10.992642 -18.352174 36.488267
-27.719681 -6.3420185 27.393306
-17.379595 -24.01801 28.120776
-11.511619 -7.114572 41.64943
-27.973954 -17.288855 23.892609
-9.895469 16.520448 32.846383
-25.262927 5.779935 24.965479
-14.26537 19.714257 23.081854
-11.000848 6.7988981 39.801443
-22.389273 13.837332 19.122722
-21.249969 0 34.383172
-32.829826 0 -9.3262655
-32.829826 0 9.3262655
-29.644356 8.1934985 -5.0638606
-34.979681 -9.6681459 -5.9752428
-29.644356 8.1934985 5.0638606
-34.979681 -9.6681459 5.9752428
-11.690604 26.521056 0
-4.2154935 30.265464 0
14.609823 33.143535 0
4.5670169 32.789254 0
-14.609823 -33.143535 0
-4.5670169 -32.789254 0
11.690604 -26.521056 0
4.2154935 -30.265464 0
-18.089191 -32.296712 4.8990602
-13.943182 -31.374936 14.261989
-12.830806 -33.106142 4.7155466
-3.1442026 -23.872139 30.394303
-8.93435 -28.589018 22.867571
-2.686391 -32.262129 4.3466719
-8.4826756 -31.666736 13.725257
-7.5210012 -33.019889 4.5372791
-10.718576 -32.599313 9.3958756
13.965341 -24.933928 3.7822058
11.356115 -25.55352 11.61577
10.501529 -27.096123 3.8594963
3.0156432 -22.896061 29.151548
7.8470308 -25.109706 20.084565
0 -25.708928 26.015234
2.5607353 -30.753072 4.1433568
7.4067238 -27.650093 11.984331
6.6267204 -29.093676 3.9977762
0 -31.121935 8.6018912
9.0415088 -27.498707 7.9257631
-5.5881871 -30.013023 18.549068
5.1128586 -27.46013 16.971293
-2.9258803 -28.133258 22.365114
-2.788338 -30.923143 13.534877
2.7954454 -26.879085 21.368084
2.6585368 -29.483625 12.904809
-13.965341 24.933928 3.7822058
-11.356115 25.55352 11.61577
-10.501529 27.096123 3.8594963
-3.0156432 22.896061 29.151548
-7.8470308 25.109706 20.084565
-2.5607353 30.753072 4.1433568
-7.4067238 27.650093 11.984331
-6.6267204 29.093676 3.9977762
-9.0415088 27.498707 7.9257631
18.089191 32.296712 4.8990602
13.943182 31.374936 14.261989
12.830806 33.106142 4.7155466
3.1442026 23.872139 30.394303
8.93435 28.589018 22.867571
0 25.708928 26.015234
2.686391 32.262129 4.3466719
8.4826756 31.666736 13.725257
7.5210012 33.019889 4.5372791
0 31.121935 8.6018912
10.718576 32.599313 9.3958756
-5.1128586 27.46013 16.971293
5.5881871 30.013023 18.549068
-2.7954454 26.879085 21.368084
-2.6585368 29.483625 12.904809
2.9258803 28.133258 22.365114
2.788338 30.923143 13.534877
0 -16.658456 37.791021
0 -6.0707986 43.585772
0 16.658456 37.791021
0 6.0707986 43.585772
-18.089191 -32.296712 -4.8990602
-13.943182 -31.374936 -14.261989
-12.830806 -33.106142 -4.7155466
-3.1442026 -23.872139 -30.394303
-8.93435 -28.589018 -22.867571
-2.686391 -32.262129 -4.3466719
-8.4826756 -31.666736 -13.725257
-7.5210012 -33.019889 -4.5372791
-10.718576 -32.599313 -9.3958756
13.965341 -24.933928 -3.7822058
11.356115 -25.55352 -11.61577
10.501529 -27.096123 -3.8594963
3.0156432 -22.896061 -29.151548
7.8470308 -25.109706 -20.084565
0 -25.708928 -26.015234
2.5607353 -30.753072 -4.1433568
7.4067238 -27.650093 -11.984331
6.6267204 -29.093676 -3.9977762
0 -31.121935 -8.6018912
9.0415088 -27.498707 -7.9257631
-5.5881871 -30.013023 -18.549068
5.1128586 -27.46013 -16.971293
-2.9258803 -28.133258 -22.365114
-2.788338 -30.923143 -13.534877
2.7954454 -26.879085 -21.368084
2.6585368 -29.483625 -12.904809
-13.965341 24.933928 -3.7822058
-11.356115 25.55352 -11.61577
-10.501529 27.096123 -3.8594963
-3.0156432 22.896061 -29.151548
-7.8470308 25.109706 -20.084565
-2.5607353 30.753072 -4.1433568
-7.4067238 27.650093 -11.984331
-6.6267204 29.093676 -3.9977762
-9.0415088 27.498707 -7.9257631
18.089191 32.296712 -4.8990602
13.943182 31.374936 -14.261989
12.830806 33.106142 -4.7155466
3.1442026 23.872139 -30.394303
8.93435 28.589018 -22.867571
0 25.708928 -26.015234
2.686391 32.262129 -4.3466719
8.4826756 31.666736 -13.725257
7.5210012 33.019889 -4.5372791
0 31.121935 -8.6018912
10.718576 32.599313 -9.3958756
-5.1128586 27.46013 -16.971293
5.5881871 30.013023 -18.549068
-2.7954454 26.879085 -21.368084
-2.6585368 29.483625 -12.904809
2.9258803 28.133258 -22.365114
2.788338 30.923143 -13.534877
0 -16.658456 -37.791021
0 -6.0707986 -43.585772
0 16.658456 -37.791021
0 6.0707986 -43.585772
23.782572 30.280266 -3.1324058
30.03932 24.027627 -9.3875836
22.001989 30.529207 -8.2046621
31.929946 4.8434257 -17.883768
32.814319 14.916284 -14.582851
17.600771 29.38442 -18.16057
28.254118 24.034388 -14.854069
19.904015 30.213488 -13.349247
25.540333 27.706051 -11.677351
17.554372 -22.350444 -2.3120887
22.161177 -17.726117 -6.9255864
16.49456 -22.887286 -6.1509115
29.401166 -4.4598374 -16.467414
26.206603 -11.912639 -11.646348
13.914575 -23.23033 -14.357133
21.130994 -17.975097 -11.109221
15.276131 -23.188547 -10.245412
18.926851 -20.531773 -8.6535867
5.0888185 -18.789851 -33.547681
14.347353 -14.026637 -31.562727
7.759245 -20.807539 -28.871828
5.359204 -14.582171 -37.625027
28.05668 -2.9023823 -22.036135
22.044229 -8.612671 -27.559677
26.939134 -7.2398374 -19.414672
12.027123 -22.876947 -19.460293
16.417468 -15.911399 -26.564021
10.120159 -22.134492 -24.011409
16.208607 -20.414153 -17.814983
12.347862 -18.410929 -27.947045
5.8161234 -3.5945619 -43.16878
15.206787 -9.3983113 -35.084902
5.6400612 -9.3489747 -41.045348
10.572521 -12.060863 -36.681725
23.525164 -14.539351 -14.091176
20.735576 -12.815291 -24.376132
25.340785 -11.196337 -16.69398
20.122815 -17.560738 -15.977287
23.981207 -10.10743 -22.106651
18.559539 -16.886027 -21.267339
5.3969598 19.927626 -35.579081
16.387327 16.021011 -36.050465
8.6070827 23.081139 -32.026597
5.6200226 15.291848 -39.45614
29.483926 3.0500268 -23.157115
24.964409 9.7535838 -31.210483
30.625876 8.2306418 -22.071658
26.89827 0 -26.581567
14.576526 27.726199 -23.585314
19.665636 19.059443 -31.819667
11.763472 25.728695 -27.910386
20.649568 26.007384 -22.696072
14.390529 21.45659 -32.570234
5.8879664 3.6389634 -43.702018
16.649601 10.290019 -38.413743
5.8209119 9.6487531 -42.361482
11.527714 0 -41.707662
11.4536 13.065975 -39.738658
30.2906 18.72062 -18.143557
24.931787 15.408692 -29.309073
30.939322 13.669942 -20.382179
26.196825 22.861392 -20.799982
28.28581 11.921703 -26.074773
23.264683 21.166908 -26.658954
20.082572 -6.0501783 -32.494285
21.667706 6.5277238 -35.059085
23.687553 -3.0988862 -29.796763
16.449595 -3.388803 -37.582401
24.765535 3.2399115 -31.152766
17.008779 3.5040012 -38.859969
23.782572 30.280266 3.1324058
30.03932 24.027627 9.3875836
22.001989 30.529207 8.2046621
27.550878 27.87913 0
31.929946 4.8434257 17.883768
32.814319 14.916284 14.582851
17.600771 29.38442 18.16057
28.254118 24.034388 14.854069
19.904015 30.213488 13.349247
25.540333 27.706051 11.677351
32.870363 20.315002 -6.1202011
32.870363 20.315002 6.1202011
30.7258 24.42611 -3.1955067
30.7258 24.42611 3.1955067
17.554372 -22.350444 2.3120887
22.161177 -17.726117 6.9255864
16.49456 -22.887286 6.1509115
20.034485 -20.273184 0
29.401166 -4.4598374 16.467414
26.206603 -11.912639 11.646348
13.914575 -23.23033 14.357133
21.130994 -17.975097 11.109221
15.276131 -23.188547 10.245412
18.926851 -20.531773 8.6535867
24.674144 -15.24946 -4.5941302
24.674144 -15.24946 4.5941302
22.464717 -17.858791 -2.3363477
22.464717 -17.858791 2.3363477
5.0888185 -18.789851 33.547681
14.347353 -14.026637 31.562727
7.759245 -20.807539 28.871828
5.359204 -14.582171 37.625027
28.05668 -2.9023823 22.036135
22.044229 -8.612671 27.559677
26.939134 -7.2398374 19.414672
12.027123 -22.876947 19.460293
16.417468 -15.911399 26.564021
10.120159 -22.134492 24.011409
16.208607 -20.414153 17.814983
12.347862 -18.410929 27.947045
5.8161234 -3.5945619 43.16878
15.206787 -9.3983113 35.084902
5.6400612 -9.3489747 41.045348
10.572521 -12.060863 36.681725
23.525164 -14.539351 14.091176
20.735576 -12.815291 24.376132
25.340785 -11.196337 16.69398
20.122815 -17.560738 15.977287
23.981207 -10.10743 22.106651
18.559539 -16.886027 21.267339
5.3969598 19.927626 35.579081
16.387327 16.021011 36.050465
8.6070827 23.081139 32.026597
5.6200226 15.291848 39.45614
29.483926 3.0500268 23.157115
24.964409 9.7535838 31.210483
30.625876 8.2306418 22.071658
26.89827 0 26.581567
14.576526 27.726199 23.585314
19.665636 19.059443 31.819667
11.763472 25.728695 27.910386
20.649568 26.007384 22.696072
14.390529 21.45659 32.570234
5.8879664 3.6389634 43.702018
16.649601 10.290019 38.413743
5.8209119 9.6487531 42.361482
11.527714 0 41.707662
11.4536 13.065975 39.738658
30.2906 18.72062 18.143557
24.931787 15.408692 29.309073
30.939322 13.669942 20.382179
26.196825 22.861392 20.799982
28.28581 11.921703 26.074773
23.264683 21.166908 26.658954
20.082572 -6.0501783 32.494285
21.667706 6.5277238 35.059085
23.687553 -3.0988862 29.796763
16.449595 -3.388803 37.582401
24.765535 3.2399115 31.152766
17.008779 3.5040012 38.859969
31.85569 0 -14.042135
33.394027 0 -4.651252
33.322179 4.7463183 -12.914535
30.630345 -4.362901 -11.871272
31.85569 0 14.042135
33.394027 0 4.651252
33.322179 4.7463183 12.914535
30.630345 -4.362901 11.871272
34.128701 14.792342 -9.1421704
34.704353 4.6757124 -2.8897492
34.157833 9.8450772 -11.231013
34.763055 15.215584 -3.1345827
34.254261 4.7068947 -7.8021564
27.10257 -11.747019 -7.260057
31.836796 -4.2893669 -2.6509745
28.97083 -8.3500628 -9.5255391
27.36615 -11.978003 -2.4676042
31.439805 -4.3201589 -7.1611026
34.128701 14.792342 9.1421704
34.704353 4.6757124 2.8897492
34.157833 9.8450772 11.231013
34.763055 15.215584 3.1345827
34.254261 4.7068947 7.8021564
35.300714 9.7568775 0
27.10257 -11.747019 7.260057
31.836796 -4.2893669 2.6509745
28.97083 -8.3500628 9.5255391
27.36615 -11.978003 2.4676042
31.439805 -4.3201589 7.1611026
29.839001 -8.2472971 0
-17.554372 22.350444 -2.3120887
-22.161177 17.726117 -6.9255864
-16.49456 22.887286 -6.1509115
-29.401166 4.4598374 -16.467414
-26.206603 11.912639 -11.646348
-13.914575 23.23033 -14.357133
-21.130994 17.975097 -11.109221
-15.276131 23.188547 -10.245412
-18.926851 20.531773 -8.6535867
-23.782572 -30.280266 -3.1324058
-30.03932 -24.027627 -9.3875836
-22.001989 -30.529207 -8.2046621
-31.929946 -4.8434257 -17.883768
-32.814319 -14.916284 -14.582851
-17.600771 -29.38442 -18.16057
-28.254118 -24.034388 -14.854069
-19.904015 -30.213488 -13.349247
-25.540333 -27.706051 -11.677351
-5.3969598 -19.927626 -35.579081
-16.387327 -16.021011 -36.050465
-8.6070827 -23.081139 -32.026597
-5.6200226 -15.291848 -39.45614
-29.483926 -3.0500268 -23.157115
-24.964409 -9.7535838 -31.210483
-30.625876 -8.2306418 -22.071658
-14.576526 -27.726199 -23.585314
-19.665636 -19.059443 -31.819667
-11.763472 -25.728695 -27.910386
-20.649568 -26.007384 -22.696072
-14.390529 -21.45659 -32.570234
-5.8879664 -3.6389634 -43.702018
-16.649601 -10.290019 -38.413743
-5.8209119 -9.6487531 -42.361482
-11.4536 -13.065975 -39.738658
-30.2906 -18.72062 -18.143557
-24.931787 -15.408692 -29.309073
-30.939322 -13.669942 -20.382179
-26.196825 -22.861392 -20.799982
-28.28581 -11.921703 -26.074773
-23.264683 -21.166908 -26.658954
-5.0888185 18.789851 -33.547681
-14.347353 14.026637 -31.562727
-7.759245 20.807539 -28.871828
-5.359204 14.582171 -37.625027
-28.05668 2.9023823 -22.036135
-22.044229 8.612671 -27.559677
-26.939134 7.2398374 -19.414672
-26.89827 0 -26.581567
-12.027123 22.876947 -19.460293
-16.417468 15.911399 -26.564021
-10.120159 22.134492 -24.011409
-16.208607 20.414153 -17.814983
-12.347862 18.410929 -27.947045
-5.8161234 3.5945619 -43.16878
-15.206787 9.3983113 -35.084902
-5.6400612 9.3489747 -41.045348
-11.527714 0 -41.707662
-10.572521 12.060863 -36.681725
-23.525164 14.539351 -14.091176
-20.735576 12.815291 -24.376132
-25.340785 11.196337 -16.69398
-20.122815 17.560738 -15.977287
-23.981207 10.10743 -22.106651
-18.559539 16.886027 -21.267339
-21.667706 -6.5277238 -35.059085
-20.082572 6.0501783 -32.494285
-24.765535 -3.2399115 -31.152766
-17.008779 -3.5040012 -38.859969
-23.687553 3.0988862 -29.796763
-16.449595 3.388803 -37.582401
-17.554372 22.350444 2.3120887
-22.161177 17.726117 6.9255864
-16.49456 22.887286 6.1509115
-20.034485 20.273184 0
-29.401166 4.4598374 16.467414
-26.206603 11.912639 11.646348
-13.914575 23.23033 14.357133
-21.130994 17.975097 11.109221
-15.276131 23.188547 10.245412
-18.926851 20.531773 8.6535867
-24.674144 15.24946 -4.5941302
-24.674144 15.24946 4.5941302
-22.464717 17.858791 -2.3363477
-22.464717 17.858791 2.3363477
-23.782572 -30.280266 3.1324058
-30.03932 -24.027627 9.3875836
-22.001989 -30.529207 8.2046621
-27.550878 -27.87913 0
-31.929946 -4.8434257 17.883768
-32.814319 -14.916284 14.582851
-17.600771 -29.38442 18.16057
-28.254118 -24.034388 14.854069
-19.904015 -30.213488 13.349247
-25.540333 -27.706051 11.677351
-32.870363 -20.315002 -6.1202011
-32.870363 -20.315002 6.1202011
-30.7258 -24.42611 -3.1955067
-30.7258 -24.42611 3.1955067
-5.3969598 -19.927626 35.579081
-16.387327 -16.021011 36.050465
-8.6070827 -23.081139 32.026597
-5.6200226 -15.291848 39.45614
-29.483926 -3.0500268 23.157115
-24.964409 -9.7535838 31.210483
-30.625876 -8.2306418 22.071658
-14.576526 -27.726199 23.585314
-19.665636 -19.059443 31.819667
-11.763472 -25.728695 27.910386
-20.649568 -26.007384 22.696072
-14.390529 -21.45659 32.570234
-5.8879664 -3.6389634 43.702018
-16.649601 -10.290019 38.413743
-5.8209119 -9.6487531 42.361482
-11.4536 -13.065975 39.738658
-30.2906 -18.72062 18.143557
-24.931787 -15.408692 29.309073
-30.939322 -13.669942 20.382179
-26.196825 -22.861392 20.799982
-28.28581 -11.921703 26.074773
-23.264683 -21.166908 26.658954
-5.0888185 18.789851 33.547681
-14.347353 14.026637 31.562727
-7.759245 20.807539 28.871828
-5.359204 14.582171 37.625027
-28.05668 2.9023823 22.036135
-22.044229 8.612671 27.559677
-26.939134 7.2398374 19.414672
-26.89827 0 26.581567
-12.027123 22.876947 19.460293
-16.417468 15.911399 26.564021
-10.120159 22.134492 24.011409
-16.208607 20.414153 17.814983
-12.347862 18.410929 27.947045
-5.8161234 3.5945619 43.16878
-15.206787 9.3983113 35.084902
-5.6400612 9.3489747 41.045348
-11.527714 0 41.707662
-10.572521 12.060863 36.681725
-23.525164 14.539351 14.091176
-20.735576 12.815291 24.376132
-25.340785 11.196337 16.69398
-20.122815 17.560738 15.977287
-23.981207 10.10743 22.106651
-18.559539 16.886027 21.267339
-21.667706 -6.5277238 35.059085
-20.082572 6.0501783 32.494285
-24.765535 -3.2399115 31.152766
-17.008779 -3.5040012 38.859969
-23.687553 3.0988862 29.796763
-16.449595 3.388803 37.582401
-31.85569 0 -14.042135
-33.394027 0 -4.651252
-30.630345 4.362901 -11.871272
-33.322179 -4.7463183 -12.914535
-31.85569 0 14.042135
-33.394027 0 4.651252
-30.630345 4.362901 11.871272
-33.322179 -4.7463183 12.914535
-27.10257 11.747019 -7.260057
-31.836796 4.2893669 -2.6509745
-28.97083 8.3500628 -9.5255391
-27.36615 11.978003 -2.4676042
-31.439805 4.3201589 -7.1611026
-34.128701 -14.792342 -9.1421704
-34.704353 -4.6757124 -2.8897492
-34.157833 -9.8450772 -11.231013
-34.763055 -15.215584 -3.1345827
-34.254261 -4.7068947 -7.8021564
-27.10257 11.747019 7.260057
-31.836796 4.2893669 2.6509745
-28.97083 8.3500628 9.5255391
-27.36615 11.978003 2.4676042
-31.439805 4.3201589 7.1611026
-29.839001 8.2472971 0
-34.128701 -14.792342 9.1421704
-34.704353 -4.6757124 2.8897492
-34.157833 -9.8450772 11.231013
-34.763055 -15.215584 3.1345827
-34.254261 -4.7068947 7.8021564
-35.300714 -9.7568775 0
-13.389005 25.445305 0
-9.9292874 27.544323 0
-2.1510281 31.03603 0
-6.1969147 29.421603 0
17.217061 32.720384 0
12.017144 33.336138 0
2.2395009 32.312556 0
6.9787956 33.133803 0
-17.217061 -32.720384 0
-12.017144 -33.336138 0
-2.2395009 -32.312556 0
-6.9787956 -33.133803 0
13.389005 -25.445305 0
9.9292874 -27.544323 0
2.1510281 -31.03603 0
6.1969147 -29.421603 0
-18.978416 -32.231114 2.4649005
-17.138793 -32.242152 7.298954
-16.374947 -32.830657 2.4199217
-12.76873 -30.853922 16.493726
-15.063955 -31.780172 11.983453
-11.151123 -33.307813 2.3248079
-14.495131 -32.700217 7.1650106
-13.739478 -33.183045 2.3751493
-15.458785 -32.823488 4.8220875
-1.589783 -22.377835 32.045991
-4.6588795 -25.238856 28.640222
-10.263259 -29.462182 20.801252
-7.5562325 -27.595396 24.867815
-1.3261145 -32.05038 2.1456983
-4.082639 -32.346222 6.6058486
-3.6260249 -32.574527 2.1913294
-10.006021 -31.058353 16.190082
-6.9833696 -32.068381 11.299329
-11.190097 -31.633388 14.036063
-8.5015562 -33.227321 2.2881644
-6.525597 -32.705846 6.7487217
-6.0341492 -32.976338 2.2378062
-10.144776 -33.164759 4.6386852
-5.0614521 -32.711019 4.450516
-13.411719 -32.453729 9.559172
-8.0795308 -32.534622 9.1812015
-12.334052 -32.10104 11.812439
-11.792858 -32.912413 7.0765289
-9.6163686 -32.187509 11.581446
-9.1125205 -32.904409 6.9365185
14.514623 -24.650238 1.8851469
13.378721 -25.168561 5.6976399
12.850731 -25.764845 1.8991063
10.578145 -25.560667 13.664086
12.078632 -25.482086 9.608613
9.3221045 -27.844631 1.9434905
11.643141 -26.266284 5.7552585
11.111595 -26.836287 1.9208661
12.264745 -26.041613 3.8257645
1.5579572 -21.929853 31.404463
4.3703171 -23.675608 26.866299
0 -23.467621 29.879265
8.8305841 -25.349481 17.897552
6.7804771 -24.762334 22.314778
-3.0118108 -26.189174 26.501202
2.8827974 -25.06734 25.366002
-1.5310085 -24.895821 28.229787
1.498241 -24.362986 27.625596
1.2945813 -31.288266 2.0946765
3.8017844 -30.121048 6.1514164
3.4005135 -30.548638 2.0550453
0 -31.576869 4.2543469
8.578394 -26.627046 13.880133
6.2217522 -28.570952 10.067006
9.4215285 -26.633806 11.817696
7.3781054 -28.836447 1.9857915
5.8422736 -29.281075 6.0420339
5.4389296 -29.723491 2.0170649
8.6036677 -28.12665 3.9340155
4.6357768 -29.959976 4.0762213
-2.6968864 -31.788259 8.7860587
2.5720136 -30.316381 8.3792415
-1.3379583 -31.748708 6.4988565
1.3061608 -30.994179 6.3444067
10.932546 -26.454617 7.7921471
7.0727359 -28.480464 8.0371268
10.210033 -26.572993 9.7782456
9.7924623 -27.329555 5.8761533
8.2487106 -27.609741 9.9343109
7.8490326 -28.342079 5.9747421
-8.531532 -30.229058 18.682585
-2.7385921 -29.600192 18.293925
-7.2384403 -29.408959 20.713237
-7.0560534 -30.916166 16.169806
7.4849483 -26.520786 16.390747
2.6182424 -28.299386 17.489983
6.4821304 -26.336158 18.54901
6.3033628 -27.618245 14.444924
-4.4966263 -27.415009 24.593525
-1.425959 -28.660089 20.138895
-5.8865784 -28.46574 22.698219
-1.4763087 -26.983981 24.225925
-4.2709057 -29.129586 20.484739
-4.159167 -31.672281 11.256212
-1.4022141 -30.039891 15.761246
-5.585789 -31.391545 13.673754
-1.3641828 -31.101149 11.036471
-4.162469 -30.564313 16.019353
4.205915 -25.642602 23.003529
1.3933111 -28.003903 19.677806
5.386268 -26.046388 20.769058
1.4433326 -26.381245 23.684795
3.9924891 -27.230654 19.149357
0 -27.584862 21.929156
3.8736864 -29.498331 10.483598
1.369159 -29.331748 15.389699
5.0918384 -28.615595 12.464586
1.3317995 -30.362862 10.774484
3.8855841 -28.531194 14.953755
0 -30.277243 13.252171
-14.514623 24.650238 1.8851469
-13.378721 25.168561 5.6976399
-12.850731 25.764845 1.8991063
-10.578145 25.560667 13.664086
-12.078632 25.482086 9.608613
-9.3221045 27.844631 1.9434905
-11.643141 26.266284 5.7552585
-11.111595 26.836287 1.9208661
-12.264745 26.041613 3.8257645
-1.5579572 21.929853 31.404463
-4.3703171 23.675608 26.866299
-8.8305841 25.349481 17.897552
-6.7804771 24.762334 22.314778
-1.2945813 31.288266 2.0946765
-3.8017844 30.121048 6.1514164
-3.4005135 30.548638 2.0550453
-8.578394 26.627046 13.880133
-6.2217522 28.570952 10.067006
-9.4215285 26.633806 11.817696
-7.3781054 28.836447 1.9857915
-5.8422736 29.281075 6.0420339
-5.4389296 29.723491 2.0170649
-8.6036677 28.12665 3.9340155
-4.6357768 29.959976 4.0762213
-10.932546 26.454617 7.7921471
-7.0727359 28.480464 8.0371268
-10.210033 26.572993 9.7782456
-9.7924623 27.329555 5.8761533
-8.2487106 27.609741 9.9343109
-7.8490326 28.342079 5.9747421
18.978416 32.231114 2.4649005
17.138793 32.242152 7.298954
16.374947 32.830657 2.4199217
12.76873 30.853922 16.493726
15.063955 31.780172 11.983453
11.151123 33.307813 2.3248079
14.495131 32.700217 7.1650106
13.739478 33.183045 2.3751493
15.458785 32.823488 4.8220875
1.589783 22.377835 32.045991
4.6588795 25.238856 28.640222
0 23.467621 29.879265
10.263259 29.462182 20.801252
7.5562325 27.595396 24.867815
-2.8827974 25.06734 25.366002
3.0118108 26.189174 26.501202
-1.498241 24.362986 27.625596
1.5310085 24.895821 28.229787
1.3261145 32.05038 2.1456983
4.082639 32.346222 6.6058486
3.6260249 32.574527 2.1913294
0 31.576869 4.2543469
10.006021 31.058353 16.190082
6.9833696 32.068381 11.299329
11.190097 31.633388 14.036063
8.5015562 33.227321 2.2881644
6.525597 32.705846 6.7487217
6.0341492 32.976338 2.2378062
10.144776 33.164759 4.6386852
5.0614521 32.711019 4.450516
-2.5720136 30.316381 8.3792415
2.6968864 31.788259 8.7860587
-1.3061608 30.994179 6.3444067
1.3379583 31.748708 6.4988565
13.411719 32.453729 9.559172
8.0795308 32.534622 9.1812015
12.334052 32.10104 11.812439
11.792858 32.912413 7.0765289
9.6163686 32.187509 11.581446
9.1125205 32.904409 6.9365185
-7.4849483 26.520786 16.390747
-2.6182424 28.299386 17.489983
-6.4821304 26.336158 18.54901
-6.3033628 27.618245 14.444924
8.531532 30.229058 18.682585
2.7385921 29.600192 18.293925
7.2384403 29.408959 20.713237
7.0560534 30.916166 16.169806
-4.205915 25.642602 23.003529
-1.3933111 28.003903 19.677806
-5.386268 26.046388 20.769058
-1.4433326 26.381245 23.684795
-3.9924891 27.230654 19.149357
-3.8736864 29.498331 10.483598
-1.369159 29.331748 15.389699
-5.0918384 28.615595 12.464586
-1.3317995 30.362862 10.774484
-3.8855841 28.531194 14.953755
4.4966263 27.415009 24.593525
1.425959 28.660089 20.138895
5.8865784 28.46574 22.698219
1.4763087 26.983981 24.225925
4.2709057 29.129586 20.484739
0 27.584862 21.929156
4.159167 31.672281 11.256212
1.4022141 30.039891 15.761246
5.585789 31.391545 13.673754
1.3641828 31.101149 11.036471
4.162469 30.564313 16.019353
0 30.277243 13.252171
0 -18.813472 35.754304
0 -14.291354 39.644906
0 -3.0633179 44.19897
0 -8.9712913 42.593739
0 18.813472 35.754304
0 14.291354 39.644906
0 3.0633179 44.19897
0 8.9712913 42.593739
-18.978416 -32.231114 -2.4649005
-17.138793 -32.242152 -7.298954
-16.374947 -32.830657 -2.4199217
-12.76873 -30.853922 -16.493726
-15.063955 -31.780172 -11.983453
-11.151123 -33.307813 -2.3248079
-14.495131 -32.700217 -7.1650106
-13.739478 -33.183045 -2.3751493
-15.458785 -32.823488 -4.8220875
-1.589783 -22.377835 -32.045991
-4.6588795 -25.238856 -28.640222
-10.263259 -29.462182 -20.801252
-7.5562325 -27.595396 -24.867815
-1.3261145 -32.05038 -2.1456983
-4.082639 -32.346222 -6.6058486
-3.6260249 -32.574527 -2.1913294
-10.006021 -31.058353 -16.190082
-6.9833696 -32.068381 -11.299329
-11.190097 -31.633388 -14.036063
-8.5015562 -33.227321 -2.2881644
-6.525597 -32.705846 -6.7487217
-6.0341492 -32.976338 -2.2378062
-10.144776 -33.164759 -4.6386852
-5.0614521 -32.711019 -4.450516
-13.411719 -32.453729 -9.559172
-8.0795308 -32.534622 -9.1812015
-12.334052 -32.10104 -11.812439
-11.792858 -32.912413 -7.0765289
-9.6163686 -32.187509 -11.581446
-9.1125205 -32.904409 -6.9365185
14.514623 -24.650238 -1.8851469
13.378721 -25.168561 -5.6976399
12.850731 -25.764845 -1.8991063
10.578145 -25.560667 -13.664086
12.078632 -25.482086 -9.608613
9.3221045 -27.844631 -1.9434905
11.643141 -26.266284 -5.7552585
11.111595 -26.836287 -1.9208661
12.264745 -26.041613 -3.8257645
1.5579572 -21.929853 -31.404463
4.3703171 -23.675608 -26.866299
0 -23.467621 -29.879265
8.8305841 -25.349481 -17.897552
6.7804771 -24.762334 -22.314778
-3.0118108 -26.189174 -26.501202
2.8827974 -25.06734 -25.366002
-1.5310085 -24.895821 -28.229787
1.498241 -24.362986 -27.625596
1.2945813 -31.288266 -2.0946765
3.8017844 -30.121048 -6.1514164
3.4005135 -30.548638 -2.0550453
0 -31.576869 -4.2543469
8.578394 -26.627046 -13.880133
6.2217522 -28.570952 -10.067006
9.4215285 -26.633806 -11.817696
7.3781054 -28.836447 -1.9857915
5.8422736 -29.281075 -6.0420339
5.4389296 -29.723491 -2.0170649
8.6036677 -28.12665 -3.9340155
4.6357768 -29.959976 -4.0762213
-2.6968864 -31.788259 -8.7860587
2.5720136 -30.316381 -8.3792415
-1.3379583 -31.748708 -6.4988565
1.3061608 -30.994179 -6.3444067
10.932546 -26.454617 -7.7921471
7.0727359 -28.480464 -8.0371268
10.210033 -26.572993 -9.7782456
9.7924623 -27.329555 -5.8761533
8.2487106 -27.609741 -9.9343109
7.8490326 -28.342079 -5.9747421
-8.531532 -30.229058 -18.682585
-2.7385921 -29.600192 -18.293925
-7.2384403 -29.408959 -20.713237
-7.0560534 -30.916166 -16.169806
7.4849483 -26.520786 -16.390747
2.6182424 -28.299386 -17.489983
6.4821304 -26.336158 -18.54901
6.3033628 -27.618245 -14.444924
-4.4966263 -27.415009 -24.593525
-1.425959 -28.660089 -20.138895
-5.8865784 -28.46574 -22.698219
-1.4763087 -26.983981 -24.225925
-4.2709057 -29.129586 -20.484739
-4.159167 -31.672281 -11.256212
-1.4022141 -30.039891 -15.761246
-5.585789 -31.391545 -13.673754
-1.3641828 -31.101149 -11.036471
-4.162469 -30.564313 -16.019353
4.205915 -25.642602 -23.003529
1.3933111 -28.003903 -19.677806
5.386268 -26.046388 -20.769058
1.4433326 -26.381245 -23.684795
3.9924891 -27.230654 -19.149357
0 -27.584862 -21.929156
3.8736864 -29.498331 -10.483598
1.369159 -29.331748 -15.389699
5.0918384 -28.615595 -12.464586
1.3317995 -30.362862 -10.774484
3.8855841 -28.531194 -14.953755
0 -30.277243 -13.252171
-14.514623 24.650238 -1.8851469
-13.378721 25.168561 -5.6976399
-12.850731 25.764845 -1.8991063
-10.578145 25.560667 -13.664086
-12.078632 25.482086 -9.608613
-9.3221045 27.844631 -1.9434905
-11.643141 26.266284 -5.7552585
-11.111595 26.836287 -1.9208661
-12.264745 26.041613 -3.8257645
-1.5579572 21.929853 -31.404463
-4.3703171 23.675608 -26.866299
-8.8305841 25.349481 -17.897552
-6.7804771 24.762334 -22.314778
-1.2945813 31.288266 -2.0946765
-3.8017844 30.121048 -6.1514164
-3.4005135 30.548638 -2.0550453
-8.578394 26.627046 -13.880133
-6.2217522 28.570952 -10.067006
-9.4215285 26.633806 -11.817696
-7.3781054 28.836447 -1.9857915
-5.8422736 29.281075 -6.0420339
-5.4389296 29.723491 -2.0170649
-8.6036677 28.12665 -3.9340155
-4.6357768 29.959976 -4.0762213
-10.932546 26.454617 -7.7921471
-7.0727359 28.480464 -8.0371268
-10.210033 26.572993 -9.7782456
-9.7924623 27.329555 -5.8761533
-8.2487106 27.609741 -9.9343109
-7.8490326 28.342079 -5.9747421
18.978416 32.231114 -2.4649005
17.138793 32.242152 -7.298954
16.374947 32.830657 -2.4199217
12.76873 30.853922 -16.493726
15.063955 31.780172 -11.983453
11.151123 33.307813 -2.3248079
14.495131 32.700217 -7.1650106
13.739478 33.183045 -2.3751493
15.458785 32.823488 -4.8220875
1.589783 22.377835 -32.045991
4.6588795 25.238856 -28.640222
0 23.467621 -29.879265
10.263259 29.462182 -20.801252
7.5562325 27.595396 -24.867815
-2.8827974 25.06734 -25.366002
3.0118108 26.189174 -26.501202
-1.498241 24.362986 -27.625596
1.5310085 24.895821 -28.229787
1.3261145 32.05038 -2.1456983
4.082639 32.346222 -6.6058486
3.6260249 32.574527 -2.1913294
0 31.576869 -4.2543469
10.006021 31.058353 -16.190082
6.9833696 32.068381 -11.299329
11.190097 31.633388 -14.036063
8.5015562 33.227321 -2.2881644
6.525597 32.705846 -6.7487217
6.0341492 32.976338 -2.2378062
10.144776 33.164759 -4.6386852
5.0614521 32.711019 -4.450516
-2.5720136 30.316381 -8.3792415
2.6968864 31.788259 -8.7860587
-1.3061608 30.994179 -6.3444067
1.3379583 31.748708 -6.4988565
13.411719 32.453729 -9.559172
8.0795308 32.534622 -9.1812015
12.334052 32.10104 -11.812439
11.792858 32.912413 -7.0765289
9.6163686 32.187509 -11.581446
9.1125205 32.904409 -6.9365185
-7.4849483 26.520786 -16.390747
-2.6182424 28.299386 -17.489983
-6.4821304 26.336158 -18.54901
-6.3033628 27.618245 -14.444924
8.531532 30.229058 -18.682585
2.7385921 29.600192 -18.293925
7.2384403 29.408959 -20.713237
7.0560534 30.916166 -16.169806
-4.205915 25.642602 -23.003529
-1.3933111 28.003903 -19.677806
-5.386268 26.046388 -20.769058
-1.4433326 26.381245 -23.684795
-3.9924891 27.230654 -19.149357
-3.8736864 29.498331 -10.483598
-1.369159 29.331748 -15.389699
-5.0918384 28.615595 -12.464586
-1.3317995 30.362862 -10.774484
-3.8855841 28.531194 -14.953755
4.4966263 27.415009 -24.593525
1.425959 28.660089 -20.138895
5.8865784 28.46574 -22.698219
1.4763087 26.983981 -24.225925
4.2709057 29.129586 -20.484739
0 27.584862 -21.929156
4.159167 31.672281 -11.256212
1.4022141 30.039891 -15.761246
5.585789 31.391545 -13.673754
1.3641828 31.101149 -11.036471
4.162469 30.564313 -16.019353
0 30.277243 -13.252171
0 -18.813472 -35.754304
0 -14.291354 -39.644906
0 -3.0633179 -44.19897
0 -8.9712913 -42.593739
0 18.813472 -35.754304
0 14.291354 -39.644906
0 3.0633179 -44.19897
0 8.9712913 -42.593739
21.839483 31.275048 -1.551537
25.603044 29.053491 -4.7261057
20.995465 31.467373 -4.0515622
31.095123 21.954161 -10.8321
28.758043 25.915544 -7.8745909
19.107825 31.467769 -8.9901613
24.745976 29.238548 -7.3090693
20.081231 31.530197 -6.5477601
22.937383 30.466593 -5.6838237
31.247453 2.3896743 -18.399214
32.447815 7.3455118 -17.248116
32.484914 17.365613 -13.443707
32.908414 12.408883 -15.598747
14.581075 29.944465 -18.506697
20.54245 28.515713 -17.62368
15.788468 30.506419 -16.226768
30.258406 21.983471 -13.586532
25.93217 25.82803 -15.9626
29.216541 24.085206 -12.135715
18.04325 31.264251 -11.510424
21.681355 28.903894 -15.152272
16.948199 30.949401 -13.878798
20.998446 30.436347 -10.798339
18.793107 29.859902 -15.780179
26.464738 27.711104 -9.010269
24.498879 27.579169 -14.306847
27.938556 26.012569 -10.592539
23.842313 29.247845 -9.9587718
26.992759 25.982255 -13.30693
22.816122 29.1348 -12.592286
16.3126 -23.360322 -1.158892
18.758032 -21.285996 -3.4625742
15.796897 -23.675915 -3.0483779
23.228663 -16.400186 -8.0917894
21.060211 -18.97858 -5.7667536
14.665509 -24.151931 -6.9000682
18.245919 -21.558422 -5.3891869
15.247384 -23.940416 -4.9716181
17.045756 -22.641036 -4.2238939
29.976016 -2.29244 -17.650562
28.719205 -6.5014321 -15.266119
25.255355 -13.500874 -10.451793
27.107826 -10.221636 -12.84924
11.879509 -24.396387 -15.077796
15.850768 -22.003022 -13.598615
12.645825 -24.434217 -12.996884
22.732632 -16.515812 -10.207333
19.453178 -19.375057 -11.974444
21.678326 -17.870937 -9.0045561
14.027759 -24.306452 -8.9488011
16.498179 -21.994087 -11.529948
13.363121 -24.402628 -10.942995
15.912177 -23.064018 -8.1827518
14.625864 -23.238673 -12.281032
19.452997 -20.369143 -6.6230294
18.342802 -20.649077 -10.711823
20.579032 -19.160385 -7.8022719
17.726699 -21.745698 -7.4043212
20.043377 -19.293032 -9.881014
17.143848 -21.891652 -9.4617408
2.5736839 -19.81599 -33.653569
7.5327951 -17.687879 -33.275113
4.0433221 -20.952764 -31.403374
2.6384262 -17.853507 -35.79507
16.426444 -12.716643 -30.728061
12.168955 -15.297142 -32.272124
6.6880412 -22.64339 -26.754242
8.8313264 -18.770235 -30.911808
5.4247411 -21.891841 -29.077852
6.4859079 -19.891537 -31.232353
2.7668533 -13.271429 -39.641053
7.7405417 -15.659456 -35.326869
2.7068918 -15.658502 -37.817797
5.2374108 -16.79024 -35.650554
29.29291 -1.4532043 -20.455348
26.713114 -4.3453986 -23.540615
28.821815 -3.710935 -19.230312
20.276316 -10.004257 -28.718681
23.70654 -7.203372 -26.306748
27.516746 -7.8613766 -16.708689
26.195913 -6.5484698 -22.170849
28.217659 -5.8598574 -17.971512
27.554 -5.1404526 -20.744579
10.888165 -24.248903 -17.617421
13.15394 -21.369338 -21.283522
9.9798838 -24.026412 -19.806625
13.023849 -23.107179 -16.875338
17.438401 -13.739385 -28.215925
15.35595 -17.899146 -24.846448
15.459062 -15.041498 -29.063126
7.915591 -23.249477 -24.344419
12.236637 -20.953876 -23.588446
8.984577 -23.697444 -22.063824
9.0001277 -21.547222 -26.43241
11.120945 -22.558545 -21.714041
17.001427 -20.608231 -15.278665
15.302107 -20.121805 -20.416569
15.072598 -21.883822 -16.090325
14.173412 -21.676444 -18.667145
11.194876 -17.54861 -30.407171
13.366901 -19.12667 -25.498187
13.364406 -16.320045 -29.802319
10.100811 -19.642035 -28.470287
14.429439 -17.184468 -27.303976
11.240218 -20.366293 -26.006518
2.9517907 -1.824307 -44.091014
8.5175257 -5.2641204 -41.706947
2.9281995 -4.8453346 -43.528241
16.924396 -10.459852 -32.467029
13.234164 -8.1791631 -37.559593
14.814063 -11.810349 -33.386785
2.8433014 -10.564139 -41.288681
8.3662381 -8.0896354 -40.544699
2.8892044 -7.7906169 -42.57535
5.5190126 -12.070047 -39.458751
5.7517795 -6.541344 -42.275225
10.258719 -14.393198 -34.828716
10.824357 -9.525521 -38.357329
12.577766 -13.133174 -34.180864
8.0108509 -13.349882 -37.257876
12.94162 -10.745756 -35.967747
8.2268717 -10.80766 -39.025392
23.937423 -14.794141 -11.656023
23.013555 -14.223159 -16.578747
24.903494 -13.246498 -12.888698
22.351665 -16.323581 -12.59802
19.665767 -12.154113 -27.068281
21.636244 -13.371934 -21.723482
21.429105 -10.797396 -25.99456
18.642752 -14.387883 -25.527276
26.687524 -9.8254299 -15.401925
23.908578 -12.533581 -17.934275
25.829205 -11.582722 -14.144328
26.178813 -9.2878321 -18.061116
24.456908 -12.924838 -15.392592
18.926061 -19.203308 -14.392775
21.280038 -15.776734 -17.555656
20.671601 -17.801802 -13.516383
18.21833 -19.017437 -16.925349
21.867807 -16.07855 -15.061568
24.670046 -8.0214686 -23.560458
23.215763 -12.043305 -20.622817
23.107149 -9.4094277 -24.818017
25.510516 -8.6862267 -20.795711
22.405766 -11.475215 -23.277172
24.736742 -10.691411 -19.371903
16.472405 -18.329768 -22.218375
20.530642 -15.387605 -20.234232
17.567409 -16.456256 -23.892746
17.400288 -18.729552 -19.551082
19.672296 -14.936594 -22.843634
19.405067 -17.270336 -18.589672
2.6533775 20.429588 -34.695645
8.1925485 19.237057 -36.189486
4.257983 22.065151 -33.070587
2.7136157 18.362294 -36.815154
18.871517 14.609513 -35.301928
13.743092 17.275932 -36.446743
7.3663815 24.940015 -29.467814
9.8266219 20.885651 -34.395587
5.8420993 23.576113 -31.314986
7.0336128 21.571285 -33.869781
2.8277405 13.563479 -40.513392
8.3498713 16.892156 -38.107773
2.7760054 16.058302 -38.783378
5.5269217 17.718363 -37.621227
30.044179 1.4904743 -20.979962
28.716615 4.6713065 -25.306177
30.795704 3.965082 -20.547319
28.870868 0 -22.67561
23.187468 11.440609 -32.841937
26.473535 8.0441398 -29.377236
31.793993 9.0833616 -19.305914
29.269903 7.3169074 -24.772513
31.38846 6.5183261 -19.99096
30.141536 5.6231812 -22.692657
26.163166 -2.9733937 -25.855119
27.430242 3.1173943 -27.107275
27.569215 -1.4951832 -24.313263
28.253054 1.5322704 -24.916341
13.072884 29.114466 -21.15237
16.023598 26.031265 -25.926727
11.746571 28.279683 -23.312889
16.143405 28.641959 -20.917428
20.522331 16.169155 -33.20583
18.606443 21.687974 -30.105857
18.090555 17.601912 -34.010348
8.9255587 26.215929 -27.450577
14.599185 24.999475 -28.142706
10.353864 27.309032 -25.426442
10.223353 24.475748 -30.024892
13.207885 26.791848 -25.788866
22.068218 26.749926 -19.832036
19.086156 25.097714 -25.465369
19.183553 27.852493 -20.478857
17.667558 27.020299 -23.269123
12.740512 19.971483 -34.605378
15.937926 22.805545 -30.402577
15.463219 18.883027 -34.482625
11.512237 22.386693 -32.448551
17.096585 20.360856 -32.35086
13.11605 23.765137 -30.346635
2.9610545 1.8300323 -44.229389
8.7480919 5.4066182 -42.835938
2.9526006 4.8857115 -43.890968
5.8901167 0 -43.717978
18.985955 11.733966 -36.421834
14.1526 8.7467879 -40.166187
16.593538 13.229017 -37.397229
2.8941756 10.753159 -42.027445
8.7153909 8.4272446 -42.236773
2.927683 7.8943728 -43.142371
5.7454897 12.565351 -41.077972
5.8815761 6.6889582 -43.229222
11.325092 -3.4762444 -40.974569
11.592931 3.5584577 -41.943618
8.7200112 -1.7952407 -42.599662
8.8002906 1.8117683 -42.991849
11.269249 15.810992 -38.259501
11.536311 10.152046 -40.880218
13.98946 14.607206 -38.017232
8.5594139 14.264049 -39.809202
14.131727 11.733932 -39.275328
8.6871104 11.412277 -41.208602
31.186235 19.274153 -15.185739
29.221227 18.059711 -21.050695
31.696895 16.859998 -16.404594
29.432749 21.494947 -16.589116
23.132956 14.296953 -31.840575
26.54506 16.40575 -26.652092
25.053984 12.623849 -30.391717
22.462535 17.335869 -30.757653
31.994018 11.779099 -18.464413
29.601453 15.517953 -22.204607
31.965543 14.334471 -17.504648
30.896742 10.961679 -21.316079
30.732988 16.241582 -19.342606
24.886476 25.251036 -18.925514
27.235014 20.191673 -22.468406
27.306608 23.515684 -17.854765
23.558083 24.591406 -21.886131
28.41916 20.895505 -19.573847
28.106478 9.138825 -26.842329
28.244146 14.651807 -25.089585
26.721849 10.881364 -28.700352
29.596965 10.077646 -24.12691
26.747281 13.698741 -27.787537
29.711237 12.841426 -23.267543
20.436038 22.740325 -27.564619
25.794822 19.333079 -25.42241
21.548865 20.185881 -29.307769
22.064436 23.750009 -24.79175
24.231327 18.398131 -28.137618
24.821267 22.090706 -23.778285
19.292743 -8.8101648 -31.216314
20.745081 -3.1055292 -33.566246
21.160813 -7.3948502 -30.044435
17.724627 -7.734534 -33.888936
21.53219 9.8328238 -34.839815
21.566697 3.2285246 -34.895648
23.39019 8.1739276 -33.209737
19.328182 8.434281 -36.954884
24.571291 -4.4925612 -27.390225
22.58772 -1.599351 -32.145063
22.931116 -5.9469781 -28.757815
25.358434 -1.5453228 -28.245422
21.945029 -4.5753646 -31.206139
13.798868 -5.0986775 -38.826704
18.937135 -1.68476 -36.092926
15.886187 -6.4895777 -36.470742
14.140804 -1.7478995 -39.849266
18.409079 -4.7834157 -35.123821
26.313958 4.8111865 -29.332818
23.076475 1.6339579 -32.840621
24.99328 6.4817818 -31.343966
25.955293 1.5816949 -28.910232
23.346911 4.867646 -33.199636
24.330115 0 -30.605048
14.399021 5.320434 -40.515392
19.297643 1.7168329 -36.78003
16.930929 6.9163594 -38.869211
14.348014 1.7735121 -40.433192
19.428204 5.0482251 -37.068272
16.821662 0 -38.432463
21.839483 31.275048 1.551537
25.603044 29.053491 4.7261057
20.995465 31.467373 4.0515622
23.841963 30.355882 0
31.095123 21.954161 10.8321
28.758043 25.915544 7.8745909
19.107825 31.467769 8.9901613
24.745976 29.238548 7.3090693
20.081231 31.530197 6.5477601
22.937383 30.466593 5.6838237
27.481016 27.808436 -3.1603754
27.481016 27.808436 3.1603754
25.745074 29.192769 -1.5832347
25.745074 29.192769 1.5832347
31.247453 2.3896743 18.399214
32.447815 7.3455118 17.248116
32.484914 17.365613 13.443707
32.908414 12.408883 15.598747
14.581075 29.944465 18.506697
20.54245 28.515713 17.62368
15.788468 30.506419 16.226768
30.258406 21.983471 13.586532
25.93217 25.82803 15.9626
29.216541 24.085206 12.135715
18.04325 31.264251 11.510424
21.681355 28.903894 15.152272
16.948199 30.949401 13.878798
20.998446 30.436347 10.798339
18.793107 29.859902 15.780179
26.464738 27.711104 9.010269
24.498879 27.579169 14.306847
27.938556 26.012569 10.592539
23.842313 29.247845 9.9587718
26.992759 25.982255 13.30693
22.816122 29.1348 12.592286
32.472596 20.069168 -9.1647248
33.108019 20.461881 -3.0631342
31.591205 22.25023 -7.7755574
32.472596 20.069168 9.1647248
33.108019 20.461881 3.0631342
31.591205 22.25023 7.7755574
29.112919 26.11669 -4.7751186
32.0883 22.547834 -1.5965269
30.459201 24.287779 -6.2988167
29.253023 26.263046 -1.6004492
31.922854 22.449043 -4.6804475
29.112919 26.11669 4.7751186
32.0883 22.547834 1.5965269
30.459201 24.287779 6.2988167
29.253023 26.263046 1.6004492
31.922854 22.449043 4.6804475
30.805664 24.489599 0
16.3126 -23.360322 1.158892
18.758032 -21.285996 3.4625742
15.796897 -23.675915 3.0483779
17.578215 -22.380801 0
23.228663 -16.400186 8.0917894
21.060211 -18.97858 5.7667536
14.665509 -24.151931 6.9000682
18.245919 -21.558422 5.3891869
15.247384 -23.940416 4.9716181
17.045756 -22.641036 4.2238939
20.007573 -20.245951 -2.3009135
20.007573 -20.245951 2.3009135
18.816958 -21.336863 -1.1571791
18.816958 -21.336863 1.1571791
29.976016 -2.29244 17.650562
28.719205 -6.5014321 15.266119
25.255355 -13.500874 10.451793
27.107826 -10.221636 12.84924
11.879509 -24.396387 15.077796
15.850768 -22.003022 13.598615
12.645825 -24.434217 12.996884
22.732632 -16.515812 10.207333
19.453178 -19.375057 11.974444
21.678326 -17.870937 9.0045561
14.027759 -24.306452 8.9488011
16.498179 -21.994087 11.529948
13.363121 -24.402628 10.942995
15.912177 -23.064018 8.1827518
14.625864 -23.238673 12.281032
19.452997 -20.369143 6.6230294
18.342802 -20.649077 10.711823
20.579032 -19.160385 7.8022719
17.726699 -21.745698 7.4043212
20.043377 -19.293032 9.881014
17.143848 -21.891652 9.4617408
24.50456 -15.144651 -6.91591
24.774192 -15.311293 -2.2920935
23.446101 -16.513493 -5.7707993
24.50456 -15.144651 6.91591
24.774192 -15.311293 2.2920935
23.446101 -16.513493 5.7707993
21.220954 -19.036946 -3.4806737
23.659736 -16.625243 -1.1771706
22.344232 -17.817006 -4.62068
21.271085 -19.096949 -1.1637529
23.589015 -16.588454 -3.4585612
21.220954 -19.036946 3.4806737
23.659736 -16.625243 1.1771706
22.344232 -17.817006 4.62068
21.271085 -19.096949 1.1637529
23.589015 -16.588454 3.4585612
22.495874 -17.883559 0
2.5736839 -19.81599 33.653569
7.5327951 -17.687879 33.275113
4.0433221 -20.952764 31.403374
2.6384262 -17.853507 35.79507
16.426444 -12.716643 30.728061
12.168955 -15.297142 32.272124
6.6880412 -22.64339 26.754242
8.8313264 -18.770235 30.911808
5.4247411 -21.891841 29.077852
6.4859079 -19.891537 31.232353
2.7668533 -13.271429 39.641053
7.7405417 -15.659456 35.326869
2.7068918 -15.658502 37.817797
5.2374108 -16.79024 35.650554
29.29291 -1.4532043 20.455348
26.713114 -4.3453986 23.540615
28.821815 -3.710935 19.230312
20.276316 -10.004257 28.718681
23.70654 -7.203372 26.306748
27.516746 -7.8613766 16.708689
26.195913 -6.5484698 22.170849
28.217659 -5.8598574 17.971512
27.554 -5.1404526 20.744579
10.888165 -24.248903 17.617421
13.15394 -21.369338 21.283522
9.9798838 -24.026412 19.806625
13.023849 -23.107179 16.875338
17.438401 -13.739385 28.215925
15.35595 -17.899146 24.846448
15.459062 -15.041498 29.063126
7.915591 -23.249477 24.344419
12.236637 -20.953876 23.588446
8.984577 -23.697444 22.063824
9.0001277 -21.547222 26.43241
11.120945 -22.558545 21.714041
17.001427 -20.608231 15.278665
15.302107 -20.121805 20.416569
15.072598 -21.883822 16.090325
14.173412 -21.676444 18.667145
11.194876 -17.54861 30.407171
13.366901 -19.12667 25.498187
13.364406 -16.320045 29.802319
10.100811 -19.642035 28.470287
14.429439 -17.184468 27.303976
11.240218 -20.366293 26.006518
2.9517907 -1.824307 44.091014
8.5175257 -5.2641204 41.706947
2.9281995 -4.8453346 43.528241
16.924396 -10.459852 32.467029
13.234164 -8.1791631 37.559593
14.814063 -11.810349 33.386785
2.8433014 -10.564139 41.288681
8.3662381 -8.0896354 40.544699
2.8892044 -7.7906169 42.57535
5.5190126 -12.070047 39.458751
5.7517795 -6.541344 42.275225
10.258719 -14.393198 34.828716
10.824357 -9.525521 38.357329
12.577766 -13.133174 34.180864
8.0108509 -13.349882 37.257876
12.94162 -10.745756 35.967747
8.2268717 -10.80766 39.025392
23.937423 -14.794141 11.656023
23.013555 -14.223159 16.578747
24.903494 -13.246498 12.888698
22.351665 -16.323581 12.59802
19.665767 -12.154113 27.068281
21.636244 -13.371934 21.723482
21.429105 -10.797396 25.99456
18.642752 -14.387883 25.527276
26.687524 -9.8254299 15.401925
23.908578 -12.533581 17.934275
25.829205 -11.582722 14.144328
26.178813 -9.2878321 18.061116
24.456908 -12.924838 15.392592
18.926061 -19.203308 14.392775
21.280038 -15.776734 17.555656
20.671601 -17.801802 13.516383
18.21833 -19.017437 16.925349
21.867807 -16.07855 15.061568
24.670046 -8.0214686 23.560458
23.215763 -12.043305 20.622817
23.107149 -9.4094277 24.818017
25.510516 -8.6862267 20.795711
22.405766 -11.475215 23.277172
24.736742 -10.691411 19.371903
16.472405 -18.329768 22.218375
20.530642 -15.387605 20.234232
17.567409 -16.456256 23.892746
17.400288 -18.729552 19.551082
19.672296 -14.936594 22.843634
19.405067 -17.270336 18.589672
2.6533775 20.429588 34.695645
8.1925485 19.237057 36.189486
4.257983 22.065151 33.070587
2.7136157 18.362294 36.815154
18.871517 14.609513 35.301928
13.743092 17.275932 36.446743
7.3663815 24.940015 29.467814
9.8266219 20.885651 34.395587
5.8420993 23.576113 31.314986
7.0336128 21.571285 33.869781
2.8277405 13.563479 40.513392
8.3498713 16.892156 38.107773
2.7760054 16.058302 38.783378
5.5269217 17.718363 37.621227
30.044179 1.4904743 20.979962
28.716615 4.6713065 25.306177
30.795704 3.965082 20.547319
28.870868 0 22.67561
23.187468 11.440609 32.841937
26.473535 8.0441398 29.377236
31.793993 9.0833616 19.305914
29.269903 7.3169074 24.772513
31.38846 6.5183261 19.99096
30.141536 5.6231812 22.692657
26.163166 -2.9733937 25.855119
27.430242 3.1173943 27.107275
27.569215 -1.4951832 24.313263
28.253054 1.5322704 24.916341
13.072884 29.114466 21.15237
16.023598 26.031265 25.926727
11.746571 28.279683 23.312889
16.143405 28.641959 20.917428
20.522331 16.169155 33.20583
18.606443 21.687974 30.105857
18.090555 17.601912 34.010348
8.9255587 26.215929 27.450577
14.599185 24.999475 28.142706
10.353864 27.309032 25.426442
10.223353 24.475748 30.024892
13.207885 26.791848 25.788866
22.068218 26.749926 19.832036
19.086156 25.097714 25.465369
19.183553 27.852493 20.478857
17.667558 27.020299 23.269123
12.740512 19.971483 34.605378
15.937926 22.805545 30.402577
15.463219 18.883027 34.482625
11.512237 22.386693 32.448551
17.096585 20.360856 32.35086
13.11605 23.765137 30.346635
2.9610545 1.8300323 44.229389
8.7480919 5.4066182 42.835938
2.9526006 4.8857115 43.890968
5.8901167 0 43.717978
18.985955 11.733966 36.421834
14.1526 8.7467879 40.166187
16.593538 13.229017 37.397229
2.8941756 10.753159 42.027445
8.7153909 8.4272446 42.236773
2.927683 7.8943728 43.142371
5.7454897 12.565351 41.077972
5.8815761 6.6889582 43.229222
11.325092 -3.4762444 40.974569
11.592931 3.5584577 41.943618
8.7200112 -1.7952407 42.599662
8.8002906 1.8117683 42.991849
11.269249 15.810992 38.259501
11.536311 10.152046 40.880218
13.98946 14.607206 38.017232
8.5594139 14.264049 39.809202
14.131727 11.733932 39.275328
8.6871104 11.412277 41.208602
31.186235 19.274153 15.185739
29.221227 18.059711 21.050695
31.696895 16.859998 16.404594
29.432749 21.494947 16.589116
23.132956 14.296953 31.840575
26.54506 16.40575 26.652092
25.053984 12.623849 30.391717
22.462535 17.335869 30.757653
31.994018 11.779099 18.464413
29.601453 15.517953 22.204607
31.965543 14.334471 17.504648
30.896742 10.961679 21.316079
30.732988 16.241582 19.342606
24.886476 25.251036 18.925514
27.235014 20.191673 22.468406
27.306608 23.515684 17.854765
23.558083 24.591406 21.886131
28.41916 20.895505 19.573847
28.106478 9.138825 26.842329
28.244146 14.651807 25.089585
26.721849 10.881364 28.700352
29.596965 10.077646 24.12691
26.747281 13.698741 27.787537
29.711237 12.841426 23.267543
20.436038 22.740325 27.564619
25.794822 19.333079 25.42241
21.548865 20.185881 29.307769
22.064436 23.750009 24.79175
24.231327 18.398131 28.137618
24.821267 22.090706 23.778285
19.292743 -8.8101648 31.216314
20.745081 -3.1055292 33.566246
21.160813 -7.3948502 30.044435
17.724627 -7.734534 33.888936
21.53219 9.8328238 34.839815
21.566697 3.2285246 34.895648
23.39019 8.1739276 33.209737
19.328182 8.434281 36.954884
24.571291 -4.4925612 27.390225
22.58772 -1.599351 32.145063
22.931116 -5.9469781 28.757815
25.358434 -1.5453228 28.245422
21.945029 -4.5753646 31.206139
13.798868 -5.0986775 38.826704
18.937135 -1.68476 36.092926
15.886187 -6.4895777 36.470742
14.140804 -1.7478995 39.849266
18.409079 -4.7834157 35.123821
26.313958 4.8111865 29.332818
23.076475 1.6339579 32.840621
24.99328 6.4817818 31.343966
25.955293 1.5816949 28.910232
23.346911 4.867646 33.199636
24.330115 0 30.605048
14.399021 5.320434 40.515392
19.297643 1.7168329 36.78003
16.930929 6.9163594 38.869211
14.348014 1.7735121 40.433192
19.428204 5.0482251 37.068272
16.821662 0 38.432463
31.199763 0 -16.41693
32.396705 0 -11.678494
32.014279 2.3597471 -15.967762
30.697315 -2.2626747 -15.310899
33.532712 0 -2.3240668
33.160785 0 -6.9844787
33.201814 7.2749167 -14.717476
33.184584 2.3162068 -11.109868
32.692918 4.8029055 -15.397291
32.661542 2.3378216 -13.523549
29.343995 -6.429622 -13.007408
31.797155 -2.2193675 -10.64537
30.068675 -4.4173788 -14.161358
31.30441 -2.2406819 -12.961627
31.199763 0 16.41693
32.396705 0 11.678494
32.014279 2.3597471 15.967762
30.697315 -2.2626747 15.310899
33.532712 0 2.3240668
33.160785 0 6.9844787
33.201814 7.2749167 14.717476
33.184584 2.3162068 11.109868
32.692918 4.8029055 15.397291
32.661542 2.3378216 13.523549
29.343995 -6.429622 13.007408
31.797155 -2.2193675 10.64537
30.068675 -4.4173788 14.161358
31.30441 -2.2406819 12.961627
33.201339 17.307177 -10.696423
34.71213 12.230857 -7.5590854
33.546349 14.884863 -11.866794
33.676562 17.613551 -7.6860636
34.231706 2.291733 -1.4163689
34.965194 7.1407035 -4.4131975
34.126476 2.2957309 -3.7987796
33.541707 9.8796331 -13.861333
34.63533 9.7740169 -8.6012131
33.655344 12.384387 -12.931256
33.840667 7.2761136 -12.125461
34.257619 12.326296 -10.234836
34.155345 17.92053 -1.5943168
35.028592 12.449033 -4.5999138
33.99623 17.818087 -4.6298522
34.527543 15.039754 -6.1438062
33.617332 2.3150221 -8.6013444
34.716851 7.1636847 -6.9268406
33.921014 2.3019128 -6.2070101
33.851657 4.7347602 -10.354892
34.533973 4.6985391 -5.3435221
34.346962 7.2406204 -9.5120198
25.717825 -13.406175 -8.2854716
28.412986 -10.011347 -6.1873526
26.693974 -11.844393 -9.4428125
25.919197 -13.556285 -5.9155859
32.772799 -2.1940626 -1.3560052
30.789193 -6.2878672 -3.8861156
32.673874 -2.1980125 -3.6370836
28.506691 -8.3965807 -11.780579
29.3484 -8.2820564 -7.2882759
27.631414 -10.16772 -10.616706
29.845287 -6.4170632 -10.693875
28.065939 -10.098456 -8.3850046
26.118458 -13.703759 -1.2191678
28.544583 -10.14464 -3.7484413
26.05282 -13.654791 -3.5480612
27.275577 -11.880891 -4.8533966
32.19531 -2.2170961 -8.2375054
30.583932 -6.3108733 -6.1022246
32.481683 -2.2042384 -5.9436352
31.084741 -4.3477574 -9.5085188
31.680624 -4.3103251 -4.9020167
30.258176 -6.3786709 -8.3796748
33.201339 17.307177 10.696423
34.71213 12.230857 7.5590854
33.546349 14.884863 11.866794
33.676562 17.613551 7.6860636
34.231706 2.291733 1.4163689
34.965194 7.1407035 4.4131975
34.126476 2.2957309 3.7987796
34.778069 4.6856441 0
33.541707 9.8796331 13.861333
34.63533 9.7740169 8.6012131
33.655344 12.384387 12.931256
33.840667 7.2761136 12.125461
34.257619 12.326296 10.234836
34.155345 17.92053 1.5943168
35.028592 12.449033 4.5999138
33.99623 17.818087 4.6298522
34.849987 15.253634 0
34.527543 15.039754 6.1438062
33.617332 2.3150221 8.6013444
34.716851 7.1636847 6.9268406
33.921014 2.3019128 6.2070101
33.851657 4.7347602 10.354892
34.533973 4.6985391 5.3435221
34.346962 7.2406204 9.5120198
35.220705 9.7347634 -2.9880919
35.220705 9.7347634 2.9880919
35.121415 7.1892385 -1.4800914
35.198237 12.490352 -1.5438924
35.121415 7.1892385 1.4800914
35.198237 12.490352 1.5438924
25.717825 -13.406175 8.2854716
28.412986 -10.011347 6.1873526
26.693974 -11.844393 9.4428125
25.919197 -13.556285 5.9155859
32.772799 -2.1940626 1.3560052
30.789193 -6.2878672 3.8861156
32.673874 -2.1980125 3.6370836
31.893679 -4.2970307 0
28.506691 -8.3965807 11.780579
29.3484 -8.2820564 7.2882759
27.631414 -10.16772 10.616706
29.845287 -6.4170632 10.693875
28.065939 -10.098456 8.3850046
26.118458 -13.703759 1.2191678
28.544583 -10.14464 3.7484413
26.05282 -13.654791 3.5480612
27.4085 -11.996539 0
27.275577 -11.880891 4.8533966
32.19531 -2.2170961 8.2375054
30.583932 -6.3108733 6.1022246
32.481683 -2.2042384 5.9436352
31.084741 -4.3477574 9.5085188
31.680624 -4.3103251 4.9020167
30.258176 -6.3786709 8.3796748
29.790632 -8.2339283 -2.5274096
29.790632 -8.2339283 2.5274096
30.887601 -6.3225906 -1.3016694
28.643504 -10.164357 -1.2563836
30.887601 -6.3225906 1.3016694
28.643504 -10.164357 1.2563836
-16.3126 23.360322 -1.158892
-18.758032 21.285996 -3.4625742
-15.796897 23.675915 -3.0483779
-23.228663 16.400186 -8.0917894
-21.060211 18.97858 -5.7667536
-14.665509 24.151931 -6.9000682
-18.245919 21.558422 -5.3891869
-15.247384 23.940416 -4.9716181
-17.045756 22.641036 -4.2238939
-29.976016 2.29244 -17.650562
-28.719205 6.5014321 -15.266119
-25.255355 13.500874 -10.451793
-27.107826 10.221636 -12.84924
-11.879509 24.396387 -15.077796
-15.850768 22.003022 -13.598615
-12.645825 24.434217 -12.996884
-22.732632 16.515812 -10.207333
-19.453178 19.375057 -11.974444
-21.678326 17.870937 -9.0045561
-14.027759 24.306452 -8.9488011
-16.498179 21.994087 -11.529948
-13.363121 24.402628 -10.942995
-15.912177 23.064018 -8.1827518
-14.625864 23.238673 -12.281032
-19.452997 20.369143 -6.6230294
-18.342802 20.649077 -10.711823
-20.579032 19.160385 -7.8022719
-17.726699 21.745698 -7.4043212
-20.043377 19.293032 -9.881014
-17.143848 21.891652 -9.4617408
-21.839483 -31.275048 -1.551537
-25.603044 -29.053491 -4.7261057
-20.995465 -31.467373 -4.0515622
-31.095123 -21.954161 -10.8321
-28.758043 -25.915544 -7.8745909
-19.107825 -31.467769 -8.9901613
-24.745976 -29.238548 -7.3090693
-20.081231 -31.530197 -6.5477601
-22.937383 -30.466593 -5.6838237
-31.247453 -2.3896743 -18.399214
-32.447815 -7.3455118 -17.248116
-32.484914 -17.365613 -13.443707
-32.908414 -12.408883 -15.598747
-14.581075 -29.944465 -18.506697
-20.54245 -28.515713 -17.62368
-15.788468 -30.506419 -16.226768
-30.258406 -21.983471 -13.586532
-25.93217 -25.82803 -15.9626
-29.216541 -24.085206 -12.135715
-18.04325 -31.264251 -11.510424
-21.681355 -28.903894 -15.152272
-16.948199 -30.949401 -13.878798
-20.998446 -30.436347 -10.798339
-18.793107 -29.859902 -15.780179
-26.464738 -27.711104 -9.010269
-24.498879 -27.579169 -14.306847
-27.938556 -26.012569 -10.592539
-23.842313 -29.247845 -9.9587718
-26.992759 -25.982255 -13.30693
-22.816122 -29.1348 -12.592286
-2.6533775 -20.429588 -34.695645
-8.1925485 -19.237057 -36.189486
-4.257983 -22.065151 -33.070587
-2.7136157 -18.362294 -36.815154
-18.871517 -14.609513 -35.301928
-13.743092 -17.275932 -36.446743
-7.3663815 -24.940015 -29.467814
-9.8266219 -20.885651 -34.395587
-5.8420993 -23.576113 -31.314986
-7.0336128 -21.571285 -33.869781
-2.8277405 -13.563479 -40.513392
-8.3498713 -16.892156 -38.107773
-2.7760054 -16.058302 -38.783378
-5.5269217 -17.718363 -37.621227
-30.044179 -1.4904743 -20.979962
-28.716615 -4.6713065 -25.306177
-30.795704 -3.965082 -20.547319
-23.187468 -11.440609 -32.841937
-26.473535 -8.0441398 -29.377236
-31.793993 -9.0833616 -19.305914
-29.269903 -7.3169074 -24.772513
-31.38846 -6.5183261 -19.99096
-30.141536 -5.6231812 -22.692657
-13.072884 -29.114466 -21.15237
-16.023598 -26.031265 -25.926727
-11.746571 -28.279683 -23.312889
-16.143405 -28.641959 -20.917428
-20.522331 -16.169155 -33.20583
-18.606443 -21.687974 -30.105857
-18.090555 -17.601912 -34.010348
-8.9255587 -26.215929 -27.450577
-14.599185 -24.999475 -28.142706
-10.353864 -27.309032 -25.426442
-10.223353 -24.475748 -30.024892
-13.207885 -26.791848 -25.788866
-22.068218 -26.749926 -19.832036
-19.086156 -25.097714 -25.465369
-19.183553 -27.852493 -20.478857
-17.667558 -27.020299 -23.269123
-12.740512 -19.971483 -34.605378
-15.937926 -22.805545 -30.402577
-15.463219 -18.883027 -34.482625
-11.512237 -22.386693 -32.448551
-17.096585 -20.360856 -32.35086
-13.11605 -23.765137 -30.346635
-2.9610545 -1.8300323 -44.229389
-8.7480919 -5.4066182 -42.835938
-2.9526006 -4.8857115 -43.890968
-18.985955 -11.733966 -36.421834
-14.1526 -8.7467879 -40.166187
-16.593538 -13.229017 -37.397229
-2.8941756 -10.753159 -42.027445
-8.7153909 -8.4272446 -42.236773
-2.927683 -7.8943728 -43.142371
-5.7454897 -12.565351 -41.077972
-5.8815761 -6.6889582 -43.229222
-11.269249 -15.810992 -38.259501
-11.536311 -10.152046 -40.880218
-13.98946 -14.607206 -38.017232
-8.5594139 -14.264049 -39.809202
-14.131727 -11.733932 -39.275328
-8.6871104 -11.412277 -41.208602
-31.186235 -19.274153 -15.185739
-29.221227 -18.059711 -21.050695
-31.696895 -16.859998 -16.404594
-29.432749 -21.494947 -16.589116
-23.132956 -14.296953 -31.840575
-26.54506 -16.40575 -26.652092
-25.053984 -12.623849 -30.391717
-22.462535 -17.335869 -30.757653
-31.994018 -11.779099 -18.464413
-29.601453 -15.517953 -22.204607
-31.965543 -14.334471 -17.504648
-30.896742 -10.961679 -21.316079
-30.732988 -16.241582 -19.342606
-24.886476 -25.251036 -18.925514
-27.235014 -20.191673 -22.468406
-27.306608 -23.515684 -17.854765
-23.558083 -24.591406 -21.886131
-28.41916 -20.895505 -19.573847
-28.106478 -9.138825 -26.842329
-28.244146 -14.651807 -25.089585
-26.721849 -10.881364 -28.700352
-29.596965 -10.077646 -24.12691
-26.747281 -13.698741 -27.787537
-29.711237 -12.841426 -23.267543
-20.436038 -22.740325 -27.564619
-25.794822 -19.333079 -25.42241
-21.548865 -20.185881 -29.307769
-22.064436 -23.750009 -24.79175
-24.231327 -18.398131 -28.137618
-24.821267 -22.090706 -23.778285
-2.5736839 19.81599 -33.653569
-7.5327951 17.687879 -33.275113
-4.0433221 20.952764 -31.403374
-2.6384262 17.853507 -35.79507
-16.426444 12.716643 -30.728061
-12.168955 15.297142 -32.272124
-6.6880412 22.64339 -26.754242
-8.8313264 18.770235 -30.911808
-5.4247411 21.891841 -29.077852
-6.4859079 19.891537 -31.232353
-2.7668533 13.271429 -39.641053
-7.7405417 15.659456 -35.326869
-2.7068918 15.658502 -37.817797
-5.2374108 16.79024 -35.650554
-29.29291 1.4532043 -20.455348
-26.713114 4.3453986 -23.540615
-28.821815 3.710935 -19.230312
-28.870868 0 -22.67561
-20.276316 10.004257 -28.718681
-23.70654 7.203372 -26.306748
-27.516746 7.8613766 -16.708689
-26.195913 6.5484698 -22.170849
-28.217659 5.8598574 -17.971512
-27.554 5.1404526 -20.744579
-27.430242 -3.1173943 -27.107275
-26.163166 2.9733937 -25.855119
-28.253054 -1.5322704 -24.916341
-27.569215 1.4951832 -24.313263
-10.888165 24.248903 -17.617421
-13.15394 21.369338 -21.283522
-9.9798838 24.026412 -19.806625
-13.023849 23.107179 -16.875338
-17.438401 13.739385 -28.215925
-15.35595 17.899146 -24.846448
-15.459062 15.041498 -29.063126
-7.915591 23.249477 -24.344419
-12.236637 20.953876 -23.588446
-8.984577 23.697444 -22.063824
-9.0001277 21.547222 -26.43241
-11.120945 22.558545 -21.714041
-17.001427 20.608231 -15.278665
-15.302107 20.121805 -20.416569
-15.072598 21.883822 -16.090325
-14.173412 21.676444 -18.667145
-11.194876 17.54861 -30.407171
-13.366901 19.12667 -25.498187
-13.364406 16.320045 -29.802319
-10.100811 19.642035 -28.470287
-14.429439 17.184468 -27.303976
-11.240218 20.366293 -26.006518
-2.9517907 1.824307 -44.091014
-8.5175257 5.2641204 -41.706947
-2.9281995 4.8453346 -43.528241
-5.8901167 0 -43.717978
-16.924396 10.459852 -32.467029
-13.234164 8.1791631 -37.559593
-14.814063 11.810349 -33.386785
-2.8433014 10.564139 -41.288681
-8.3662381 8.0896354 -40.544699
-2.8892044 7.7906169 -42.57535
-5.5190126 12.070047 -39.458751
-5.7517795 6.541344 -42.275225
-11.592931 -3.5584577 -41.943618
-11.325092 3.4762444 -40.974569
-8.8002906 -1.8117683 -42.991849
-8.7200112 1.7952407 -42.599662
-10.258719 14.393198 -34.828716
-10.824357 9.525521 -38.357329
-12.577766 13.133174 -34.180864
-8.0108509 13.349882 -37.257876
-12.94162 10.745756 -35.967747
-8.2268717 10.80766 -39.025392
-23.937423 14.794141 -11.656023
-23.013555 14.223159 -16.578747
-24.903494 13.246498 -12.888698
-22.351665 16.323581 -12.59802
-19.665767 12.154113 -27.068281
-21.636244 13.371934 -21.723482
-21.429105 10.797396 -25.99456
-18.642752 14.387883 -25.527276
-26.687524 9.8254299 -15.401925
-23.908578 12.533581 -17.934275
-25.829205 11.582722 -14.144328
-26.178813 9.2878321 -18.061116
-24.456908 12.924838 -15.392592
-18.926061 19.203308 -14.392775
-21.280038 15.776734 -17.555656
-20.671601 17.801802 -13.516383
-18.21833 19.017437 -16.925349
-21.867807 16.07855 -15.061568
-24.670046 8.0214686 -23.560458
-23.215763 12.043305 -20.622817
-23.107149 9.4094277 -24.818017
-25.510516 8.6862267 -20.795711
-22.405766 11.475215 -23.277172
-24.736742 10.691411 -19.371903
-16.472405 18.329768 -22.218375
-20.530642 15.387605 -20.234232
-17.567409 16.456256 -23.892746
-17.400288 18.729552 -19.551082
-19.672296 14.936594 -22.843634
-19.405067 17.270336 -18.589672
-21.53219 -9.8328238 -34.839815
-21.566697 -3.2285246 -34.895648
-23.39019 -8.1739276 -33.209737
-19.328182 -8.434281 -36.954884
-19.292743 8.8101648 -31.216314
-20.745081 3.1055292 -33.566246
-21.160813 7.3948502 -30.044435
-17.724627 7.734534 -33.888936
-26.313958 -4.8111865 -29.332818
-23.076475 -1.6339579 -32.840621
-24.99328 -6.4817818 -31.343966
-25.955293 -1.5816949 -28.910232
-23.346911 -4.867646 -33.199636
-14.399021 -5.320434 -40.515392
-19.297643 -1.7168329 -36.78003
-16.930929 -6.9163594 -38.869211
-14.348014 -1.7735121 -40.433192
-19.428204 -5.0482251 -37.068272
-24.571291 4.4925612 -27.390225
-22.58772 1.599351 -32.145063
-22.931116 5.9469781 -28.757815
-25.358434 1.5453228 -28.245422
-21.945029 4.5753646 -31.206139
-24.330115 0 -30.605048
-13.798868 5.0986775 -38.826704
-18.937135 1.68476 -36.092926
-15.886187 6.4895777 -36.470742
-14.140804 1.7478995 -39.849266
-18.409079 4.7834157 -35.123821
-16.821662 0 -38.432463
-16.3126 23.360322 1.158892
-18.758032 21.285996 3.4625742
-15.796897 23.675915 3.0483779
-17.578215 22.380801 0
-23.228663 16.400186 8.0917894
-21.060211 18.97858 5.7667536
-14.665509 24.151931 6.9000682
-18.245919 21.558422 5.3891869
-15.247384 23.940416 4.9716181
-17.045756 22.641036 4.2238939
-20.007573 20.245951 -2.3009135
-20.007573 20.245951 2.3009135
-18.816958 21.336863 -1.1571791
-18.816958 21.336863 1.1571791
-29.976016 2.29244 17.650562
-28.719205 6.5014321 15.266119
-25.255355 13.500874 10.451793
-27.107826 10.221636 12.84924
-11.879509 24.396387 15.077796
-15.850768 22.003022 13.598615
-12.645825 24.434217 12.996884
-22.732632 16.515812 10.207333
-19.453178 19.375057 11.974444
-21.678326 17.870937 9.0045561
-14.027759 24.306452 8.9488011
-16.498179 21.994087 11.529948
-13.363121 24.402628 10.942995
-15.912177 23.064018 8.1827518
-14.625864 23.238673 12.281032
-19.452997 20.369143 6.6230294
-18.342802 20.649077 10.711823
-20.579032 19.160385 7.8022719
-17.726699 21.745698 7.4043212
-20.043377 19.293032 9.881014
-17.143848 21.891652 9.4617408
-24.50456 15.144651 -6.91591
-24.774192 15.311293 -2.2920935
-23.446101 16.513493 -5.7707993
-24.50456 15.144651 6.91591
-24.774192 15.311293 2.2920935
-23.446101 16.513493 5.7707993
-21.220954 19.036946 -3.4806737
-23.659736 16.625243 -1.1771706
-22.344232 17.817006 -4.62068
-21.271085 19.096949 -1.1637529
-23.589015 16.588454 -3.4585612
-21.220954 19.036946 3.4806737
-23.659736 16.625243 1.1771706
-22.344232 17.817006 4.62068
-21.271085 19.096949 1.1637529
-23.589015 16.588454 3.4585612
-22.495874 17.883559 0
-21.839483 -31.275048 1.551537
-25.603044 -29.053491 4.7261057
-20.995465 -31.467373 4.0515622
-23.841963 -30.355882 0
-31.095123 -21.954161 10.8321
-28.758043 -25.915544 7.8745909
-19.107825 -31.467769 8.9901613
-24.745976 -29.238548 7.3090693
-20.081231 -31.530197 6.5477601
-22.937383 -30.466593 5.6838237
-27.481016 -27.808436 -3.1603754
-27.481016 -27.808436 3.1603754
-25.745074 -29.192769 -1.5832347
-25.745074 -29.192769 1.5832347
-31.247453 -2.3896743 18.399214
-32.447815 -7.3455118 17.248116
-32.484914 -17.365613 13.443707
-32.908414 -12.408883 15.598747
-14.581075 -29.944465 18.506697
-20.54245 -28.515713 17.62368
-15.788468 -30.506419 16.226768
-30.258406 -21.983471 13.586532
-25.93217 -25.82803 15.9626
-29.216541 -24.085206 12.135715
-18.04325 -31.264251 11.510424
-21.681355 -28.903894 15.152272
-16.948199 -30.949401 13.878798
-20.998446 -30.436347 10.798339
-18.793107 -29.859902 15.780179
-26.464738 -27.711104 9.010269
-24.498879 -27.579169 14.306847
-27.938556 -26.012569 10.592539
-23.842313 -29.247845 9.9587718
-26.992759 -25.982255 13.30693
-22.816122 -29.1348 12.592286
-32.472596 -20.069168 -9.1647248
-33.108019 -20.461881 -3.0631342
-31.591205 -22.25023 -7.7755574
-32.472596 -20.069168 9.1647248
-33.108019 -20.461881 3.0631342
-31.591205 -22.25023 7.7755574
-29.112919 -26.11669 -4.7751186
-32.0883 -22.547834 -1.5965269
-30.459201 -24.287779 -6.2988167
-29.253023 -26.263046 -1.6004492
-31.922854 -22.449043 -4.6804475
-29.112919 -26.11669 4.7751186
-32.0883 -22.547834 1.5965269
-30.459201 -24.287779 6.2988167
-29.253023 -26.263046 1.6004492
-31.922854 -22.449043 4.6804475
-30.805664 -24.489599 0
-2.6533775 -20.429588 34.695645
-8.1925485 -19.237057 36.189486
-4.257983 -22.065151 33.070587
-2.7136157 -18.362294 36.815154
-18.871517 -14.609513 35.301928
-13.743092 -17.275932 36.446743
-7.3663815 -24.940015 29.467814
-9.8266219 -20.885651 34.395587
-5.8420993 -23.576113 31.314986
-7.0336128 -21.571285 33.869781
-2.8277405 -13.563479 40.513392
-8.3498713 -16.892156 38.107773
-2.7760054 -16.058302 38.783378
-5.5269217 -17.718363 37.621227
-30.044179 -1.4904743 20.979962
-28.716615 -4.6713065 25.306177
-30.795704 -3.965082 20.547319
-23.187468 -11.440609 32.841937
-26.473535 -8.0441398 29.377236
-31.793993 -9.0833616 19.305914
-29.269903 -7.3169074 24.772513
-31.38846 -6.5183261 19.99096
-30.141536 -5.6231812 22.692657
-13.072884 -29.114466 21.15237
-16.023598 -26.031265 25.926727
-11.746571 -28.279683 23.312889
-16.143405 -28.641959 20.917428
-20.522331 -16.169155 33.20583
-18.606443 -21.687974 30.105857
-18.090555 -17.601912 34.010348
-8.9255587 -26.215929 27.450577
-14.599185 -24.999475 28.142706
-10.353864 -27.309032 25.426442
-10.223353 -24.475748 30.024892
-13.207885 -26.791848 25.788866
-22.068218 -26.749926 19.832036
-19.086156 -25.097714 25.465369
-19.183553 -27.852493 20.478857
-17.667558 -27.020299 23.269123
-12.740512 -19.971483 34.605378
-15.937926 -22.805545 30.402577
-15.463219 -18.883027 34.482625
-11.512237 -22.386693 32.448551
-17.096585 -20.360856 32.35086
-13.11605 -23.765137 30.346635
-2.9610545 -1.8300323 44.229389
-8.7480919 -5.4066182 42.835938
-2.9526006 -4.8857115 43.890968
-18.985955 -11.733966 36.421834
-14.1526 -8.7467879 40.166187
-16.593538 -13.229017 37.397229
-2.8941756 -10.753159 42.027445
-8.7153909 -8.4272446 42.236773
-2.927683 -7.8943728 43.142371
-5.7454897 -12.565351 41.077972
-5.8815761 -6.6889582 43.229222
-11.269249 -15.810992 38.259501
-11.536311 -10.152046 40.880218
-13.98946 -14.607206 38.017232
-8.5594139 -14.264049 39.809202
-14.131727 -11.733932 39.275328
-8.6871104 -11.412277 41.208602
-31.186235 -19.274153 15.185739
-29.221227 -18.059711 21.050695
-31.696895 -16.859998 16.404594
-29.432749 -21.494947 16.589116
-23.132956 -14.296953 31.840575
-26.54506 -16.40575 26.652092
-25.053984 -12.623849 30.391717
-22.462535 -17.335869 30.757653
-31.994018 -11.779099 18.464413
-29.601453 -15.517953 22.204607
-31.965543 -14.334471 17.504648
-30.896742 -10.961679 21.316079
-30.732988 -16.241582 19.342606
-24.886476 -25.251036 18.925514
-27.235014 -20.191673 22.468406
-27.306608 -23.515684 17.854765
-23.558083 -24.591406 21.886131
-28.41916 -20.895505 19.573847
-28.106478 -9.138825 26.842329
-28.244146 -14.651807 25.089585
-26.721849 -10.881364 28.700352
-29.596965 -10.077646 24.12691
-26.747281 -13.698741 27.787537
-29.711237 -12.841426 23.267543
-20.436038 -22.740325 27.564619
-25.794822 -19.333079 25.42241
-21.548865 -20.185881 29.307769
-22.064436 -23.750009 24.79175
-24.231327 -18.398131 28.137618
-24.821267 -22.090706 23.778285
-2.5736839 19.81599 33.653569
-7.5327951 17.687879 33.275113
-4.0433221 20.952764 31.403374
-2.6384262 17.853507 35.79507
-16.426444 12.716643 30.728061
-12.168955 15.297142 32.272124
-6.6880412 22.64339 26.754242
-8.8313264 18.770235 30.911808
-5.4247411 21.891841 29.077852
-6.4859079 19.891537 31.232353
-2.7668533 13.271429 39.641053
-7.7405417 15.659456 35.326869
-2.7068918 15.658502 37.817797
-5.2374108 16.79024 35.650554
-29.29291 1.4532043 20.455348
-26.713114 4.3453986 23.540615
-28.821815 3.710935 19.230312
-28.870868 0 22.67561
-20.276316 10.004257 28.718681
-23.70654 7.203372 26.306748
-27.516746 7.8613766 16.708689
-26.195913 6.5484698 22.170849
-28.217659 5.8598574 17.971512
-27.554 5.1404526 20.744579
-27.430242 -3.1173943 27.107275
-26.163166 2.9733937 25.855119
-28.253054 -1.5322704 24.916341
-27.569215 1.4951832 24.313263
-10.888165 24.248903 17.617421
-13.15394 21.369338 21.283522
-9.9798838 24.026412 19.806625
-13.023849 23.107179 16.875338
-17.438401 13.739385 28.215925
-15.35595 17.899146 24.846448
-15.459062 15.041498 29.063126
-7.915591 23.249477 24.344419
-12.236637 20.953876 23.588446
-8.984577 23.697444 22.063824
-9.0001277 21.547222 26.43241
-11.120945 22.558545 21.714041
-17.001427 20.608231 15.278665
-15.302107 20.121805 20.416569
-15.072598 21.883822 16.090325
-14.173412 21.676444 18.667145
-11.194876 17.54861 30.407171
-13.366901 19.12667 25.498187
-13.364406 16.320045 29.802319
-10.100811 19.642035 28.470287
-14.429439 17.184468 27.303976
-11.240218 20.366293 26.006518
-2.9517907 1.824307 44.091014
-8.5175257 5.2641204 41.706947
-2.9281995 4.8453346 43.528241
-5.8901167 0 43.717978
-16.924396 10.459852 32.467029
-13.234164 8.1791631 37.559593
-14.814063 11.810349 33.386785
-2.8433014 10.564139 41.288681
-8.3662381 8.0896354 40.544699
-2.8892044 7.7906169 42.57535
-5.5190126 12.070047 39.458751
-5.7517795 6.541344 42.275225
-11.592931 -3.5584577 41.943618
-11.325092 3.4762444 40.974569
-8.8002906 -1.8117683 42.991849
-8.7200112 1.7952407 42.599662
-10.258719 14.393198 34.828716
-10.824357 9.525521 38.357329
-12.577766 13.133174 34.180864
-8.0108509 13.349882 37.257876
-12.94162 10.745756 35.967747
-8.2268717 10.80766 39.025392
-23.937423 14.794141 11.656023
-23.013555 14.223159 16.578747
-24.903494 13.246498 12.888698
-22.351665 16.323581 12.59802
-19.665767 12.154113 27.068281
-21.636244 13.371934 21.723482
-21.429105 10.797396 25.99456
-18.642752 14.387883 25.527276
-26.687524 9.8254299 15.401925
-23.908578 12.533581 17.934275
-25.829205 11.582722 14.144328
-26.178813 9.2878321 18.061116
-24.456908 12.924838 15.392592
-18.926061 19.203308 14.392775
-21.280038 15.776734 17.555656
-20.671601 17.801802 13.516383
-18.21833 19.017437 16.925349
-21.867807 16.07855 15.061568
-24.670046 8.0214686 23.560458
-23.215763 12.043305 20.622817
-23.107149 9.4094277 24.818017
-25.510516 8.6862267 20.795711
-22.405766 11.475215 23.277172
-24.736742 10.691411 19.371903
-16.472405 18.329768 22.218375
-20.530642 15.387605 20.234232
-17.567409 16.456256 23.892746
-17.400288 18.729552 19.551082
-19.672296 14.936594 22.843634
-19.405067 17.270336 18.589672
-21.53219 -9.8328238 34.839815
-21.566697 -3.2285246 34.895648
-23.39019 -8.1739276 33.209737
-19.328182 -8.434281 36.954884
-19.292743 8.8101648 31.216314
-20.745081 3.1055292 33.566246
-21.160813 7.3948502 30.044435
-17.724627 7.734534 33.888936
-26.313958 -4.8111865 29.332818
-23.076475 -1.6339579 32.840621
-24.99328 -6.4817818 31.343966
-25.955293 -1.5816949 28.910232
-23.346911 -4.867646 33.199636
-14.399021 -5.320434 40.515392
-19.297643 -1.7168329 36.78003
-16.930929 -6.9163594 38.869211
-14.348014 -1.7735121 40.433192
-19.428204 -5.0482251 37.068272
-24.571291 4.4925612 27.390225
-22.58772 1.599351 32.145063
-22.931116 5.9469781 28.757815
-25.358434 1.5453228 28.245422
-21.945029 4.5753646 31.206139
-24.330115 0 30.605048
-13.798868 5.0986775 38.826704
-18.937135 1.68476 36.092926
-15.886187 6.4895777 36.470742
-14.140804 1.7478995 39.849266
-18.409079 4.7834157 35.123821
-16.821662 0 38.432463
-31.199763 0 -16.41693
-32.396705 0 -11.678494
-30.697315 2.2626747 -15.310899
-32.014279 -2.3597471 -15.967762
-33.532712 0 -2.3240668
-33.160785 0 -6.9844787
-29.343995 6.429622 -13.007408
-31.797155 2.2193675 -10.64537
-30.068675 4.4173788 -14.161358
-31.30441 2.2406819 -12.961627
-33.201814 -7.2749167 -14.717476
-33.184584 -2.3162068 -11.109868
-32.692918 -4.8029055 -15.397291
-32.661542 -2.3378216 -13.523549
-31.199763 0 16.41693
-32.396705 0 11.678494
-30.697315 2.2626747 15.310899
-32.014279 -2.3597471 15.967762
-33.532712 0 2.3240668
-33.160785 0 6.9844787
-29.343995 6.429622 13.007408
-31.797155 2.2193675 10.64537
-30.068675 4.4173788 14.161358
-31.30441 2.2406819 12.961627
-33.201814 -7.2749167 14.717476
-33.184584 -2.3162068 11.109868
-32.692918 -4.8029055 15.397291
-32.661542 -2.3378216 13.523549
-25.717825 13.406175 -8.2854716
-28.412986 10.011347 -6.1873526
-26.693974 11.844393 -9.4428125
-25.919197 13.556285 -5.9155859
-32.772799 2.1940626 -1.3560052
-30.789193 6.2878672 -3.8861156
-32.673874 2.1980125 -3.6370836
-28.506691 8.3965807 -11.780579
-29.3484 8.2820564 -7.2882759
-27.631414 10.16772 -10.616706
-29.845287 6.4170632 -10.693875
-28.065939 10.098456 -8.3850046
-26.118458 13.703759 -1.2191678
-28.544583 10.14464 -3.7484413
-26.05282 13.654791 -3.5480612
-27.275577 11.880891 -4.8533966
-32.19531 2.2170961 -8.2375054
-30.583932 6.3108733 -6.1022246
-32.481683 2.2042384 -5.9436352
-31.084741 4.3477574 -9.5085188
-31.680624 4.3103251 -4.9020167
-30.258176 6.3786709 -8.3796748
-33.201339 -17.307177 -10.696423
-34.71213 -12.230857 -7.5590854
-33.546349 -14.884863 -11.866794
-33.676562 -17.613551 -7.6860636
-34.231706 -2.291733 -1.4163689
-34.965194 -7.1407035 -4.4131975
-34.126476 -2.2957309 -3.7987796
-33.541707 -9.8796331 -13.861333
-34.63533 -9.7740169 -8.6012131
-33.655344 -12.384387 -12.931256
-33.840667 -7.2761136 -12.125461
-34.257619 -12.326296 -10.234836
-34.155345 -17.92053 -1.5943168
-35.028592 -12.449033 -4.5999138
-33.99623 -17.818087 -4.6298522
-34.527543 -15.039754 -6.1438062
-33.617332 -2.3150221 -8.6013444
-34.716851 -7.1636847 -6.9268406
-33.921014 -2.3019128 -6.2070101
-33.851657 -4.7347602 -10.354892
-34.533973 -4.6985391 -5.3435221
-34.346962 -7.2406204 -9.5120198
-25.717825 13.406175 8.2854716
-28.412986 10.011347 6.1873526
-26.693974 11.844393 9.4428125
-25.919197 13.556285 5.9155859
-32.772799 2.1940626 1.3560052
-30.789193 6.2878672 3.8861156
-32.673874 2.1980125 3.6370836
-31.893679 4.2970307 0
-28.506691 8.3965807 11.780579
-29.3484 8.2820564 7.2882759
-27.631414 10.16772 10.616706
-29.845287 6.4170632 10.693875
-28.065939 10.098456 8.3850046
-26.118458 13.703759 1.2191678
-28.544583 10.14464 3.7484413
-26.05282 13.654791 3.5480612
-27.4085 11.996539 0
-27.275577 11.880891 4.8533966
-32.19531 2.2170961 8.2375054
-30.583932 6.3108733 6.1022246
-32.481683 2.2042384 5.9436352
-31.084741 4.3477574 9.5085188
-31.680624 4.3103251 4.9020167
-30.258176 6.3786709 8.3796748
-29.790632 8.2339283 -2.5274096
-29.790632 8.2339283 2.5274096
-30.887601 6.3225906 -1.3016694
-28.643504 10.164357 -1.2563836
-30.887601 6.3225906 1.3016694
-28.643504 10.164357 1.2563836
-33.201339 -17.307177 10.696423
-34.71213 -12.230857 7.5590854
-33.546349 -14.884863 11.866794
-33.676562 -17.613551 7.6860636
-34.231706 -2.291733 1.4163689
-34.965194 -7.1407035 4.4131975
-34.126476 -2.2957309 3.7987796
-34.778069 -4.6856441 0
-33.541707 -9.8796331 13.861333
-34.63533 -9.7740169 8.6012131
-33.655344 -12.384387 12.931256
-33.840667 -7.2761136 12.125461
-34.257619 -12.326296 10.234836
-34.155345 -17.92053 1.5943168
-35.028592 -12.449033 4.5999138
-33.99623 -17.818087 4.6298522
-34.849987 -15.253634 0
-34.527543 -15.039754 6.1438062
-33.617332 -2.3150221 8.6013444
-34.716851 -7.1636847 6.9268406
-33.921014 -2.3019128 6.2070101
-33.851657 -4.7347602 10.354892
-34.533973 -4.6985391 5.3435221
-34.346962 -7.2406204 9.5120198
-35.220705 -9.7347634 -2.9880919
-35.220705 -9.7347634 2.9880919
-35.121415 -7.1892385 -1.4800914
-35.198237 -12.490352 -1.5438924
-35.121415 -7.1892385 1.4800914
-35.198237 -12.490352 1.5438924
