-12.028092 19.461862 0.000000
16.443031 26.605382 0.000000
-16.443031 -26.605382 0.000000
12.028092 -19.461862 0.000000
0.000000 -10.791688 17.461318
0.000000 10.791688 17.461318
0.000000 -10.791688 -17.461318
0.000000 10.791688 -17.461318
25.342628 0.000000 -15.662606
25.342628 0.000000 15.662606
-25.342628 0.000000 -15.662606
-25.342628 0.000000 15.662606
0.000000 23.200911 0.000000
0.000000 -23.200911 0.000000
-7.565443 -19.806587 12.241144
6.927154 -18.135525 11.208371
-6.927154 18.135525 11.208371
7.565443 19.806587 12.241144
0.000000 0.000000 18.893088
-7.565443 -19.806587 -12.241144
6.927154 -18.135525 -11.208371
-6.927154 18.135525 -11.208371
7.565443 19.806587 -12.241144
0.000000 0.000000 -18.893088
26.294026 16.250602 -10.043424
22.719033 -14.041134 -8.677898
10.790312 -6.668780 -17.459092
11.135024 6.881823 -18.016848
26.294026 16.250602 10.043424
22.719033 -14.041134 8.677898
10.790312 -6.668780 17.459092
11.135024 6.881823 18.016848
46.682242 0.000000 0.000000
-22.719033 14.041134 -8.677898
-26.294026 -16.250602 -10.043424
-11.135024 -6.881823 -18.016848
-10.790312 6.668780 -17.459092
-22.719033 14.041134 8.677898
-26.294026 -16.250602 10.043424
-11.135024 -6.881823 18.016848
-10.790312 6.668780 17.459092
-46.682242 0.000000 0.000000
-6.068803 21.363077 0.000000
7.136540 25.121670 0.000000
-7.136540 -25.121670 0.000000
6.068803 -21.363077 0.000000
-11.976069 -23.811130 7.173463
-3.573309 -15.434320 15.618210
-3.952508 -23.138387 6.395293
9.807153 -19.498835 5.874319
3.479306 -15.028288 15.207341
3.647465 -21.352631 5.901722
0.000000 -19.310103 11.934300
-9.807153 19.498835 5.874319
-3.479306 15.028288 15.207341
-3.647465 21.352631 5.901722
11.976069 23.811130 7.173463
3.573309 15.434320 15.618210
3.952508 23.138387 6.395293
0.000000 19.310103 11.934300
0.000000 -5.279930 18.586128
0.000000 5.279930 18.586128
-11.976069 -23.811130 -7.173463
-3.573309 -15.434320 -15.618210
-3.952508 -23.138387 -6.395293
9.807153 -19.498835 -5.874319
3.479306 -15.028288 -15.207341
3.647465 -21.352631 -5.901722
0.000000 -19.310103 -11.934300
-9.807153 19.498835 -5.874319
-3.479306 15.028288 -15.207341
-3.647465 21.352631 -5.901722
11.976069 23.811130 -7.173463
3.573309 15.434320 -15.618210
3.952508 23.138387 -6.395293
0.000000 19.310103 -11.934300
0.000000 -5.279930 -18.586128
0.000000 5.279930 -18.586128
23.090828 23.365941 -5.345921
27.639109 8.326699 -13.901393
16.230335 19.002807 -11.744381
17.228331 -17.433596 -3.988653
26.264614 -7.912612 -13.210075
14.068892 -16.472145 -10.180346
5.301293 -8.850489 -17.596772
17.180853 -3.930828 -16.978563
9.447363 -13.055935 -15.286155
5.136181 -3.174335 -18.582879
17.211296 -10.637166 -14.700202
5.417244 9.044068 -17.981650
17.625920 4.032655 -17.418390
9.994266 13.811735 -16.171061
5.177186 3.199677 -18.731235
18.385600 11.362925 -15.703177
11.305562 0.000000 -18.292784
23.090828 23.365941 5.345921
27.639109 8.326699 13.901393
16.230335 19.002807 11.744381
32.837811 20.294883 0.000000
17.228331 -17.433596 3.988653
26.264614 -7.912612 13.210075
14.068892 -16.472145 10.180346
24.544492 -15.169331 0.000000
5.301293 -8.850489 17.596772
17.180853 -3.930828 16.978563
9.447363 -13.055935 15.286155
5.136181 -3.174335 18.582879
17.211296 -10.637166 14.700202
5.417244 9.044068 17.981650
17.625920 4.032655 17.418390
9.994266 13.811735 16.171061
5.177186 3.199677 18.731235
18.385600 11.362925 15.703177
11.305562 0.000000 18.292784
37.751421 0.000000 -10.724388
37.751421 0.000000 10.724388
38.354890 10.601031 -6.551798
35.002314 -9.674402 -5.979109
38.354890 10.601031 6.551798
35.002314 -9.674402 5.979109
-17.228331 17.433596 -3.988653
-26.264614 7.912612 -13.210075
-14.068892 16.472145 -10.180346
-23.090828 -23.365941 -5.345921
-27.639109 -8.326699 -13.901393
-16.230335 -19.002807 -11.744381
-5.417244 -9.044068 -17.981650
-17.625920 -4.032655 -17.418390
-9.994266 -13.811735 -16.171061
-5.177186 -3.199677 -18.731235
-18.385600 -11.362925 -15.703177
-5.301293 8.850489 -17.596772
-17.180853 3.930828 -16.978563
-9.447363 13.055935 -15.286155
-5.136181 3.174335 -18.582879
-17.211296 10.637166 -14.700202
-11.305562 0.000000 -18.292784
-17.228331 17.433596 3.988653
-26.264614 7.912612 13.210075
-14.068892 16.472145 10.180346
-24.544492 15.169331 0.000000
-23.090828 -23.365941 5.345921
-27.639109 -8.326699 13.901393
-16.230335 -19.002807 11.744381
-32.837811 -20.294883 0.000000
-5.417244 -9.044068 17.981650
-17.625920 -4.032655 17.418390
-9.994266 -13.811735 16.171061
-5.177186 -3.199677 18.731235
-18.385600 -11.362925 15.703177
-5.301293 8.850489 17.596772
-17.180853 3.930828 16.978563
-9.447363 13.055935 15.286155
-5.136181 3.174335 18.582879
-17.211296 10.637166 14.700202
-11.305562 0.000000 18.292784
-37.751421 0.000000 -10.724388
-37.751421 0.000000 10.724388
-35.002314 9.674402 -5.979109
-38.354890 -10.601031 -6.551798
-35.002314 9.674402 5.979109
-38.354890 -10.601031 6.551798
-9.007988 20.435332 0.000000
-3.102777 22.276628 0.000000
11.474459 26.030715 0.000000
3.363962 24.151831 0.000000
-11.474459 -26.030715 0.000000
-3.363962 -24.151831 0.000000
9.007988 -20.435332 0.000000
3.102777 -22.276628 0.000000
-14.359776 -25.638158 3.889030
-9.704061 -21.836070 9.925942
-9.766274 -25.199012 3.589277
-1.727842 -13.118518 16.702660
-5.524428 -17.677613 14.139838
-1.957042 -23.503038 3.166561
-5.869049 -21.909787 9.496320
-5.554170 -24.384794 3.350726
-7.775425 -23.648059 6.815917
10.994650 -19.630012 2.977659
8.454103 -19.023416 8.647404
7.981595 -20.594170 2.933376
1.709842 -12.981852 16.528655
5.246969 -16.789771 13.429677
0.000000 -15.298732 15.481007
1.868872 -22.444163 3.023899
5.341469 -19.940275 8.642678
4.906996 -21.543471 2.960299
0.000000 -22.278376 6.157592
6.723080 -20.447473 5.893434
-3.663113 -19.673841 12.159103
3.497588 -18.784838 11.609669
-1.830913 -17.604804 13.995303
-1.927219 -21.373187 9.354918
1.797907 -17.287438 13.743006
1.864965 -20.682781 9.052731
-10.994650 19.630012 2.977659
-8.454103 19.023416 8.647404
-7.981595 20.594170 2.933376
-1.709842 12.981852 16.528655
-5.246969 16.789771 13.429677
-1.868872 22.444163 3.023899
-5.341469 19.940275 8.642678
-4.906996 21.543471 2.960299
-6.723080 20.447473 5.893434
14.359776 25.638158 3.889030
9.704061 21.836070 9.925942
9.766274 25.199012 3.589277
1.727842 13.118518 16.702660
5.524428 17.677613 14.139838
0.000000 15.298732 15.481007
1.957042 23.503038 3.166561
5.869049 21.909787 9.496320
5.554170 24.384794 3.350726
0.000000 22.278376 6.157592
7.775425 23.648059 6.815917
-3.497588 18.784838 11.609669
3.663113 19.673841 12.159103
-1.797907 17.287438 13.743006
-1.864965 20.682781 9.052731
1.830913 17.604804 13.995303
1.927219 21.373187 9.354918
0.000000 -8.003532 18.156643
0.000000 -2.621215 18.819219
0.000000 8.003532 18.156643
0.000000 2.621215 18.819219
-14.359776 -25.638158 -3.889030
-9.704061 -21.836070 -9.925942
-9.766274 -25.199012 -3.589277
-1.727842 -13.118518 -16.702660
-5.524428 -17.677613 -14.139838
-1.957042 -23.503038 -3.166561
-5.869049 -21.909787 -9.496320
-5.554170 -24.384794 -3.350726
-7.775425 -23.648059 -6.815917
10.994650 -19.630012 -2.977659
8.454103 -19.023416 -8.647404
7.981595 -20.594170 -2.933376
1.709842 -12.981852 -16.528655
5.246969 -16.789771 -13.429677
0.000000 -15.298732 -15.481007
1.868872 -22.444163 -3.023899
5.341469 -19.940275 -8.642678
4.906996 -21.543471 -2.960299
0.000000 -22.278376 -6.157592
6.723080 -20.447473 -5.893434
-3.663113 -19.673841 -12.159103
3.497588 -18.784838 -11.609669
-1.830913 -17.604804 -13.995303
-1.927219 -21.373187 -9.354918
1.797907 -17.287438 -13.743006
1.864965 -20.682781 -9.052731
-10.994650 19.630012 -2.977659
-8.454103 19.023416 -8.647404
-7.981595 20.594170 -2.933376
-1.709842 12.981852 -16.528655
-5.246969 16.789771 -13.429677
-1.868872 22.444163 -3.023899
-5.341469 19.940275 -8.642678
-4.906996 21.543471 -2.960299
-6.723080 20.447473 -5.893434
14.359776 25.638158 -3.889030
9.704061 21.836070 -9.925942
9.766274 25.199012 -3.589277
1.727842 13.118518 -16.702660
5.524428 17.677613 -14.139838
0.000000 15.298732 -15.481007
1.957042 23.503038 -3.166561
5.869049 21.909787 -9.496320
5.554170 24.384794 -3.350726
0.000000 22.278376 -6.157592
7.775425 23.648059 -6.815917
-3.497588 18.784838 -11.609669
3.663113 19.673841 -12.159103
-1.797907 17.287438 -13.743006
-1.864965 20.682781 -9.052731
1.830913 17.604804 -13.995303
1.927219 21.373187 -9.354918
0.000000 -8.003532 -18.156643
0.000000 -2.621215 -18.819219
0.000000 8.003532 -18.156643
0.000000 2.621215 -18.819219
20.344264 25.902569 -2.679546
24.916105 19.929708 -7.786529
17.298517 24.002829 -6.450711
26.986350 4.093536 -15.114890
27.288935 12.404631 -12.127342
11.748557 19.614172 -12.122225
21.046516 17.903236 -11.064808
14.330736 21.753476 -9.611354
19.489957 21.142628 -8.911045
14.575041 -18.557122 -1.919681
19.987996 -15.987850 -6.246446
13.367335 -18.548056 -4.984752
26.291292 -3.988103 -14.725592
25.007092 -11.367382 -11.113279
10.404687 -17.370585 -10.735612
18.095303 -15.392784 -9.513264
11.964034 -18.160919 -8.024052
15.812242 -17.153057 -7.229550
2.664666 -9.838959 -17.566624
7.982774 -7.804330 -17.561297
4.473936 -11.997507 -16.647330
2.593746 -7.057475 -18.209750
20.998252 -2.172208 -16.492340
13.818811 -5.399003 -17.276266
21.574834 -5.798193 -15.548693
8.328143 -15.841070 -13.475219
10.251653 -9.935646 -16.587523
6.441281 -14.088166 -15.282786
11.919298 -15.011924 -13.100576
7.361186 -10.975687 -16.660648
2.535366 -1.566942 -18.818146
7.867960 -4.862667 -18.152856
2.557879 -4.239945 -18.614876
5.248288 -5.987113 -18.209116
20.315245 -12.555512 -12.168488
13.931109 -8.609899 -16.377001
21.381787 -9.447130 -14.085875
15.948244 -13.917682 -12.662725
17.425495 -7.344374 -16.063384
13.137620 -11.953001 -15.054373
2.697240 9.959237 -17.781370
8.211061 8.027513 -18.063504
4.586818 12.300215 -17.067358
2.616416 7.119158 -18.368905
21.317880 2.205273 -16.743381
14.251322 5.567986 -17.816992
22.425801 6.026888 -16.161974
17.609159 0.000000 -17.401827
8.949796 17.023523 -14.481074
10.710607 10.380453 -17.330127
6.732605 14.725340 -15.973991
13.039864 16.423237 -14.332198
7.633850 11.382235 -17.277771
2.540394 1.570050 -18.855468
8.010029 4.950470 -18.480636
2.571517 4.262551 -18.714124
5.187440 0.000000 -18.768334
5.327231 6.077170 -18.483012
22.301395 13.783020 -13.358158
14.610041 9.029502 -17.175133
22.747072 10.050355 -14.985296
17.578135 15.340051 -13.956840
18.244922 7.689741 -16.818758
14.019161 12.755054 -16.064530
11.129593 -3.352958 -18.008059
11.317406 3.409540 -18.311947
14.142216 -1.850133 -17.789608
8.094798 -1.667620 -18.494191
14.298760 1.870612 -17.986525
8.146877 1.678349 -18.613175
20.344264 25.902569 2.679546
24.916105 19.929708 7.786529
17.298517 24.002829 6.450711
25.010979 25.308969 0.000000
26.986350 4.093536 15.114890
27.288935 12.404631 12.127342
11.748557 19.614172 12.122225
21.046516 17.903236 11.064808
14.330736 21.753476 9.611354
19.489957 21.142628 8.911045
30.386810 18.780081 -5.657783
30.386810 18.780081 5.657783
28.391738 22.570599 -2.952762
28.391738 22.570599 2.952762
14.575041 -18.557122 1.919681
19.987996 -15.987850 6.246446
13.367335 -18.548056 4.984752
17.453144 -17.661087 0.000000
26.291292 -3.988103 14.725592
25.007092 -11.367382 11.113279
10.404687 -17.370585 10.735612
18.095303 -15.392784 9.513264
11.964034 -18.160919 8.024052
15.812242 -17.153057 7.229550
24.108818 -14.900069 -4.488871
24.108818 -14.900069 4.488871
20.699017 -16.455112 -2.152714
20.699017 -16.455112 2.152714
2.664666 -9.838959 17.566624
7.982774 -7.804330 17.561297
4.473936 -11.997507 16.647330
2.593746 -7.057475 18.209750
20.998252 -2.172208 16.492340
13.818811 -5.399003 17.276266
21.574834 -5.798193 15.548693
8.328143 -15.841070 13.475219
10.251653 -9.935646 16.587523
6.441281 -14.088166 15.282786
11.919298 -15.011924 13.100576
7.361186 -10.975687 16.660648
2.535366 -1.566942 18.818146
7.867960 -4.862667 18.152856
2.557879 -4.239945 18.614876
5.248288 -5.987113 18.209116
20.315245 -12.555512 12.168488
13.931109 -8.609899 16.377001
21.381787 -9.447130 14.085875
15.948244 -13.917682 12.662725
17.425495 -7.344374 16.063384
13.137620 -11.953001 15.054373
2.697240 9.959237 17.781370
8.211061 8.027513 18.063504
4.586818 12.300215 17.067358
2.616416 7.119158 18.368905
21.317880 2.205273 16.743381
14.251322 5.567986 17.816992
22.425801 6.026888 16.161974
17.609159 0.000000 17.401827
8.949796 17.023523 14.481074
10.710607 10.380453 17.330127
6.732605 14.725340 15.973991
13.039864 16.423237 14.332198
7.633850 11.382235 17.277771
2.540394 1.570050 18.855468
8.010029 4.950470 18.480636
2.571517 4.262551 18.714124
5.187440 0.000000 18.768334
5.327231 6.077170 18.483012
22.301395 13.783020 13.358158
14.610041 9.029502 17.175133
22.747072 10.050355 14.985296
17.578135 15.340051 13.956840
18.244922 7.689741 16.818758
14.019161 12.755054 16.064530
11.129593 -3.352958 18.008059
11.317406 3.409540 18.311947
14.142216 -1.850133 17.789608
8.094798 -1.667620 18.494191
14.298760 1.870612 17.986525
8.146877 1.678349 18.613175
31.197065 0.000000 -13.751810
43.883355 0.000000 -6.112247
32.893956 4.685323 -12.748570
32.058700 -4.566352 -12.424854
31.197065 0.000000 13.751810
43.883355 0.000000 6.112247
32.893956 4.685323 12.748570
32.058700 -4.566352 12.424854
32.092564 13.909824 -8.596744
44.180607 5.952447 -3.678814
33.040992 9.523178 -10.863799
36.298606 15.887686 -3.273043
39.266416 5.395617 -8.943784
28.253277 -12.245768 -7.568301
42.453274 -5.719723 -3.534984
31.044789 -8.947826 -10.207452
29.721213 -13.008800 -2.679960
38.176619 -5.245868 -8.695559
32.092564 13.909824 8.596744
44.180607 5.952447 3.678814
33.040992 9.523178 10.863799
36.298606 15.887686 3.273043
39.266416 5.395617 8.943784
41.468324 11.461563 0.000000
28.253277 -12.245768 7.568301
42.453274 -5.719723 3.534984
31.044789 -8.947826 10.207452
29.721213 -13.008800 2.679960
38.176619 -5.245868 8.695559
36.574194 -10.108859 0.000000
-14.575041 18.557122 -1.919681
-19.987996 15.987850 -6.246446
-13.367335 18.548056 -4.984752
-26.291292 3.988103 -14.725592
-25.007092 11.367382 -11.113279
-10.404687 17.370585 -10.735612
-18.095303 15.392784 -9.513264
-11.964034 18.160919 -8.024052
-15.812242 17.153057 -7.229550
-20.344264 -25.902569 -2.679546
-24.916105 -19.929708 -7.786529
-17.298517 -24.002829 -6.450711
-26.986350 -4.093536 -15.114890
-27.288935 -12.404631 -12.127342
-11.748557 -19.614172 -12.122225
-21.046516 -17.903236 -11.064808
-14.330736 -21.753476 -9.611354
-19.489957 -21.142628 -8.911045
-2.697240 -9.959237 -17.781370
-8.211061 -8.027513 -18.063504
-4.586818 -12.300215 -17.067358
-2.616416 -7.119158 -18.368905
-21.317880 -2.205273 -16.743381
-14.251322 -5.567986 -17.816992
-22.425801 -6.026888 -16.161974
-8.949796 -17.023523 -14.481074
-10.710607 -10.380453 -17.330127
-6.732605 -14.725340 -15.973991
-13.039864 -16.423237 -14.332198
-7.633850 -11.382235 -17.277771
-2.540394 -1.570050 -18.855468
-8.010029 -4.950470 -18.480636
-2.571517 -4.262551 -18.714124
-5.327231 -6.077170 -18.483012
-22.301395 -13.783020 -13.358158
-14.610041 -9.029502 -17.175133
-22.747072 -10.050355 -14.985296
-17.578135 -15.340051 -13.956840
-18.244922 -7.689741 -16.818758
-14.019161 -12.755054 -16.064530
-2.664666 9.838959 -17.566624
-7.982774 7.804330 -17.561297
-4.473936 11.997507 -16.647330
-2.593746 7.057475 -18.209750
-20.998252 2.172208 -16.492340
-13.818811 5.399003 -17.276266
-21.574834 5.798193 -15.548693
-17.609159 0.000000 -17.401827
-8.328143 15.841070 -13.475219
-10.251653 9.935646 -16.587523
-6.441281 14.088166 -15.282786
-11.919298 15.011924 -13.100576
-7.361186 10.975687 -16.660648
-2.535366 1.566942 -18.818146
-7.867960 4.862667 -18.152856
-2.557879 4.239945 -18.614876
-5.187440 0.000000 -18.768334
-5.248288 5.987113 -18.209116
-20.315245 12.555512 -12.168488
-13.931109 8.609899 -16.377001
-21.381787 9.447130 -14.085875
-15.948244 13.917682 -12.662725
-17.425495 7.344374 -16.063384
-13.137620 11.953001 -15.054373
-11.317406 -3.409540 -18.311947
-11.129593 3.352958 -18.008059
-14.298760 -1.870612 -17.986525
-8.146877 -1.678349 -18.613175
-14.142216 1.850133 -17.789608
-8.094798 1.667620 -18.494191
-14.575041 18.557122 1.919681
-19.987996 15.987850 6.246446
-13.367335 18.548056 4.984752
-17.453144 17.661087 0.000000
-26.291292 3.988103 14.725592
-25.007092 11.367382 11.113279
-10.404687 17.370585 10.735612
-18.095303 15.392784 9.513264
-11.964034 18.160919 8.024052
-15.812242 17.153057 7.229550
-24.108818 14.900069 -4.488871
-24.108818 14.900069 4.488871
-20.699017 16.455112 -2.152714
-20.699017 16.455112 2.152714
-20.344264 -25.902569 2.679546
-24.916105 -19.929708 7.786529
-17.298517 -24.002829 6.450711
-25.010979 -25.308969 0.000000
-26.986350 -4.093536 15.114890
-27.288935 -12.404631 12.127342
-11.748557 -19.614172 12.122225
-21.046516 -17.903236 11.064808
-14.330736 -21.753476 9.611354
-19.489957 -21.142628 8.911045
-30.386810 -18.780081 -5.657783
-30.386810 -18.780081 5.657783
-28.391738 -22.570599 -2.952762
-28.391738 -22.570599 2.952762
-2.697240 -9.959237 17.781370
-8.211061 -8.027513 18.063504
-4.586818 -12.300215 17.067358
-2.616416 -7.119158 18.368905
-21.317880 -2.205273 16.743381
-14.251322 -5.567986 17.816992
-22.425801 -6.026888 16.161974
-8.949796 -17.023523 14.481074
-10.710607 -10.380453 17.330127
-6.732605 -14.725340 15.973991
-13.039864 -16.423237 14.332198
-7.633850 -11.382235 17.277771
-2.540394 -1.570050 18.855468
-8.010029 -4.950470 18.480636
-2.571517 -4.262551 18.714124
-5.327231 -6.077170 18.483012
-22.301395 -13.783020 13.358158
-14.610041 -9.029502 17.175133
-22.747072 -10.050355 14.985296
-17.578135 -15.340051 13.956840
-18.244922 -7.689741 16.818758
-14.019161 -12.755054 16.064530
-2.664666 9.838959 17.566624
-7.982774 7.804330 17.561297
-4.473936 11.997507 16.647330
-2.593746 7.057475 18.209750
-20.998252 2.172208 16.492340
-13.818811 5.399003 17.276266
-21.574834 5.798193 15.548693
-17.609159 0.000000 17.401827
-8.328143 15.841070 13.475219
-10.251653 9.935646 16.587523
-6.441281 14.088166 15.282786
-11.919298 15.011924 13.100576
-7.361186 10.975687 16.660648
-2.535366 1.566942 18.818146
-7.867960 4.862667 18.152856
-2.557879 4.239945 18.614876
-5.187440 0.000000 18.768334
-5.248288 5.987113 18.209116
-20.315245 12.555512 12.168488
-13.931109 8.609899 16.377001
-21.381787 9.447130 14.085875
-15.948244 13.917682 12.662725
-17.425495 7.344374 16.063384
-13.137620 11.953001 15.054373
-11.317406 -3.409540 18.311947
-11.129593 3.352958 18.008059
-14.298760 -1.870612 17.986525
-8.146877 -1.678349 18.613175
-14.142216 1.850133 17.789608
-8.094798 1.667620 18.494191
-31.197065 0.000000 -13.751810
-43.883355 0.000000 -6.112247
-32.058700 4.566352 -12.424854
-32.893956 -4.685323 -12.748570
-31.197065 0.000000 13.751810
-43.883355 0.000000 6.112247
-32.058700 4.566352 12.424854
-32.893956 -4.685323 12.748570
-28.253277 12.245768 -7.568301
-42.453274 5.719723 -3.534984
-31.044789 8.947826 -10.207452
-29.721213 13.008800 -2.679960
-38.176619 5.245868 -8.695559
-32.092564 -13.909824 -8.596744
-44.180607 -5.952447 -3.678814
-33.040992 -9.523178 -10.863799
-36.298606 -15.887686 -3.273043
-39.266416 -5.395617 -8.943784
-28.253277 12.245768 7.568301
-42.453274 5.719723 3.534984
-31.044789 8.947826 10.207452
-29.721213 13.008800 2.679960
-38.176619 5.245868 8.695559
-36.574194 10.108859 0.000000
-32.092564 -13.909824 8.596744
-44.180607 -5.952447 3.678814
-33.040992 -9.523178 10.863799
-36.298606 -15.887686 3.273043
-39.266416 -5.395617 8.943784
-41.468324 -11.461563 0.000000
-10.500913 19.956594 0.000000
-7.535118 20.902780 0.000000
-1.575784 22.736141 0.000000
-4.595813 21.819920 0.000000
13.885794 26.389434 0.000000
9.226328 25.594280 0.000000
1.640691 23.672652 0.000000
5.189099 24.636713 0.000000
-13.885794 -26.389434 0.000000
-9.226328 -25.594280 0.000000
-1.640691 -23.672652 0.000000
-5.189099 -24.636713 0.000000
10.500913 -19.956594 0.000000
7.535118 -20.902780 0.000000
1.575784 -22.736141 0.000000
4.595813 -21.819920 0.000000
-15.493746 -26.313086 2.012315
-13.164271 -24.765130 5.606311
-13.014873 -26.093938 1.923363
-8.620668 -20.830687 11.135558
-10.821218 -22.829342 8.608334
-8.475999 -25.317357 1.767093
-10.948000 -24.698084 5.411647
-10.657727 -25.740123 1.842406
-12.001267 -25.482174 3.743578
-0.849189 -11.953204 17.117486
-2.636243 -14.281496 16.206171
-6.534041 -18.756919 13.242991
-4.536881 -16.568710 14.931027
-0.969046 -23.420528 1.567950
-2.955855 -23.418858 4.782674
-2.659255 -23.889515 1.607078
-6.752213 -20.958641 10.925309
-4.929899 -22.638624 7.976744
-7.755221 -21.923304 9.727598
-6.354947 -24.837556 1.710412
-4.750240 -23.807876 4.912661
-4.458682 -24.366485 1.653533
-7.590077 -24.813072 3.470552
-3.705416 -23.947267 3.258159
-9.830587 -23.788093 7.006729
-5.816754 -23.422881 6.609888
-8.788189 -22.872452 8.416532
-8.768376 -24.471456 5.261631
-6.811442 -22.798977 8.203341
-6.691549 -24.162522 5.093657
11.530285 -19.581926 1.497544
10.420714 -19.603846 4.437904
10.011689 -20.072758 1.479547
7.712089 -18.635228 9.961921
9.152181 -19.308202 7.280606
7.036513 -21.017691 1.466986
8.905518 -20.090358 4.402039
8.509789 -20.552506 1.471091
9.475418 -20.119062 2.955685
0.845241 -11.897637 17.037912
2.590018 -14.031073 15.921999
0.000000 -13.062974 16.631941
6.103100 -17.519840 12.369573
4.368607 -15.954171 14.377231
-1.769303 -15.384962 15.568265
1.745622 -15.179041 15.359890
-0.875439 -14.235574 16.141954
0.870232 -14.150893 16.045934
0.946238 -22.869281 1.531045
2.768825 -21.937039 4.480052
2.494677 -22.411022 1.507618
0.000000 -22.972417 3.095070
6.151362 -19.093622 9.953113
4.505429 -20.689414 7.289938
6.894464 -19.490023 8.647926
5.499960 -21.495940 1.480295
4.289515 -21.498755 4.436183
4.016769 -21.951451 1.489647
6.445706 -21.071957 2.947290
3.403170 -21.993917 2.992395
-1.927544 -22.720005 6.279655
1.851309 -21.821416 6.031291
-0.966352 -22.930789 4.693857
0.945378 -22.433073 4.591976
8.256992 -19.980302 5.885152
5.191215 -20.903962 5.899054
7.601421 -19.783728 7.279953
7.369092 -20.566228 4.421964
6.048504 -20.245302 7.284499
5.825986 -21.037060 4.434784
-5.580977 -19.774605 12.221378
-1.805586 -19.515759 12.061403
-4.613398 -18.743713 13.201520
-4.751791 -20.820020 10.889309
5.214058 -18.474532 11.417889
1.763844 -19.064585 11.782561
4.387428 -17.825620 12.554891
4.438651 -19.447994 10.171710
-2.717517 -16.568142 14.862991
-0.921647 -18.524008 13.016465
-3.653582 -17.667634 14.087947
-0.901206 -16.472244 14.788602
-2.736214 -18.662266 13.123827
-2.927253 -22.291188 7.922206
-0.951395 -20.381906 10.693921
-3.855489 -21.667441 9.438059
-0.961756 -21.926473 7.780769
-2.808565 -20.622827 10.808826
2.654760 -16.185530 14.519756
0.911956 -18.329229 12.879598
3.526717 -17.054154 13.598765
0.894133 -16.342976 14.672546
2.653394 -18.097394 12.726593
0.000000 -17.466686 13.885503
2.770504 -21.097535 7.497986
0.937803 -20.090726 10.541146
3.616376 -20.323652 8.852722
0.944058 -21.522987 7.637590
2.694265 -19.783539 10.368938
0.000000 -21.045319 9.211412
-11.530285 19.581926 1.497544
-10.420714 19.603846 4.437904
-10.011689 20.072758 1.479547
-7.712089 18.635228 9.961921
-9.152181 19.308202 7.280606
-7.036513 21.017691 1.466986
-8.905518 20.090358 4.402039
-8.509789 20.552506 1.471091
-9.475418 20.119062 2.955685
-0.845241 11.897637 17.037912
-2.590018 14.031073 15.921999
-6.103100 17.519840 12.369573
-4.368607 15.954171 14.377231
-0.946238 22.869281 1.531045
-2.768825 21.937039 4.480052
-2.494677 22.411022 1.507618
-6.151362 19.093622 9.953113
-4.505429 20.689414 7.289938
-6.894464 19.490023 8.647926
-5.499960 21.495940 1.480295
-4.289515 21.498755 4.436183
-4.016769 21.951451 1.489647
-6.445706 21.071957 2.947290
-3.403170 21.993917 2.992395
-8.256992 19.980302 5.885152
-5.191215 20.903962 5.899054
-7.601421 19.783728 7.279953
-7.369092 20.566228 4.421964
-6.048504 20.245302 7.284499
-5.825986 21.037060 4.434784
15.493746 26.313086 2.012315
13.164271 24.765130 5.606311
13.014873 26.093938 1.923363
8.620668 20.830687 11.135558
10.821218 22.829342 8.608334
8.475999 25.317357 1.767093
10.948000 24.698084 5.411647
10.657727 25.740123 1.842406
12.001267 25.482174 3.743578
0.849189 11.953204 17.117486
2.636243 14.281496 16.206171
0.000000 13.062974 16.631941
6.534041 18.756919 13.242991
4.536881 16.568710 14.931027
-1.745622 15.179041 15.359890
1.769303 15.384962 15.568265
-0.870232 14.150893 16.045934
0.875439 14.235574 16.141954
0.969046 23.420528 1.567950
2.955855 23.418858 4.782674
2.659255 23.889515 1.607078
0.000000 22.972417 3.095070
6.752213 20.958641 10.925309
4.929899 22.638624 7.976744
7.755221 21.923304 9.727598
6.354947 24.837556 1.710412
4.750240 23.807876 4.912661
4.458682 24.366485 1.653533
7.590077 24.813072 3.470552
3.705416 23.947267 3.258159
-1.851309 21.821416 6.031291
1.927544 22.720005 6.279655
-0.945378 22.433073 4.591976
0.966352 22.930789 4.693857
9.830587 23.788093 7.006729
5.816754 23.422881 6.609888
8.788189 22.872452 8.416532
8.768376 24.471456 5.261631
6.811442 22.798977 8.203341
6.691549 24.162522 5.093657
-5.214058 18.474532 11.417889
-1.763844 19.064585 11.782561
-4.387428 17.825620 12.554891
-4.438651 19.447994 10.171710
5.580977 19.774605 12.221378
1.805586 19.515759 12.061403
4.613398 18.743713 13.201520
4.751791 20.820020 10.889309
-2.654760 16.185530 14.519756
-0.911956 18.329229 12.879598
-3.526717 17.054154 13.598765
-0.894133 16.342976 14.672546
-2.653394 18.097394 12.726593
-2.770504 21.097535 7.497986
-0.937803 20.090726 10.541146
-3.616376 20.323652 8.852722
-0.944058 21.522987 7.637590
-2.694265 19.783539 10.368938
2.717517 16.568142 14.862991
0.921647 18.524008 13.016465
3.653582 17.667634 14.087947
0.901206 16.472244 14.788602
2.736214 18.662266 13.123827
0.000000 17.466686 13.885503
2.927253 22.291188 7.922206
0.951395 20.381906 10.693921
3.855489 21.667441 9.438059
0.961756 21.926473 7.780769
2.808565 20.622827 10.808826
0.000000 21.045319 9.211412
0.000000 -9.391383 17.847973
0.000000 -6.632702 18.399436
0.000000 -1.308164 18.874794
0.000000 -3.943784 18.724230
0.000000 9.391383 17.847973
0.000000 6.632702 18.399436
0.000000 1.308164 18.874794
0.000000 3.943784 18.724230
-15.493746 -26.313086 -2.012315
-13.164271 -24.765130 -5.606311
-13.014873 -26.093938 -1.923363
-8.620668 -20.830687 -11.135558
-10.821218 -22.829342 -8.608334
-8.475999 -25.317357 -1.767093
-10.948000 -24.698084 -5.411647
-10.657727 -25.740123 -1.842406
-12.001267 -25.482174 -3.743578
-0.849189 -11.953204 -17.117486
-2.636243 -14.281496 -16.206171
-6.534041 -18.756919 -13.242991
-4.536881 -16.568710 -14.931027
-0.969046 -23.420528 -1.567950
-2.955855 -23.418858 -4.782674
-2.659255 -23.889515 -1.607078
-6.752213 -20.958641 -10.925309
-4.929899 -22.638624 -7.976744
-7.755221 -21.923304 -9.727598
-6.354947 -24.837556 -1.710412
-4.750240 -23.807876 -4.912661
-4.458682 -24.366485 -1.653533
-7.590077 -24.813072 -3.470552
-3.705416 -23.947267 -3.258159
-9.830587 -23.788093 -7.006729
-5.816754 -23.422881 -6.609888
-8.788189 -22.872452 -8.416532
-8.768376 -24.471456 -5.261631
-6.811442 -22.798977 -8.203341
-6.691549 -24.162522 -5.093657
11.530285 -19.581926 -1.497544
10.420714 -19.603846 -4.437904
10.011689 -20.072758 -1.479547
7.712089 -18.635228 -9.961921
9.152181 -19.308202 -7.280606
7.036513 -21.017691 -1.466986
8.905518 -20.090358 -4.402039
8.509789 -20.552506 -1.471091
9.475418 -20.119062 -2.955685
0.845241 -11.897637 -17.037912
2.590018 -14.031073 -15.921999
0.000000 -13.062974 -16.631941
6.103100 -17.519840 -12.369573
4.368607 -15.954171 -14.377231
-1.769303 -15.384962 -15.568265
1.745622 -15.179041 -15.359890
-0.875439 -14.235574 -16.141954
0.870232 -14.150893 -16.045934
0.946238 -22.869281 -1.531045
2.768825 -21.937039 -4.480052
2.494677 -22.411022 -1.507618
0.000000 -22.972417 -3.095070
6.151362 -19.093622 -9.953113
4.505429 -20.689414 -7.289938
6.894464 -19.490023 -8.647926
5.499960 -21.495940 -1.480295
4.289515 -21.498755 -4.436183
4.016769 -21.951451 -1.489647
6.445706 -21.071957 -2.947290
3.403170 -21.993917 -2.992395
-1.927544 -22.720005 -6.279655
1.851309 -21.821416 -6.031291
-0.966352 -22.930789 -4.693857
0.945378 -22.433073 -4.591976
8.256992 -19.980302 -5.885152
5.191215 -20.903962 -5.899054
7.601421 -19.783728 -7.279953
7.369092 -20.566228 -4.421964
6.048504 -20.245302 -7.284499
5.825986 -21.037060 -4.434784
-5.580977 -19.774605 -12.221378
-1.805586 -19.515759 -12.061403
-4.613398 -18.743713 -13.201520
-4.751791 -20.820020 -10.889309
5.214058 -18.474532 -11.417889
1.763844 -19.064585 -11.782561
4.387428 -17.825620 -12.554891
4.438651 -19.447994 -10.171710
-2.717517 -16.568142 -14.862991
-0.921647 -18.524008 -13.016465
-3.653582 -17.667634 -14.087947
-0.901206 -16.472244 -14.788602
-2.736214 -18.662266 -13.123827
-2.927253 -22.291188 -7.922206
-0.951395 -20.381906 -10.693921
-3.855489 -21.667441 -9.438059
-0.961756 -21.926473 -7.780769
-2.808565 -20.622827 -10.808826
2.654760 -16.185530 -14.519756
0.911956 -18.329229 -12.879598
3.526717 -17.054154 -13.598765
0.894133 -16.342976 -14.672546
2.653394 -18.097394 -12.726593
0.000000 -17.466686 -13.885503
2.770504 -21.097535 -7.497986
0.937803 -20.090726 -10.541146
3.616376 -20.323652 -8.852722
0.944058 -21.522987 -7.637590
2.694265 -19.783539 -10.368938
0.000000 -21.045319 -9.211412
-11.530285 19.581926 -1.497544
-10.420714 19.603846 -4.437904
-10.011689 20.072758 -1.479547
-7.712089 18.635228 -9.961921
-9.152181 19.308202 -7.280606
-7.036513 21.017691 -1.466986
-8.905518 20.090358 -4.402039
-8.509789 20.552506 -1.471091
-9.475418 20.119062 -2.955685
-0.845241 11.897637 -17.037912
-2.590018 14.031073 -15.921999
-6.103100 17.519840 -12.369573
-4.368607 15.954171 -14.377231
-0.946238 22.869281 -1.531045
-2.768825 21.937039 -4.480052
-2.494677 22.411022 -1.507618
-6.151362 19.093622 -9.953113
-4.505429 20.689414 -7.289938
-6.894464 19.490023 -8.647926
-5.499960 21.495940 -1.480295
-4.289515 21.498755 -4.436183
-4.016769 21.951451 -1.489647
-6.445706 21.071957 -2.947290
-3.403170 21.993917 -2.992395
-8.256992 19.980302 -5.885152
-5.191215 20.903962 -5.899054
-7.601421 19.783728 -7.279953
-7.369092 20.566228 -4.421964
-6.048504 20.245302 -7.284499
-5.825986 21.037060 -4.434784
15.493746 26.313086 -2.012315
13.164271 24.765130 -5.606311
13.014873 26.093938 -1.923363
8.620668 20.830687 -11.135558
10.821218 22.829342 -8.608334
8.475999 25.317357 -1.767093
10.948000 24.698084 -5.411647
10.657727 25.740123 -1.842406
12.001267 25.482174 -3.743578
0.849189 11.953204 -17.117486
2.636243 14.281496 -16.206171
0.000000 13.062974 -16.631941
6.534041 18.756919 -13.242991
4.536881 16.568710 -14.931027
-1.745622 15.179041 -15.359890
1.769303 15.384962 -15.568265
-0.870232 14.150893 -16.045934
0.875439 14.235574 -16.141954
0.969046 23.420528 -1.567950
2.955855 23.418858 -4.782674
2.659255 23.889515 -1.607078
0.000000 22.972417 -3.095070
6.752213 20.958641 -10.925309
4.929899 22.638624 -7.976744
7.755221 21.923304 -9.727598
6.354947 24.837556 -1.710412
4.750240 23.807876 -4.912661
4.458682 24.366485 -1.653533
7.590077 24.813072 -3.470552
3.705416 23.947267 -3.258159
-1.851309 21.821416 -6.031291
1.927544 22.720005 -6.279655
-0.945378 22.433073 -4.591976
0.966352 22.930789 -4.693857
9.830587 23.788093 -7.006729
5.816754 23.422881 -6.609888
8.788189 22.872452 -8.416532
8.768376 24.471456 -5.261631
6.811442 22.798977 -8.203341
6.691549 24.162522 -5.093657
-5.214058 18.474532 -11.417889
-1.763844 19.064585 -11.782561
-4.387428 17.825620 -12.554891
-4.438651 19.447994 -10.171710
5.580977 19.774605 -12.221378
1.805586 19.515759 -12.061403
4.613398 18.743713 -13.201520
4.751791 20.820020 -10.889309
-2.654760 16.185530 -14.519756
-0.911956 18.329229 -12.879598
-3.526717 17.054154 -13.598765
-0.894133 16.342976 -14.672546
-2.653394 18.097394 -12.726593
-2.770504 21.097535 -7.497986
-0.937803 20.090726 -10.541146
-3.616376 20.323652 -8.852722
-0.944058 21.522987 -7.637590
-2.694265 19.783539 -10.368938
2.717517 16.568142 -14.862991
0.921647 18.524008 -13.016465
3.653582 17.667634 -14.087947
0.901206 16.472244 -14.788602
2.736214 18.662266 -13.123827
0.000000 17.466686 -13.885503
2.927253 22.291188 -7.922206
0.951395 20.381906 -10.693921
3.855489 21.667441 -9.438059
0.961756 21.926473 -7.780769
2.808565 20.622827 -10.808826
0.000000 21.045319 -9.211412
0.000000 -9.391383 -17.847973
0.000000 -6.632702 -18.399436
0.000000 -1.308164 -18.874794
0.000000 -3.943784 -18.724230
0.000000 9.391383 -17.847973
0.000000 6.632702 -18.399436
0.000000 1.308164 -18.874794
0.000000 3.943784 -18.724230
18.501945 26.495556 -1.314429
21.871129 24.818637 -4.037226
17.283905 25.904598 -3.335331
25.647857 18.108216 -8.934525
24.079954 21.699846 -6.593626
14.564324 23.985294 -6.852461
20.153888 23.812778 -5.952732
15.921019 24.998112 -5.191266
18.854522 25.043531 -4.672101
26.266477 2.008750 -15.466301
27.450843 6.214301 -14.591902
26.849490 14.353058 -11.111517
27.569701 10.395797 -13.068171
9.620558 19.757284 -12.210673
13.950968 19.365840 -11.968747
10.768281 20.806433 -11.067218
23.607969 17.151766 -10.600374
18.592188 18.517524 -11.444459
22.933703 18.905830 -9.526004
13.213430 22.895432 -8.429312
15.332741 20.440417 -10.715468
11.968602 21.856073 -9.801030
15.778686 22.870529 -8.114105
13.015846 20.680555 -10.929134
21.255380 22.256410 -7.236675
17.819606 20.060098 -10.406287
22.153897 20.626684 -8.399361
18.477735 22.667009 -7.718024
20.316907 19.556322 -10.015859
16.861143 21.530655 -9.305715
13.290533 -19.032596 -0.944196
15.886700 -18.027703 -2.932551
12.752296 -19.112758 -2.460851
21.375062 -15.091484 -7.446081
18.598472 -16.760165 -5.092675
11.561565 -19.040192 -5.439674
15.247499 -18.015646 -4.503562
12.174698 -19.115892 -3.969727
13.996654 -18.591065 -3.468334
25.918760 -1.982158 -15.261557
26.420722 -5.981103 -14.044326
23.956618 -12.806602 -9.914318
25.792340 -9.725601 -12.225694
8.651906 -17.768011 -10.981235
12.203578 -16.940226 -10.469635
9.440814 -18.241505 -9.702898
20.314777 -14.759181 -9.121676
16.023832 -15.959482 -9.863503
19.100050 -15.745486 -7.933614
10.887886 -18.865870 -6.945765
13.028714 -17.368866 -9.105271
10.189507 -18.607236 -8.344138
12.696093 -18.402443 -6.528898
11.214785 -17.818894 -9.416821
16.560223 -17.340132 -5.638146
14.982056 -16.865778 -8.749216
17.831268 -16.602042 -6.760493
14.586982 -17.894145 -6.092883
16.970279 -16.334979 -8.366034
13.844866 -17.679052 -7.641023
1.340192 -10.318759 -17.524387
3.982067 -9.350357 -17.590248
2.202508 -11.413545 -17.106279
1.318983 -8.925195 -17.894410
9.365241 -7.250165 -17.519051
6.631606 -8.336347 -17.587051
3.998904 -13.538902 -15.996857
4.906649 -10.428667 -17.174476
3.096602 -12.496507 -16.598493
3.561637 -10.923134 -17.150770
1.285940 -6.168109 -18.423815
3.930252 -7.951072 -17.937180
1.302129 -7.532398 -18.191950
2.633222 -8.441657 -17.924088
23.106081 -1.146279 -16.135062
19.025606 -3.094879 -16.766090
23.562973 -3.033836 -15.721541
12.270329 -6.054134 -17.379275
15.450454 -4.694712 -17.145108
23.916265 -6.832740 -14.522409
19.318903 -4.829351 -16.350508
23.842321 -4.951247 -15.184908
21.353489 -3.983690 -16.076400
7.657270 -17.053416 -12.389723
8.927393 -14.503068 -14.444825
6.781969 -16.327483 -13.459868
9.402491 -16.682091 -12.183050
10.549631 -8.311854 -17.069661
9.887092 -11.524556 -15.997650
9.108477 -8.862448 -17.123989
4.960033 -14.568487 -15.254595
7.933389 -13.585043 -15.293116
5.872632 -15.489475 -14.421684
5.456740 -13.063992 -16.025861
7.397156 -15.004937 -14.443211
13.047456 -15.815436 -11.725352
10.708775 -14.081713 -14.287995
11.204519 -16.267778 -11.961066
10.098162 -15.443863 -13.299822
6.323239 -9.912040 -17.174983
8.407021 -12.029589 -16.036911
7.694866 -9.396643 -17.159375
5.911918 -11.496314 -16.663413
8.790001 -10.468286 -16.632801
6.931910 -12.560015 -16.038376
1.263605 -0.780951 -18.874510
3.823479 -2.363040 -18.722062
1.266446 -2.095607 -18.825961
9.302283 -5.749127 -17.845097
6.481683 -4.005901 -18.395525
7.938296 -6.328720 -17.890716
1.281447 -4.761149 -18.608385
3.839351 -3.712415 -18.606369
1.271564 -3.428719 -18.737783
2.579155 -5.640596 -18.439934
2.549282 -2.899229 -18.737062
5.283440 -7.412777 -17.937467
5.198597 -4.574807 -18.421816
6.594586 -6.885789 -17.921199
3.916995 -6.527574 -18.217653
6.544555 -5.434111 -18.188829
3.887149 -5.106556 -18.439268
21.634948 -13.371133 -10.534862
18.816563 -11.629275 -13.555274
22.566752 -12.003554 -11.679327
19.293497 -14.090179 -10.874351
12.334454 -7.623112 -16.977343
15.566481 -9.620614 -15.629246
13.909776 -7.008662 -16.873244
12.047924 -9.298204 -16.497064
23.720496 -8.733072 -13.689592
19.221205 -10.076322 -14.418188
23.279575 -10.439378 -12.748126
21.578548 -7.655730 -14.887331
20.951884 -11.072524 -13.186614
15.067813 -15.288541 -11.458678
16.670653 -12.359398 -13.752995
17.101659 -14.727468 -11.182132
13.882296 -14.491212 -12.897049
18.054802 -13.274995 -12.435341
17.350996 -5.641679 -16.570598
17.385843 -9.019002 -15.444035
15.585414 -6.346513 -16.739368
19.423661 -6.613677 -15.833817
15.628119 -8.004012 -16.235928
19.397442 -8.383724 -15.190576
11.256816 -12.526090 -15.183464
15.113411 -11.327419 -14.895212
11.690608 -10.951168 -15.899939
12.591004 -13.552871 -14.147338
13.587390 -10.316504 -15.777790
14.582439 -12.978240 -13.969690
1.348789 10.384952 -17.636802
4.051317 9.512964 -17.896151
2.228314 11.547274 -17.306707
1.326243 8.974325 -17.992912
9.653022 7.472952 -18.057386
6.801541 8.549965 -18.037717
4.104205 13.895416 -16.418095
5.023290 10.676577 -17.582748
3.153287 12.725261 -16.902336
3.626229 11.121231 -17.461808
1.290854 6.191681 -18.494221
3.988246 8.068396 -18.201857
1.308185 7.567432 -18.276564
2.660776 8.529993 -18.111650
23.291587 1.155482 -16.264602
19.429485 3.160577 -17.122003
24.059174 3.097724 -16.052612
21.240278 0.000000 -16.682431
12.665038 6.248881 -17.938326
15.902248 4.831992 -17.646457
25.008483 7.144780 -15.185624
19.952214 4.987666 -16.886509
24.644878 5.117911 -15.696048
21.943617 4.093784 -16.520691
17.442618 -1.982320 -17.237247
17.673624 2.008573 -17.465533
19.275670 -1.045393 -16.999194
19.414679 1.052932 -17.121786
8.299584 18.483907 -13.429010
9.514462 15.456795 -15.394723
7.221597 17.385880 -14.332378
10.330951 18.329385 -13.386081
10.956343 8.632295 -17.727736
10.391660 12.112689 -16.814059
9.438436 9.183495 -17.744314
5.142464 15.104318 -15.815662
8.348165 14.295302 -16.092677
6.161694 16.251895 -15.131546
5.643471 13.511044 -16.574269
7.829072 15.881067 -15.286542
14.614262 17.714635 -13.133392
11.499004 15.120841 -15.342345
12.448411 18.073779 -13.288948
10.961675 16.764498 -14.437115
6.505971 10.198482 -17.671313
8.798405 12.589619 -16.783499
7.948522 9.706398 -17.725023
6.098861 11.859844 -17.190335
9.153954 10.901729 -17.321487
7.216331 13.075362 -16.696443
1.264230 0.781337 -18.883850
3.840591 2.373616 -18.805851
1.268125 2.098385 -18.850919
2.541439 0.000000 -18.863222
9.530799 5.890358 -18.283473
6.562797 4.056032 -18.625733
8.123967 6.476744 -18.309166
1.285273 4.775364 -18.663943
3.866260 3.738435 -18.736780
1.274310 3.436123 -18.778250
2.597350 5.680389 -18.570024
2.558635 2.909867 -18.805812
5.169423 -1.586758 -18.703148
5.190278 1.593159 -18.778604
3.848984 -0.792413 -18.803352
3.854813 0.793613 -18.831826
5.381086 7.549777 -18.268980
5.258558 4.627573 -18.634293
6.735241 7.032656 -18.303438
3.964976 6.607533 -18.440811
6.655436 5.526178 -18.496993
3.924651 5.155824 -18.617168
24.282180 15.007213 -11.823898
20.335566 12.568071 -14.649549
24.722175 13.150053 -12.794857
21.743047 15.879103 -12.254986
12.828490 7.928443 -17.657342
16.469073 10.178447 -16.535477
14.468272 7.290070 -17.550727
12.620791 9.740325 -17.281484
25.119828 9.248258 -14.497175
20.507393 10.750579 -15.382982
25.017585 11.218763 -13.699877
22.684587 8.048136 -15.650402
22.599345 11.943164 -14.223486
16.966856 17.215402 -12.902850
18.055976 13.386458 -14.895862
19.294173 16.615600 -12.615734
15.264769 15.934324 -14.181406
19.884617 14.620387 -13.695636
17.988311 5.848902 -17.179248
18.380069 9.534762 -16.327217
16.194253 6.594438 -17.393286
20.279307 6.905021 -16.531324
16.386912 8.392632 -17.024233
20.466431 8.845750 -16.027726
11.971133 13.320950 -16.146951
16.152017 12.105849 -15.918822
12.335355 11.555133 -16.776833
13.588280 14.626332 -15.267884
14.368997 10.909955 -16.685398
15.783253 14.046954 -15.120046
10.981709 -5.014874 -17.768778
11.237244 -1.682210 -18.182243
12.454370 -4.352300 -17.682898
9.463629 -4.129664 -18.094164
11.253231 5.138866 -18.208110
11.333312 1.696592 -18.337683
12.749676 4.455497 -18.102178
9.635202 4.204534 -18.422208
15.636316 -2.858910 -17.430188
12.699561 -0.899208 -18.073014
14.011133 -3.633661 -17.571302
15.822350 -0.964201 -17.623682
12.597554 -2.626490 -17.913898
6.592626 -2.435973 -18.550068
9.659743 -0.859388 -18.410832
7.994193 -3.265663 -18.352683
6.620535 -0.818343 -18.656893
9.582451 -2.489904 -18.282951
15.919603 2.910706 -17.745974
12.762973 0.903698 -18.163257
14.312794 3.711894 -17.949614
15.919527 0.970123 -17.731922
12.780651 2.664665 -18.174265
14.253480 0.000000 -17.929568
6.643957 2.454940 -18.694502
9.697000 0.862703 -18.481840
8.093490 3.306226 -18.580644
6.637923 0.820492 -18.705893
9.688985 2.517586 -18.486213
8.134445 0.000000 -18.584773
18.501945 26.495556 1.314429
21.871129 24.818637 4.037226
17.283905 25.904598 3.335331
20.756577 26.427530 0.000000
25.647857 18.108216 8.934525
24.079954 21.699846 6.593626
14.564324 23.985294 6.852461
20.153888 23.812778 5.952732
15.921019 24.998112 5.191266
18.854522 25.043531 4.672101
24.430471 24.721545 -2.809556
24.430471 24.721545 2.809556
22.790651 25.842700 -1.401548
22.790651 25.842700 1.401548
26.266477 2.008750 15.466301
27.450843 6.214301 14.591902
26.849490 14.353058 11.111517
27.569701 10.395797 13.068171
9.620558 19.757284 12.210673
13.950968 19.365840 11.968747
10.768281 20.806433 11.067218
23.607969 17.151766 10.600374
18.592188 18.517524 11.444459
22.933703 18.905830 9.526004
13.213430 22.895432 8.429312
15.332741 20.440417 10.715468
11.968602 21.856073 9.801030
15.778686 22.870529 8.114105
13.015846 20.680555 10.929134
21.255380 22.256410 7.236675
17.819606 20.060098 10.406287
22.153897 20.626684 8.399361
18.477735 22.667009 7.718024
20.316907 19.556322 10.015859
16.861143 21.530655 9.305715
28.349019 17.520658 -8.000930
32.108040 19.843860 -2.970617
27.613795 19.448872 -6.796596
28.349019 17.520658 8.000930
32.108040 19.843860 2.970617
27.613795 19.448872 6.796596
25.769213 23.117111 -4.226682
30.799492 21.642213 -1.532403
26.767560 21.344112 -5.535403
26.928505 24.176119 -1.473273
29.497197 20.743253 -4.324804
25.769213 23.117111 4.226682
30.799492 21.642213 1.532403
26.767560 21.344112 5.535403
26.928505 24.176119 1.473273
29.497197 20.743253 4.324804
29.103536 23.136457 0.000000
13.290533 -19.032596 0.944196
15.886700 -18.027703 2.932551
12.752296 -19.112758 2.460851
14.617525 -18.611214 0.000000
21.375062 -15.091484 7.446081
18.598472 -16.760165 5.092675
11.561565 -19.040192 5.439674
15.247499 -18.015646 4.503562
12.174698 -19.115892 3.969727
13.996654 -18.591065 3.468334
17.397752 -17.605035 -2.000779
17.397752 -17.605035 2.000779
15.993237 -18.134999 -0.983530
15.993237 -18.134999 0.983530
25.918760 -1.982158 15.261557
26.420722 -5.981103 14.044326
23.956618 -12.806602 9.914318
25.792340 -9.725601 12.225694
8.651906 -17.768011 10.981235
12.203578 -16.940226 10.469635
9.440814 -18.241505 9.702898
20.314777 -14.759181 9.121676
16.023832 -15.959482 9.863503
19.100050 -15.745486 7.933614
10.887886 -18.865870 6.945765
13.028714 -17.368866 9.105271
10.189507 -18.607236 8.344138
12.696093 -18.402443 6.528898
11.214785 -17.818894 9.416821
16.560223 -17.340132 5.638146
14.982056 -16.865778 8.749216
17.831268 -16.602042 6.760493
14.586982 -17.894145 6.092883
16.970279 -16.334979 8.366034
13.844866 -17.679052 7.641023
23.542246 -14.549908 -6.644317
24.437216 -15.103030 -2.260917
21.982970 -15.482984 -5.410678
23.542246 -14.549908 6.644317
24.437216 -15.103030 2.260917
21.982970 -15.482984 5.410678
18.923027 -16.975516 -3.103766
22.569469 -15.859133 -1.122925
20.425326 -16.286895 -4.223859
19.044225 -17.097699 -1.041920
22.377138 -15.736229 -3.280879
18.923027 -16.975516 3.103766
22.569469 -15.859133 1.122925
20.425326 -16.286895 4.223859
19.044225 -17.097699 1.041920
22.377138 -15.736229 3.280879
20.777294 -16.517339 0.000000
1.340192 -10.318759 17.524387
3.982067 -9.350357 17.590248
2.202508 -11.413545 17.106279
1.318983 -8.925195 17.894410
9.365241 -7.250165 17.519051
6.631606 -8.336347 17.587051
3.998904 -13.538902 15.996857
4.906649 -10.428667 17.174476
3.096602 -12.496507 16.598493
3.561637 -10.923134 17.150770
1.285940 -6.168109 18.423815
3.930252 -7.951072 17.937180
1.302129 -7.532398 18.191950
2.633222 -8.441657 17.924088
23.106081 -1.146279 16.135062
19.025606 -3.094879 16.766090
23.562973 -3.033836 15.721541
12.270329 -6.054134 17.379275
15.450454 -4.694712 17.145108
23.916265 -6.832740 14.522409
19.318903 -4.829351 16.350508
23.842321 -4.951247 15.184908
21.353489 -3.983690 16.076400
7.657270 -17.053416 12.389723
8.927393 -14.503068 14.444825
6.781969 -16.327483 13.459868
9.402491 -16.682091 12.183050
10.549631 -8.311854 17.069661
9.887092 -11.524556 15.997650
9.108477 -8.862448 17.123989
4.960033 -14.568487 15.254595
7.933389 -13.585043 15.293116
5.872632 -15.489475 14.421684
5.456740 -13.063992 16.025861
7.397156 -15.004937 14.443211
13.047456 -15.815436 11.725352
10.708775 -14.081713 14.287995
11.204519 -16.267778 11.961066
10.098162 -15.443863 13.299822
6.323239 -9.912040 17.174983
8.407021 -12.029589 16.036911
7.694866 -9.396643 17.159375
5.911918 -11.496314 16.663413
8.790001 -10.468286 16.632801
6.931910 -12.560015 16.038376
1.263605 -0.780951 18.874510
3.823479 -2.363040 18.722062
1.266446 -2.095607 18.825961
9.302283 -5.749127 17.845097
6.481683 -4.005901 18.395525
7.938296 -6.328720 17.890716
1.281447 -4.761149 18.608385
3.839351 -3.712415 18.606369
1.271564 -3.428719 18.737783
2.579155 -5.640596 18.439934
2.549282 -2.899229 18.737062
5.283440 -7.412777 17.937467
5.198597 -4.574807 18.421816
6.594586 -6.885789 17.921199
3.916995 -6.527574 18.217653
6.544555 -5.434111 18.188829
3.887149 -5.106556 18.439268
21.634948 -13.371133 10.534862
18.816563 -11.629275 13.555274
22.566752 -12.003554 11.679327
19.293497 -14.090179 10.874351
12.334454 -7.623112 16.977343
15.566481 -9.620614 15.629246
13.909776 -7.008662 16.873244
12.047924 -9.298204 16.497064
23.720496 -8.733072 13.689592
19.221205 -10.076322 14.418188
23.279575 -10.439378 12.748126
21.578548 -7.655730 14.887331
20.951884 -11.072524 13.186614
15.067813 -15.288541 11.458678
16.670653 -12.359398 13.752995
17.101659 -14.727468 11.182132
13.882296 -14.491212 12.897049
18.054802 -13.274995 12.435341
17.350996 -5.641679 16.570598
17.385843 -9.019002 15.444035
15.585414 -6.346513 16.739368
19.423661 -6.613677 15.833817
15.628119 -8.004012 16.235928
19.397442 -8.383724 15.190576
11.256816 -12.526090 15.183464
15.113411 -11.327419 14.895212
11.690608 -10.951168 15.899939
12.591004 -13.552871 14.147338
13.587390 -10.316504 15.777790
14.582439 -12.978240 13.969690
1.348789 10.384952 17.636802
4.051317 9.512964 17.896151
2.228314 11.547274 17.306707
1.326243 8.974325 17.992912
9.653022 7.472952 18.057386
6.801541 8.549965 18.037717
4.104205 13.895416 16.418095
5.023290 10.676577 17.582748
3.153287 12.725261 16.902336
3.626229 11.121231 17.461808
1.290854 6.191681 18.494221
3.988246 8.068396 18.201857
1.308185 7.567432 18.276564
2.660776 8.529993 18.111650
23.291587 1.155482 16.264602
19.429485 3.160577 17.122003
24.059174 3.097724 16.052612
21.240278 0.000000 16.682431
12.665038 6.248881 17.938326
15.902248 4.831992 17.646457
25.008483 7.144780 15.185624
19.952214 4.987666 16.886509
24.644878 5.117911 15.696048
21.943617 4.093784 16.520691
17.442618 -1.982320 17.237247
17.673624 2.008573 17.465533
19.275670 -1.045393 16.999194
19.414679 1.052932 17.121786
8.299584 18.483907 13.429010
9.514462 15.456795 15.394723
7.221597 17.385880 14.332378
10.330951 18.329385 13.386081
10.956343 8.632295 17.727736
10.391660 12.112689 16.814059
9.438436 9.183495 17.744314
5.142464 15.104318 15.815662
8.348165 14.295302 16.092677
6.161694 16.251895 15.131546
5.643471 13.511044 16.574269
7.829072 15.881067 15.286542
14.614262 17.714635 13.133392
11.499004 15.120841 15.342345
12.448411 18.073779 13.288948
10.961675 16.764498 14.437115
6.505971 10.198482 17.671313
8.798405 12.589619 16.783499
7.948522 9.706398 17.725023
6.098861 11.859844 17.190335
9.153954 10.901729 17.321487
7.216331 13.075362 16.696443
1.264230 0.781337 18.883850
3.840591 2.373616 18.805851
1.268125 2.098385 18.850919
2.541439 0.000000 18.863222
9.530799 5.890358 18.283473
6.562797 4.056032 18.625733
8.123967 6.476744 18.309166
1.285273 4.775364 18.663943
3.866260 3.738435 18.736780
1.274310 3.436123 18.778250
2.597350 5.680389 18.570024
2.558635 2.909867 18.805812
5.169423 -1.586758 18.703148
5.190278 1.593159 18.778604
3.848984 -0.792413 18.803352
3.854813 0.793613 18.831826
5.381086 7.549777 18.268980
5.258558 4.627573 18.634293
6.735241 7.032656 18.303438
3.964976 6.607533 18.440811
6.655436 5.526178 18.496993
3.924651 5.155824 18.617168
24.282180 15.007213 11.823898
20.335566 12.568071 14.649549
24.722175 13.150053 12.794857
21.743047 15.879103 12.254986
12.828490 7.928443 17.657342
16.469073 10.178447 16.535477
14.468272 7.290070 17.550727
12.620791 9.740325 17.281484
25.119828 9.248258 14.497175
20.507393 10.750579 15.382982
25.017585 11.218763 13.699877
22.684587 8.048136 15.650402
22.599345 11.943164 14.223486
16.966856 17.215402 12.902850
18.055976 13.386458 14.895862
19.294173 16.615600 12.615734
15.264769 15.934324 14.181406
19.884617 14.620387 13.695636
17.988311 5.848902 17.179248
18.380069 9.534762 16.327217
16.194253 6.594438 17.393286
20.279307 6.905021 16.531324
16.386912 8.392632 17.024233
20.466431 8.845750 16.027726
11.971133 13.320950 16.146951
16.152017 12.105849 15.918822
12.335355 11.555133 16.776833
13.588280 14.626332 15.267884
14.368997 10.909955 16.685398
15.783253 14.046954 15.120046
10.981709 -5.014874 17.768778
11.237244 -1.682210 18.182243
12.454370 -4.352300 17.682898
9.463629 -4.129664 18.094164
11.253231 5.138866 18.208110
11.333312 1.696592 18.337683
12.749676 4.455497 18.102178
9.635202 4.204534 18.422208
15.636316 -2.858910 17.430188
12.699561 -0.899208 18.073014
14.011133 -3.633661 17.571302
15.822350 -0.964201 17.623682
12.597554 -2.626490 17.913898
6.592626 -2.435973 18.550068
9.659743 -0.859388 18.410832
7.994193 -3.265663 18.352683
6.620535 -0.818343 18.656893
9.582451 -2.489904 18.282951
15.919603 2.910706 17.745974
12.762973 0.903698 18.163257
14.312794 3.711894 17.949614
15.919527 0.970123 17.731922
12.780651 2.664665 18.174265
14.253480 0.000000 17.929568
6.643957 2.454940 18.694502
9.697000 0.862703 18.481840
8.093490 3.306226 18.580644
6.637923 0.820492 18.705893
9.688985 2.517586 18.486213
8.134445 0.000000 18.584773
28.159867 0.000000 -14.817374
34.422668 0.000000 -12.408821
29.147250 2.148421 -14.537773
28.761665 -2.120000 -14.345455
45.929948 0.000000 -3.183288
41.007792 0.000000 -8.637252
30.243218 6.626653 -13.406009
35.474123 2.476011 -11.876382
29.865355 4.387509 -14.065602
32.250678 2.308413 -13.353430
29.085673 -6.373021 -12.892901
35.043052 -2.445924 -11.732064
29.094596 -4.274277 -13.702599
31.837310 -2.278825 -13.182274
28.159867 0.000000 14.817374
34.422668 0.000000 12.408821
29.147250 2.148421 14.537773
28.761665 -2.120000 14.345455
45.929948 0.000000 3.183288
41.007792 0.000000 8.637252
30.243218 6.626653 13.406009
35.474123 2.476011 11.876382
29.865355 4.387509 14.065602
32.250678 2.308413 13.353430
29.085673 -6.373021 12.892901
35.043052 -2.445924 11.732064
29.094596 -4.274277 13.702599
31.837310 -2.278825 13.182274
29.120390 15.179862 -9.381671
35.192045 12.399956 -7.663594
29.669479 13.164656 -10.495377
31.315635 16.378736 -7.147225
46.133207 3.088511 -1.908805
41.439552 8.462917 -5.230371
44.562489 2.997775 -4.960462
30.313565 8.928792 -12.527282
35.765147 10.092849 -8.881788
30.088781 11.071974 -11.560890
33.173591 7.132685 -11.886441
32.662293 11.752279 -9.758215
34.778178 18.247316 -1.623390
37.481798 13.320893 -4.922066
33.383242 17.496808 -4.546371
34.405548 14.986615 -6.122098
38.876967 2.677221 -9.947077
39.027608 8.053192 -7.786940
41.967611 2.847963 -7.679410
36.101445 5.049433 -11.043080
42.043094 5.720197 -6.505426
36.158885 7.622589 -10.013812
25.350162 -13.214520 -8.167022
31.467830 -11.087725 -6.852591
26.733659 -11.862002 -9.456851
26.216223 -13.711636 -5.983377
45.367790 -3.037268 -1.877135
38.769611 -7.917654 -4.893379
43.916985 -2.954351 -4.888608
28.687388 -8.449805 -11.855253
33.199863 -9.368931 -8.244734
27.885117 -10.261077 -10.714185
31.839404 -6.845820 -11.408388
29.821988 -10.730303 -8.909643
27.054471 -14.194864 -1.262859
32.451948 -11.533303 -4.261552
26.781269 -14.036586 -3.647267
29.195197 -12.717053 -5.194972
38.416584 -2.645517 -9.829283
36.970531 -7.628723 -7.376504
41.443249 -2.812379 -7.583460
35.174788 -4.919824 -10.759624
40.666840 -5.532950 -6.292475
34.546095 -7.282599 -9.567168
29.120390 15.179862 9.381671
35.192045 12.399956 7.663594
29.669479 13.164656 10.495377
31.315635 16.378736 7.147225
46.133207 3.088511 1.908805
41.439552 8.462917 5.230371
44.562489 2.997775 4.960462
45.182575 6.087442 0.000000
30.313565 8.928792 12.527282
35.765147 10.092849 8.881788
30.088781 11.071974 11.560890
33.173591 7.132685 11.886441
32.662293 11.752279 9.758215
34.778178 18.247316 1.623390
37.481798 13.320893 4.922066
33.383242 17.496808 4.546371
37.147624 16.259296 0.000000
34.405548 14.986615 6.122098
38.876967 2.677221 9.947077
39.027608 8.053192 7.786940
41.967611 2.847963 7.679410
36.101445 5.049433 11.043080
42.043094 5.720197 6.505426
36.158885 7.622589 10.013812
40.577225 11.215269 -3.442534
40.577225 11.215269 3.442534
43.184919 8.839811 -1.819905
39.090955 13.871712 -1.714638
43.184919 8.839811 1.819905
39.090955 13.871712 1.714638
25.350162 -13.214520 8.167022
31.467830 -11.087725 6.852591
26.733659 -11.862002 9.456851
26.216223 -13.711636 5.983377
45.367790 -3.037268 1.877135
38.769611 -7.917654 4.893379
43.916985 -2.954351 4.888608
43.224827 -5.823675 0.000000
28.687388 -8.449805 11.855253
33.199863 -9.368931 8.244734
27.885117 -10.261077 10.714185
31.839404 -6.845820 11.408388
29.821988 -10.730303 8.909643
27.054471 -14.194864 1.262859
32.451948 -11.533303 4.261552
26.781269 -14.036586 3.647267
29.926774 -13.098773 0.000000
29.195197 -12.717053 5.194972
38.416584 -2.645517 9.829283
36.970531 -7.628723 7.376504
41.443249 -2.812379 7.583460
35.174788 -4.919824 10.759624
40.666840 -5.532950 6.292475
34.546095 -7.282599 9.567168
36.177434 -9.999197 -3.069260
36.177434 -9.999197 3.069260
39.857409 -8.158681 -1.679676
33.038662 -11.724011 -1.449167
39.857409 -8.158681 1.679676
33.038662 -11.724011 1.449167
-13.290533 19.032596 -0.944196
-15.886700 18.027703 -2.932551
-12.752296 19.112758 -2.460851
-21.375062 15.091484 -7.446081
-18.598472 16.760165 -5.092675
-11.561565 19.040192 -5.439674
-15.247499 18.015646 -4.503562
-12.174698 19.115892 -3.969727
-13.996654 18.591065 -3.468334
-25.918760 1.982158 -15.261557
-26.420722 5.981103 -14.044326
-23.956618 12.806602 -9.914318
-25.792340 9.725601 -12.225694
-8.651906 17.768011 -10.981235
-12.203578 16.940226 -10.469635
-9.440814 18.241505 -9.702898
-20.314777 14.759181 -9.121676
-16.023832 15.959482 -9.863503
-19.100050 15.745486 -7.933614
-10.887886 18.865870 -6.945765
-13.028714 17.368866 -9.105271
-10.189507 18.607236 -8.344138
-12.696093 18.402443 -6.528898
-11.214785 17.818894 -9.416821
-16.560223 17.340132 -5.638146
-14.982056 16.865778 -8.749216
-17.831268 16.602042 -6.760493
-14.586982 17.894145 -6.092883
-16.970279 16.334979 -8.366034
-13.844866 17.679052 -7.641023
-18.501945 -26.495556 -1.314429
-21.871129 -24.818637 -4.037226
-17.283905 -25.904598 -3.335331
-25.647857 -18.108216 -8.934525
-24.079954 -21.699846 -6.593626
-14.564324 -23.985294 -6.852461
-20.153888 -23.812778 -5.952732
-15.921019 -24.998112 -5.191266
-18.854522 -25.043531 -4.672101
-26.266477 -2.008750 -15.466301
-27.450843 -6.214301 -14.591902
-26.849490 -14.353058 -11.111517
-27.569701 -10.395797 -13.068171
-9.620558 -19.757284 -12.210673
-13.950968 -19.365840 -11.968747
-10.768281 -20.806433 -11.067218
-23.607969 -17.151766 -10.600374
-18.592188 -18.517524 -11.444459
-22.933703 -18.905830 -9.526004
-13.213430 -22.895432 -8.429312
-15.332741 -20.440417 -10.715468
-11.968602 -21.856073 -9.801030
-15.778686 -22.870529 -8.114105
-13.015846 -20.680555 -10.929134
-21.255380 -22.256410 -7.236675
-17.819606 -20.060098 -10.406287
-22.153897 -20.626684 -8.399361
-18.477735 -22.667009 -7.718024
-20.316907 -19.556322 -10.015859
-16.861143 -21.530655 -9.305715
-1.348789 -10.384952 -17.636802
-4.051317 -9.512964 -17.896151
-2.228314 -11.547274 -17.306707
-1.326243 -8.974325 -17.992912
-9.653022 -7.472952 -18.057386
-6.801541 -8.549965 -18.037717
-4.104205 -13.895416 -16.418095
-5.023290 -10.676577 -17.582748
-3.153287 -12.725261 -16.902336
-3.626229 -11.121231 -17.461808
-1.290854 -6.191681 -18.494221
-3.988246 -8.068396 -18.201857
-1.308185 -7.567432 -18.276564
-2.660776 -8.529993 -18.111650
-23.291587 -1.155482 -16.264602
-19.429485 -3.160577 -17.122003
-24.059174 -3.097724 -16.052612
-12.665038 -6.248881 -17.938326
-15.902248 -4.831992 -17.646457
-25.008483 -7.144780 -15.185624
-19.952214 -4.987666 -16.886509
-24.644878 -5.117911 -15.696048
-21.943617 -4.093784 -16.520691
-8.299584 -18.483907 -13.429010
-9.514462 -15.456795 -15.394723
-7.221597 -17.385880 -14.332378
-10.330951 -18.329385 -13.386081
-10.956343 -8.632295 -17.727736
-10.391660 -12.112689 -16.814059
-9.438436 -9.183495 -17.744314
-5.142464 -15.104318 -15.815662
-8.348165 -14.295302 -16.092677
-6.161694 -16.251895 -15.131546
-5.643471 -13.511044 -16.574269
-7.829072 -15.881067 -15.286542
-14.614262 -17.714635 -13.133392
-11.499004 -15.120841 -15.342345
-12.448411 -18.073779 -13.288948
-10.961675 -16.764498 -14.437115
-6.505971 -10.198482 -17.671313
-8.798405 -12.589619 -16.783499
-7.948522 -9.706398 -17.725023
-6.098861 -11.859844 -17.190335
-9.153954 -10.901729 -17.321487
-7.216331 -13.075362 -16.696443
-1.264230 -0.781337 -18.883850
-3.840591 -2.373616 -18.805851
-1.268125 -2.098385 -18.850919
-9.530799 -5.890358 -18.283473
-6.562797 -4.056032 -18.625733
-8.123967 -6.476744 -18.309166
-1.285273 -4.775364 -18.663943
-3.866260 -3.738435 -18.736780
-1.274310 -3.436123 -18.778250
-2.597350 -5.680389 -18.570024
-2.558635 -2.909867 -18.805812
-5.381086 -7.549777 -18.268980
-5.258558 -4.627573 -18.634293
-6.735241 -7.032656 -18.303438
-3.964976 -6.607533 -18.440811
-6.655436 -5.526178 -18.496993
-3.924651 -5.155824 -18.617168
-24.282180 -15.007213 -11.823898
-20.335566 -12.568071 -14.649549
-24.722175 -13.150053 -12.794857
-21.743047 -15.879103 -12.254986
-12.828490 -7.928443 -17.657342
-16.469073 -10.178447 -16.535477
-14.468272 -7.290070 -17.550727
-12.620791 -9.740325 -17.281484
-25.119828 -9.248258 -14.497175
-20.507393 -10.750579 -15.382982
-25.017585 -11.218763 -13.699877
-22.684587 -8.048136 -15.650402
-22.599345 -11.943164 -14.223486
-16.966856 -17.215402 -12.902850
-18.055976 -13.386458 -14.895862
-19.294173 -16.615600 -12.615734
-15.264769 -15.934324 -14.181406
-19.884617 -14.620387 -13.695636
-17.988311 -5.848902 -17.179248
-18.380069 -9.534762 -16.327217
-16.194253 -6.594438 -17.393286
-20.279307 -6.905021 -16.531324
-16.386912 -8.392632 -17.024233
-20.466431 -8.845750 -16.027726
-11.971133 -13.320950 -16.146951
-16.152017 -12.105849 -15.918822
-12.335355 -11.555133 -16.776833
-13.588280 -14.626332 -15.267884
-14.368997 -10.909955 -16.685398
-15.783253 -14.046954 -15.120046
-1.340192 10.318759 -17.524387
-3.982067 9.350357 -17.590248
-2.202508 11.413545 -17.106279
-1.318983 8.925195 -17.894410
-9.365241 7.250165 -17.519051
-6.631606 8.336347 -17.587051
-3.998904 13.538902 -15.996857
-4.906649 10.428667 -17.174476
-3.096602 12.496507 -16.598493
-3.561637 10.923134 -17.150770
-1.285940 6.168109 -18.423815
-3.930252 7.951072 -17.937180
-1.302129 7.532398 -18.191950
-2.633222 8.441657 -17.924088
-23.106081 1.146279 -16.135062
-19.025606 3.094879 -16.766090
-23.562973 3.033836 -15.721541
-21.240278 0.000000 -16.682431
-12.270329 6.054134 -17.379275
-15.450454 4.694712 -17.145108
-23.916265 6.832740 -14.522409
-19.318903 4.829351 -16.350508
-23.842321 4.951247 -15.184908
-21.353489 3.983690 -16.076400
-17.673624 -2.008573 -17.465533
-17.442618 1.982320 -17.237247
-19.414679 -1.052932 -17.121786
-19.275670 1.045393 -16.999194
-7.657270 17.053416 -12.389723
-8.927393 14.503068 -14.444825
-6.781969 16.327483 -13.459868
-9.402491 16.682091 -12.183050
-10.549631 8.311854 -17.069661
-9.887092 11.524556 -15.997650
-9.108477 8.862448 -17.123989
-4.960033 14.568487 -15.254595
-7.933389 13.585043 -15.293116
-5.872632 15.489475 -14.421684
-5.456740 13.063992 -16.025861
-7.397156 15.004937 -14.443211
-13.047456 15.815436 -11.725352
-10.708775 14.081713 -14.287995
-11.204519 16.267778 -11.961066
-10.098162 15.443863 -13.299822
-6.323239 9.912040 -17.174983
-8.407021 12.029589 -16.036911
-7.694866 9.396643 -17.159375
-5.911918 11.496314 -16.663413
-8.790001 10.468286 -16.632801
-6.931910 12.560015 -16.038376
-1.263605 0.780951 -18.874510
-3.823479 2.363040 -18.722062
-1.266446 2.095607 -18.825961
-2.541439 0.000000 -18.863222
-9.302283 5.749127 -17.845097
-6.481683 4.005901 -18.395525
-7.938296 6.328720 -17.890716
-1.281447 4.761149 -18.608385
-3.839351 3.712415 -18.606369
-1.271564 3.428719 -18.737783
-2.579155 5.640596 -18.439934
-2.549282 2.899229 -18.737062
-5.190278 -1.593159 -18.778604
-5.169423 1.586758 -18.703148
-3.854813 -0.793613 -18.831826
-3.848984 0.792413 -18.803352
-5.283440 7.412777 -17.937467
-5.198597 4.574807 -18.421816
-6.594586 6.885789 -17.921199
-3.916995 6.527574 -18.217653
-6.544555 5.434111 -18.188829
-3.887149 5.106556 -18.439268
-21.634948 13.371133 -10.534862
-18.816563 11.629275 -13.555274
-22.566752 12.003554 -11.679327
-19.293497 14.090179 -10.874351
-12.334454 7.623112 -16.977343
-15.566481 9.620614 -15.629246
-13.909776 7.008662 -16.873244
-12.047924 9.298204 -16.497064
-23.720496 8.733072 -13.689592
-19.221205 10.076322 -14.418188
-23.279575 10.439378 -12.748126
-21.578548 7.655730 -14.887331
-20.951884 11.072524 -13.186614
-15.067813 15.288541 -11.458678
-16.670653 12.359398 -13.752995
-17.101659 14.727468 -11.182132
-13.882296 14.491212 -12.897049
-18.054802 13.274995 -12.435341
-17.350996 5.641679 -16.570598
-17.385843 9.019002 -15.444035
-15.585414 6.346513 -16.739368
-19.423661 6.613677 -15.833817
-15.628119 8.004012 -16.235928
-19.397442 8.383724 -15.190576
-11.256816 12.526090 -15.183464
-15.113411 11.327419 -14.895212
-11.690608 10.951168 -15.899939
-12.591004 13.552871 -14.147338
-13.587390 10.316504 -15.777790
-14.582439 12.978240 -13.969690
-11.253231 -5.138866 -18.208110
-11.333312 -1.696592 -18.337683
-12.749676 -4.455497 -18.102178
-9.635202 -4.204534 -18.422208
-10.981709 5.014874 -17.768778
-11.237244 1.682210 -18.182243
-12.454370 4.352300 -17.682898
-9.463629 4.129664 -18.094164
-15.919603 -2.910706 -17.745974
-12.762973 -0.903698 -18.163257
-14.312794 -3.711894 -17.949614
-15.919527 -0.970123 -17.731922
-12.780651 -2.664665 -18.174265
-6.643957 -2.454940 -18.694502
-9.697000 -0.862703 -18.481840
-8.093490 -3.306226 -18.580644
-6.637923 -0.820492 -18.705893
-9.688985 -2.517586 -18.486213
-15.636316 2.858910 -17.430188
-12.699561 0.899208 -18.073014
-14.011133 3.633661 -17.571302
-15.822350 0.964201 -17.623682
-12.597554 2.626490 -17.913898
-14.253480 0.000000 -17.929568
-6.592626 2.435973 -18.550068
-9.659743 0.859388 -18.410832
-7.994193 3.265663 -18.352683
-6.620535 0.818343 -18.656893
-9.582451 2.489904 -18.282951
-8.134445 0.000000 -18.584773
-13.290533 19.032596 0.944196
-15.886700 18.027703 2.932551
-12.752296 19.112758 2.460851
-14.617525 18.611214 0.000000
-21.375062 15.091484 7.446081
-18.598472 16.760165 5.092675
-11.561565 19.040192 5.439674
-15.247499 18.015646 4.503562
-12.174698 19.115892 3.969727
-13.996654 18.591065 3.468334
-17.397752 17.605035 -2.000779
-17.397752 17.605035 2.000779
-15.993237 18.134999 -0.983530
-15.993237 18.134999 0.983530
-25.918760 1.982158 15.261557
-26.420722 5.981103 14.044326
-23.956618 12.806602 9.914318
-25.792340 9.725601 12.225694
-8.651906 17.768011 10.981235
-12.203578 16.940226 10.469635
-9.440814 18.241505 9.702898
-20.314777 14.759181 9.121676
-16.023832 15.959482 9.863503
-19.100050 15.745486 7.933614
-10.887886 18.865870 6.945765
-13.028714 17.368866 9.105271
-10.189507 18.607236 8.344138
-12.696093 18.402443 6.528898
-11.214785 17.818894 9.416821
-16.560223 17.340132 5.638146
-14.982056 16.865778 8.749216
-17.831268 16.602042 6.760493
-14.586982 17.894145 6.092883
-16.970279 16.334979 8.366034
-13.844866 17.679052 7.641023
-23.542246 14.549908 -6.644317
-24.437216 15.103030 -2.260917
-21.982970 15.482984 -5.410678
-23.542246 14.549908 6.644317
-24.437216 15.103030 2.260917
-21.982970 15.482984 5.410678
-18.923027 16.975516 -3.103766
-22.569469 15.859133 -1.122925
-20.425326 16.286895 -4.223859
-19.044225 17.097699 -1.041920
-22.377138 15.736229 -3.280879
-18.923027 16.975516 3.103766
-22.569469 15.859133 1.122925
-20.425326 16.286895 4.223859
-19.044225 17.097699 1.041920
-22.377138 15.736229 3.280879
-20.777294 16.517339 0.000000
-18.501945 -26.495556 1.314429
-21.871129 -24.818637 4.037226
-17.283905 -25.904598 3.335331
-20.756577 -26.427530 0.000000
-25.647857 -18.108216 8.934525
-24.079954 -21.699846 6.593626
-14.564324 -23.985294 6.852461
-20.153888 -23.812778 5.952732
-15.921019 -24.998112 5.191266
-18.854522 -25.043531 4.672101
-24.430471 -24.721545 -2.809556
-24.430471 -24.721545 2.809556
-22.790651 -25.842700 -1.401548
-22.790651 -25.842700 1.401548
-26.266477 -2.008750 15.466301
-27.450843 -6.214301 14.591902
-26.849490 -14.353058 11.111517
-27.569701 -10.395797 13.068171
-9.620558 -19.757284 12.210673
-13.950968 -19.365840 11.968747
-10.768281 -20.806433 11.067218
-23.607969 -17.151766 10.600374
-18.592188 -18.517524 11.444459
-22.933703 -18.905830 9.526004
-13.213430 -22.895432 8.429312
-15.332741 -20.440417 10.715468
-11.968602 -21.856073 9.801030
-15.778686 -22.870529 8.114105
-13.015846 -20.680555 10.929134
-21.255380 -22.256410 7.236675
-17.819606 -20.060098 10.406287
-22.153897 -20.626684 8.399361
-18.477735 -22.667009 7.718024
-20.316907 -19.556322 10.015859
-16.861143 -21.530655 9.305715
-28.349019 -17.520658 -8.000930
-32.108040 -19.843860 -2.970617
-27.613795 -19.448872 -6.796596
-28.349019 -17.520658 8.000930
-32.108040 -19.843860 2.970617
-27.613795 -19.448872 6.796596
-25.769213 -23.117111 -4.226682
-30.799492 -21.642213 -1.532403
-26.767560 -21.344112 -5.535403
-26.928505 -24.176119 -1.473273
-29.497197 -20.743253 -4.324804
-25.769213 -23.117111 4.226682
-30.799492 -21.642213 1.532403
-26.767560 -21.344112 5.535403
-26.928505 -24.176119 1.473273
-29.497197 -20.743253 4.324804
-29.103536 -23.136457 0.000000
-1.348789 -10.384952 17.636802
-4.051317 -9.512964 17.896151
-2.228314 -11.547274 17.306707
-1.326243 -8.974325 17.992912
-9.653022 -7.472952 18.057386
-6.801541 -8.549965 18.037717
-4.104205 -13.895416 16.418095
-5.023290 -10.676577 17.582748
-3.153287 -12.725261 16.902336
-3.626229 -11.121231 17.461808
-1.290854 -6.191681 18.494221
-3.988246 -8.068396 18.201857
-1.308185 -7.567432 18.276564
-2.660776 -8.529993 18.111650
-23.291587 -1.155482 16.264602
-19.429485 -3.160577 17.122003
-24.059174 -3.097724 16.052612
-12.665038 -6.248881 17.938326
-15.902248 -4.831992 17.646457
-25.008483 -7.144780 15.185624
-19.952214 -4.987666 16.886509
-24.644878 -5.117911 15.696048
-21.943617 -4.093784 16.520691
-8.299584 -18.483907 13.429010
-9.514462 -15.456795 15.394723
-7.221597 -17.385880 14.332378
-10.330951 -18.329385 13.386081
-10.956343 -8.632295 17.727736
-10.391660 -12.112689 16.814059
-9.438436 -9.183495 17.744314
-5.142464 -15.104318 15.815662
-8.348165 -14.295302 16.092677
-6.161694 -16.251895 15.131546
-5.643471 -13.511044 16.574269
-7.829072 -15.881067 15.286542
-14.614262 -17.714635 13.133392
-11.499004 -15.120841 15.342345
-12.448411 -18.073779 13.288948
-10.961675 -16.764498 14.437115
-6.505971 -10.198482 17.671313
-8.798405 -12.589619 16.783499
-7.948522 -9.706398 17.725023
-6.098861 -11.859844 17.190335
-9.153954 -10.901729 17.321487
-7.216331 -13.075362 16.696443
-1.264230 -0.781337 18.883850
-3.840591 -2.373616 18.805851
-1.268125 -2.098385 18.850919
-9.530799 -5.890358 18.283473
-6.562797 -4.056032 18.625733
-8.123967 -6.476744 18.309166
-1.285273 -4.775364 18.663943
-3.866260 -3.738435 18.736780
-1.274310 -3.436123 18.778250
-2.597350 -5.680389 18.570024
-2.558635 -2.909867 18.805812
-5.381086 -7.549777 18.268980
-5.258558 -4.627573 18.634293
-6.735241 -7.032656 18.303438
-3.964976 -6.607533 18.440811
-6.655436 -5.526178 18.496993
-3.924651 -5.155824 18.617168
-24.282180 -15.007213 11.823898
-20.335566 -12.568071 14.649549
-24.722175 -13.150053 12.794857
-21.743047 -15.879103 12.254986
-12.828490 -7.928443 17.657342
-16.469073 -10.178447 16.535477
-14.468272 -7.290070 17.550727
-12.620791 -9.740325 17.281484
-25.119828 -9.248258 14.497175
-20.507393 -10.750579 15.382982
-25.017585 -11.218763 13.699877
-22.684587 -8.048136 15.650402
-22.599345 -11.943164 14.223486
-16.966856 -17.215402 12.902850
-18.055976 -13.386458 14.895862
-19.294173 -16.615600 12.615734
-15.264769 -15.934324 14.181406
-19.884617 -14.620387 13.695636
-17.988311 -5.848902 17.179248
-18.380069 -9.534762 16.327217
-16.194253 -6.594438 17.393286
-20.279307 -6.905021 16.531324
-16.386912 -8.392632 17.024233
-20.466431 -8.845750 16.027726
-11.971133 -13.320950 16.146951
-16.152017 -12.105849 15.918822
-12.335355 -11.555133 16.776833
-13.588280 -14.626332 15.267884
-14.368997 -10.909955 16.685398
-15.783253 -14.046954 15.120046
-1.340192 10.318759 17.524387
-3.982067 9.350357 17.590248
-2.202508 11.413545 17.106279
-1.318983 8.925195 17.894410
-9.365241 7.250165 17.519051
-6.631606 8.336347 17.587051
-3.998904 13.538902 15.996857
-4.906649 10.428667 17.174476
-3.096602 12.496507 16.598493
-3.561637 10.923134 17.150770
-1.285940 6.168109 18.423815
-3.930252 7.951072 17.937180
-1.302129 7.532398 18.191950
-2.633222 8.441657 17.924088
-23.106081 1.146279 16.135062
-19.025606 3.094879 16.766090
-23.562973 3.033836 15.721541
-21.240278 0.000000 16.682431
-12.270329 6.054134 17.379275
-15.450454 4.694712 17.145108
-23.916265 6.832740 14.522409
-19.318903 4.829351 16.350508
-23.842321 4.951247 15.184908
-21.353489 3.983690 16.076400
-17.673624 -2.008573 17.465533
-17.442618 1.982320 17.237247
-19.414679 -1.052932 17.121786
-19.275670 1.045393 16.999194
-7.657270 17.053416 12.389723
-8.927393 14.503068 14.444825
-6.781969 16.327483 13.459868
-9.402491 16.682091 12.183050
-10.549631 8.311854 17.069661
-9.887092 11.524556 15.997650
-9.108477 8.862448 17.123989
-4.960033 14.568487 15.254595
-7.933389 13.585043 15.293116
-5.872632 15.489475 14.421684
-5.456740 13.063992 16.025861
-7.397156 15.004937 14.443211
-13.047456 15.815436 11.725352
-10.708775 14.081713 14.287995
-11.204519 16.267778 11.961066
-10.098162 15.443863 13.299822
-6.323239 9.912040 17.174983
-8.407021 12.029589 16.036911
-7.694866 9.396643 17.159375
-5.911918 11.496314 16.663413
-8.790001 10.468286 16.632801
-6.931910 12.560015 16.038376
-1.263605 0.780951 18.874510
-3.823479 2.363040 18.722062
-1.266446 2.095607 18.825961
-2.541439 0.000000 18.863222
-9.302283 5.749127 17.845097
-6.481683 4.005901 18.395525
-7.938296 6.328720 17.890716
-1.281447 4.761149 18.608385
-3.839351 3.712415 18.606369
-1.271564 3.428719 18.737783
-2.579155 5.640596 18.439934
-2.549282 2.899229 18.737062
-5.190278 -1.593159 18.778604
-5.169423 1.586758 18.703148
-3.854813 -0.793613 18.831826
-3.848984 0.792413 18.803352
-5.283440 7.412777 17.937467
-5.198597 4.574807 18.421816
-6.594586 6.885789 17.921199
-3.916995 6.527574 18.217653
-6.544555 5.434111 18.188829
-3.887149 5.106556 18.439268
-21.634948 13.371133 10.534862
-18.816563 11.629275 13.555274
-22.566752 12.003554 11.679327
-19.293497 14.090179 10.874351
-12.334454 7.623112 16.977343
-15.566481 9.620614 15.629246
-13.909776 7.008662 16.873244
-12.047924 9.298204 16.497064
-23.720496 8.733072 13.689592
-19.221205 10.076322 14.418188
-23.279575 10.439378 12.748126
-21.578548 7.655730 14.887331
-20.951884 11.072524 13.186614
-15.067813 15.288541 11.458678
-16.670653 12.359398 13.752995
-17.101659 14.727468 11.182132
-13.882296 14.491212 12.897049
-18.054802 13.274995 12.435341
-17.350996 5.641679 16.570598
-17.385843 9.019002 15.444035
-15.585414 6.346513 16.739368
-19.423661 6.613677 15.833817
-15.628119 8.004012 16.235928
-19.397442 8.383724 15.190576
-11.256816 12.526090 15.183464
-15.113411 11.327419 14.895212
-11.690608 10.951168 15.899939
-12.591004 13.552871 14.147338
-13.587390 10.316504 15.777790
-14.582439 12.978240 13.969690
-11.253231 -5.138866 18.208110
-11.333312 -1.696592 18.337683
-12.749676 -4.455497 18.102178
-9.635202 -4.204534 18.422208
-10.981709 5.014874 17.768778
-11.237244 1.682210 18.182243
-12.454370 4.352300 17.682898
-9.463629 4.129664 18.094164
-15.919603 -2.910706 17.745974
-12.762973 -0.903698 18.163257
-14.312794 -3.711894 17.949614
-15.919527 -0.970123 17.731922
-12.780651 -2.664665 18.174265
-6.643957 -2.454940 18.694502
-9.697000 -0.862703 18.481840
-8.093490 -3.306226 18.580644
-6.637923 -0.820492 18.705893
-9.688985 -2.517586 18.486213
-15.636316 2.858910 17.430188
-12.699561 0.899208 18.073014
-14.011133 3.633661 17.571302
-15.822350 0.964201 17.623682
-12.597554 2.626490 17.913898
-14.253480 0.000000 17.929568
-6.592626 2.435973 18.550068
-9.659743 0.859388 18.410832
-7.994193 3.265663 18.352683
-6.620535 0.818343 18.656893
-9.582451 2.489904 18.282951
-8.134445 0.000000 18.584773
-28.159867 0.000000 -14.817374
-34.422668 0.000000 -12.408821
-28.761665 2.120000 -14.345455
-29.147250 -2.148421 -14.537773
-45.929948 0.000000 -3.183288
-41.007792 0.000000 -8.637252
-29.085673 6.373021 -12.892901
-35.043052 2.445924 -11.732064
-29.094596 4.274277 -13.702599
-31.837310 2.278825 -13.182274
-30.243218 -6.626653 -13.406009
-35.474123 -2.476011 -11.876382
-29.865355 -4.387509 -14.065602
-32.250678 -2.308413 -13.353430
-28.159867 0.000000 14.817374
-34.422668 0.000000 12.408821
-28.761665 2.120000 14.345455
-29.147250 -2.148421 14.537773
-45.929948 0.000000 3.183288
-41.007792 0.000000 8.637252
-29.085673 6.373021 12.892901
-35.043052 2.445924 11.732064
-29.094596 4.274277 13.702599
-31.837310 2.278825 13.182274
-30.243218 -6.626653 13.406009
-35.474123 -2.476011 11.876382
-29.865355 -4.387509 14.065602
-32.250678 -2.308413 13.353430
-25.350162 13.214520 -8.167022
-31.467830 11.087725 -6.852591
-26.733659 11.862002 -9.456851
-26.216223 13.711636 -5.983377
-45.367790 3.037268 -1.877135
-38.769611 7.917654 -4.893379
-43.916985 2.954351 -4.888608
-28.687388 8.449805 -11.855253
-33.199863 9.368931 -8.244734
-27.885117 10.261077 -10.714185
-31.839404 6.845820 -11.408388
-29.821988 10.730303 -8.909643
-27.054471 14.194864 -1.262859
-32.451948 11.533303 -4.261552
-26.781269 14.036586 -3.647267
-29.195197 12.717053 -5.194972
-38.416584 2.645517 -9.829283
-36.970531 7.628723 -7.376504
-41.443249 2.812379 -7.583460
-35.174788 4.919824 -10.759624
-40.666840 5.532950 -6.292475
-34.546095 7.282599 -9.567168
-29.120390 -15.179862 -9.381671
-35.192045 -12.399956 -7.663594
-29.669479 -13.164656 -10.495377
-31.315635 -16.378736 -7.147225
-46.133207 -3.088511 -1.908805
-41.439552 -8.462917 -5.230371
-44.562489 -2.997775 -4.960462
-30.313565 -8.928792 -12.527282
-35.765147 -10.092849 -8.881788
-30.088781 -11.071974 -11.560890
-33.173591 -7.132685 -11.886441
-32.662293 -11.752279 -9.758215
-34.778178 -18.247316 -1.623390
-37.481798 -13.320893 -4.922066
-33.383242 -17.496808 -4.546371
-34.405548 -14.986615 -6.122098
-38.876967 -2.677221 -9.947077
-39.027608 -8.053192 -7.786940
-41.967611 -2.847963 -7.679410
-36.101445 -5.049433 -11.043080
-42.043094 -5.720197 -6.505426
-36.158885 -7.622589 -10.013812
-25.350162 13.214520 8.167022
-31.467830 11.087725 6.852591
-26.733659 11.862002 9.456851
-26.216223 13.711636 5.983377
-45.367790 3.037268 1.877135
-38.769611 7.917654 4.893379
-43.916985 2.954351 4.888608
-43.224827 5.823675 0.000000
-28.687388 8.449805 11.855253
-33.199863 9.368931 8.244734
-27.885117 10.261077 10.714185
-31.839404 6.845820 11.408388
-29.821988 10.730303 8.909643
-27.054471 14.194864 1.262859
-32.451948 11.533303 4.261552
-26.781269 14.036586 3.647267
-29.926774 13.098773 0.000000
-29.195197 12.717053 5.194972
-38.416584 2.645517 9.829283
-36.970531 7.628723 7.376504
-41.443249 2.812379 7.583460
-35.174788 4.919824 10.759624
-40.666840 5.532950 6.292475
-34.546095 7.282599 9.567168
-36.177434 9.999197 -3.069260
-36.177434 9.999197 3.069260
-39.857409 8.158681 -1.679676
-33.038662 11.724011 -1.449167
-39.857409 8.158681 1.679676
-33.038662 11.724011 1.449167
-29.120390 -15.179862 9.381671
-35.192045 -12.399956 7.663594
-29.669479 -13.164656 10.495377
-31.315635 -16.378736 7.147225
-46.133207 -3.088511 1.908805
-41.439552 -8.462917 5.230371
-44.562489 -2.997775 4.960462
-45.182575 -6.087442 0.000000
-30.313565 -8.928792 12.527282
-35.765147 -10.092849 8.881788
-30.088781 -11.071974 11.560890
-33.173591 -7.132685 11.886441
-32.662293 -11.752279 9.758215
-34.778178 -18.247316 1.623390
-37.481798 -13.320893 4.922066
-33.383242 -17.496808 4.546371
-37.147624 -16.259296 0.000000
-34.405548 -14.986615 6.122098
-38.876967 -2.677221 9.947077
-39.027608 -8.053192 7.786940
-41.967611 -2.847963 7.679410
-36.101445 -5.049433 11.043080
-42.043094 -5.720197 6.505426
-36.158885 -7.622589 10.013812
-40.577225 -11.215269 -3.442534
-40.577225 -11.215269 3.442534
-43.184919 -8.839811 -1.819905
-39.090955 -13.871712 -1.714638
-43.184919 -8.839811 1.819905
-39.090955 -13.871712 1.714638
