-12.59780763 20.38368092 0
20.38368092 32.98148855 0
-20.38368092 -32.98148855 0
12.59780763 -20.38368092 0
0 -13.20732401 21.36989915
0 13.20732401 21.36989915
0 -13.20732401 -21.36989915
0 13.20732401 -21.36989915
24.83300812 0 -15.34764306
24.83300812 0 15.34764306
-24.83300812 0 -15.34764306
-24.83300812 0 15.34764306
0 32.98148855 0
0 -32.98148855 0
-10.27372517 -26.89696169 16.62323652
7.704307218 -20.17013816 12.46583094
-7.704307218 20.17013816 12.46583094
10.27372517 26.89696169 16.62323652
0 0 23.32143421
-10.27372517 -26.89696169 -16.62323652
7.704307218 -20.17013816 -12.46583094
-7.704307218 20.17013816 -12.46583094
10.27372517 26.89696169 -16.62323652
0 0 -23.32143421
28.93597166 17.88341399 -11.05255768
19.33465557 -11.9494743 -7.385181268
11.76852367 -7.273347624 -19.04187129
14.21673202 8.7864236 -23.00315562
28.93597166 17.88341399 11.05255768
19.33465557 -11.9494743 7.385181268
11.76852367 -7.273347624 19.04187129
14.21673202 8.7864236 23.00315562
32.98148855 0 0
-19.33465557 11.9494743 -7.385181268
-28.93597166 -17.88341399 -11.05255768
-14.21673202 -8.7864236 -23.00315562
-11.76852367 7.273347624 -19.04187129
-19.33465557 11.9494743 7.385181268
-28.93597166 -17.88341399 11.05255768
-14.21673202 -8.7864236 23.00315562
-11.76852367 7.273347624 19.04187129
-32.98148855 0 0
-7.296552168 25.68493638 0
9.369349732 32.98148855 0
-9.369349732 -32.98148855 0
7.296552168 -25.68493638 0
-15.37662404 -30.57220213 9.210337779
-4.700825638 -20.30444355 20.5463585
-5.397725434 -31.59883508 8.733703214
10.61873699 -21.11244789 6.360443894
4.044356005 -17.46893089 17.67706245
4.564293037 -26.71983684 7.385181268
0 -24.83300812 15.34764306
-10.61873699 21.11244789 6.360443894
-4.044356005 17.46893089 17.67706245
-4.564293037 26.71983684 7.385181268
15.37662404 30.57220213 9.210337779
4.700825638 20.30444355 20.5463585
5.397725434 31.59883508 8.733703214
0 24.83300812 15.34764306
0 -6.495380878 22.86469565
0 6.495380878 22.86469565
-15.37662404 -30.57220213 -9.210337779
-4.700825638 -20.30444355 -20.5463585
-5.397725434 -31.59883508 -8.733703214
10.61873699 -21.11244789 -6.360443894
4.044356005 -17.46893089 -17.67706245
4.564293037 -26.71983684 -7.385181268
0 -24.83300812 -15.34764306
-10.61873699 21.11244789 -6.360443894
-4.044356005 17.46893089 -17.67706245
-4.564293037 26.71983684 -7.385181268
15.37662404 30.57220213 -9.210337779
4.700825638 20.30444355 -20.5463585
5.397725434 31.59883508 -8.733703214
0 24.83300812 -15.34764306
0 -6.495380878 -22.86469565
0 6.495380878 -22.86469565
28.19478039 28.53070384 -6.527573442
28.70019699 8.64636795 -14.43507855
20.56001219 24.07208155 -14.87736458
16.18023215 -16.37300965 -3.746000224
22.24000572 -6.700137726 -11.18585456
13.74267488 -16.090204 -9.944292959
6.107453961 -10.19637126 -20.27268939
17.72299832 -4.054865728 -17.51432591
9.985303276 -13.79934974 -16.15656009
6.145911043 -3.798381916 -22.23611504
16.33424758 -10.09512019 -13.95111298
6.955550447 11.61226513 -23.08780625
20.6621411 4.727315676 -20.41886292
14.0290868 19.38772112 -22.69953927
6.427999759 3.97272233 -23.25672161
22.86513186 14.13142865 -19.52915408
13.20732401 0 -21.36989915
28.19478039 28.53070384 6.527573442
28.70019699 8.64636795 14.43507855
20.56001219 24.07208155 14.87736458
32.98148855 20.38368092 0
16.18023215 -16.37300965 3.746000224
22.24000572 -6.700137726 11.18585456
13.74267488 -16.090204 9.944292959
20.38368092 -12.59780763 0
6.107453961 -10.19637126 20.27268939
17.72299832 -4.054865728 17.51432591
9.985303276 -13.79934974 16.15656009
6.145911043 -3.798381916 22.23611504
16.33424758 -10.09512019 13.95111298
6.955550447 11.61226513 23.08780625
20.6621411 4.727315676 20.41886292
14.0290868 19.38772112 22.69953927
6.427999759 3.97272233 23.25672161
22.86513186 14.13142865 19.52915408
13.20732401 0 21.36989915
30.60405714 0 -8.69397129
30.60405714 0 8.69397129
32.34652354 8.940359222 -5.525445871
25.38886969 -7.017310996 -4.336936705
32.34652354 8.940359222 5.525445871
25.38886969 -7.017310996 4.336936705
-16.18023215 16.37300965 -3.746000224
-22.24000572 6.700137726 -11.18585456
-13.74267488 16.090204 -9.944292959
-28.19478039 -28.53070384 -6.527573442
-28.70019699 -8.64636795 -14.43507855
-20.56001219 -24.07208155 -14.87736458
-6.955550447 -11.61226513 -23.08780625
-20.6621411 -4.727315676 -20.41886292
-14.0290868 -19.38772112 -22.69953927
-6.427999759 -3.97272233 -23.25672161
-22.86513186 -14.13142865 -19.52915408
-6.107453961 10.19637126 -20.27268939
-17.72299832 4.054865728 -17.51432591
-9.985303276 13.79934974 -16.15656009
-6.145911043 3.798381916 -22.23611504
-16.33424758 10.09512019 -13.95111298
-13.20732401 0 -21.36989915
-16.18023215 16.37300965 3.746000224
-22.24000572 6.700137726 11.18585456
-13.74267488 16.090204 9.944292959
-20.38368092 12.59780763 0
-28.19478039 -28.53070384 6.527573442
-28.70019699 -8.64636795 14.43507855
-20.56001219 -24.07208155 14.87736458
-32.98148855 -20.38368092 0
-6.955550447 -11.61226513 23.08780625
-20.6621411 -4.727315676 20.41886292
-14.0290868 -19.38772112 22.69953927
-6.427999759 -3.97272233 23.25672161
-22.86513186 -14.13142865 19.52915408
-6.107453961 10.19637126 20.27268939
-17.72299832 4.054865728 17.51432591
-9.985303276 13.79934974 16.15656009
-6.145911043 3.798381916 22.23611504
-16.33424758 10.09512019 13.95111298
-13.20732401 0 21.36989915
-30.60405714 0 -8.69397129
-30.60405714 0 8.69397129
-25.38886969 7.017310996 -4.336936705
-32.34652354 -8.940359222 -5.525445871
-25.38886969 7.017310996 4.336936705
-32.34652354 -8.940359222 5.525445871
-10.0904674 22.89102115 0
-4.032174835 28.94931372 0
14.53839184 32.98148855 0
4.593792083 32.98148855 0
-14.53839184 -32.98148855 0
-4.593792083 -32.98148855 0
10.0904674 -22.89102115 0
4.032174835 -28.94931372 0
-18.02640895 -32.1846195 4.882056945
-12.77823299 -28.75356932 13.07040417
-12.57948176 -32.4576725 4.623180414
-2.173066795 -16.4988579 21.00655012
-7.786419871 -24.91575732 19.92943032
-2.719649231 -32.66154324 4.400484893
-7.949600746 -29.67671036 12.8627242
-7.422899355 -32.58918708 4.478096047
-10.25909034 -31.2018414 8.993091934
11.73040332 -20.94363712 3.176922102
9.270793011 -20.86113077 9.482767427
9.116606648 -23.52273636 3.350513011
2.042587173 -15.50820048 19.74523284
5.948518178 -19.03465749 15.22530001
0 -18.89152178 19.11660263
2.496861762 -29.98598403 4.040007196
6.273559757 -23.41986997 10.15083292
6.043378227 -26.53259518 3.645856808
0 -30.71820467 8.490302957
7.8021157 -23.72923608 6.839314351
-5.142080762 -27.6170762 17.06829176
4.16776449 -22.38422048 13.83420907
-2.385945801 -22.94161773 18.23791296
-2.70252801 -29.97149491 13.11834653
2.176898397 -20.93156133 16.6399771
2.372236025 -26.30850066 11.51507555
-11.73040332 20.94363712 3.176922102
-9.270793011 20.86113077 9.482767427
-9.116606648 23.52273636 3.350513011
-2.042587173 15.50820048 19.74523284
-5.948518178 19.03465749 15.22530001
-2.496861762 29.98598403 4.040007196
-6.273559757 23.41986997 10.15083292
-6.043378227 26.53259518 3.645856808
-7.8021157 23.72923608 6.839314351
18.02640895 32.1846195 4.882056945
12.77823299 28.75356932 13.07040417
12.57948176 32.4576725 4.623180414
2.173066795 16.4988579 21.00655012
7.786419871 24.91575732 19.92943032
0 18.89152178 19.11660263
2.719649231 32.66154324 4.400484893
7.949600746 29.67671036 12.8627242
7.422899355 32.58918708 4.478096047
0 30.71820467 8.490302957
10.25909034 31.2018414 8.993091934
-4.16776449 22.38422048 13.83420907
5.142080762 27.6170762 17.06829176
-2.176898397 20.93156133 16.6399771
-2.372236025 26.30850066 11.51507555
2.385945801 22.94161773 18.23791296
2.70252801 29.97149491 13.11834653
0 -9.814484827 22.26493291
0 -3.232660949 23.20914141
0 9.814484827 22.26493291
0 3.232660949 23.20914141
-18.02640895 -32.1846195 -4.882056945
-12.77823299 -28.75356932 -13.07040417
-12.57948176 -32.4576725 -4.623180414
-2.173066795 -16.4988579 -21.00655012
-7.786419871 -24.91575732 -19.92943032
-2.719649231 -32.66154324 -4.400484893
-7.949600746 -29.67671036 -12.8627242
-7.422899355 -32.58918708 -4.478096047
-10.25909034 -31.2018414 -8.993091934
11.73040332 -20.94363712 -3.176922102
9.270793011 -20.86113077 -9.482767427
9.116606648 -23.52273636 -3.350513011
2.042587173 -15.50820048 -19.74523284
5.948518178 -19.03465749 -15.22530001
0 -18.89152178 -19.11660263
2.496861762 -29.98598403 -4.040007196
6.273559757 -23.41986997 -10.15083292
6.043378227 -26.53259518 -3.645856808
0 -30.71820467 -8.490302957
7.8021157 -23.72923608 -6.839314351
-5.142080762 -27.6170762 -17.06829176
4.16776449 -22.38422048 -13.83420907
-2.385945801 -22.94161773 -18.23791296
-2.70252801 -29.97149491 -13.11834653
2.176898397 -20.93156133 -16.6399771
2.372236025 -26.30850066 -11.51507555
-11.73040332 20.94363712 -3.176922102
-9.270793011 20.86113077 -9.482767427
-9.116606648 23.52273636 -3.350513011
-2.042587173 15.50820048 -19.74523284
-5.948518178 19.03465749 -15.22530001
-2.496861762 29.98598403 -4.040007196
-6.273559757 23.41986997 -10.15083292
-6.043378227 26.53259518 -3.645856808
-7.8021157 23.72923608 -6.839314351
18.02640895 32.1846195 -4.882056945
12.77823299 28.75356932 -13.07040417
12.57948176 32.4576725 -4.623180414
2.173066795 16.4988579 -21.00655012
7.786419871 24.91575732 -19.92943032
0 18.89152178 -19.11660263
2.719649231 32.66154324 -4.400484893
7.949600746 29.67671036 -12.8627242
7.422899355 32.58918708 -4.478096047
0 30.71820467 -8.490302957
10.25909034 31.2018414 -8.993091934
-4.16776449 22.38422048 -13.83420907
5.142080762 27.6170762 -17.06829176
-2.176898397 20.93156133 -16.6399771
-2.372236025 26.30850066 -11.51507555
2.385945801 22.94161773 -18.23791296
2.70252801 29.97149491 -13.11834653
0 -9.814484827 -22.26493291
0 -3.232660949 -23.20914141
0 9.814484827 -22.26493291
0 3.232660949 -23.20914141
25.33258581 32.25376187 -3.336558288
28.86746978 23.09029664 -9.021368986
21.68386423 30.08778704 -8.086031476
28.41709873 4.310564995 -15.91624356
28.8460348 13.11243586 -12.81932513
15.43013001 25.76054362 -15.92089153
25.28287043 21.50689417 -13.29199159
18.32988463 27.82402187 -12.29350715
24.10109945 26.1447768 -11.01931582
14.46029532 -18.41102702 -1.904567444
17.79571131 -14.23430097 -5.561335279
13.48872721 -18.7164957 -5.030020093
23.59556604 -3.579190894 -13.21573253
20.81460085 -9.461616492 -9.250114876
10.84105057 -18.09909287 -11.18585456
16.5369161 -14.06714104 -8.69397129
12.25768859 -18.60667442 -8.22100004
15.10996273 -16.39122745 -6.908458746
3.159942339 -11.66770759 -20.83169922
8.946586898 -8.74659807 -19.68158775
5.135486459 -13.77155054 -19.10893167
3.110572299 -8.463737942 -21.83819967
21.06530276 -2.179144584 -16.54500309
14.66200031 -5.728437228 -18.33042067
20.26610511 -5.446474463 -14.6055099
8.924244972 -16.97492267 -14.43973169
10.92502542 -10.58826148 -17.67706245
7.126772965 -15.58745269 -16.90920666
12.02611485 -15.14645649 -13.2179793
8.13172843 -12.12458269 -18.40462505
3.105415398 -1.919252265 -23.04920066
9.055840694 -5.596817346 -20.89351813
3.102831882 -5.143259218 -22.5807503
6.160917559 -7.02821791 -21.37551511
18.05857865 -11.16081539 -10.81678323
14.21673202 -8.7864236 -16.71277084
19.21280711 -8.488808075 -12.65699615
15.10473499 -13.18156987 -11.99298846
17.0997953 -7.207100919 -15.76314345
13.1677419 -11.98040735 -15.08888955
3.398723675 12.549379 -22.4058485
10.60086487 10.3638969 -23.32083224
5.970148802 16.00981847 -22.21467555
3.273036398 8.905796003 -22.97880117
23.10548126 2.390195144 -18.14738973
17.63629483 6.890492819 -22.04888122
26.14317443 7.025924872 -18.84103487
19.19222079 0 -18.9662496
12.30248003 23.40070761 -19.90583084
14.41213139 13.96787741 -23.31931844
9.266462969 20.26731507 -21.98590276
17.19872246 21.6611686 -18.90322521
10.18497945 15.1860243 -23.05176932
3.140015098 1.940636056 -23.30600863
10.03960973 6.204820046 -23.16325727
3.198088029 5.301155964 -23.27397358
6.326198445 0 -22.88840099
6.719011635 7.664877424 -23.31184168
25.8956673 16.00440255 -15.51106681
19.33465557 11.9494743 -22.72925081
26.09404709 11.52915117 -17.19021337
21.96757336 19.1706179 -17.44200436
23.12431233 9.746271792 -21.31673777
18.67115596 16.98757888 -21.39524091
12.52921109 -3.774614132 -20.27268939
13.78507455 4.152961976 -22.30471917
15.64628478 -2.046900188 -19.68158775
9.563195742 -1.97012667 -21.84903958
16.65788398 2.179241036 -20.95408654
9.912743064 2.042137378 -22.64765057
25.33258581 32.25376187 3.336558288
28.86746978 23.09029664 9.021368986
21.68386423 30.08778704 8.086031476
32.5931611 32.98148855 0
28.41709873 4.310564995 15.91624356
28.8460348 13.11243586 12.81932513
15.43013001 25.76054362 15.92089153
25.28287043 21.50689417 13.29199159
18.32988463 27.82402187 12.29350715
24.10109945 26.1447768 11.01931582
31.68302155 19.58118418 -5.89912757
31.68302155 19.58118418 5.89912757
32.21952074 25.61357363 -3.350854814
32.21952074 25.61357363 3.350854814
14.46029532 -18.41102702 1.904567444
17.79571131 -14.23430097 5.561335279
13.48872721 -18.7164957 5.030020093
16.3930875 -16.58840105 0
23.59556604 -3.579190894 13.21573253
20.81460085 -9.461616492 9.250114876
10.84105057 -18.09909287 11.18585456
16.5369161 -14.06714104 8.69397129
12.25768859 -18.60667442 8.22100004
15.10996273 -16.39122745 6.908458746
20.11900988 -12.43423192 -3.746000224
20.11900988 -12.43423192 3.746000224
18.31301374 -14.5583086 -1.904567444
18.31301374 -14.5583086 1.904567444
3.159942339 -11.66770759 20.83169922
8.946586898 -8.74659807 19.68158775
5.135486459 -13.77155054 19.10893167
3.110572299 -8.463737942 21.83819967
21.06530276 -2.179144584 16.54500309
14.66200031 -5.728437228 18.33042067
20.26610511 -5.446474463 14.6055099
8.924244972 -16.97492267 14.43973169
10.92502542 -10.58826148 17.67706245
7.126772965 -15.58745269 16.90920666
12.02611485 -15.14645649 13.2179793
8.13172843 -12.12458269 18.40462505
3.105415398 -1.919252265 23.04920066
9.055840694 -5.596817346 20.89351813
3.102831882 -5.143259218 22.5807503
6.160917559 -7.02821791 21.37551511
18.05857865 -11.16081539 10.81678323
14.21673202 -8.7864236 16.71277084
19.21280711 -8.488808075 12.65699615
15.10473499 -13.18156987 11.99298846
17.0997953 -7.207100919 15.76314345
13.1677419 -11.98040735 15.08888955
3.398723675 12.549379 22.4058485
10.60086487 10.3638969 23.32083224
5.970148802 16.00981847 22.21467555
3.273036398 8.905796003 22.97880117
23.10548126 2.390195144 18.14738973
17.63629483 6.890492819 22.04888122
26.14317443 7.025924872 18.84103487
19.19222079 0 18.9662496
12.30248003 23.40070761 19.90583084
14.41213139 13.96787741 23.31931844
9.266462969 20.26731507 21.98590276
17.19872246 21.6611686 18.90322521
10.18497945 15.1860243 23.05176932
3.140015098 1.940636056 23.30600863
10.03960973 6.204820046 23.16325727
3.198088029 5.301155964 23.27397358
6.326198445 0 22.88840099
6.719011635 7.664877424 23.31184168
25.8956673 16.00440255 15.51106681
19.33465557 11.9494743 22.72925081
26.09404709 11.52915117 17.19021337
21.96757336 19.1706179 17.44200436
23.12431233 9.746271792 21.31673777
18.67115596 16.98757888 21.39524091
12.52921109 -3.774614132 20.27268939
13.78507455 4.152961976 22.30471917
15.64628478 -2.046900188 19.68158775
9.563195742 -1.97012667 21.84903958
16.65788398 2.179241036 20.95408654
9.912743064 2.042137378 22.64765057
27.98845677 0 -12.33744047
32.35968416 0 -4.507184709
30.53567654 4.349416666 -11.83458197
26.02883069 -3.707474103 -10.08788294
27.98845677 0 12.33744047
32.35968416 0 4.507184709
30.53567654 4.349416666 11.83458197
26.02883069 -3.707474103 10.08788294
31.18843074 13.5179465 -8.354550396
32.85047531 4.425939683 -2.735381156
30.8465337 8.890684042 -10.14226602
32.74770032 14.33347526 -2.952858296
32.04914244 4.40388825 -7.29989239
22.24507148 -9.641642082 -5.958862514
28.91024007 -3.895072372 -2.407287114
24.08155731 -6.940861472 -7.917958071
22.85083657 -10.00167638 -2.060458649
27.89973955 -3.833716781 -6.354775226
31.18843074 13.5179465 8.354550396
32.85047531 4.425939683 2.735381156
30.8465337 8.890684042 10.14226602
32.74770032 14.33347526 2.952858296
32.04914244 4.40388825 7.29989239
32.98148855 9.115859235 0
22.24507148 -9.641642082 5.958862514
28.91024007 -3.895072372 2.407287114
24.08155731 -6.940861472 7.917958071
22.85083657 -10.00167638 2.060458649
27.89973955 -3.833716781 6.354775226
25.83959903 -7.141889521 0
-14.46029532 18.41102702 -1.904567444
-17.79571131 14.23430097 -5.561335279
-13.48872721 18.7164957 -5.030020093
-23.59556604 3.579190894 -13.21573253
-20.81460085 9.461616492 -9.250114876
-10.84105057 18.09909287 -11.18585456
-16.5369161 14.06714104 -8.69397129
-12.25768859 18.60667442 -8.22100004
-15.10996273 16.39122745 -6.908458746
-25.33258581 -32.25376187 -3.336558288
-28.86746978 -23.09029664 -9.021368986
-21.68386423 -30.08778704 -8.086031476
-28.41709873 -4.310564995 -15.91624356
-28.8460348 -13.11243586 -12.81932513
-15.43013001 -25.76054362 -15.92089153
-25.28287043 -21.50689417 -13.29199159
-18.32988463 -27.82402187 -12.29350715
-24.10109945 -26.1447768 -11.01931582
-3.398723675 -12.549379 -22.4058485
-10.60086487 -10.3638969 -23.32083224
-5.970148802 -16.00981847 -22.21467555
-3.273036398 -8.905796003 -22.97880117
-23.10548126 -2.390195144 -18.14738973
-17.63629483 -6.890492819 -22.04888122
-26.14317443 -7.025924872 -18.84103487
-12.30248003 -23.40070761 -19.90583084
-14.41213139 -13.96787741 -23.31931844
-9.266462969 -20.26731507 -21.98590276
-17.19872246 -21.6611686 -18.90322521
-10.18497945 -15.1860243 -23.05176932
-3.140015098 -1.940636056 -23.30600863
-10.03960973 -6.204820046 -23.16325727
-3.198088029 -5.301155964 -23.27397358
-6.719011635 -7.664877424 -23.31184168
-25.8956673 -16.00440255 -15.51106681
-19.33465557 -11.9494743 -22.72925081
-26.09404709 -11.52915117 -17.19021337
-21.96757336 -19.1706179 -17.44200436
-23.12431233 -9.746271792 -21.31673777
-18.67115596 -16.98757888 -21.39524091
-3.159942339 11.66770759 -20.83169922
-8.946586898 8.74659807 -19.68158775
-5.135486459 13.77155054 -19.10893167
-3.110572299 8.463737942 -21.83819967
-21.06530276 2.179144584 -16.54500309
-14.66200031 5.728437228 -18.33042067
-20.26610511 5.446474463 -14.6055099
-19.19222079 0 -18.9662496
-8.924244972 16.97492267 -14.43973169
-10.92502542 10.58826148 -17.67706245
-7.126772965 15.58745269 -16.90920666
-12.02611485 15.14645649 -13.2179793
-8.13172843 12.12458269 -18.40462505
-3.105415398 1.919252265 -23.04920066
-9.055840694 5.596817346 -20.89351813
-3.102831882 5.143259218 -22.5807503
-6.326198445 0 -22.88840099
-6.160917559 7.02821791 -21.37551511
-18.05857865 11.16081539 -10.81678323
-14.21673202 8.7864236 -16.71277084
-19.21280711 8.488808075 -12.65699615
-15.10473499 13.18156987 -11.99298846
-17.0997953 7.207100919 -15.76314345
-13.1677419 11.98040735 -15.08888955
-13.78507455 -4.152961976 -22.30471917
-12.52921109 3.774614132 -20.27268939
-16.65788398 -2.179241036 -20.95408654
-9.912743064 -2.042137378 -22.64765057
-15.64628478 2.046900188 -19.68158775
-9.563195742 1.97012667 -21.84903958
-14.46029532 18.41102702 1.904567444
-17.79571131 14.23430097 5.561335279
-13.48872721 18.7164957 5.030020093
-16.3930875 16.58840105 0
-23.59556604 3.579190894 13.21573253
-20.81460085 9.461616492 9.250114876
-10.84105057 18.09909287 11.18585456
-16.5369161 14.06714104 8.69397129
-12.25768859 18.60667442 8.22100004
-15.10996273 16.39122745 6.908458746
-20.11900988 12.43423192 -3.746000224
-20.11900988 12.43423192 3.746000224
-18.31301374 14.5583086 -1.904567444
-18.31301374 14.5583086 1.904567444
-25.33258581 -32.25376187 3.336558288
-28.86746978 -23.09029664 9.021368986
-21.68386423 -30.08778704 8.086031476
-32.5931611 -32.98148855 0
-28.41709873 -4.310564995 15.91624356
-28.8460348 -13.11243586 12.81932513
-15.43013001 -25.76054362 15.92089153
-25.28287043 -21.50689417 13.29199159
-18.32988463 -27.82402187 12.29350715
-24.10109945 -26.1447768 11.01931582
-31.68302155 -19.58118418 -5.89912757
-31.68302155 -19.58118418 5.89912757
-32.21952074 -25.61357363 -3.350854814
-32.21952074 -25.61357363 3.350854814
-3.398723675 -12.549379 22.4058485
-10.60086487 -10.3638969 23.32083224
-5.970148802 -16.00981847 22.21467555
-3.273036398 -8.905796003 22.97880117
-23.10548126 -2.390195144 18.14738973
-17.63629483 -6.890492819 22.04888122
-26.14317443 -7.025924872 18.84103487
-12.30248003 -23.40070761 19.90583084
-14.41213139 -13.96787741 23.31931844
-9.266462969 -20.26731507 21.98590276
-17.19872246 -21.6611686 18.90322521
-10.18497945 -15.1860243 23.05176932
-3.140015098 -1.940636056 23.30600863
-10.03960973 -6.204820046 23.16325727
-3.198088029 -5.301155964 23.27397358
-6.719011635 -7.664877424 23.31184168
-25.8956673 -16.00440255 15.51106681
-19.33465557 -11.9494743 22.72925081
-26.09404709 -11.52915117 17.19021337
-21.96757336 -19.1706179 17.44200436
-23.12431233 -9.746271792 21.31673777
-18.67115596 -16.98757888 21.39524091
-3.159942339 11.66770759 20.83169922
-8.946586898 8.74659807 19.68158775
-5.135486459 13.77155054 19.10893167
-3.110572299 8.463737942 21.83819967
-21.06530276 2.179144584 16.54500309
-14.66200031 5.728437228 18.33042067
-20.26610511 5.446474463 14.6055099
-19.19222079 0 18.9662496
-8.924244972 16.97492267 14.43973169
-10.92502542 10.58826148 17.67706245
-7.126772965 15.58745269 16.90920666
-12.02611485 15.14645649 13.2179793
-8.13172843 12.12458269 18.40462505
-3.105415398 1.919252265 23.04920066
-9.055840694 5.596817346 20.89351813
-3.102831882 5.143259218 22.5807503
-6.326198445 0 22.88840099
-6.160917559 7.02821791 21.37551511
-18.05857865 11.16081539 10.81678323
-14.21673202 8.7864236 16.71277084
-19.21280711 8.488808075 12.65699615
-15.10473499 13.18156987 11.99298846
-17.0997953 7.207100919 15.76314345
-13.1677419 11.98040735 15.08888955
-13.78507455 -4.152961976 22.30471917
-12.52921109 3.774614132 20.27268939
-16.65788398 -2.179241036 20.95408654
-9.912743064 -2.042137378 22.64765057
-15.64628478 2.046900188 19.68158775
-9.563195742 1.97012667 21.84903958
-27.98845677 0 -12.33744047
-32.35968416 0 -4.507184709
-26.02883069 3.707474103 -10.08788294
-30.53567654 -4.349416666 -11.83458197
-27.98845677 0 12.33744047
-32.35968416 0 4.507184709
-26.02883069 3.707474103 10.08788294
-30.53567654 -4.349416666 11.83458197
-22.24507148 9.641642082 -5.958862514
-28.91024007 3.895072372 -2.407287114
-24.08155731 6.940861472 -7.917958071
-22.85083657 10.00167638 -2.060458649
-27.89973955 3.833716781 -6.354775226
-31.18843074 -13.5179465 -8.354550396
-32.85047531 -4.425939683 -2.735381156
-30.8465337 -8.890684042 -10.14226602
-32.74770032 -14.33347526 -2.952858296
-32.04914244 -4.40388825 -7.29989239
-22.24507148 9.641642082 5.958862514
-28.91024007 3.895072372 2.407287114
-24.08155731 6.940861472 7.917958071
-22.85083657 10.00167638 2.060458649
-27.89973955 3.833716781 6.354775226
-25.83959903 7.141889521 0
-31.18843074 -13.5179465 8.354550396
-32.85047531 -4.425939683 2.735381156
-30.8465337 -8.890684042 10.14226602
-32.74770032 -14.33347526 2.952858296
-32.04914244 -4.40388825 7.29989239
-32.98148855 -9.115859235 0
-11.37111253 21.61037602 0
-8.739021284 24.24246727 0
-2.137704035 30.84378451 0
-5.738124082 27.24336447 0
17.35445127 32.98148855 0
11.88929853 32.98148855 0
2.285862849 32.98148855 0
6.946714453 32.98148855 0
-17.35445127 -32.98148855 0
-11.88929853 -32.98148855 0
-2.285862849 -32.98148855 0
-6.946714453 -32.98148855 0
11.37111253 -21.61037602 0
8.739021284 -24.24246727 0
2.137704035 -30.84378451 0
5.738124082 -27.24336447 0
-19.28539018 -32.75244985 2.504770087
-16.70529891 -31.42664557 7.114340342
-16.36243561 -32.80557371 2.418072794
-11.51607336 -27.82704588 14.87563457
-14.06493075 -29.67254767 11.18872391
-11.00180637 -32.86181078 2.293677961
-14.05462617 -31.70646165 6.947266909
-13.59701654 -32.83897877 2.350521975
-15.23360044 -32.3453556 4.75184521
-1.051609668 -14.80248967 21.19778156
-3.38213215 -18.32224792 20.79148296
-9.044263809 -25.96287946 18.33063136
-6.156978573 -22.48531429 20.26282359
-1.361464954 -32.9047531 2.20289657
-4.06824456 -32.23217676 6.582557973
-3.662028206 -32.89796457 2.213087419
-9.145695476 -28.38793111 14.79804613
-6.695978779 -30.74865156 10.83432125
-10.3498383 -29.25805331 12.98210185
-8.411967276 -32.87717372 2.264051883
-6.415294946 -32.15301915 6.6346482
-6.018189088 -32.88911631 2.231887243
-9.951218236 -32.53198995 4.550181144
-5.048717954 -32.62872095 4.439318979
-12.78097612 -30.92745593 9.109611575
-7.802796288 -31.42026847 8.866733324
-11.57055721 -30.11394134 11.08123245
-11.42682062 -31.89084735 6.856881059
-9.101896795 -30.46549064 10.96184318
-8.871923828 -32.03563846 6.753374568
12.19482441 -20.71051564 1.583853431
11.20480442 -21.0789055 4.771826743
10.94933398 -21.95267205 1.618114029
8.513321505 -20.57129898 10.99689588
9.973446205 -21.04081159 7.933927156
8.249839977 -24.64183346 1.719942662
9.903926206 -22.3427114 4.895556663
9.632725763 -23.26457984 1.665213359
10.45607382 -22.20127981 3.26158248
1.022745384 -14.39619514 20.61595086
3.052208689 -16.53493176 18.7632955
0 -16.01318711 20.38818807
6.847780262 -19.65755282 13.87886712
5.012005065 -18.30386573 16.49467726
-2.254206602 -19.60143382 19.83497284
2.090744165 -18.18004762 18.3966517
-1.091605503 -17.75066215 20.12777209
1.054677797 -17.15017853 19.44687369
1.305037595 -31.54098071 2.111595185
3.580427423 -28.36726452 5.793253265
3.291548633 -29.56974776 1.989194092
0 -32.39862728 4.365062265
7.01914816 -21.78719977 11.3572203
5.458556881 -25.0662777 8.832130563
7.819138176 -22.1039938 9.807771407
6.699309839 -26.1834558 1.80309606
5.330531509 -26.71625906 5.512794279
5.084877527 -27.78861315 1.885762165
7.638418543 -24.971109 3.492656597
4.359363116 -28.17357672 3.833171825
-2.690524507 -31.71327115 8.765332568
2.426584951 -28.60220984 7.905456369
-1.360797071 -32.29065393 6.609790986
1.285048481 -30.49319893 6.24185784
9.250795309 -22.38511062 6.593483256
6.249535089 -25.16560257 7.101679832
8.569252288 -22.30263903 8.206854247
8.490094274 -23.69480624 5.094642559
7.064070921 -23.64456458 8.507593459
6.965614063 -25.15214265 5.302277361
-7.714482259 -27.33407401 16.89338679
-2.421880105 -26.17699606 16.17827329
-6.498474056 -26.40256051 18.59577814
-6.553518841 -28.71430634 15.01818645
5.998468936 -21.25386881 13.13561332
2.180965506 -23.57306017 14.5689524
5.088555925 -20.67422361 14.56121179
5.250145171 -23.00356197 12.03134697
-3.56053636 -21.70786012 19.47374164
-1.193473614 -23.98740707 16.85549146
-4.946971856 -23.92208231 19.07516409
-1.139944072 -20.8359067 18.70625087
-3.690032564 -25.16775819 17.69867069
-4.057375256 -30.89713144 10.98072687
-1.274382725 -27.30133713 14.32438884
-5.322613191 -29.91252484 13.02951149
-1.339703128 -30.54305279 10.83842598
-3.94616589 -28.97603589 15.18690545
3.141926422 -19.15568116 17.18422653
1.135214965 -22.81647716 16.03270144
4.129409227 -19.96859297 15.92270199
1.093202892 -19.98157104 17.93923759
3.185916679 -21.72945068 15.28075679
0 -21.91978019 17.4255821
3.498627293 -26.64223555 9.468552523
1.199933147 -25.70639004 13.48755648
4.414913297 -24.81134716 10.80750403
1.249026171 -28.47576562 10.10483399
3.311002326 -24.31213611 12.74246463
0 -28.04369651 12.27456054
-12.19482441 20.71051564 1.583853431
-11.20480442 21.0789055 4.771826743
-10.94933398 21.95267205 1.618114029
-8.513321505 20.57129898 10.99689588
-9.973446205 21.04081159 7.933927156
-8.249839977 24.64183346 1.719942662
-9.903926206 22.3427114 4.895556663
-9.632725763 23.26457984 1.665213359
-10.45607382 22.20127981 3.26158248
-1.022745384 14.39619514 20.61595086
-3.052208689 16.53493176 18.7632955
-6.847780262 19.65755282 13.87886712
-5.012005065 18.30386573 16.49467726
-1.305037595 31.54098071 2.111595185
-3.580427423 28.36726452 5.793253265
-3.291548633 29.56974776 1.989194092
-7.01914816 21.78719977 11.3572203
-5.458556881 25.0662777 8.832130563
-7.819138176 22.1039938 9.807771407
-6.699309839 26.1834558 1.80309606
-5.330531509 26.71625906 5.512794279
-5.084877527 27.78861315 1.885762165
-7.638418543 24.971109 3.492656597
-4.359363116 28.17357672 3.833171825
-9.250795309 22.38511062 6.593483256
-6.249535089 25.16560257 7.101679832
-8.569252288 22.30263903 8.206854247
-8.490094274 23.69480624 5.094642559
-7.064070921 23.64456458 8.507593459
-6.965614063 25.15214265 5.302277361
19.28539018 32.75244985 2.504770087
16.70529891 31.42664557 7.114340342
16.36243561 32.80557371 2.418072794
11.51607336 27.82704588 14.87563457
14.06493075 29.67254767 11.18872391
11.00180637 32.86181078 2.293677961
14.05462617 31.70646165 6.947266909
13.59701654 32.83897877 2.350521975
15.23360044 32.3453556 4.75184521
1.051609668 14.80248967 21.19778156
3.38213215 18.32224792 20.79148296
0 16.01318711 20.38818807
9.044263809 25.96287946 18.33063136
6.156978573 22.48531429 20.26282359
-2.090744165 18.18004762 18.3966517
2.254206602 19.60143382 19.83497284
-1.054677797 17.15017853 19.44687369
1.091605503 17.75066215 20.12777209
1.361464954 32.9047531 2.20289657
4.06824456 32.23217676 6.582557973
3.662028206 32.89796457 2.213087419
0 32.39862728 4.365062265
9.145695476 28.38793111 14.79804613
6.695978779 30.74865156 10.83432125
10.3498383 29.25805331 12.98210185
8.411967276 32.87717372 2.264051883
6.415294946 32.15301915 6.6346482
6.018189088 32.88911631 2.231887243
9.951218236 32.53198995 4.550181144
5.048717954 32.62872095 4.439318979
-2.426584951 28.60220984 7.905456369
2.690524507 31.71327115 8.765332568
-1.285048481 30.49319893 6.24185784
1.360797071 32.29065393 6.609790986
12.78097612 30.92745593 9.109611575
7.802796288 31.42026847 8.866733324
11.57055721 30.11394134 11.08123245
11.42682062 31.89084735 6.856881059
9.101896795 30.46549064 10.96184318
8.871923828 32.03563846 6.753374568
-5.998468936 21.25386881 13.13561332
-2.180965506 23.57306017 14.5689524
-5.088555925 20.67422361 14.56121179
-5.250145171 23.00356197 12.03134697
7.714482259 27.33407401 16.89338679
2.421880105 26.17699606 16.17827329
6.498474056 26.40256051 18.59577814
6.553518841 28.71430634 15.01818645
-3.141926422 19.15568116 17.18422653
-1.135214965 22.81647716 16.03270144
-4.129409227 19.96859297 15.92270199
-1.093202892 19.98157104 17.93923759
-3.185916679 21.72945068 15.28075679
-3.498627293 26.64223555 9.468552523
-1.199933147 25.70639004 13.48755648
-4.414913297 24.81134716 10.80750403
-1.249026171 28.47576562 10.10483399
-3.311002326 24.31213611 12.74246463
3.56053636 21.70786012 19.47374164
1.193473614 23.98740707 16.85549146
4.946971856 23.92208231 19.07516409
1.139944072 20.8359067 18.70625087
3.690032564 25.16775819 17.69867069
0 21.91978019 17.4255821
4.057375256 30.89713144 10.98072687
1.274382725 27.30133713 14.32438884
5.322613191 29.91252484 13.02951149
1.339703128 30.54305279 10.83842598
3.94616589 28.97603589 15.18690545
0 28.04369651 12.27456054
0 -11.50115463 21.8575162
0 -8.146511213 22.5988157
0 -1.614411569 23.2934783
0 -4.858480552 23.06700841
0 11.50115463 21.8575162
0 8.146511213 22.5988157
0 1.614411569 23.2934783
0 4.858480552 23.06700841
-19.28539018 -32.75244985 -2.504770087
-16.70529891 -31.42664557 -7.114340342
-16.36243561 -32.80557371 -2.418072794
-11.51607336 -27.82704588 -14.87563457
-14.06493075 -29.67254767 -11.18872391
-11.00180637 -32.86181078 -2.293677961
-14.05462617 -31.70646165 -6.947266909
-13.59701654 -32.83897877 -2.350521975
-15.23360044 -32.3453556 -4.75184521
-1.051609668 -14.80248967 -21.19778156
-3.38213215 -18.32224792 -20.79148296
-9.044263809 -25.96287946 -18.33063136
-6.156978573 -22.48531429 -20.26282359
-1.361464954 -32.9047531 -2.20289657
-4.06824456 -32.23217676 -6.582557973
-3.662028206 -32.89796457 -2.213087419
-9.145695476 -28.38793111 -14.79804613
-6.695978779 -30.74865156 -10.83432125
-10.3498383 -29.25805331 -12.98210185
-8.411967276 -32.87717372 -2.264051883
-6.415294946 -32.15301915 -6.6346482
-6.018189088 -32.88911631 -2.231887243
-9.951218236 -32.53198995 -4.550181144
-5.048717954 -32.62872095 -4.439318979
-12.78097612 -30.92745593 -9.109611575
-7.802796288 -31.42026847 -8.866733324
-11.57055721 -30.11394134 -11.08123245
-11.42682062 -31.89084735 -6.856881059
-9.101896795 -30.46549064 -10.96184318
-8.871923828 -32.03563846 -6.753374568
12.19482441 -20.71051564 -1.583853431
11.20480442 -21.0789055 -4.771826743
10.94933398 -21.95267205 -1.618114029
8.513321505 -20.57129898 -10.99689588
9.973446205 -21.04081159 -7.933927156
8.249839977 -24.64183346 -1.719942662
9.903926206 -22.3427114 -4.895556663
9.632725763 -23.26457984 -1.665213359
10.45607382 -22.20127981 -3.26158248
1.022745384 -14.39619514 -20.61595086
3.052208689 -16.53493176 -18.7632955
0 -16.01318711 -20.38818807
6.847780262 -19.65755282 -13.87886712
5.012005065 -18.30386573 -16.49467726
-2.254206602 -19.60143382 -19.83497284
2.090744165 -18.18004762 -18.3966517
-1.091605503 -17.75066215 -20.12777209
1.054677797 -17.15017853 -19.44687369
1.305037595 -31.54098071 -2.111595185
3.580427423 -28.36726452 -5.793253265
3.291548633 -29.56974776 -1.989194092
0 -32.39862728 -4.365062265
7.01914816 -21.78719977 -11.3572203
5.458556881 -25.0662777 -8.832130563
7.819138176 -22.1039938 -9.807771407
6.699309839 -26.1834558 -1.80309606
5.330531509 -26.71625906 -5.512794279
5.084877527 -27.78861315 -1.885762165
7.638418543 -24.971109 -3.492656597
4.359363116 -28.17357672 -3.833171825
-2.690524507 -31.71327115 -8.765332568
2.426584951 -28.60220984 -7.905456369
-1.360797071 -32.29065393 -6.609790986
1.285048481 -30.49319893 -6.24185784
9.250795309 -22.38511062 -6.593483256
6.249535089 -25.16560257 -7.101679832
8.569252288 -22.30263903 -8.206854247
8.490094274 -23.69480624 -5.094642559
7.064070921 -23.64456458 -8.507593459
6.965614063 -25.15214265 -5.302277361
-7.714482259 -27.33407401 -16.89338679
-2.421880105 -26.17699606 -16.17827329
-6.498474056 -26.40256051 -18.59577814
-6.553518841 -28.71430634 -15.01818645
5.998468936 -21.25386881 -13.13561332
2.180965506 -23.57306017 -14.5689524
5.088555925 -20.67422361 -14.56121179
5.250145171 -23.00356197 -12.03134697
-3.56053636 -21.70786012 -19.47374164
-1.193473614 -23.98740707 -16.85549146
-4.946971856 -23.92208231 -19.07516409
-1.139944072 -20.8359067 -18.70625087
-3.690032564 -25.16775819 -17.69867069
-4.057375256 -30.89713144 -10.98072687
-1.274382725 -27.30133713 -14.32438884
-5.322613191 -29.91252484 -13.02951149
-1.339703128 -30.54305279 -10.83842598
-3.94616589 -28.97603589 -15.18690545
3.141926422 -19.15568116 -17.18422653
1.135214965 -22.81647716 -16.03270144
4.129409227 -19.96859297 -15.92270199
1.093202892 -19.98157104 -17.93923759
3.185916679 -21.72945068 -15.28075679
0 -21.91978019 -17.4255821
3.498627293 -26.64223555 -9.468552523
1.199933147 -25.70639004 -13.48755648
4.414913297 -24.81134716 -10.80750403
1.249026171 -28.47576562 -10.10483399
3.311002326 -24.31213611 -12.74246463
0 -28.04369651 -12.27456054
-12.19482441 20.71051564 -1.583853431
-11.20480442 21.0789055 -4.771826743
-10.94933398 21.95267205 -1.618114029
-8.513321505 20.57129898 -10.99689588
-9.973446205 21.04081159 -7.933927156
-8.249839977 24.64183346 -1.719942662
-9.903926206 22.3427114 -4.895556663
-9.632725763 23.26457984 -1.665213359
-10.45607382 22.20127981 -3.26158248
-1.022745384 14.39619514 -20.61595086
-3.052208689 16.53493176 -18.7632955
-6.847780262 19.65755282 -13.87886712
-5.012005065 18.30386573 -16.49467726
-1.305037595 31.54098071 -2.111595185
-3.580427423 28.36726452 -5.793253265
-3.291548633 29.56974776 -1.989194092
-7.01914816 21.78719977 -11.3572203
-5.458556881 25.0662777 -8.832130563
-7.819138176 22.1039938 -9.807771407
-6.699309839 26.1834558 -1.80309606
-5.330531509 26.71625906 -5.512794279
-5.084877527 27.78861315 -1.885762165
-7.638418543 24.971109 -3.492656597
-4.359363116 28.17357672 -3.833171825
-9.250795309 22.38511062 -6.593483256
-6.249535089 25.16560257 -7.101679832
-8.569252288 22.30263903 -8.206854247
-8.490094274 23.69480624 -5.094642559
-7.064070921 23.64456458 -8.507593459
-6.965614063 25.15214265 -5.302277361
19.28539018 32.75244985 -2.504770087
16.70529891 31.42664557 -7.114340342
16.36243561 32.80557371 -2.418072794
11.51607336 27.82704588 -14.87563457
14.06493075 29.67254767 -11.18872391
11.00180637 32.86181078 -2.293677961
14.05462617 31.70646165 -6.947266909
13.59701654 32.83897877 -2.350521975
15.23360044 32.3453556 -4.75184521
1.051609668 14.80248967 -21.19778156
3.38213215 18.32224792 -20.79148296
0 16.01318711 -20.38818807
9.044263809 25.96287946 -18.33063136
6.156978573 22.48531429 -20.26282359
-2.090744165 18.18004762 -18.3966517
2.254206602 19.60143382 -19.83497284
-1.054677797 17.15017853 -19.44687369
1.091605503 17.75066215 -20.12777209
1.361464954 32.9047531 -2.20289657
4.06824456 32.23217676 -6.582557973
3.662028206 32.89796457 -2.213087419
0 32.39862728 -4.365062265
9.145695476 28.38793111 -14.79804613
6.695978779 30.74865156 -10.83432125
10.3498383 29.25805331 -12.98210185
8.411967276 32.87717372 -2.264051883
6.415294946 32.15301915 -6.6346482
6.018189088 32.88911631 -2.231887243
9.951218236 32.53198995 -4.550181144
5.048717954 32.62872095 -4.439318979
-2.426584951 28.60220984 -7.905456369
2.690524507 31.71327115 -8.765332568
-1.285048481 30.49319893 -6.24185784
1.360797071 32.29065393 -6.609790986
12.78097612 30.92745593 -9.109611575
7.802796288 31.42026847 -8.866733324
11.57055721 30.11394134 -11.08123245
11.42682062 31.89084735 -6.856881059
9.101896795 30.46549064 -10.96184318
8.871923828 32.03563846 -6.753374568
-5.998468936 21.25386881 -13.13561332
-2.180965506 23.57306017 -14.5689524
-5.088555925 20.67422361 -14.56121179
-5.250145171 23.00356197 -12.03134697
7.714482259 27.33407401 -16.89338679
2.421880105 26.17699606 -16.17827329
6.498474056 26.40256051 -18.59577814
6.553518841 28.71430634 -15.01818645
-3.141926422 19.15568116 -17.18422653
-1.135214965 22.81647716 -16.03270144
-4.129409227 19.96859297 -15.92270199
-1.093202892 19.98157104 -17.93923759
-3.185916679 21.72945068 -15.28075679
-3.498627293 26.64223555 -9.468552523
-1.199933147 25.70639004 -13.48755648
-4.414913297 24.81134716 -10.80750403
-1.249026171 28.47576562 -10.10483399
-3.311002326 24.31213611 -12.74246463
3.56053636 21.70786012 -19.47374164
1.193473614 23.98740707 -16.85549146
4.946971856 23.92208231 -19.07516409
1.139944072 20.8359067 -18.70625087
3.690032564 25.16775819 -17.69867069
0 21.91978019 -17.4255821
4.057375256 30.89713144 -10.98072687
1.274382725 27.30133713 -14.32438884
5.322613191 29.91252484 -13.02951149
1.339703128 30.54305279 -10.83842598
3.94616589 28.97603589 -15.18690545
0 28.04369651 -12.27456054
0 -11.50115463 -21.8575162
0 -8.146511213 -22.5988157
0 -1.614411569 -23.2934783
0 -4.858480552 -23.06700841
0 11.50115463 -21.8575162
0 8.146511213 -22.5988157
0 1.614411569 -23.2934783
0 4.858480552 -23.06700841
22.93876613 32.84926821 -1.629633174
27.16143117 30.82189674 -5.01377069
21.50508677 32.23117863 -4.149905557
28.93468415 20.42882144 -10.07950282
28.66937593 25.83564097 -7.850312034
18.45203327 30.38777748 -8.681613793
25.01437696 29.55567685 -7.388345434
19.96818541 31.35270072 -6.510900052
23.48763711 31.19746865 -5.820175231
26.52285947 2.028357126 -15.61726515
28.61625809 6.478126942 -15.21139582
28.90144702 15.44998223 -11.96070849
28.77754578 10.85124264 -13.64069553
12.84572816 26.38066456 -16.30414734
18.01291146 25.00437008 -15.45355058
14.15842687 27.35685999 -14.55147624
27.28093205 19.82026348 -12.2495965
23.01155477 22.91914335 -14.16480959
27.06188601 22.30897541 -11.24073271
16.93533255 29.34451978 -10.80364459
19.53826418 26.04689196 -13.6545478
15.52556832 28.3515113 -12.71381246
19.96223736 28.93440681 -10.26547356
16.85155818 26.7750234 -14.14990111
26.06324957 27.29070735 -8.873576993
22.2763622 25.07721113 -13.0089422
26.6877497 24.84798862 -10.11831255
23.06847756 28.29856511 -9.635545814
24.79112744 23.86304474 -12.2215668
21.24327067 27.12636488 -11.72422427
13.54967825 -19.40370343 -0.9626064912
15.33545337 -17.40216696 -2.830795113
13.12106668 -19.66546095 -2.532014315
18.5733942 -13.11341613 -6.470109652
16.99905235 -15.31883409 -4.654718176
12.08464895 -19.90163456 -5.685782886
14.84865035 -17.54438706 -4.385756167
12.63091579 -19.83221382 -4.118482906
14.00799417 -18.606127 -3.471144429
24.23390514 -1.853307492 -14.26947659
22.92854715 -5.190547226 -12.18800883
20.08136406 -10.73498907 -8.31056457
21.53449892 -8.120083442 -10.20745638
9.311207641 -19.12198688 -11.81803783
12.31267253 -17.09166347 -10.56322895
10.07785777 -19.47239947 -10.35762724
17.9286445 -13.02559815 -8.050262379
15.14608569 -15.08526097 -9.323204011
17.2082548 -14.18594894 -7.147816397
11.46062237 -19.85827316 -7.311134312
13.01647687 -17.3525531 -9.09671934
10.79874357 -19.71977412 -8.843038641
12.90790394 -18.70945311 -6.637820417
11.57965597 -18.39862856 -9.723195035
15.68338424 -16.42199866 -5.339614969
14.46222639 -16.28058932 -8.445645901
16.45684563 -15.32236766 -6.239398585
14.31649829 -17.56233622 -5.979903737
15.83578382 -15.24295411 -7.806748216
13.70232549 -17.49703644 -7.562354197
1.613861175 -12.42586799 -21.10289781
4.653311967 -10.92651793 -20.55538235
2.616737936 -13.56011013 -20.32348609
1.593402367 -10.78211693 -21.61741322
10.35421438 -8.015785262 -19.36906942
7.534697271 -9.471589091 -19.98205209
4.607551969 -15.59957407 -18.43163916
5.633816849 -11.97419955 -19.71974069
3.624100649 -14.6252574 -19.42600728
4.158048427 -12.75225872 -20.02273831
1.564997196 -7.506631889 -22.42191041
4.627564061 -9.361765398 -21.11962651
1.578792528 -9.132808942 -22.05720042
3.139572641 -10.06493122 -21.37077052
22.88540935 -1.135331906 -15.98096644
19.35085298 -3.147786144 -17.05270982
22.41805783 -2.886423231 -14.95763727
13.20060651 -6.513129052 -18.69688767
16.16500051 -4.911830837 -17.93802898
21.33199074 -6.094427444 -12.95318827
19.05756824 -4.764022087 -16.12932766
21.89196796 -4.546224472 -13.94275023
20.68811862 -3.859559149 -15.57546312
8.337018662 -18.56727604 -13.48957956
9.471976545 -15.3877753 -15.32597999
7.47100933 -17.98633667 -14.82737538
9.919924217 -17.6001325 -12.85350274
11.3576858 -8.948505021 -18.37712166
10.46848762 -12.20224049 -16.93836878
9.961727881 -9.692652034 -18.72810638
5.621762955 -16.51210228 -17.28974547
8.576308615 -14.68597171 -16.53246656
6.557944868 -17.2970335 -16.10463589
6.148876222 -14.72103562 -18.05859029
8.047510989 -16.32416479 -15.71305201
12.92764727 -15.67021027 -11.61768332
11.04336779 -14.52169256 -14.73442018
11.45425978 -16.63037585 -12.22767003
10.49972336 -16.05800086 -13.82869971
7.138332971 -11.18974636 -19.38891558
9.082381839 -12.99596137 -17.32520344
8.550300521 -10.4412642 -19.0669748
6.655144893 -12.94159312 -18.75828412
9.536312803 -11.3570921 -18.04500233
7.644668953 -13.85147264 -17.68748828
1.556755628 -0.9621278904 -23.25332033
4.637857409 -2.866353514 -22.70974907
1.556500918 -2.575564893 -23.13768159
10.44103949 -6.452917284 -20.02963818
7.621340923 -4.71024773 -21.62996195
9.01369203 -7.186067102 -20.31435934
1.565273046 -5.815690774 -22.72993577
4.625561783 -4.472632495 -22.41652792
1.558291698 -4.20186733 -22.96300454
3.111037813 -6.803820603 -22.2426861
3.107989943 -3.534633286 -22.84353457
6.142854081 -8.618553124 -20.85520851
6.161932661 -5.422550057 -21.83550259
7.576673225 -7.91124375 -20.59008274
4.647017312 -7.744138007 -21.61293428
7.606949536 -6.316243398 -21.14146737
4.64769491 -6.105687579 -22.04703327
18.75568676 -11.5916519 -9.132842468
17.24922523 -10.66060747 -12.42617853
19.42621538 -10.33306131 -10.05395539
17.31242447 -12.64338751 -9.757763971
13.02987576 -8.05290609 -17.93453228
15.32085887 -9.46881152 -15.38263353
14.45696076 -7.28437002 -17.53700549
12.56580777 -9.697890398 -17.20619555
20.70252115 -7.621957437 -11.94785545
17.7601582 -9.310397933 -13.32222913
20.08038453 -9.004749002 -10.9962174
19.75470134 -7.00865809 -13.62903479
18.64682475 -9.854360244 -11.73586471
14.44189888 -14.6534576 -10.98268678
15.73472135 -11.66551096 -12.98086777
15.87000215 -13.6668005 -10.37679807
13.57416576 -14.16956637 -12.61078733
16.57403257 -12.186243 -11.41545304
17.43086831 -5.667649064 -16.64687782
16.73344241 -8.68056595 -14.86450077
15.92851007 -6.486224937 -17.10786722
18.65424559 -6.351694418 -15.20660303
15.64315571 -8.011713282 -16.25155008
18.21714348 -7.873590016 -14.26625762
11.58680416 -12.8932863 -15.62855972
14.74476028 -11.05111764 -14.53188338
12.08305378 -11.31879063 -16.43368895
12.61411354 -13.57774607 -14.17330372
13.7044591 -10.40539113 -15.91373163
14.18310226 -12.62283416 -13.58713288
1.676872674 12.91102284 -21.92683809
5.160691614 12.11790438 -22.79666398
2.806211284 14.54197362 -21.79507363
1.646252122 11.13973674 -22.33441668
12.42186625 9.616471977 -23.23691406
8.773305175 11.02859725 -23.26684599
5.371812152 18.18709417 -21.4889173
6.49700354 13.80882959 -22.74110581
4.039026652 16.2997141 -21.65010543
4.634329876 14.21295942 -22.31623224
1.599936899 7.674222916 -22.9224959
5.046999168 10.21030105 -23.03387615
1.622388713 9.384998906 -22.66627969
3.339590286 10.70615347 -22.73227149
24.06383471 1.193792905 -16.80386525
21.9667549 3.573312598 -19.35794239
25.68058821 3.306488321 -17.13444252
22.06747582 0 -17.33212477
15.96304512 7.876105757 -22.60951126
19.21099996 5.837375753 -21.31812331
27.45389046 7.843419093 -16.67052158
23.34983477 5.837005391 -19.76207725
27.40157708 5.690384736 -17.45175883
24.61502336 4.59215941 -18.53191175
18.45627597 -2.097520349 -18.23896987
19.92920837 2.264916289 -19.69455981
20.19606863 -1.095309483 -17.8108928
21.07124883 1.142773829 -18.58271335
11.32686103 25.22591875 -18.32724613
13.20181897 21.44712066 -21.36099181
10.07476828 24.25484511 -19.99493837
13.84758958 24.56867674 -17.94268048
14.35190667 11.3075948 -23.22187279
14.37583478 16.75670829 -23.26058929
12.40433968 12.06928654 -23.32023077
6.926977077 20.34574473 -21.30393463
11.70507801 20.04364024 -22.56376483
8.589688576 22.65589816 -21.09407897
7.528097973 18.02303289 -22.10921672
11.03966196 22.3936645 -21.55533342
18.84310573 22.84061615 -16.93372588
15.60158339 20.51560735 -20.81613955
16.37700848 23.77768723 -17.48281073
14.77090952 22.59024068 -19.45408134
8.493935793 13.31473153 -23.07096135
12.07274651 17.27486798 -23.02950845
10.4325282 12.73976078 -23.26429953
8.051108329 15.65618327 -22.69296611
12.29351825 14.64073399 -23.2622996
9.783028597 17.7259936 -22.63501595
1.561060515 0.9647884566 -23.31762259
4.755548833 2.939090814 -23.28603731
1.568101909 2.594761224 -23.31013254
3.127930792 0 -23.21631577
12.03825593 7.440051332 -23.09366906
8.180372877 5.055748479 -23.21653839
10.32708637 8.23315633 -23.27438553
1.592147844 5.915542691 -23.12019511
4.81222962 4.653128762 -23.32116286
1.577397257 4.25338466 -23.24454429
3.239672327 7.085143497 -23.16237184
3.172734179 3.608265162 -23.31940072
6.245367329 -1.917019545 -22.59595127
6.387557558 1.960664928 -23.11040035
4.702724959 -0.9681780198 -22.97410985
4.742594349 0.976386169 -23.16888283
6.845202248 9.603962334 -23.23970557
6.579373712 5.789901523 -23.31475199
8.581180847 8.960108392 -23.31989495
4.988817895 8.313740121 -23.20262355
8.383519178 6.961048895 -23.29973353
4.910982667 6.451569317 -23.29597798
27.42165213 16.94751304 -13.35262378
24.37592862 15.0651524 -17.56018818
27.4764148 14.61506903 -14.22030196
25.64870243 18.73143097 -14.4563221
16.62651114 10.275749 -22.88499953
21.35810687 13.20003598 -21.44422409
18.46861862 9.305707752 -22.40334407
16.9147342 13.05425337 -23.1611234
27.48086044 10.11750922 -15.859776
24.55019288 12.86993407 -18.41556201
27.4935989 12.32909444 -15.055767
26.12899394 9.27015709 -18.02674519
26.01340512 13.74740572 -16.37221389
21.34571386 21.65840625 -16.2328577
22.46384356 16.65439174 -18.53227498
23.58991513 20.31497293 -15.42455908
19.64096031 20.50246738 -18.24701259
24.03334205 17.6707838 -16.5530921
21.84463373 7.102785458 -20.86212473
23.03144774 11.9476911 -20.4590881
20.22784441 8.236950488 -21.72552704
24.71774876 8.416292476 -20.14946095
21.3046151 10.91125544 -22.13319523
24.64269585 10.65076335 -19.2982532
16.39397507 18.24249475 -22.11258729
20.83728075 15.6174286 -20.53644333
17.08351913 16.0029724 -23.23462634
17.98704891 19.36113718 -20.21037043
19.29296282 14.64857698 -22.40314852
20.30105516 18.06775751 -19.44801137
12.15885833 -5.552426998 -19.67344605
12.87919204 -1.928009152 -20.83897046
13.63291752 -4.764154538 -19.35621769
10.77204476 -4.700620714 -20.59581523
14.02352043 6.40393788 -22.6905327
13.51078823 2.022558813 -21.86091457
15.62603527 5.460668761 -22.18607571
11.94094025 5.210694191 -22.83070712
16.73448439 -3.059696551 -18.6543425
14.46727152 -1.024372791 -20.58868067
15.16257742 -3.932277774 -19.01532398
17.36612765 -1.058278027 -19.34321409
14.05734772 -2.930845585 -19.98974581
7.837196 -2.895841551 -22.05198961
11.3452961 -1.009344938 -21.62338354
9.319319473 -3.806983309 -21.39484473
7.9652598 -0.9845602572 -22.44637285
11.07545268 -2.8778459 -21.13154095
18.57419099 3.396064485 -20.70510882
14.87835557 1.053480098 -21.17370309
17.15997412 4.4502846 -21.52025069
17.98445767 1.095958568 -20.03193931
15.26081572 3.181759124 -21.7010942
16.16144529 0 -20.32961231
8.186229794 3.024809432 -23.03408699
11.59198442 1.031291796 -22.09355515
9.99401424 4.082599112 -22.94377648
8.08265524 0.9990711315 -22.77719718
11.78777156 3.062934854 -22.49061817
9.751303329 0 -22.27880911
22.93876613 32.84926821 1.629633174
27.16143117 30.82189674 5.01377069
21.50508677 32.23117863 4.149905557
25.90415321 32.98148855 0
28.93468415 20.42882144 10.07950282
28.66937593 25.83564097 7.850312034
18.45203327 30.38777748 8.681613793
25.01437696 29.55567685 7.388345434
19.96818541 31.35270072 6.510900052
23.48763711 31.19746865 5.820175231
30.327976 30.68931516 -3.487781779
30.327976 30.68931516 3.487781779
28.75963742 32.6110329 -1.768620134
28.75963742 32.6110329 1.768620134
26.52285947 2.028357126 15.61726515
28.61625809 6.478126942 15.21139582
28.90144702 15.44998223 11.96070849
28.77754578 10.85124264 13.64069553
12.84572816 26.38066456 16.30414734
18.01291146 25.00437008 15.45355058
14.15842687 27.35685999 14.55147624
27.28093205 19.82026348 12.2495965
23.01155477 22.91914335 14.16480959
27.06188601 22.30897541 11.24073271
16.93533255 29.34451978 10.80364459
19.53826418 26.04689196 13.6545478
15.52556832 28.3515113 12.71381246
19.96223736 28.93440681 10.26547356
16.85155818 26.7750234 14.14990111
26.06324957 27.29070735 8.873576993
22.2763622 25.07721113 13.0089422
26.6877497 24.84798862 10.11831255
23.06847756 28.29856511 9.635545814
24.79112744 23.86304474 12.2215668
21.24327067 27.12636488 11.72422427
30.39085606 18.78258199 -8.577196352
32.626052 20.16400905 -3.018542925
30.52382688 21.49845703 -7.512843195
30.39085606 18.78258199 8.577196352
32.626052 20.16400905 3.018542925
30.52382688 21.49845703 7.512843195
30.66834133 27.51203262 -5.030239913
32.84661099 23.08068435 -1.634255984
30.6353036 24.42820134 -6.335233813
32.55851197 29.23067864 -1.781294342
31.93931324 22.46061738 -4.682860706
30.66834133 27.51203262 5.030239913
32.84661099 23.08068435 1.634255984
30.6353036 24.42820134 6.335233813
32.55851197 29.23067864 1.781294342
31.93931324 22.46061738 4.682860706
32.98148855 26.21931568 0
13.54967825 -19.40370343 0.9626064912
15.33545337 -17.40216696 2.830795113
13.12106668 -19.66546095 2.532014315
14.50875811 -18.47273044 0
18.5733942 -13.11341613 6.470109652
16.99905235 -15.31883409 4.654718176
12.08464895 -19.90163456 5.685782886
14.84865035 -17.54438706 4.385756167
12.63091579 -19.83221382 4.118482906
14.00799417 -18.606127 3.471144429
16.33978699 -16.53446549 -1.879110276
16.33978699 -16.53446549 1.879110276
15.44302603 -17.51110498 -0.9496937101
15.44302603 -17.51110498 0.9496937101
24.23390514 -1.853307492 14.26947659
22.92854715 -5.190547226 12.18800883
20.08136406 -10.73498907 8.31056457
21.53449892 -8.120083442 10.20745638
9.311207641 -19.12198688 11.81803783
12.31267253 -17.09166347 10.56322895
10.07785777 -19.47239947 10.35762724
17.9286445 -13.02559815 8.050262379
15.14608569 -15.08526097 9.323204011
17.2082548 -14.18594894 7.147816397
11.46062237 -19.85827316 7.311134312
13.01647687 -17.3525531 9.09671934
10.79874357 -19.71977412 8.843038641
12.90790394 -18.70945311 6.637820417
11.57965597 -18.39862856 9.723195035
15.68338424 -16.42199866 5.339614969
14.46222639 -16.28058932 8.445645901
16.45684563 -15.32236766 6.239398585
14.31649829 -17.56233622 5.979903737
15.83578382 -15.24295411 7.806748216
13.70232549 -17.49703644 7.562354197
19.79044919 -12.23117025 -5.585448737
20.31736017 -12.55681915 -1.879750079
18.96033516 -13.35409064 -4.666715793
19.79044919 -12.23117025 5.585448737
20.31736017 -12.55681915 1.879750079
18.96033516 -13.35409064 4.666715793
17.25685347 -15.48082143 -2.830479555
19.35381062 -13.59955199 -0.9629328525
18.11150371 -14.44188264 -3.745372078
17.36447501 -15.58963718 -0.9500201089
19.22219224 -13.51758261 -2.818308837
17.25685347 -15.48082143 2.830479555
19.35381062 -13.59955199 0.9629328525
18.11150371 -14.44188264 3.745372078
17.36447501 -15.58963718 0.9500201089
19.22219224 -13.51758261 2.818308837
18.37438868 -14.60709987 0
1.613861175 -12.42586799 21.10289781
4.653311967 -10.92651793 20.55538235
2.616737936 -13.56011013 20.32348609
1.593402367 -10.78211693 21.61741322
10.35421438 -8.015785262 19.36906942
7.534697271 -9.471589091 19.98205209
4.607551969 -15.59957407 18.43163916
5.633816849 -11.97419955 19.71974069
3.624100649 -14.6252574 19.42600728
4.158048427 -12.75225872 20.02273831
1.564997196 -7.506631889 22.42191041
4.627564061 -9.361765398 21.11962651
1.578792528 -9.132808942 22.05720042
3.139572641 -10.06493122 21.37077052
22.88540935 -1.135331906 15.98096644
19.35085298 -3.147786144 17.05270982
22.41805783 -2.886423231 14.95763727
13.20060651 -6.513129052 18.69688767
16.16500051 -4.911830837 17.93802898
21.33199074 -6.094427444 12.95318827
19.05756824 -4.764022087 16.12932766
21.89196796 -4.546224472 13.94275023
20.68811862 -3.859559149 15.57546312
8.337018662 -18.56727604 13.48957956
9.471976545 -15.3877753 15.32597999
7.47100933 -17.98633667 14.82737538
9.919924217 -17.6001325 12.85350274
11.3576858 -8.948505021 18.37712166
10.46848762 -12.20224049 16.93836878
9.961727881 -9.692652034 18.72810638
5.621762955 -16.51210228 17.28974547
8.576308615 -14.68597171 16.53246656
6.557944868 -17.2970335 16.10463589
6.148876222 -14.72103562 18.05859029
8.047510989 -16.32416479 15.71305201
12.92764727 -15.67021027 11.61768332
11.04336779 -14.52169256 14.73442018
11.45425978 -16.63037585 12.22767003
10.49972336 -16.05800086 13.82869971
7.138332971 -11.18974636 19.38891558
9.082381839 -12.99596137 17.32520344
8.550300521 -10.4412642 19.0669748
6.655144893 -12.94159312 18.75828412
9.536312803 -11.3570921 18.04500233
7.644668953 -13.85147264 17.68748828
1.556755628 -0.9621278904 23.25332033
4.637857409 -2.866353514 22.70974907
1.556500918 -2.575564893 23.13768159
10.44103949 -6.452917284 20.02963818
7.621340923 -4.71024773 21.62996195
9.01369203 -7.186067102 20.31435934
1.565273046 -5.815690774 22.72993577
4.625561783 -4.472632495 22.41652792
1.558291698 -4.20186733 22.96300454
3.111037813 -6.803820603 22.2426861
3.107989943 -3.534633286 22.84353457
6.142854081 -8.618553124 20.85520851
6.161932661 -5.422550057 21.83550259
7.576673225 -7.91124375 20.59008274
4.647017312 -7.744138007 21.61293428
7.606949536 -6.316243398 21.14146737
4.64769491 -6.105687579 22.04703327
18.75568676 -11.5916519 9.132842468
17.24922523 -10.66060747 12.42617853
19.42621538 -10.33306131 10.05395539
17.31242447 -12.64338751 9.757763971
13.02987576 -8.05290609 17.93453228
15.32085887 -9.46881152 15.38263353
14.45696076 -7.28437002 17.53700549
12.56580777 -9.697890398 17.20619555
20.70252115 -7.621957437 11.94785545
17.7601582 -9.310397933 13.32222913
20.08038453 -9.004749002 10.9962174
19.75470134 -7.00865809 13.62903479
18.64682475 -9.854360244 11.73586471
14.44189888 -14.6534576 10.98268678
15.73472135 -11.66551096 12.98086777
15.87000215 -13.6668005 10.37679807
13.57416576 -14.16956637 12.61078733
16.57403257 -12.186243 11.41545304
17.43086831 -5.667649064 16.64687782
16.73344241 -8.68056595 14.86450077
15.92851007 -6.486224937 17.10786722
18.65424559 -6.351694418 15.20660303
15.64315571 -8.011713282 16.25155008
18.21714348 -7.873590016 14.26625762
11.58680416 -12.8932863 15.62855972
14.74476028 -11.05111764 14.53188338
12.08305378 -11.31879063 16.43368895
12.61411354 -13.57774607 14.17330372
13.7044591 -10.40539113 15.91373163
14.18310226 -12.62283416 13.58713288
1.676872674 12.91102284 21.92683809
5.160691614 12.11790438 22.79666398
2.806211284 14.54197362 21.79507363
1.646252122 11.13973674 22.33441668
12.42186625 9.616471977 23.23691406
8.773305175 11.02859725 23.26684599
5.371812152 18.18709417 21.4889173
6.49700354 13.80882959 22.74110581
4.039026652 16.2997141 21.65010543
4.634329876 14.21295942 22.31623224
1.599936899 7.674222916 22.9224959
5.046999168 10.21030105 23.03387615
1.622388713 9.384998906 22.66627969
3.339590286 10.70615347 22.73227149
24.06383471 1.193792905 16.80386525
21.9667549 3.573312598 19.35794239
25.68058821 3.306488321 17.13444252
22.06747582 0 17.33212477
15.96304512 7.876105757 22.60951126
19.21099996 5.837375753 21.31812331
27.45389046 7.843419093 16.67052158
23.34983477 5.837005391 19.76207725
27.40157708 5.690384736 17.45175883
24.61502336 4.59215941 18.53191175
18.45627597 -2.097520349 18.23896987
19.92920837 2.264916289 19.69455981
20.19606863 -1.095309483 17.8108928
21.07124883 1.142773829 18.58271335
11.32686103 25.22591875 18.32724613
13.20181897 21.44712066 21.36099181
10.07476828 24.25484511 19.99493837
13.84758958 24.56867674 17.94268048
14.35190667 11.3075948 23.22187279
14.37583478 16.75670829 23.26058929
12.40433968 12.06928654 23.32023077
6.926977077 20.34574473 21.30393463
11.70507801 20.04364024 22.56376483
8.589688576 22.65589816 21.09407897
7.528097973 18.02303289 22.10921672
11.03966196 22.3936645 21.55533342
18.84310573 22.84061615 16.93372588
15.60158339 20.51560735 20.81613955
16.37700848 23.77768723 17.48281073
14.77090952 22.59024068 19.45408134
8.493935793 13.31473153 23.07096135
12.07274651 17.27486798 23.02950845
10.4325282 12.73976078 23.26429953
8.051108329 15.65618327 22.69296611
12.29351825 14.64073399 23.2622996
9.783028597 17.7259936 22.63501595
1.561060515 0.9647884566 23.31762259
4.755548833 2.939090814 23.28603731
1.568101909 2.594761224 23.31013254
3.127930792 0 23.21631577
12.03825593 7.440051332 23.09366906
8.180372877 5.055748479 23.21653839
10.32708637 8.23315633 23.27438553
1.592147844 5.915542691 23.12019511
4.81222962 4.653128762 23.32116286
1.577397257 4.25338466 23.24454429
3.239672327 7.085143497 23.16237184
3.172734179 3.608265162 23.31940072
6.245367329 -1.917019545 22.59595127
6.387557558 1.960664928 23.11040035
4.702724959 -0.9681780198 22.97410985
4.742594349 0.976386169 23.16888283
6.845202248 9.603962334 23.23970557
6.579373712 5.789901523 23.31475199
8.581180847 8.960108392 23.31989495
4.988817895 8.313740121 23.20262355
8.383519178 6.961048895 23.29973353
4.910982667 6.451569317 23.29597798
27.42165213 16.94751304 13.35262378
24.37592862 15.0651524 17.56018818
27.4764148 14.61506903 14.22030196
25.64870243 18.73143097 14.4563221
16.62651114 10.275749 22.88499953
21.35810687 13.20003598 21.44422409
18.46861862 9.305707752 22.40334407
16.9147342 13.05425337 23.1611234
27.48086044 10.11750922 15.859776
24.55019288 12.86993407 18.41556201
27.4935989 12.32909444 15.055767
26.12899394 9.27015709 18.02674519
26.01340512 13.74740572 16.37221389
21.34571386 21.65840625 16.2328577
22.46384356 16.65439174 18.53227498
23.58991513 20.31497293 15.42455908
19.64096031 20.50246738 18.24701259
24.03334205 17.6707838 16.5530921
21.84463373 7.102785458 20.86212473
23.03144774 11.9476911 20.4590881
20.22784441 8.236950488 21.72552704
24.71774876 8.416292476 20.14946095
21.3046151 10.91125544 22.13319523
24.64269585 10.65076335 19.2982532
16.39397507 18.24249475 22.11258729
20.83728075 15.6174286 20.53644333
17.08351913 16.0029724 23.23462634
17.98704891 19.36113718 20.21037043
19.29296282 14.64857698 22.40314852
20.30105516 18.06775751 19.44801137
12.15885833 -5.552426998 19.67344605
12.87919204 -1.928009152 20.83897046
13.63291752 -4.764154538 19.35621769
10.77204476 -4.700620714 20.59581523
14.02352043 6.40393788 22.6905327
13.51078823 2.022558813 21.86091457
15.62603527 5.460668761 22.18607571
11.94094025 5.210694191 22.83070712
16.73448439 -3.059696551 18.6543425
14.46727152 -1.024372791 20.58868067
15.16257742 -3.932277774 19.01532398
17.36612765 -1.058278027 19.34321409
14.05734772 -2.930845585 19.98974581
7.837196 -2.895841551 22.05198961
11.3452961 -1.009344938 21.62338354
9.319319473 -3.806983309 21.39484473
7.9652598 -0.9845602572 22.44637285
11.07545268 -2.8778459 21.13154095
18.57419099 3.396064485 20.70510882
14.87835557 1.053480098 21.17370309
17.15997412 4.4502846 21.52025069
17.98445767 1.095958568 20.03193931
15.26081572 3.181759124 21.7010942
16.16144529 0 20.32961231
8.186229794 3.024809432 23.03408699
11.59198442 1.031291796 22.09355515
9.99401424 4.082599112 22.94377648
8.08265524 0.9990711315 22.77719718
11.78777156 3.062934854 22.49061817
9.751303329 0 22.27880911
26.459408 0 -13.92261317
29.38344152 0 -10.59226019
28.32769636 2.08801201 -14.12900478
25.67298541 -1.892335373 -12.80491462
32.82419368 0 -2.274961143
31.60902195 0 -6.657639157
29.70642563 6.509034976 -13.16806372
31.20938037 2.178342161 -10.44858916
29.59023633 4.347091573 -13.93602973
30.0472379 2.150696995 -12.44109305
24.05923691 -5.271668037 -10.66481604
28.19202733 -1.967737936 -9.438409461
24.86764323 -3.653297025 -11.71184345
27.00902764 -1.933230428 -11.18311864
26.459408 0 13.92261317
29.38344152 0 10.59226019
28.32769636 2.08801201 14.12900478
25.67298541 -1.892335373 12.80491462
32.82419368 0 2.274961143
31.60902195 0 6.657639157
29.70642563 6.509034976 13.16806372
31.20938037 2.178342161 10.44858916
29.59023633 4.347091573 13.93602973
30.0472379 2.150696995 12.44109305
24.05923691 -5.271668037 10.66481604
28.19202733 -1.967737936 9.438409461
24.86764323 -3.653297025 11.71184345
27.00902764 -1.933230428 11.18311864
30.22834483 15.75741605 -9.738618693
31.87398205 11.23083269 -6.941036325
30.09453185 13.35325605 -10.64573692
31.42672885 16.4368405 -7.17258001
32.95128864 2.206012015 -1.363390405
32.6586029 6.66964408 -4.122066734
32.76537854 2.20416819 -3.647269426
29.83886033 8.788968225 -12.33110677
31.69299366 8.943695796 -7.87052388
29.96313788 11.02574027 -11.5126146
30.68980186 6.59864314 -10.99647359
31.0143103 11.15931497 -9.265862639
32.90642747 17.26525188 -1.536019372
32.55471125 11.56982464 -4.275046703
32.3745194 16.96811693 -4.408995924
32.12132877 13.9916381 -5.715646176
31.89953382 2.196727742 -8.161827927
32.19798399 6.643926515 -6.424266504
32.41019125 2.199386925 -5.930553362
31.37123344 4.387828567 -9.596154146
32.53764604 4.42692773 -5.034625721
31.5334947 6.647518557 -8.732860542
20.76865462 -10.8262736 -6.691005058
23.77945834 -8.378718343 -5.178332718
21.58574142 -9.577817449 -7.635809905
21.18479732 -11.08009479 -4.835045178
30.86561909 -2.066381297 -1.277093876
27.09218104 -5.532851649 -3.419490374
30.57185355 -2.056607007 -3.403097773
23.2205518 -6.839560549 -9.596046911
24.80881963 -7.000996442 -6.160932899
22.40675196 -8.245165393 -8.609255176
25.05347311 -5.386770799 -8.976918672
23.16213849 -8.334010857 -6.919940878
21.61153771 -11.33908087 -1.008791994
24.10821596 -8.56797128 -3.165862796
21.46896496 -11.25230319 -2.923798739
22.6291868 -9.856983019 -4.02662125
29.2272504 -2.012703764 -7.478096384
26.62144216 -5.493229188 -5.311613274
30.01676072 -2.036966415 -5.492593359
27.05185623 -3.783686345 -8.274898815
28.50755837 -3.878611886 -4.411040874
25.91712796 -5.463542519 -7.177468475
30.22834483 15.75741605 9.738618693
31.87398205 11.23083269 6.941036325
30.09453185 13.35325605 10.64573692
31.42672885 16.4368405 7.17258001
32.95128864 2.206012015 1.363390405
32.6586029 6.66964408 4.122066734
32.76537854 2.20416819 3.647269426
32.98148855 4.443591077 0
29.83886033 8.788968225 12.33110677
31.69299366 8.943695796 7.87052388
29.96313788 11.02574027 11.5126146
30.68980186 6.59864314 10.99647359
31.0143103 11.15931497 9.265862639
32.90642747 17.26525188 1.536019372
32.55471125 11.56982464 4.275046703
32.3745194 16.96811693 4.408995924
32.98148855 14.43580299 0
32.12132877 13.9916381 5.715646176
31.89953382 2.196727742 8.161827927
32.19798399 6.643926515 6.424266504
32.41019125 2.199386925 5.930553362
31.37123344 4.387828567 9.596154146
32.53764604 4.42692773 5.034625721
31.5334947 6.647518557 8.732860542
32.81936924 9.071050559 -2.784364842
32.81936924 9.071050559 2.784364842
32.94475625 6.743683586 -1.388362338
32.93249591 11.68633737 -1.44451074
32.94475625 6.743683586 1.388362338
32.93249591 11.68633737 1.44451074
20.76865462 -10.8262736 6.691005058
23.77945834 -8.378718343 5.178332718
21.58574142 -9.577817449 7.635809905
21.18479732 -11.08009479 4.835045178
30.86561909 -2.066381297 1.277093876
27.09218104 -5.532851649 3.419490374
30.57185355 -2.056607007 3.403097773
29.06549826 -3.915990285 0
23.2205518 -6.839560549 9.596046911
24.80881963 -7.000996442 6.160932899
22.40675196 -8.245165393 8.609255176
25.05347311 -5.386770799 8.976918672
23.16213849 -8.334010857 6.919940878
21.61153771 -11.33908087 1.008791994
24.10821596 -8.56797128 3.165862796
21.46896496 -11.25230319 2.923798739
22.94054662 -10.04094193 0
22.6291868 -9.856983019 4.02662125
29.2272504 -2.012703764 7.478096384
26.62144216 -5.493229188 5.311613274
30.01676072 -2.036966415 5.492593359
27.05185623 -3.783686345 8.274898815
28.50755837 -3.878611886 4.411040874
25.91712796 -5.463542519 7.177468475
25.72619143 -7.11054443 -2.182586217
25.72619143 -7.11054443 2.182586217
27.34397978 -5.597223007 -1.152333665
24.31767104 -8.62930367 -1.066640593
27.34397978 -5.597223007 1.152333665
24.31767104 -8.62930367 1.066640593
-13.54967825 19.40370343 -0.9626064912
-15.33545337 17.40216696 -2.830795113
-13.12106668 19.66546095 -2.532014315
-18.5733942 13.11341613 -6.470109652
-16.99905235 15.31883409 -4.654718176
-12.08464895 19.90163456 -5.685782886
-14.84865035 17.54438706 -4.385756167
-12.63091579 19.83221382 -4.118482906
-14.00799417 18.606127 -3.471144429
-24.23390514 1.853307492 -14.26947659
-22.92854715 5.190547226 -12.18800883
-20.08136406 10.73498907 -8.31056457
-21.53449892 8.120083442 -10.20745638
-9.311207641 19.12198688 -11.81803783
-12.31267253 17.09166347 -10.56322895
-10.07785777 19.47239947 -10.35762724
-17.9286445 13.02559815 -8.050262379
-15.14608569 15.08526097 -9.323204011
-17.2082548 14.18594894 -7.147816397
-11.46062237 19.85827316 -7.311134312
-13.01647687 17.3525531 -9.09671934
-10.79874357 19.71977412 -8.843038641
-12.90790394 18.70945311 -6.637820417
-11.57965597 18.39862856 -9.723195035
-15.68338424 16.42199866 -5.339614969
-14.46222639 16.28058932 -8.445645901
-16.45684563 15.32236766 -6.239398585
-14.31649829 17.56233622 -5.979903737
-15.83578382 15.24295411 -7.806748216
-13.70232549 17.49703644 -7.562354197
-22.93876613 -32.84926821 -1.629633174
-27.16143117 -30.82189674 -5.01377069
-21.50508677 -32.23117863 -4.149905557
-28.93468415 -20.42882144 -10.07950282
-28.66937593 -25.83564097 -7.850312034
-18.45203327 -30.38777748 -8.681613793
-25.01437696 -29.55567685 -7.388345434
-19.96818541 -31.35270072 -6.510900052
-23.48763711 -31.19746865 -5.820175231
-26.52285947 -2.028357126 -15.61726515
-28.61625809 -6.478126942 -15.21139582
-28.90144702 -15.44998223 -11.96070849
-28.77754578 -10.85124264 -13.64069553
-12.84572816 -26.38066456 -16.30414734
-18.01291146 -25.00437008 -15.45355058
-14.15842687 -27.35685999 -14.55147624
-27.28093205 -19.82026348 -12.2495965
-23.01155477 -22.91914335 -14.16480959
-27.06188601 -22.30897541 -11.24073271
-16.93533255 -29.34451978 -10.80364459
-19.53826418 -26.04689196 -13.6545478
-15.52556832 -28.3515113 -12.71381246
-19.96223736 -28.93440681 -10.26547356
-16.85155818 -26.7750234 -14.14990111
-26.06324957 -27.29070735 -8.873576993
-22.2763622 -25.07721113 -13.0089422
-26.6877497 -24.84798862 -10.11831255
-23.06847756 -28.29856511 -9.635545814
-24.79112744 -23.86304474 -12.2215668
-21.24327067 -27.12636488 -11.72422427
-1.676872674 -12.91102284 -21.92683809
-5.160691614 -12.11790438 -22.79666398
-2.806211284 -14.54197362 -21.79507363
-1.646252122 -11.13973674 -22.33441668
-12.42186625 -9.616471977 -23.23691406
-8.773305175 -11.02859725 -23.26684599
-5.371812152 -18.18709417 -21.4889173
-6.49700354 -13.80882959 -22.74110581
-4.039026652 -16.2997141 -21.65010543
-4.634329876 -14.21295942 -22.31623224
-1.599936899 -7.674222916 -22.9224959
-5.046999168 -10.21030105 -23.03387615
-1.622388713 -9.384998906 -22.66627969
-3.339590286 -10.70615347 -22.73227149
-24.06383471 -1.193792905 -16.80386525
-21.9667549 -3.573312598 -19.35794239
-25.68058821 -3.306488321 -17.13444252
-15.96304512 -7.876105757 -22.60951126
-19.21099996 -5.837375753 -21.31812331
-27.45389046 -7.843419093 -16.67052158
-23.34983477 -5.837005391 -19.76207725
-27.40157708 -5.690384736 -17.45175883
-24.61502336 -4.59215941 -18.53191175
-11.32686103 -25.22591875 -18.32724613
-13.20181897 -21.44712066 -21.36099181
-10.07476828 -24.25484511 -19.99493837
-13.84758958 -24.56867674 -17.94268048
-14.35190667 -11.3075948 -23.22187279
-14.37583478 -16.75670829 -23.26058929
-12.40433968 -12.06928654 -23.32023077
-6.926977077 -20.34574473 -21.30393463
-11.70507801 -20.04364024 -22.56376483
-8.589688576 -22.65589816 -21.09407897
-7.528097973 -18.02303289 -22.10921672
-11.03966196 -22.3936645 -21.55533342
-18.84310573 -22.84061615 -16.93372588
-15.60158339 -20.51560735 -20.81613955
-16.37700848 -23.77768723 -17.48281073
-14.77090952 -22.59024068 -19.45408134
-8.493935793 -13.31473153 -23.07096135
-12.07274651 -17.27486798 -23.02950845
-10.4325282 -12.73976078 -23.26429953
-8.051108329 -15.65618327 -22.69296611
-12.29351825 -14.64073399 -23.2622996
-9.783028597 -17.7259936 -22.63501595
-1.561060515 -0.9647884566 -23.31762259
-4.755548833 -2.939090814 -23.28603731
-1.568101909 -2.594761224 -23.31013254
-12.03825593 -7.440051332 -23.09366906
-8.180372877 -5.055748479 -23.21653839
-10.32708637 -8.23315633 -23.27438553
-1.592147844 -5.915542691 -23.12019511
-4.81222962 -4.653128762 -23.32116286
-1.577397257 -4.25338466 -23.24454429
-3.239672327 -7.085143497 -23.16237184
-3.172734179 -3.608265162 -23.31940072
-6.845202248 -9.603962334 -23.23970557
-6.579373712 -5.789901523 -23.31475199
-8.581180847 -8.960108392 -23.31989495
-4.988817895 -8.313740121 -23.20262355
-8.383519178 -6.961048895 -23.29973353
-4.910982667 -6.451569317 -23.29597798
-27.42165213 -16.94751304 -13.35262378
-24.37592862 -15.0651524 -17.56018818
-27.4764148 -14.61506903 -14.22030196
-25.64870243 -18.73143097 -14.4563221
-16.62651114 -10.275749 -22.88499953
-21.35810687 -13.20003598 -21.44422409
-18.46861862 -9.305707752 -22.40334407
-16.9147342 -13.05425337 -23.1611234
-27.48086044 -10.11750922 -15.859776
-24.55019288 -12.86993407 -18.41556201
-27.4935989 -12.32909444 -15.055767
-26.12899394 -9.27015709 -18.02674519
-26.01340512 -13.74740572 -16.37221389
-21.34571386 -21.65840625 -16.2328577
-22.46384356 -16.65439174 -18.53227498
-23.58991513 -20.31497293 -15.42455908
-19.64096031 -20.50246738 -18.24701259
-24.03334205 -17.6707838 -16.5530921
-21.84463373 -7.102785458 -20.86212473
-23.03144774 -11.9476911 -20.4590881
-20.22784441 -8.236950488 -21.72552704
-24.71774876 -8.416292476 -20.14946095
-21.3046151 -10.91125544 -22.13319523
-24.64269585 -10.65076335 -19.2982532
-16.39397507 -18.24249475 -22.11258729
-20.83728075 -15.6174286 -20.53644333
-17.08351913 -16.0029724 -23.23462634
-17.98704891 -19.36113718 -20.21037043
-19.29296282 -14.64857698 -22.40314852
-20.30105516 -18.06775751 -19.44801137
-1.613861175 12.42586799 -21.10289781
-4.653311967 10.92651793 -20.55538235
-2.616737936 13.56011013 -20.32348609
-1.593402367 10.78211693 -21.61741322
-10.35421438 8.015785262 -19.36906942
-7.534697271 9.471589091 -19.98205209
-4.607551969 15.59957407 -18.43163916
-5.633816849 11.97419955 -19.71974069
-3.624100649 14.6252574 -19.42600728
-4.158048427 12.75225872 -20.02273831
-1.564997196 7.506631889 -22.42191041
-4.627564061 9.361765398 -21.11962651
-1.578792528 9.132808942 -22.05720042
-3.139572641 10.06493122 -21.37077052
-22.88540935 1.135331906 -15.98096644
-19.35085298 3.147786144 -17.05270982
-22.41805783 2.886423231 -14.95763727
-22.06747582 0 -17.33212477
-13.20060651 6.513129052 -18.69688767
-16.16500051 4.911830837 -17.93802898
-21.33199074 6.094427444 -12.95318827
-19.05756824 4.764022087 -16.12932766
-21.89196796 4.546224472 -13.94275023
-20.68811862 3.859559149 -15.57546312
-19.92920837 -2.264916289 -19.69455981
-18.45627597 2.097520349 -18.23896987
-21.07124883 -1.142773829 -18.58271335
-20.19606863 1.095309483 -17.8108928
-8.337018662 18.56727604 -13.48957956
-9.471976545 15.3877753 -15.32597999
-7.47100933 17.98633667 -14.82737538
-9.919924217 17.6001325 -12.85350274
-11.3576858 8.948505021 -18.37712166
-10.46848762 12.20224049 -16.93836878
-9.961727881 9.692652034 -18.72810638
-5.621762955 16.51210228 -17.28974547
-8.576308615 14.68597171 -16.53246656
-6.557944868 17.2970335 -16.10463589
-6.148876222 14.72103562 -18.05859029
-8.047510989 16.32416479 -15.71305201
-12.92764727 15.67021027 -11.61768332
-11.04336779 14.52169256 -14.73442018
-11.45425978 16.63037585 -12.22767003
-10.49972336 16.05800086 -13.82869971
-7.138332971 11.18974636 -19.38891558
-9.082381839 12.99596137 -17.32520344
-8.550300521 10.4412642 -19.0669748
-6.655144893 12.94159312 -18.75828412
-9.536312803 11.3570921 -18.04500233
-7.644668953 13.85147264 -17.68748828
-1.556755628 0.9621278904 -23.25332033
-4.637857409 2.866353514 -22.70974907
-1.556500918 2.575564893 -23.13768159
-3.127930792 0 -23.21631577
-10.44103949 6.452917284 -20.02963818
-7.621340923 4.71024773 -21.62996195
-9.01369203 7.186067102 -20.31435934
-1.565273046 5.815690774 -22.72993577
-4.625561783 4.472632495 -22.41652792
-1.558291698 4.20186733 -22.96300454
-3.111037813 6.803820603 -22.2426861
-3.107989943 3.534633286 -22.84353457
-6.387557558 -1.960664928 -23.11040035
-6.245367329 1.917019545 -22.59595127
-4.742594349 -0.976386169 -23.16888283
-4.702724959 0.9681780198 -22.97410985
-6.142854081 8.618553124 -20.85520851
-6.161932661 5.422550057 -21.83550259
-7.576673225 7.91124375 -20.59008274
-4.647017312 7.744138007 -21.61293428
-7.606949536 6.316243398 -21.14146737
-4.64769491 6.105687579 -22.04703327
-18.75568676 11.5916519 -9.132842468
-17.24922523 10.66060747 -12.42617853
-19.42621538 10.33306131 -10.05395539
-17.31242447 12.64338751 -9.757763971
-13.02987576 8.05290609 -17.93453228
-15.32085887 9.46881152 -15.38263353
-14.45696076 7.28437002 -17.53700549
-12.56580777 9.697890398 -17.20619555
-20.70252115 7.621957437 -11.94785545
-17.7601582 9.310397933 -13.32222913
-20.08038453 9.004749002 -10.9962174
-19.75470134 7.00865809 -13.62903479
-18.64682475 9.854360244 -11.73586471
-14.44189888 14.6534576 -10.98268678
-15.73472135 11.66551096 -12.98086777
-15.87000215 13.6668005 -10.37679807
-13.57416576 14.16956637 -12.61078733
-16.57403257 12.186243 -11.41545304
-17.43086831 5.667649064 -16.64687782
-16.73344241 8.68056595 -14.86450077
-15.92851007 6.486224937 -17.10786722
-18.65424559 6.351694418 -15.20660303
-15.64315571 8.011713282 -16.25155008
-18.21714348 7.873590016 -14.26625762
-11.58680416 12.8932863 -15.62855972
-14.74476028 11.05111764 -14.53188338
-12.08305378 11.31879063 -16.43368895
-12.61411354 13.57774607 -14.17330372
-13.7044591 10.40539113 -15.91373163
-14.18310226 12.62283416 -13.58713288
-14.02352043 -6.40393788 -22.6905327
-13.51078823 -2.022558813 -21.86091457
-15.62603527 -5.460668761 -22.18607571
-11.94094025 -5.210694191 -22.83070712
-12.15885833 5.552426998 -19.67344605
-12.87919204 1.928009152 -20.83897046
-13.63291752 4.764154538 -19.35621769
-10.77204476 4.700620714 -20.59581523
-18.57419099 -3.396064485 -20.70510882
-14.87835557 -1.053480098 -21.17370309
-17.15997412 -4.4502846 -21.52025069
-17.98445767 -1.095958568 -20.03193931
-15.26081572 -3.181759124 -21.7010942
-8.186229794 -3.024809432 -23.03408699
-11.59198442 -1.031291796 -22.09355515
-9.99401424 -4.082599112 -22.94377648
-8.08265524 -0.9990711315 -22.77719718
-11.78777156 -3.062934854 -22.49061817
-16.73448439 3.059696551 -18.6543425
-14.46727152 1.024372791 -20.58868067
-15.16257742 3.932277774 -19.01532398
-17.36612765 1.058278027 -19.34321409
-14.05734772 2.930845585 -19.98974581
-16.16144529 0 -20.32961231
-7.837196 2.895841551 -22.05198961
-11.3452961 1.009344938 -21.62338354
-9.319319473 3.806983309 -21.39484473
-7.9652598 0.9845602572 -22.44637285
-11.07545268 2.8778459 -21.13154095
-9.751303329 0 -22.27880911
-13.54967825 19.40370343 0.9626064912
-15.33545337 17.40216696 2.830795113
-13.12106668 19.66546095 2.532014315
-14.50875811 18.47273044 0
-18.5733942 13.11341613 6.470109652
-16.99905235 15.31883409 4.654718176
-12.08464895 19.90163456 5.685782886
-14.84865035 17.54438706 4.385756167
-12.63091579 19.83221382 4.118482906
-14.00799417 18.606127 3.471144429
-16.33978699 16.53446549 -1.879110276
-16.33978699 16.53446549 1.879110276
-15.44302603 17.51110498 -0.9496937101
-15.44302603 17.51110498 0.9496937101
-24.23390514 1.853307492 14.26947659
-22.92854715 5.190547226 12.18800883
-20.08136406 10.73498907 8.31056457
-21.53449892 8.120083442 10.20745638
-9.311207641 19.12198688 11.81803783
-12.31267253 17.09166347 10.56322895
-10.07785777 19.47239947 10.35762724
-17.9286445 13.02559815 8.050262379
-15.14608569 15.08526097 9.323204011
-17.2082548 14.18594894 7.147816397
-11.46062237 19.85827316 7.311134312
-13.01647687 17.3525531 9.09671934
-10.79874357 19.71977412 8.843038641
-12.90790394 18.70945311 6.637820417
-11.57965597 18.39862856 9.723195035
-15.68338424 16.42199866 5.339614969
-14.46222639 16.28058932 8.445645901
-16.45684563 15.32236766 6.239398585
-14.31649829 17.56233622 5.979903737
-15.83578382 15.24295411 7.806748216
-13.70232549 17.49703644 7.562354197
-19.79044919 12.23117025 -5.585448737
-20.31736017 12.55681915 -1.879750079
-18.96033516 13.35409064 -4.666715793
-19.79044919 12.23117025 5.585448737
-20.31736017 12.55681915 1.879750079
-18.96033516 13.35409064 4.666715793
-17.25685347 15.48082143 -2.830479555
-19.35381062 13.59955199 -0.9629328525
-18.11150371 14.44188264 -3.745372078
-17.36447501 15.58963718 -0.9500201089
-19.22219224 13.51758261 -2.818308837
-17.25685347 15.48082143 2.830479555
-19.35381062 13.59955199 0.9629328525
-18.11150371 14.44188264 3.745372078
-17.36447501 15.58963718 0.9500201089
-19.22219224 13.51758261 2.818308837
-18.37438868 14.60709987 0
-22.93876613 -32.84926821 1.629633174
-27.16143117 -30.82189674 5.01377069
-21.50508677 -32.23117863 4.149905557
-25.90415321 -32.98148855 0
-28.93468415 -20.42882144 10.07950282
-28.66937593 -25.83564097 7.850312034
-18.45203327 -30.38777748 8.681613793
-25.01437696 -29.55567685 7.388345434
-19.96818541 -31.35270072 6.510900052
-23.48763711 -31.19746865 5.820175231
-30.327976 -30.68931516 -3.487781779
-30.327976 -30.68931516 3.487781779
-28.75963742 -32.6110329 -1.768620134
-28.75963742 -32.6110329 1.768620134
-26.52285947 -2.028357126 15.61726515
-28.61625809 -6.478126942 15.21139582
-28.90144702 -15.44998223 11.96070849
-28.77754578 -10.85124264 13.64069553
-12.84572816 -26.38066456 16.30414734
-18.01291146 -25.00437008 15.45355058
-14.15842687 -27.35685999 14.55147624
-27.28093205 -19.82026348 12.2495965
-23.01155477 -22.91914335 14.16480959
-27.06188601 -22.30897541 11.24073271
-16.93533255 -29.34451978 10.80364459
-19.53826418 -26.04689196 13.6545478
-15.52556832 -28.3515113 12.71381246
-19.96223736 -28.93440681 10.26547356
-16.85155818 -26.7750234 14.14990111
-26.06324957 -27.29070735 8.873576993
-22.2763622 -25.07721113 13.0089422
-26.6877497 -24.84798862 10.11831255
-23.06847756 -28.29856511 9.635545814
-24.79112744 -23.86304474 12.2215668
-21.24327067 -27.12636488 11.72422427
-30.39085606 -18.78258199 -8.577196352
-32.626052 -20.16400905 -3.018542925
-30.52382688 -21.49845703 -7.512843195
-30.39085606 -18.78258199 8.577196352
-32.626052 -20.16400905 3.018542925
-30.52382688 -21.49845703 7.512843195
-30.66834133 -27.51203262 -5.030239913
-32.84661099 -23.08068435 -1.634255984
-30.6353036 -24.42820134 -6.335233813
-32.55851197 -29.23067864 -1.781294342
-31.93931324 -22.46061738 -4.682860706
-30.66834133 -27.51203262 5.030239913
-32.84661099 -23.08068435 1.634255984
-30.6353036 -24.42820134 6.335233813
-32.55851197 -29.23067864 1.781294342
-31.93931324 -22.46061738 4.682860706
-32.98148855 -26.21931568 0
-1.676872674 -12.91102284 21.92683809
-5.160691614 -12.11790438 22.79666398
-2.806211284 -14.54197362 21.79507363
-1.646252122 -11.13973674 22.33441668
-12.42186625 -9.616471977 23.23691406
-8.773305175 -11.02859725 23.26684599
-5.371812152 -18.18709417 21.4889173
-6.49700354 -13.80882959 22.74110581
-4.039026652 -16.2997141 21.65010543
-4.634329876 -14.21295942 22.31623224
-1.599936899 -7.674222916 22.9224959
-5.046999168 -10.21030105 23.03387615
-1.622388713 -9.384998906 22.66627969
-3.339590286 -10.70615347 22.73227149
-24.06383471 -1.193792905 16.80386525
-21.9667549 -3.573312598 19.35794239
-25.68058821 -3.306488321 17.13444252
-15.96304512 -7.876105757 22.60951126
-19.21099996 -5.837375753 21.31812331
-27.45389046 -7.843419093 16.67052158
-23.34983477 -5.837005391 19.76207725
-27.40157708 -5.690384736 17.45175883
-24.61502336 -4.59215941 18.53191175
-11.32686103 -25.22591875 18.32724613
-13.20181897 -21.44712066 21.36099181
-10.07476828 -24.25484511 19.99493837
-13.84758958 -24.56867674 17.94268048
-14.35190667 -11.3075948 23.22187279
-14.37583478 -16.75670829 23.26058929
-12.40433968 -12.06928654 23.32023077
-6.926977077 -20.34574473 21.30393463
-11.70507801 -20.04364024 22.56376483
-8.589688576 -22.65589816 21.09407897
-7.528097973 -18.02303289 22.10921672
-11.03966196 -22.3936645 21.55533342
-18.84310573 -22.84061615 16.93372588
-15.60158339 -20.51560735 20.81613955
-16.37700848 -23.77768723 17.48281073
-14.77090952 -22.59024068 19.45408134
-8.493935793 -13.31473153 23.07096135
-12.07274651 -17.27486798 23.02950845
-10.4325282 -12.73976078 23.26429953
-8.051108329 -15.65618327 22.69296611
-12.29351825 -14.64073399 23.2622996
-9.783028597 -17.7259936 22.63501595
-1.561060515 -0.9647884566 23.31762259
-4.755548833 -2.939090814 23.28603731
-1.568101909 -2.594761224 23.31013254
-12.03825593 -7.440051332 23.09366906
-8.180372877 -5.055748479 23.21653839
-10.32708637 -8.23315633 23.27438553
-1.592147844 -5.915542691 23.12019511
-4.81222962 -4.653128762 23.32116286
-1.577397257 -4.25338466 23.24454429
-3.239672327 -7.085143497 23.16237184
-3.172734179 -3.608265162 23.31940072
-6.845202248 -9.603962334 23.23970557
-6.579373712 -5.789901523 23.31475199
-8.581180847 -8.960108392 23.31989495
-4.988817895 -8.313740121 23.20262355
-8.383519178 -6.961048895 23.29973353
-4.910982667 -6.451569317 23.29597798
-27.42165213 -16.94751304 13.35262378
-24.37592862 -15.0651524 17.56018818
-27.4764148 -14.61506903 14.22030196
-25.64870243 -18.73143097 14.4563221
-16.62651114 -10.275749 22.88499953
-21.35810687 -13.20003598 21.44422409
-18.46861862 -9.305707752 22.40334407
-16.9147342 -13.05425337 23.1611234
-27.48086044 -10.11750922 15.859776
-24.55019288 -12.86993407 18.41556201
-27.4935989 -12.32909444 15.055767
-26.12899394 -9.27015709 18.02674519
-26.01340512 -13.74740572 16.37221389
-21.34571386 -21.65840625 16.2328577
-22.46384356 -16.65439174 18.53227498
-23.58991513 -20.31497293 15.42455908
-19.64096031 -20.50246738 18.24701259
-24.03334205 -17.6707838 16.5530921
-21.84463373 -7.102785458 20.86212473
-23.03144774 -11.9476911 20.4590881
-20.22784441 -8.236950488 21.72552704
-24.71774876 -8.416292476 20.14946095
-21.3046151 -10.91125544 22.13319523
-24.64269585 -10.65076335 19.2982532
-16.39397507 -18.24249475 22.11258729
-20.83728075 -15.6174286 20.53644333
-17.08351913 -16.0029724 23.23462634
-17.98704891 -19.36113718 20.21037043
-19.29296282 -14.64857698 22.40314852
-20.30105516 -18.06775751 19.44801137
-1.613861175 12.42586799 21.10289781
-4.653311967 10.92651793 20.55538235
-2.616737936 13.56011013 20.32348609
-1.593402367 10.78211693 21.61741322
-10.35421438 8.015785262 19.36906942
-7.534697271 9.471589091 19.98205209
-4.607551969 15.59957407 18.43163916
-5.633816849 11.97419955 19.71974069
-3.624100649 14.6252574 19.42600728
-4.158048427 12.75225872 20.02273831
-1.564997196 7.506631889 22.42191041
-4.627564061 9.361765398 21.11962651
-1.578792528 9.132808942 22.05720042
-3.139572641 10.06493122 21.37077052
-22.88540935 1.135331906 15.98096644
-19.35085298 3.147786144 17.05270982
-22.41805783 2.886423231 14.95763727
-22.06747582 0 17.33212477
-13.20060651 6.513129052 18.69688767
-16.16500051 4.911830837 17.93802898
-21.33199074 6.094427444 12.95318827
-19.05756824 4.764022087 16.12932766
-21.89196796 4.546224472 13.94275023
-20.68811862 3.859559149 15.57546312
-19.92920837 -2.264916289 19.69455981
-18.45627597 2.097520349 18.23896987
-21.07124883 -1.142773829 18.58271335
-20.19606863 1.095309483 17.8108928
-8.337018662 18.56727604 13.48957956
-9.471976545 15.3877753 15.32597999
-7.47100933 17.98633667 14.82737538
-9.919924217 17.6001325 12.85350274
-11.3576858 8.948505021 18.37712166
-10.46848762 12.20224049 16.93836878
-9.961727881 9.692652034 18.72810638
-5.621762955 16.51210228 17.28974547
-8.576308615 14.68597171 16.53246656
-6.557944868 17.2970335 16.10463589
-6.148876222 14.72103562 18.05859029
-8.047510989 16.32416479 15.71305201
-12.92764727 15.67021027 11.61768332
-11.04336779 14.52169256 14.73442018
-11.45425978 16.63037585 12.22767003
-10.49972336 16.05800086 13.82869971
-7.138332971 11.18974636 19.38891558
-9.082381839 12.99596137 17.32520344
-8.550300521 10.4412642 19.0669748
-6.655144893 12.94159312 18.75828412
-9.536312803 11.3570921 18.04500233
-7.644668953 13.85147264 17.68748828
-1.556755628 0.9621278904 23.25332033
-4.637857409 2.866353514 22.70974907
-1.556500918 2.575564893 23.13768159
-3.127930792 0 23.21631577
-10.44103949 6.452917284 20.02963818
-7.621340923 4.71024773 21.62996195
-9.01369203 7.186067102 20.31435934
-1.565273046 5.815690774 22.72993577
-4.625561783 4.472632495 22.41652792
-1.558291698 4.20186733 22.96300454
-3.111037813 6.803820603 22.2426861
-3.107989943 3.534633286 22.84353457
-6.387557558 -1.960664928 23.11040035
-6.245367329 1.917019545 22.59595127
-4.742594349 -0.976386169 23.16888283
-4.702724959 0.9681780198 22.97410985
-6.142854081 8.618553124 20.85520851
-6.161932661 5.422550057 21.83550259
-7.576673225 7.91124375 20.59008274
-4.647017312 7.744138007 21.61293428
-7.606949536 6.316243398 21.14146737
-4.64769491 6.105687579 22.04703327
-18.75568676 11.5916519 9.132842468
-17.24922523 10.66060747 12.42617853
-19.42621538 10.33306131 10.05395539
-17.31242447 12.64338751 9.757763971
-13.02987576 8.05290609 17.93453228
-15.32085887 9.46881152 15.38263353
-14.45696076 7.28437002 17.53700549
-12.56580777 9.697890398 17.20619555
-20.70252115 7.621957437 11.94785545
-17.7601582 9.310397933 13.32222913
-20.08038453 9.004749002 10.9962174
-19.75470134 7.00865809 13.62903479
-18.64682475 9.854360244 11.73586471
-14.44189888 14.6534576 10.98268678
-15.73472135 11.66551096 12.98086777
-15.87000215 13.6668005 10.37679807
-13.57416576 14.16956637 12.61078733
-16.57403257 12.186243 11.41545304
-17.43086831 5.667649064 16.64687782
-16.73344241 8.68056595 14.86450077
-15.92851007 6.486224937 17.10786722
-18.65424559 6.351694418 15.20660303
-15.64315571 8.011713282 16.25155008
-18.21714348 7.873590016 14.26625762
-11.58680416 12.8932863 15.62855972
-14.74476028 11.05111764 14.53188338
-12.08305378 11.31879063 16.43368895
-12.61411354 13.57774607 14.17330372
-13.7044591 10.40539113 15.91373163
-14.18310226 12.62283416 13.58713288
-14.02352043 -6.40393788 22.6905327
-13.51078823 -2.022558813 21.86091457
-15.62603527 -5.460668761 22.18607571
-11.94094025 -5.210694191 22.83070712
-12.15885833 5.552426998 19.67344605
-12.87919204 1.928009152 20.83897046
-13.63291752 4.764154538 19.35621769
-10.77204476 4.700620714 20.59581523
-18.57419099 -3.396064485 20.70510882
-14.87835557 -1.053480098 21.17370309
-17.15997412 -4.4502846 21.52025069
-17.98445767 -1.095958568 20.03193931
-15.26081572 -3.181759124 21.7010942
-8.186229794 -3.024809432 23.03408699
-11.59198442 -1.031291796 22.09355515
-9.99401424 -4.082599112 22.94377648
-8.08265524 -0.9990711315 22.77719718
-11.78777156 -3.062934854 22.49061817
-16.73448439 3.059696551 18.6543425
-14.46727152 1.024372791 20.58868067
-15.16257742 3.932277774 19.01532398
-17.36612765 1.058278027 19.34321409
-14.05734772 2.930845585 19.98974581
-16.16144529 0 20.32961231
-7.837196 2.895841551 22.05198961
-11.3452961 1.009344938 21.62338354
-9.319319473 3.806983309 21.39484473
-7.9652598 0.9845602572 22.44637285
-11.07545268 2.8778459 21.13154095
-9.751303329 0 22.27880911
-26.459408 0 -13.92261317
-29.38344152 0 -10.59226019
-25.67298541 1.892335373 -12.80491462
-28.32769636 -2.08801201 -14.12900478
-32.82419368 0 -2.274961143
-31.60902195 0 -6.657639157
-24.05923691 5.271668037 -10.66481604
-28.19202733 1.967737936 -9.438409461
-24.86764323 3.653297025 -11.71184345
-27.00902764 1.933230428 -11.18311864
-29.70642563 -6.509034976 -13.16806372
-31.20938037 -2.178342161 -10.44858916
-29.59023633 -4.347091573 -13.93602973
-30.0472379 -2.150696995 -12.44109305
-26.459408 0 13.92261317
-29.38344152 0 10.59226019
-25.67298541 1.892335373 12.80491462
-28.32769636 -2.08801201 14.12900478
-32.82419368 0 2.274961143
-31.60902195 0 6.657639157
-24.05923691 5.271668037 10.66481604
-28.19202733 1.967737936 9.438409461
-24.86764323 3.653297025 11.71184345
-27.00902764 1.933230428 11.18311864
-29.70642563 -6.509034976 13.16806372
-31.20938037 -2.178342161 10.44858916
-29.59023633 -4.347091573 13.93602973
-30.0472379 -2.150696995 12.44109305
-20.76865462 10.8262736 -6.691005058
-23.77945834 8.378718343 -5.178332718
-21.58574142 9.577817449 -7.635809905
-21.18479732 11.08009479 -4.835045178
-30.86561909 2.066381297 -1.277093876
-27.09218104 5.532851649 -3.419490374
-30.57185355 2.056607007 -3.403097773
-23.2205518 6.839560549 -9.596046911
-24.80881963 7.000996442 -6.160932899
-22.40675196 8.245165393 -8.609255176
-25.05347311 5.386770799 -8.976918672
-23.16213849 8.334010857 -6.919940878
-21.61153771 11.33908087 -1.008791994
-24.10821596 8.56797128 -3.165862796
-21.46896496 11.25230319 -2.923798739
-22.6291868 9.856983019 -4.02662125
-29.2272504 2.012703764 -7.478096384
-26.62144216 5.493229188 -5.311613274
-30.01676072 2.036966415 -5.492593359
-27.05185623 3.783686345 -8.274898815
-28.50755837 3.878611886 -4.411040874
-25.91712796 5.463542519 -7.177468475
-30.22834483 -15.75741605 -9.738618693
-31.87398205 -11.23083269 -6.941036325
-30.09453185 -13.35325605 -10.64573692
-31.42672885 -16.4368405 -7.17258001
-32.95128864 -2.206012015 -1.363390405
-32.6586029 -6.66964408 -4.122066734
-32.76537854 -2.20416819 -3.647269426
-29.83886033 -8.788968225 -12.33110677
-31.69299366 -8.943695796 -7.87052388
-29.96313788 -11.02574027 -11.5126146
-30.68980186 -6.59864314 -10.99647359
-31.0143103 -11.15931497 -9.265862639
-32.90642747 -17.26525188 -1.536019372
-32.55471125 -11.56982464 -4.275046703
-32.3745194 -16.96811693 -4.408995924
-32.12132877 -13.9916381 -5.715646176
-31.89953382 -2.196727742 -8.161827927
-32.19798399 -6.643926515 -6.424266504
-32.41019125 -2.199386925 -5.930553362
-31.37123344 -4.387828567 -9.596154146
-32.53764604 -4.42692773 -5.034625721
-31.5334947 -6.647518557 -8.732860542
-20.76865462 10.8262736 6.691005058
-23.77945834 8.378718343 5.178332718
-21.58574142 9.577817449 7.635809905
-21.18479732 11.08009479 4.835045178
-30.86561909 2.066381297 1.277093876
-27.09218104 5.532851649 3.419490374
-30.57185355 2.056607007 3.403097773
-29.06549826 3.915990285 0
-23.2205518 6.839560549 9.596046911
-24.80881963 7.000996442 6.160932899
-22.40675196 8.245165393 8.609255176
-25.05347311 5.386770799 8.976918672
-23.16213849 8.334010857 6.919940878
-21.61153771 11.33908087 1.008791994
-24.10821596 8.56797128 3.165862796
-21.46896496 11.25230319 2.923798739
-22.94054662 10.04094193 0
-22.6291868 9.856983019 4.02662125
-29.2272504 2.012703764 7.478096384
-26.62144216 5.493229188 5.311613274
-30.01676072 2.036966415 5.492593359
-27.05185623 3.783686345 8.274898815
-28.50755837 3.878611886 4.411040874
-25.91712796 5.463542519 7.177468475
-25.72619143 7.11054443 -2.182586217
-25.72619143 7.11054443 2.182586217
-27.34397978 5.597223007 -1.152333665
-24.31767104 8.62930367 -1.066640593
-27.34397978 5.597223007 1.152333665
-24.31767104 8.62930367 1.066640593
-30.22834483 -15.75741605 9.738618693
-31.87398205 -11.23083269 6.941036325
-30.09453185 -13.35325605 10.64573692
-31.42672885 -16.4368405 7.17258001
-32.95128864 -2.206012015 1.363390405
-32.6586029 -6.66964408 4.122066734
-32.76537854 -2.20416819 3.647269426
-32.98148855 -4.443591077 0
-29.83886033 -8.788968225 12.33110677
-31.69299366 -8.943695796 7.87052388
-29.96313788 -11.02574027 11.5126146
-30.68980186 -6.59864314 10.99647359
-31.0143103 -11.15931497 9.265862639
-32.90642747 -17.26525188 1.536019372
-32.55471125 -11.56982464 4.275046703
-32.3745194 -16.96811693 4.408995924
-32.98148855 -14.43580299 0
-32.12132877 -13.9916381 5.715646176
-31.89953382 -2.196727742 8.161827927
-32.19798399 -6.643926515 6.424266504
-32.41019125 -2.199386925 5.930553362
-31.37123344 -4.387828567 9.596154146
-32.53764604 -4.42692773 5.034625721
-31.5334947 -6.647518557 8.732860542
-32.81936924 -9.071050559 -2.784364842
-32.81936924 -9.071050559 2.784364842
-32.94475625 -6.743683586 -1.388362338
-32.93249591 -11.68633737 -1.44451074
-32.94475625 -6.743683586 1.388362338
-32.93249591 -11.68633737 1.44451074
