-7.1189352 11.518679 0
10.037968 16.241773 0
-10.037968 -16.241773 0
7.1189352 -11.518679 0
0 -10.825931 17.516724
0 10.825931 17.516724
0 -10.825931 -17.516724
0 10.825931 -17.516724
13.367574 0 -8.261615
13.367574 0 8.261615
-13.367574 0 -8.261615
-13.367574 0 8.261615
0 16.242325 0
0 -16.242325 0
-6.0092086 -15.732312 9.7231038
4.7912474 -12.543648 7.7524011
-4.7912474 12.543648 7.7524011
6.0092086 15.732312 9.7231038
0 0 23.497183
-6.0092086 -15.732312 -9.7231038
4.7912474 -12.543648 -7.7524011
-4.7912474 12.543648 -7.7524011
6.0092086 15.732312 -9.7231038
0 0 -23.497183
14.519522 8.9735579 -5.5459638
10.853181 -6.7076346 -4.1455462
8.78169 -5.4273829 -14.209073
10.413834 6.4361032 -16.849937
14.519522 8.9735579 5.5459638
10.853181 -6.7076346 4.1455462
8.78169 -5.4273829 14.209073
10.413834 6.4361032 16.849937
14.279304 0 0
-10.853181 6.7076346 -4.1455462
-14.519522 -8.9735579 -5.5459638
-10.413834 -6.4361032 -16.849937
-8.78169 5.4273829 -14.209073
-10.853181 6.7076346 4.1455462
-14.519522 -8.9735579 5.5459638
-10.413834 -6.4361032 16.849937
-8.78169 5.4273829 14.209073
-14.279304 0 0
-3.998615 14.075713 0
4.9262577 17.341151 0
-4.9262577 -17.341151 0
3.998615 -14.075713 0
-8.3008782 -16.504021 4.9720857
-3.208587 -13.858964 14.024085
-2.8652372 -16.773391 4.6360511
6.1355313 -12.198822 3.6750795
2.8476833 -12.3001 12.446648
2.5214243 -14.760675 4.0797502
0 -14.936387 9.231195
-6.1355313 12.198822 3.6750795
-2.8476833 12.3001 12.446648
-2.5214243 14.760675 4.0797502
8.3008782 16.504021 4.9720857
3.208587 13.858964 14.024085
2.8652372 16.773391 4.6360511
0 14.936387 9.231195
0 -6.174012 21.73343
0 6.174012 21.73343
-8.3008782 -16.504021 -4.9720857
-3.208587 -13.858964 -14.024085
-2.8652372 -16.773391 -4.6360511
6.1355313 -12.198822 -3.6750795
2.8476833 -12.3001 -12.446648
2.5214243 -14.760675 -4.0797502
0 -14.936387 -9.231195
-6.1355313 12.198822 -3.6750795
-2.8476833 12.3001 -12.446648
-2.5214243 14.760675 -4.0797502
8.3008782 16.504021 -4.9720857
3.208587 13.858964 -14.024085
2.8652372 16.773391 -4.6360511
0 14.936387 -9.231195
0 -6.174012 -21.73343
0 6.174012 -21.73343
13.112425 13.268651 -3.0357504
14.443418 4.351298 -7.2644756
11.546565 13.518954 -8.3551731
9.1479081 -9.2568998 -2.1178971
12.290866 -3.7028091 -6.1818257
8.2768213 -9.6906712 -5.9891642
4.9699551 -8.2973213 -16.496949
11.497278 -2.6304757 -11.361907
6.8885593 -9.5197549 -11.145923
5.5959132 -3.4584646 -20.246204
10.234722 -6.3254062 -8.7414963
5.7386313 9.5806232 -19.048443
12.722361 2.910764 -12.572566
8.8745249 12.264292 -14.359283
5.9561559 3.6811068 -21.549575
13.130113 8.1148562 -11.214455
10.181734 0 -16.474392
13.112425 13.268651 3.0357504
14.443418 4.351298 7.2644756
11.546565 13.518954 8.3551731
14.941676 9.2344633 0
9.1479081 -9.2568998 2.1178971
12.290866 -3.7028091 6.1818257
8.2768213 -9.6906712 5.9891642
11.026141 -6.8145296 0
4.9699551 -8.2973213 16.496949
11.497278 -2.6304757 11.361907
6.8885593 -9.5197549 11.145923
5.5959132 -3.4584646 20.246204
10.234722 -6.3254062 8.7414963
5.7386313 9.5806232 19.048443
12.722361 2.910764 12.572566
8.8745249 12.264292 14.359283
5.9561559 3.6811068 21.549575
13.130113 8.1148562 11.214455
10.181734 0 16.474392
14.071162 0 -3.9973221
14.071162 0 3.9973221
15.059886 4.1624502 -2.5725357
12.820007 -3.5433627 -2.1899186
15.059886 4.1624502 2.5725357
12.820007 -3.5433627 2.1899186
-9.1479081 9.2568998 -2.1178971
-12.290866 3.7028091 -6.1818257
-8.2768213 9.6906712 -5.9891642
-13.112425 -13.268651 -3.0357504
-14.443418 -4.351298 -7.2644756
-11.546565 -13.518954 -8.3551731
-5.7386313 -9.5806232 -19.048443
-12.722361 -2.910764 -12.572566
-8.8745249 -12.264292 -14.359283
-5.9561559 -3.6811068 -21.549575
-13.130113 -8.1148562 -11.214455
-4.9699551 8.2973213 -16.496949
-11.497278 2.6304757 -11.361907
-6.8885593 9.5197549 -11.145923
-5.5959132 3.4584646 -20.246204
-10.234722 6.3254062 -8.7414963
-10.181734 0 -16.474392
-9.1479081 9.2568998 2.1178971
-12.290866 3.7028091 6.1818257
-8.2768213 9.6906712 5.9891642
-11.026141 6.8145296 0
-13.112425 -13.268651 3.0357504
-14.443418 -4.351298 7.2644756
-11.546565 -13.518954 8.3551731
-14.941676 -9.2344633 0
-5.7386313 -9.5806232 19.048443
-12.722361 -2.910764 12.572566
-8.8745249 -12.264292 14.359283
-5.9561559 -3.6811068 21.549575
-13.130113 -8.1148562 11.214455
-4.9699551 8.2973213 16.496949
-11.497278 2.6304757 11.361907
-6.8885593 9.5197549 11.145923
-5.5959132 3.4584646 20.246204
-10.234722 6.3254062 8.7414963
-10.181734 0 16.474392
-14.071162 0 -3.9973221
-14.071162 0 3.9973221
-12.820007 3.5433627 -2.1899186
-15.059886 -4.1624502 -2.5725357
-12.820007 3.5433627 2.1899186
-15.059886 -4.1624502 2.5725357
-5.6534496 12.825296 0
-2.1221289 15.23599 0
7.5513052 17.130731 0
2.3666729 16.991712 0
-7.5513052 -17.130731 0
-2.3666729 -16.991712 0
5.6534496 -12.825296 0
2.1221289 -15.23599 0
-9.2412737 -16.499508 2.502796
-7.2219789 -16.250891 7.3871077
-6.6570817 -17.176652 2.4465944
-1.6447627 -12.487746 15.899553
-4.6683695 -14.938311 11.948745
-1.3868143 -16.654903 2.2439126
-4.4212312 -16.504929 7.1537024
-3.9126471 -17.177922 2.3604267
-5.5778493 -16.964386 4.8895282
6.6620124 -11.894456 1.8042597
5.5205574 -12.422354 5.6467836
5.1161539 -13.200738 1.8802764
1.5510445 -11.776197 14.9936
3.9138855 -12.524038 10.017634
0 -13.309473 13.468047
1.2988704 -15.598744 2.1016165
3.6814095 -13.743096 5.9566457
3.2980978 -14.479831 1.9896806
0 -15.953761 4.409511
4.44658 -13.523761 3.8978604
-2.9120542 -15.640054 9.6660851
2.5778854 -13.845301 8.5568667
-1.5213733 -14.628482 11.629214
-1.4431077 -16.004309 7.0049917
1.4280963 -13.731594 10.916214
1.3515987 -14.989459 6.5607979
-6.6620124 11.894456 1.8042597
-5.5205574 12.422354 5.6467836
-5.1161539 13.200738 1.8802764
-1.5510445 11.776197 14.9936
-3.9138855 12.524038 10.017634
-1.2988704 15.598744 2.1016165
-3.6814095 13.743096 5.9566457
-3.2980978 14.479831 1.9896806
-4.44658 13.523761 3.8978604
9.2412737 16.499508 2.502796
7.2219789 16.250891 7.3871077
6.6570817 17.176652 2.4465944
1.6447627 12.487746 15.899553
4.6683695 14.938311 11.948745
0 13.309473 13.468047
1.3868143 16.654903 2.2439126
4.4212312 16.504929 7.1537024
3.9126471 17.177922 2.3604267
0 15.953761 4.409511
5.5778493 16.964386 4.8895282
-2.5778854 13.845301 8.5568667
2.9120542 15.640054 9.6660851
-1.4280963 13.731594 10.916214
-1.3515987 14.989459 6.5607979
1.5213733 14.628482 11.629214
1.4431077 16.004309 7.0049917
0 -8.7330898 19.811703
0 -3.2082983 23.034228
0 8.7330898 19.811703
0 3.2082983 23.034228
-9.2412737 -16.499508 -2.502796
-7.2219789 -16.250891 -7.3871077
-6.6570817 -17.176652 -2.4465944
-1.6447627 -12.487746 -15.899553
-4.6683695 -14.938311 -11.948745
-1.3868143 -16.654903 -2.2439126
-4.4212312 -16.504929 -7.1537024
-3.9126471 -17.177922 -2.3604267
-5.5778493 -16.964386 -4.8895282
6.6620124 -11.894456 -1.8042597
5.5205574 -12.422354 -5.6467836
5.1161539 -13.200738 -1.8802764
1.5510445 -11.776197 -14.9936
3.9138855 -12.524038 -10.017634
0 -13.309473 -13.468047
1.2988704 -15.598744 -2.1016165
3.6814095 -13.743096 -5.9566457
3.2980978 -14.479831 -1.9896806
0 -15.953761 -4.409511
4.44658 -13.523761 -3.8978604
-2.9120542 -15.640054 -9.6660851
2.5778854 -13.845301 -8.5568667
-1.5213733 -14.628482 -11.629214
-1.4431077 -16.004309 -7.0049917
1.4280963 -13.731594 -10.916214
1.3515987 -14.989459 -6.5607979
-6.6620124 11.894456 -1.8042597
-5.5205574 12.422354 -5.6467836
-5.1161539 13.200738 -1.8802764
-1.5510445 11.776197 -14.9936
-3.9138855 12.524038 -10.017634
-1.2988704 15.598744 -2.1016165
-3.6814095 13.743096 -5.9566457
-3.2980978 14.479831 -1.9896806
-4.44658 13.523761 -3.8978604
9.2412737 16.499508 -2.502796
7.2219789 16.250891 -7.3871077
6.6570817 17.176652 -2.4465944
1.6447627 12.487746 -15.899553
4.6683695 14.938311 -11.948745
0 13.309473 -13.468047
1.3868143 16.654903 -2.2439126
4.4212312 16.504929 -7.1537024
3.9126471 17.177922 -2.3604267
0 15.953761 -4.409511
5.5778493 16.964386 -4.8895282
-2.5778854 13.845301 -8.5568667
2.9120542 15.640054 -9.6660851
-1.4280963 13.731594 -10.916214
-1.3515987 14.989459 -6.5607979
1.5213733 14.628482 -11.629214
1.4431077 16.004309 -7.0049917
0 -8.7330898 -19.811703
0 -3.2082983 -23.034228
0 8.7330898 -19.811703
0 3.2082983 -23.034228
11.76723 14.982183 -1.5498635
14.027129 11.219915 -4.383616
11.01022 15.277404 -4.1057712
14.002683 2.1240549 -7.8428175
14.636861 6.6534241 -6.5046959
9.0027697 15.03009 -9.2891065
13.399191 11.398033 -7.0443717
10.074377 15.292496 -6.7566942
12.44564 13.500981 -5.6902981
8.1815444 -10.416844 -1.0775923
10.03487 -8.026617 -3.1359958
7.7476018 -10.750307 -2.889123
12.88899 -1.9551197 -7.2190448
11.606746 -5.2760359 -5.1580972
6.6729771 -11.14051 -6.8852138
9.6556752 -8.2136079 -5.0762889
7.2445216 -10.99689 -4.8587637
8.7600256 -9.5028409 -4.0051902
2.6127441 -9.6472439 -17.224333
7.026285 -6.8692219 -15.457117
3.9112819 -10.488669 -14.553718
2.7683114 -7.5324602 -19.43531
12.523729 -1.2955435 -9.8363237
10.260858 -4.0089126 -12.828116
12.009568 -3.2275469 -8.6551344
5.8595609 -11.145547 -9.4809687
7.870374 -7.6277697 -12.734533
5.0086538 -10.954769 -11.88369
7.687261 -9.6818271 -8.4491175
6.0714079 -9.0526003 -13.74148
3.042837 -1.8805767 -22.584728
7.4813365 -4.6237203 -17.260843
2.9327221 -4.8612849 -21.342782
5.3378068 -6.0892341 -18.519704
10.614808 -6.5603124 -6.3580908
9.6545827 -5.9668603 -11.349643
11.345001 -5.0125698 -7.4738498
9.2936708 -8.110382 -7.3790694
10.914652 -4.6002303 -10.061478
8.711194 -7.9257061 -9.9821401
2.8385659 10.481064 -18.713047
8.3536878 8.1669524 -18.37727
4.5123337 12.100476 -16.790206
2.9618066 8.0589525 -20.793769
13.189052 1.3643692 -10.358878
11.842948 4.6270348 -14.806044
13.730344 3.6900018 -9.8952742
12.241443 0 -12.097311
7.5386591 14.339382 -12.197807
9.8679464 9.5637669 -15.966673
6.1308482 13.409198 -14.546244
10.376124 13.068352 -11.404464
7.434867 11.085547 -16.827411
3.0970207 1.914064 -22.986893
8.4154114 5.2010103 -19.415928
3.0682906 5.0860036 -22.329377
5.9117365 0 -21.388864
5.9567379 6.795295 -20.667107
13.963108 8.6296756 -8.3636658
11.967479 7.3963087 -14.068615
14.014655 6.1921049 -9.2325621
12.610644 11.005032 -10.012709
13.086127 5.5154484 -12.063214
11.423489 10.393434 -13.090154
9.5768245 -2.8851631 -15.495628
10.496003 3.1620794 -16.982889
11.021874 -1.4419191 -13.864505
8.1260873 -1.6740661 -18.565677
11.594465 1.5168273 -14.58477
8.483363 1.7476689 -19.381945
11.76723 14.982183 1.5498635
14.027129 11.219915 4.383616
11.01022 15.277404 4.1057712
13.223249 13.380795 0
14.002683 2.1240549 7.8428175
14.636861 6.6534241 6.5046959
9.0027697 15.03009 9.2891065
13.399191 11.398033 7.0443717
10.074377 15.292496 6.7566942
12.44564 13.500981 5.6902981
14.838037 9.1704111 -2.7627249
14.838037 9.1704111 2.7627249
14.270795 11.344863 -1.4841736
14.270795 11.344863 1.4841736
8.1815444 -10.416844 1.0775923
10.03487 -8.026617 3.1359958
7.7476018 -10.750307 2.889123
9.1852956 -9.2947328 0
12.88899 -1.9551197 7.2190448
11.606746 -5.2760359 5.1580972
6.6729771 -11.14051 6.8852138
9.6556752 -8.2136079 5.0762889
7.2445216 -10.99689 4.8587637
8.7600256 -9.5028409 4.0051902
10.984295 -6.7886674 -2.0451886
10.984295 -6.7886674 2.0451886
10.138403 -8.0597327 -1.0544016
10.138403 -8.0597327 1.0544016
2.6127441 -9.6472439 17.224333
7.026285 -6.8692219 15.457117
3.9112819 -10.488669 14.553718
2.7683114 -7.5324602 19.43531
12.523729 -1.2955435 9.8363237
10.260858 -4.0089126 12.828116
12.009568 -3.2275469 8.6551344
5.8595609 -11.145547 9.4809687
7.870374 -7.6277697 12.734533
5.0086538 -10.954769 11.88369
7.687261 -9.6818271 8.4491175
6.0714079 -9.0526003 13.74148
3.042837 -1.8805767 22.584728
7.4813365 -4.6237203 17.260843
2.9327221 -4.8612849 21.342782
5.3378068 -6.0892341 18.519704
10.614808 -6.5603124 6.3580908
9.6545827 -5.9668603 11.349643
11.345001 -5.0125698 7.4738498
9.2936708 -8.110382 7.3790694
10.914652 -4.6002303 10.061478
8.711194 -7.9257061 9.9821401
2.8385659 10.481064 18.713047
8.3536878 8.1669524 18.37727
4.5123337 12.100476 16.790206
2.9618066 8.0589525 20.793769
13.189052 1.3643692 10.358878
11.842948 4.6270348 14.806044
13.730344 3.6900018 9.8952742
12.241443 0 12.097311
7.5386591 14.339382 12.197807
9.8679464 9.5637669 15.966673
6.1308482 13.409198 14.546244
10.376124 13.068352 11.404464
7.434867 11.085547 16.827411
3.0970207 1.914064 22.986893
8.4154114 5.2010103 19.415928
3.0682906 5.0860036 22.329377
5.9117365 0 21.388864
5.9567379 6.795295 20.667107
13.963108 8.6296756 8.3636658
11.967479 7.3963087 14.068615
14.014655 6.1921049 9.2325621
12.610644 11.005032 10.012709
13.086127 5.5154484 12.063214
11.423489 10.393434 13.090154
9.5768245 -2.8851631 15.495628
10.496003 3.1620794 16.982889
11.021874 -1.4419191 13.864505
8.1260873 -1.6740661 18.565677
11.594465 1.5168273 14.58477
8.483363 1.7476689 19.381945
13.792993 0 -6.0800149
14.228425 0 -1.9817913
14.401269 2.0512766 -5.5814383
13.262738 -1.8891074 -5.1401828
13.792993 0 6.0800149
14.228425 0 1.9817913
14.401269 2.0512766 5.5814383
13.262738 -1.8891074 5.1401828
15.019548 6.509896 -4.023337
14.780479 1.9913717 -1.2307354
14.838708 4.2768586 -4.8789314
15.216626 6.6602274 -1.3720823
14.659208 2.0143289 -3.3389549
11.901357 -5.158384 -3.1880566
13.615733 -1.8344457 -1.1337498
12.610223 -3.6345578 -4.1462111
11.976422 -5.2420095 -1.0799133
13.500719 -1.8551404 -3.0750838
15.019548 6.509896 4.023337
14.780479 1.9913717 1.2307354
14.838708 4.2768586 4.8789314
15.216626 6.6602274 1.3720823
14.659208 2.0143289 3.3389549
15.150963 4.1876233 0
11.901357 -5.158384 3.1880566
13.615733 -1.8344457 1.1337498
12.610223 -3.6345578 4.1462111
11.976422 -5.2420095 1.0799133
13.500719 -1.8551404 3.0750838
12.87605 -3.5588527 0
-8.1815444 10.416844 -1.0775923
-10.03487 8.026617 -3.1359958
-7.7476018 10.750307 -2.889123
-12.88899 1.9551197 -7.2190448
-11.606746 5.2760359 -5.1580972
-6.6729771 11.14051 -6.8852138
-9.6556752 8.2136079 -5.0762889
-7.2445216 10.99689 -4.8587637
-8.7600256 9.5028409 -4.0051902
-11.76723 -14.982183 -1.5498635
-14.027129 -11.219915 -4.383616
-11.01022 -15.277404 -4.1057712
-14.002683 -2.1240549 -7.8428175
-14.636861 -6.6534241 -6.5046959
-9.0027697 -15.03009 -9.2891065
-13.399191 -11.398033 -7.0443717
-10.074377 -15.292496 -6.7566942
-12.44564 -13.500981 -5.6902981
-2.8385659 -10.481064 -18.713047
-8.3536878 -8.1669524 -18.37727
-4.5123337 -12.100476 -16.790206
-2.9618066 -8.0589525 -20.793769
-13.189052 -1.3643692 -10.358878
-11.842948 -4.6270348 -14.806044
-13.730344 -3.6900018 -9.8952742
-7.5386591 -14.339382 -12.197807
-9.8679464 -9.5637669 -15.966673
-6.1308482 -13.409198 -14.546244
-10.376124 -13.068352 -11.404464
-7.434867 -11.085547 -16.827411
-3.0970207 -1.914064 -22.986893
-8.4154114 -5.2010103 -19.415928
-3.0682906 -5.0860036 -22.329377
-5.9567379 -6.795295 -20.667107
-13.963108 -8.6296756 -8.3636658
-11.967479 -7.3963087 -14.068615
-14.014655 -6.1921049 -9.2325621
-12.610644 -11.005032 -10.012709
-13.086127 -5.5154484 -12.063214
-11.423489 -10.393434 -13.090154
-2.6127441 9.6472439 -17.224333
-7.026285 6.8692219 -15.457117
-3.9112819 10.488669 -14.553718
-2.7683114 7.5324602 -19.43531
-12.523729 1.2955435 -9.8363237
-10.260858 4.0089126 -12.828116
-12.009568 3.2275469 -8.6551344
-12.241443 0 -12.097311
-5.8595609 11.145547 -9.4809687
-7.870374 7.6277697 -12.734533
-5.0086538 10.954769 -11.88369
-7.687261 9.6818271 -8.4491175
-6.0714079 9.0526003 -13.74148
-3.042837 1.8805767 -22.584728
-7.4813365 4.6237203 -17.260843
-2.9327221 4.8612849 -21.342782
-5.9117365 0 -21.388864
-5.3378068 6.0892341 -18.519704
-10.614808 6.5603124 -6.3580908
-9.6545827 5.9668603 -11.349643
-11.345001 5.0125698 -7.4738498
-9.2936708 8.110382 -7.3790694
-10.914652 4.6002303 -10.061478
-8.711194 7.9257061 -9.9821401
-10.496003 -3.1620794 -16.982889
-9.5768245 2.8851631 -15.495628
-11.594465 -1.5168273 -14.58477
-8.483363 -1.7476689 -19.381945
-11.021874 1.4419191 -13.864505
-8.1260873 1.6740661 -18.565677
-8.1815444 10.416844 1.0775923
-10.03487 8.026617 3.1359958
-7.7476018 10.750307 2.889123
-9.1852956 9.2947328 0
-12.88899 1.9551197 7.2190448
-11.606746 5.2760359 5.1580972
-6.6729771 11.14051 6.8852138
-9.6556752 8.2136079 5.0762889
-7.2445216 10.99689 4.8587637
-8.7600256 9.5028409 4.0051902
-10.984295 6.7886674 -2.0451886
-10.984295 6.7886674 2.0451886
-10.138403 8.0597327 -1.0544016
-10.138403 8.0597327 1.0544016
-11.76723 -14.982183 1.5498635
-14.027129 -11.219915 4.383616
-11.01022 -15.277404 4.1057712
-13.223249 -13.380795 0
-14.002683 -2.1240549 7.8428175
-14.636861 -6.6534241 6.5046959
-9.0027697 -15.03009 9.2891065
-13.399191 -11.398033 7.0443717
-10.074377 -15.292496 6.7566942
-12.44564 -13.500981 5.6902981
-14.838037 -9.1704111 -2.7627249
-14.838037 -9.1704111 2.7627249
-14.270795 -11.344863 -1.4841736
-14.270795 -11.344863 1.4841736
-2.8385659 -10.481064 18.713047
-8.3536878 -8.1669524 18.37727
-4.5123337 -12.100476 16.790206
-2.9618066 -8.0589525 20.793769
-13.189052 -1.3643692 10.358878
-11.842948 -4.6270348 14.806044
-13.730344 -3.6900018 9.8952742
-7.5386591 -14.339382 12.197807
-9.8679464 -9.5637669 15.966673
-6.1308482 -13.409198 14.546244
-10.376124 -13.068352 11.404464
-7.434867 -11.085547 16.827411
-3.0970207 -1.914064 22.986893
-8.4154114 -5.2010103 19.415928
-3.0682906 -5.0860036 22.329377
-5.9567379 -6.795295 20.667107
-13.963108 -8.6296756 8.3636658
-11.967479 -7.3963087 14.068615
-14.014655 -6.1921049 9.2325621
-12.610644 -11.005032 10.012709
-13.086127 -5.5154484 12.063214
-11.423489 -10.393434 13.090154
-2.6127441 9.6472439 17.224333
-7.026285 6.8692219 15.457117
-3.9112819 10.488669 14.553718
-2.7683114 7.5324602 19.43531
-12.523729 1.2955435 9.8363237
-10.260858 4.0089126 12.828116
-12.009568 3.2275469 8.6551344
-12.241443 0 12.097311
-5.8595609 11.145547 9.4809687
-7.870374 7.6277697 12.734533
-5.0086538 10.954769 11.88369
-7.687261 9.6818271 8.4491175
-6.0714079 9.0526003 13.74148
-3.042837 1.8805767 22.584728
-7.4813365 4.6237203 17.260843
-2.9327221 4.8612849 21.342782
-5.9117365 0 21.388864
-5.3378068 6.0892341 18.519704
-10.614808 6.5603124 6.3580908
-9.6545827 5.9668603 11.349643
-11.345001 5.0125698 7.4738498
-9.2936708 8.110382 7.3790694
-10.914652 4.6002303 10.061478
-8.711194 7.9257061 9.9821401
-10.496003 -3.1620794 16.982889
-9.5768245 2.8851631 15.495628
-11.594465 -1.5168273 14.58477
-8.483363 -1.7476689 19.381945
-11.021874 1.4419191 13.864505
-8.1260873 1.6740661 18.565677
-13.792993 0 -6.0800149
-14.228425 0 -1.9817913
-13.262738 1.8891074 -5.1401828
-14.401269 -2.0512766 -5.5814383
-13.792993 0 6.0800149
-14.228425 0 1.9817913
-13.262738 1.8891074 5.1401828
-14.401269 -2.0512766 5.5814383
-11.901357 5.158384 -3.1880566
-13.615733 1.8344457 -1.1337498
-12.610223 3.6345578 -4.1462111
-11.976422 5.2420095 -1.0799133
-13.500719 1.8551404 -3.0750838
-15.019548 -6.509896 -4.023337
-14.780479 -1.9913717 -1.2307354
-14.838708 -4.2768586 -4.8789314
-15.216626 -6.6602274 -1.3720823
-14.659208 -2.0143289 -3.3389549
-11.901357 5.158384 3.1880566
-13.615733 1.8344457 1.1337498
-12.610223 3.6345578 4.1462111
-11.976422 5.2420095 1.0799133
-13.500719 1.8551404 3.0750838
-12.87605 3.5588527 0
-15.019548 -6.509896 4.023337
-14.780479 -1.9913717 1.2307354
-14.838708 -4.2768586 4.8789314
-15.216626 -6.6602274 1.3720823
-14.659208 -2.0143289 3.3389549
-15.150963 -4.1876233 0
-6.407799 12.177783 0
-4.8517799 13.459072 0
-1.0925513 15.763837 0
-3.0899234 14.670284 0
8.8266645 16.774747 0
6.2418548 17.315207 0
1.1544714 16.657248 0
3.6283324 17.226533 0
-8.8266645 -16.774747 0
-6.2418548 -17.315207 0
-1.1544714 -16.657248 0
-3.6283324 -17.226533 0
6.407799 -12.177783 0
4.8517799 -13.459072 0
1.0925513 -15.763837 0
3.0899234 -14.670284 0
-9.6579689 -16.402164 1.2543688
-8.7886832 -16.533606 3.7428653
-8.4200881 -16.881706 1.2443371
-6.6320157 -16.025376 8.5667605
-7.7784569 -16.41008 6.187802
-5.7977584 -17.317596 1.2087279
-7.4950681 -16.90846 3.7048469
-7.1158023 -17.185805 1.2301117
-7.9720214 -16.926916 2.4867274
-0.83067759 -11.692643 16.744352
-2.4384543 -13.209999 14.990272
-5.354333 -15.370395 10.851995
-3.9525799 -14.43484 13.008074
-0.68190654 -16.480752 1.103348
-2.1148914 -16.756012 3.4219661
-1.8756313 -16.849802 1.1335074
-5.215718 -16.189413 8.439209
-3.6354666 -16.694452 5.8823085
-5.8243401 -16.464881 7.3056384
-4.424038 -17.290826 1.1907145
-3.3928741 -17.004853 3.508884
-3.1342135 -17.128327 1.1623449
-5.2788037 -17.257183 2.4137259
-2.6257637 -16.969716 2.3088243
-6.9527756 -16.824354 4.955575
-4.2068971 -16.940316 4.7805215
-6.4078741 -16.67736 6.1368819
-6.1287419 -17.104563 3.6776681
-5.0091006 -16.766253 6.0326959
-4.7439697 -17.130005 3.6111451
6.8982214 -11.715275 0.89593514
6.4085027 -12.05592 2.72921
6.1712683 -12.372974 0.91200212
5.1721119 -12.497714 6.6809619
5.8405447 -12.321699 4.646183
4.5712929 -13.654209 0.95303203
5.6365786 -12.71581 2.7861869
5.3925455 -13.023864 0.93221162
5.9126229 -12.554215 1.8443354
0.80725478 -11.362943 16.272207
2.2304149 -12.082974 13.71136
0 -12.192713 15.523913
4.37349 -12.554741 8.8640528
3.4071068 -12.44277 11.212903
-1.5705873 -13.657028 13.819743
1.4774757 -12.847377 13.000446
-0.7971444 -12.962413 14.698296
0.77329588 -12.57461 14.258561
0.65980404 -15.946565 1.0675854
1.9188291 -15.202635 3.1047307
1.7182606 -15.436057 1.0384029
0 -16.172341 2.1788972
4.2419413 -13.166843 6.8636052
3.1083998 -14.274105 5.0294966
4.6317431 -13.093517 5.8097294
3.6567746 -14.292069 0.98420823
2.9204338 -14.637014 3.0202899
2.722424 -14.877917 1.0096299
4.2370703 -13.851604 1.9373947
2.3299115 -15.057691 2.0486826
-1.3934082 -16.424132 4.5395185
1.3057814 -15.391274 4.2540434
-0.68841281 -16.335499 3.3438232
0.66608575 -15.805696 3.2353741
5.3184278 -12.869552 3.7906973
3.5155654 -14.156465 3.9949244
4.9919226 -12.992154 4.7808117
4.7924593 -13.375163 2.8758064
4.077625 -13.648457 4.910876
3.8830641 -14.02136 2.9558174
-4.4526052 -15.77654 9.750438
-1.4201912 -15.350198 9.4869443
-3.7798271 -15.357007 10.816205
-3.6783876 -16.116891 8.4294731
3.7289499 -13.212474 8.1657577
1.3347411 -14.426607 8.9161337
3.2509407 -13.208202 9.3027643
3.1549553 -13.823467 7.2299643
-2.3472281 -14.310569 12.837761
-0.73791175 -14.831153 10.421567
-3.0741317 -14.865585 11.853628
-0.7661527 -14.003745 12.57241
-2.2236887 -15.166603 10.665579
-2.1571433 -16.426762 5.8380109
-0.72385866 -15.507358 8.1363571
-2.9056497 -16.329445 7.1128963
-0.70280475 -16.022805 5.6858099
-2.1624304 -15.878365 8.3221605
2.1395082 -13.044143 11.701673
0.71459082 -14.36243 10.092204
2.7203686 -13.154892 10.489544
0.74239319 -13.569468 12.182522
2.0262097 -13.819703 9.7184014
0 -14.234668 11.316143
1.9571751 -14.903994 5.2968245
0.7004226 -15.005283 7.8729297
2.5606688 -14.390688 6.2683989
0.67998133 -15.502469 5.5011645
1.9673738 -14.446096 7.5714808
0 -15.546355 6.8045477
-6.8982214 11.715275 0.89593514
-6.4085027 12.05592 2.72921
-6.1712683 12.372974 0.91200212
-5.1721119 12.497714 6.6809619
-5.8405447 12.321699 4.646183
-4.5712929 13.654209 0.95303203
-5.6365786 12.71581 2.7861869
-5.3925455 13.023864 0.93221162
-5.9126229 12.554215 1.8443354
-0.80725478 11.362943 16.272207
-2.2304149 12.082974 13.71136
-4.37349 12.554741 8.8640528
-3.4071068 12.44277 11.212903
-0.65980404 15.946565 1.0675854
-1.9188291 15.202635 3.1047307
-1.7182606 15.436057 1.0384029
-4.2419413 13.166843 6.8636052
-3.1083998 14.274105 5.0294966
-4.6317431 13.093517 5.8097294
-3.6567746 14.292069 0.98420823
-2.9204338 14.637014 3.0202899
-2.722424 14.877917 1.0096299
-4.2370703 13.851604 1.9373947
-2.3299115 15.057691 2.0486826
-5.3184278 12.869552 3.7906973
-3.5155654 14.156465 3.9949244
-4.9919226 12.992154 4.7808117
-4.7924593 13.375163 2.8758064
-4.077625 13.648457 4.910876
-3.8830641 14.02136 2.9558174
9.6579689 16.402164 1.2543688
8.7886832 16.533606 3.7428653
8.4200881 16.881706 1.2443371
6.6320157 16.025376 8.5667605
7.7784569 16.41008 6.187802
5.7977584 17.317596 1.2087279
7.4950681 16.90846 3.7048469
7.1158023 17.185805 1.2301117
7.9720214 16.926916 2.4867274
0.83067759 11.692643 16.744352
2.4384543 13.209999 14.990272
0 12.192713 15.523913
5.354333 15.370395 10.851995
3.9525799 14.43484 13.008074
-1.4774757 12.847377 13.000446
1.5705873 13.657028 13.819743
-0.77329588 12.57461 14.258561
0.7971444 12.962413 14.698296
0.68190654 16.480752 1.103348
2.1148914 16.756012 3.4219661
1.8756313 16.849802 1.1335074
0 16.172341 2.1788972
5.215718 16.189413 8.439209
3.6354666 16.694452 5.8823085
5.8243401 16.464881 7.3056384
4.424038 17.290826 1.1907145
3.3928741 17.004853 3.508884
3.1342135 17.128327 1.1623449
5.2788037 17.257183 2.4137259
2.6257637 16.969716 2.3088243
-1.3057814 15.391274 4.2540434
1.3934082 16.424132 4.5395185
-0.66608575 15.805696 3.2353741
0.68841281 16.335499 3.3438232
6.9527756 16.824354 4.955575
4.2068971 16.940316 4.7805215
6.4078741 16.67736 6.1368819
6.1287419 17.104563 3.6776681
5.0091006 16.766253 6.0326959
4.7439697 17.130005 3.6111451
-3.7289499 13.212474 8.1657577
-1.3347411 14.426607 8.9161337
-3.2509407 13.208202 9.3027643
-3.1549553 13.823467 7.2299643
4.4526052 15.77654 9.750438
1.4201912 15.350198 9.4869443
3.7798271 15.357007 10.816205
3.6783876 16.116891 8.4294731
-2.1395082 13.044143 11.701673
-0.71459082 14.36243 10.092204
-2.7203686 13.154892 10.489544
-0.74239319 13.569468 12.182522
-2.0262097 13.819703 9.7184014
-1.9571751 14.903994 5.2968245
-0.7004226 15.005283 7.8729297
-2.5606688 14.390688 6.2683989
-0.67998133 15.502469 5.5011645
-1.9673738 14.446096 7.5714808
2.3472281 14.310569 12.837761
0.73791175 14.831153 10.421567
3.0741317 14.865585 11.853628
0.7661527 14.003745 12.57241
2.2236887 15.166603 10.665579
0 14.234668 11.316143
2.1571433 16.426762 5.8380109
0.72385866 15.507358 8.1363571
2.9056497 16.329445 7.1128963
0.70280475 16.022805 5.6858099
2.1624304 15.878365 8.3221605
0 15.546355 6.8045477
0 -9.8379225 18.696605
0 -7.5104303 20.834296
0 -1.6204052 23.379957
0 -4.7341925 22.476916
0 9.8379225 18.696605
0 7.5104303 20.834296
0 1.6204052 23.379957
0 4.7341925 22.476916
-9.6579689 -16.402164 -1.2543688
-8.7886832 -16.533606 -3.7428653
-8.4200881 -16.881706 -1.2443371
-6.6320157 -16.025376 -8.5667605
-7.7784569 -16.41008 -6.187802
-5.7977584 -17.317596 -1.2087279
-7.4950681 -16.90846 -3.7048469
-7.1158023 -17.185805 -1.2301117
-7.9720214 -16.926916 -2.4867274
-0.83067759 -11.692643 -16.744352
-2.4384543 -13.209999 -14.990272
-5.354333 -15.370395 -10.851995
-3.9525799 -14.43484 -13.008074
-0.68190654 -16.480752 -1.103348
-2.1148914 -16.756012 -3.4219661
-1.8756313 -16.849802 -1.1335074
-5.215718 -16.189413 -8.439209
-3.6354666 -16.694452 -5.8823085
-5.8243401 -16.464881 -7.3056384
-4.424038 -17.290826 -1.1907145
-3.3928741 -17.004853 -3.508884
-3.1342135 -17.128327 -1.1623449
-5.2788037 -17.257183 -2.4137259
-2.6257637 -16.969716 -2.3088243
-6.9527756 -16.824354 -4.955575
-4.2068971 -16.940316 -4.7805215
-6.4078741 -16.67736 -6.1368819
-6.1287419 -17.104563 -3.6776681
-5.0091006 -16.766253 -6.0326959
-4.7439697 -17.130005 -3.6111451
6.8982214 -11.715275 -0.89593514
6.4085027 -12.05592 -2.72921
6.1712683 -12.372974 -0.91200212
5.1721119 -12.497714 -6.6809619
5.8405447 -12.321699 -4.646183
4.5712929 -13.654209 -0.95303203
5.6365786 -12.71581 -2.7861869
5.3925455 -13.023864 -0.93221162
5.9126229 -12.554215 -1.8443354
0.80725478 -11.362943 -16.272207
2.2304149 -12.082974 -13.71136
0 -12.192713 -15.523913
4.37349 -12.554741 -8.8640528
3.4071068 -12.44277 -11.212903
-1.5705873 -13.657028 -13.819743
1.4774757 -12.847377 -13.000446
-0.7971444 -12.962413 -14.698296
0.77329588 -12.57461 -14.258561
0.65980404 -15.946565 -1.0675854
1.9188291 -15.202635 -3.1047307
1.7182606 -15.436057 -1.0384029
0 -16.172341 -2.1788972
4.2419413 -13.166843 -6.8636052
3.1083998 -14.274105 -5.0294966
4.6317431 -13.093517 -5.8097294
3.6567746 -14.292069 -0.98420823
2.9204338 -14.637014 -3.0202899
2.722424 -14.877917 -1.0096299
4.2370703 -13.851604 -1.9373947
2.3299115 -15.057691 -2.0486826
-1.3934082 -16.424132 -4.5395185
1.3057814 -15.391274 -4.2540434
-0.68841281 -16.335499 -3.3438232
0.66608575 -15.805696 -3.2353741
5.3184278 -12.869552 -3.7906973
3.5155654 -14.156465 -3.9949244
4.9919226 -12.992154 -4.7808117
4.7924593 -13.375163 -2.8758064
4.077625 -13.648457 -4.910876
3.8830641 -14.02136 -2.9558174
-4.4526052 -15.77654 -9.750438
-1.4201912 -15.350198 -9.4869443
-3.7798271 -15.357007 -10.816205
-3.6783876 -16.116891 -8.4294731
3.7289499 -13.212474 -8.1657577
1.3347411 -14.426607 -8.9161337
3.2509407 -13.208202 -9.3027643
3.1549553 -13.823467 -7.2299643
-2.3472281 -14.310569 -12.837761
-0.73791175 -14.831153 -10.421567
-3.0741317 -14.865585 -11.853628
-0.7661527 -14.003745 -12.57241
-2.2236887 -15.166603 -10.665579
-2.1571433 -16.426762 -5.8380109
-0.72385866 -15.507358 -8.1363571
-2.9056497 -16.329445 -7.1128963
-0.70280475 -16.022805 -5.6858099
-2.1624304 -15.878365 -8.3221605
2.1395082 -13.044143 -11.701673
0.71459082 -14.36243 -10.092204
2.7203686 -13.154892 -10.489544
0.74239319 -13.569468 -12.182522
2.0262097 -13.819703 -9.7184014
0 -14.234668 -11.316143
1.9571751 -14.903994 -5.2968245
0.7004226 -15.005283 -7.8729297
2.5606688 -14.390688 -6.2683989
0.67998133 -15.502469 -5.5011645
1.9673738 -14.446096 -7.5714808
0 -15.546355 -6.8045477
-6.8982214 11.715275 -0.89593514
-6.4085027 12.05592 -2.72921
-6.1712683 12.372974 -0.91200212
-5.1721119 12.497714 -6.6809619
-5.8405447 12.321699 -4.646183
-4.5712929 13.654209 -0.95303203
-5.6365786 12.71581 -2.7861869
-5.3925455 13.023864 -0.93221162
-5.9126229 12.554215 -1.8443354
-0.80725478 11.362943 -16.272207
-2.2304149 12.082974 -13.71136
-4.37349 12.554741 -8.8640528
-3.4071068 12.44277 -11.212903
-0.65980404 15.946565 -1.0675854
-1.9188291 15.202635 -3.1047307
-1.7182606 15.436057 -1.0384029
-4.2419413 13.166843 -6.8636052
-3.1083998 14.274105 -5.0294966
-4.6317431 13.093517 -5.8097294
-3.6567746 14.292069 -0.98420823
-2.9204338 14.637014 -3.0202899
-2.722424 14.877917 -1.0096299
-4.2370703 13.851604 -1.9373947
-2.3299115 15.057691 -2.0486826
-5.3184278 12.869552 -3.7906973
-3.5155654 14.156465 -3.9949244
-4.9919226 12.992154 -4.7808117
-4.7924593 13.375163 -2.8758064
-4.077625 13.648457 -4.910876
-3.8830641 14.02136 -2.9558174
9.6579689 16.402164 -1.2543688
8.7886832 16.533606 -3.7428653
8.4200881 16.881706 -1.2443371
6.6320157 16.025376 -8.5667605
7.7784569 16.41008 -6.187802
5.7977584 17.317596 -1.2087279
7.4950681 16.90846 -3.7048469
7.1158023 17.185805 -1.2301117
7.9720214 16.926916 -2.4867274
0.83067759 11.692643 -16.744352
2.4384543 13.209999 -14.990272
0 12.192713 -15.523913
5.354333 15.370395 -10.851995
3.9525799 14.43484 -13.008074
-1.4774757 12.847377 -13.000446
1.5705873 13.657028 -13.819743
-0.77329588 12.57461 -14.258561
0.7971444 12.962413 -14.698296
0.68190654 16.480752 -1.103348
2.1148914 16.756012 -3.4219661
1.8756313 16.849802 -1.1335074
0 16.172341 -2.1788972
5.215718 16.189413 -8.439209
3.6354666 16.694452 -5.8823085
5.8243401 16.464881 -7.3056384
4.424038 17.290826 -1.1907145
3.3928741 17.004853 -3.508884
3.1342135 17.128327 -1.1623449
5.2788037 17.257183 -2.4137259
2.6257637 16.969716 -2.3088243
-1.3057814 15.391274 -4.2540434
1.3934082 16.424132 -4.5395185
-0.66608575 15.805696 -3.2353741
0.68841281 16.335499 -3.3438232
6.9527756 16.824354 -4.955575
4.2068971 16.940316 -4.7805215
6.4078741 16.67736 -6.1368819
6.1287419 17.104563 -3.6776681
5.0091006 16.766253 -6.0326959
4.7439697 17.130005 -3.6111451
-3.7289499 13.212474 -8.1657577
-1.3347411 14.426607 -8.9161337
-3.2509407 13.208202 -9.3027643
-3.1549553 13.823467 -7.2299643
4.4526052 15.77654 -9.750438
1.4201912 15.350198 -9.4869443
3.7798271 15.357007 -10.816205
3.6783876 16.116891 -8.4294731
-2.1395082 13.044143 -11.701673
-0.71459082 14.36243 -10.092204
-2.7203686 13.154892 -10.489544
-0.74239319 13.569468 -12.182522
-2.0262097 13.819703 -9.7184014
-1.9571751 14.903994 -5.2968245
-0.7004226 15.005283 -7.8729297
-2.5606688 14.390688 -6.2683989
-0.67998133 15.502469 -5.5011645
-1.9673738 14.446096 -7.5714808
2.3472281 14.310569 -12.837761
0.73791175 14.831153 -10.421567
3.0741317 14.865585 -11.853628
0.7661527 14.003745 -12.57241
2.2236887 15.166603 -10.665579
0 14.234668 -11.316143
2.1571433 16.426762 -5.8380109
0.72385866 15.507358 -8.1363571
2.9056497 16.329445 -7.1128963
0.70280475 16.022805 -5.6858099
2.1624304 15.878365 -8.3221605
0 15.546355 -6.8045477
0 -9.8379225 -18.696605
0 -7.5104303 -20.834296
0 -1.6204052 -23.379957
0 -4.7341925 -22.476916
0 9.8379225 -18.696605
0 7.5104303 -20.834296
0 1.6204052 -23.379957
0 4.7341925 -22.476916
10.945501 15.674414 -0.77759859
12.492093 14.175615 -2.3059348
10.573664 15.84749 -2.0404338
14.323816 10.113077 -4.9897537
13.624241 12.277595 -3.7306198
9.7152658 15.99961 -4.5709968
12.150604 14.356516 -3.5888504
10.162189 15.955985 -3.3135207
11.412652 15.158862 -2.8280253
13.706651 1.0482272 -8.0707889
14.250345 3.2259823 -7.5749817
14.621209 7.8161282 -6.0509087
14.574848 5.4957851 -6.9085481
7.5410284 15.486653 -9.5712782
10.350271 14.367584 -8.8796551
8.1342934 15.717052 -8.3601079
14.046224 10.204925 -6.3069906
12.566588 12.516122 -7.7353889
13.743176 11.329446 -5.7085218
9.2171329 15.97089 -5.8799334
10.855851 14.472175 -7.5867403
8.6956439 15.879267 -7.1208205
10.567829 15.317614 -5.4344492
9.5627364 15.193995 -8.0296298
12.806888 13.410032 -4.3602738
12.026361 13.538458 -7.0231502
13.328635 12.409805 -5.0533783
11.779542 14.4502 -4.9202342
12.975601 12.489845 -6.396731
11.346872 14.489266 -6.2623725
7.663554 -10.974528 -0.54444
8.6755654 -9.8447456 -1.6014361
7.4475823 -11.162213 -1.4371838
10.452188 -7.379582 -3.6410577
9.6004945 -8.6515636 -2.6288287
6.9712436 -11.48061 -3.2799445
8.4711938 -10.009119 -2.5020853
7.2167934 -11.331323 -2.3531342
7.9736093 -10.590951 -1.9758396
13.146166 -1.0053637 -7.7407628
12.602302 -2.8528996 -6.6989401
11.238119 -6.0076141 -4.6508352
11.958193 -4.5091147 -5.6682412
5.7703547 -11.850305 -7.3238911
7.5061667 -10.41958 -6.4396545
6.1056215 -11.797259 -6.2751185
10.274814 -7.4649034 -4.613564
8.9913837 -8.9552754 -5.5346646
9.8574622 -8.1261846 -4.0945076
6.7004652 -11.610161 -4.2744625
7.7694888 -10.357677 -5.4297994
6.4158293 -11.716058 -5.2538915
7.5080058 -10.882532 -3.8609518
6.9730642 -11.079329 -5.8551362
8.9644641 -9.3866487 -3.05207
8.5319152 -9.6046489 -4.9824648
9.4186945 -8.7694023 -3.5709753
8.2640739 -10.137706 -3.4518473
9.21596 -8.8709505 -4.5432976
8.0304165 -10.254354 -4.4320108
1.3331731 -10.26472 -17.432612
3.8274325 -8.9872568 -16.90717
2.0776764 -10.766657 -16.136743
1.3705765 -9.2743151 -18.594373
7.9404203 -6.1471302 -14.853715
6.0365436 -7.5883155 -16.008942
3.3787079 -11.439134 -13.515881
4.4429226 -9.4430549 -15.551319
2.763881 -11.153794 -14.815034
3.299574 -10.119416 -15.888826
1.4457394 -6.9346023 -20.713288
3.9443873 -7.9796689 -18.001693
1.4102679 -8.1579479 -19.702754
2.6968238 -8.6455544 -18.357022
12.967044 -0.64328754 -9.054935
12.03488 -1.9577033 -10.605596
12.737299 -1.6399831 -8.4985013
9.5537763 -4.7137969 -13.531642
10.907272 -3.3142391 -12.103617
12.173908 -3.4780156 -7.3922271
11.788176 -2.9468152 -9.976895
12.468951 -2.5893812 -7.9413357
12.282802 -2.29147 -9.247353
5.3302705 -11.870983 -8.6245588
6.3791765 -10.363342 -10.321724
4.9203926 -11.845767 -9.7652813
6.2926101 -11.164478 -8.1534979
8.3370893 -6.5686344 -13.489694
7.3863839 -8.6096899 -11.95142
7.4862093 -7.2839995 -14.074117
3.9640465 -11.643099 -12.191434
5.9826118 -10.244555 -11.532623
4.4636234 -11.773116 -10.961518
4.4942631 -10.759723 -13.199169
5.4591755 -11.073794 -10.659235
8.003782 -9.7017613 -7.1927554
7.3189226 -9.6241605 -9.7651444
7.1871498 -10.434983 -7.6724378
6.812459 -10.418796 -8.9723745
5.5614142 -8.7178357 -15.105738
6.51046 -9.3158037 -12.419104
6.5561886 -8.0061393 -14.620151
5.0302074 -9.7817401 -14.178213
7.0056761 -8.343278 -13.256428
5.5439305 -10.045118 -12.827005
1.5573125 -0.96247206 -23.261638
4.4000308 -2.7193686 -21.545206
1.5420647 -2.5516771 -22.923085
8.1948669 -5.0647063 -15.720678
6.6206234 -4.0917703 -18.789847
7.2682753 -5.7945527 -16.380675
1.4900127 -5.536065 -21.637052
4.3066323 -4.1642473 -20.870923
1.5180447 -4.0933431 -22.369925
2.8601129 -6.2550493 -20.448672
3.0001752 -3.4120184 -22.051103
5.1643522 -7.2456944 -17.53316
5.4840382 -4.8259975 -19.433307
6.2527293 -6.5288372 -16.992183
4.0940888 -6.8226965 -19.041305
6.4517197 -5.3570268 -17.930817
4.2188541 -5.5423184 -20.012763
10.7491 -6.6433094 -5.2341373
10.445454 -6.4556456 -7.5248061
11.128944 -5.9196326 -5.7597377
10.145731 -7.4094996 -5.7184159
9.2621596 -5.7243295 -12.748587
9.9745145 -6.164589 -10.014732
9.9706424 -5.023867 -12.09488
8.8055157 -6.7958166 -12.057277
11.836814 -4.3579086 -6.8312717
10.812231 -5.6680897 -8.1104578
11.494361 -5.1544749 -6.2944261
11.689025 -4.1470827 -8.064416
10.988267 -5.8070124 -6.9157521
8.7945082 -8.9233386 -6.6879937
9.7741407 -7.2464166 -8.0634938
9.4916526 -8.1739448 -6.206235
8.5244243 -8.8983292 -7.9194334
9.9794863 -7.337529 -6.8734243
11.220725 -3.6484201 -10.716049
10.584611 -5.4908255 -9.4024261
10.626036 -4.3270123 -11.412794
11.486375 -3.9110637 -9.3634847
10.3111 -5.2808767 -10.71212
11.157248 -4.8222487 -8.7374936
7.8408954 -8.7250037 -10.575988
9.5068047 -7.1252984 -9.3695506
8.3275804 -7.8008541 -11.326016
8.2074651 -8.8344597 -9.2219636
9.1929134 -6.9799077 -10.674887
9.0290716 -8.035793 -8.649673
1.3921608 10.718894 -18.203937
4.3021119 10.101859 -19.004003
2.2346936 11.580331 -17.356253
1.4266367 9.6536593 -19.354932
9.4626679 7.3255885 -17.701302
7.1025676 8.9283749 -18.836042
3.8611097 13.072379 -15.445638
5.1450223 10.935308 -18.00884
3.065039 12.369134 -16.429309
3.694551 11.330765 -17.790805
1.4917764 7.1554226 -21.372867
4.3847644 8.8705711 -20.011519
1.4621714 8.4581931 -20.427895
2.9102999 9.3299223 -19.810133
13.307835 0.66019401 -9.292911
12.998795 2.1145025 -11.455034
13.629329 1.7548359 -9.0936762
12.88667 0 -10.121383
11.204663 5.5283383 -15.869902
12.34304 3.7505054 -13.696863
14.119893 4.0339724 -8.573866
13.267406 3.3165939 -11.228837
13.90341 2.8872699 -8.8549265
13.487006 2.5161253 -10.153962
11.895832 -1.3519385 -11.755769
12.521797 1.4230782 -12.374364
12.414389 -0.67327947 -10.948238
12.74134 0.69101126 -11.236575
6.7888288 15.119321 -10.984556
8.2403763 13.386969 -13.333209
6.1185005 14.730193 -12.143112
8.304455 14.733934 -10.760297
10.200145 8.0365005 -16.504181
9.4223556 10.982852 -15.245692
9.1494253 8.9022905 -17.200973
4.6708747 13.719177 -14.365286
7.5463389 12.922264 -14.547004
5.4070888 14.261571 -13.278428
5.3454227 12.797486 -15.698933
6.8585142 13.912316 -13.391493
11.000972 13.334796 -9.8862384
9.6683299 12.71356 -12.8998
9.7318169 14.129571 -10.388925
9.0250592 13.802688 -11.886488
6.6182688 10.374516 -17.976334
8.1869666 11.714714 -15.617144
7.9398011 9.6957482 -17.705575
6.0047174 11.676772 -16.92498
8.7182699 10.382859 -16.497068
6.8114888 12.341823 -15.759757
1.5644353 0.96687418 -23.368032
4.5688278 2.8236908 -22.371738
1.5607898 2.5826618 -23.201437
3.0907247 0 -22.940163
9.4725584 5.854363 -18.171746
7.2418286 4.4756962 -20.552876
8.4223906 6.7146585 -18.98173
1.5287199 5.6798793 -22.199133
4.5616992 4.4108813 -22.107035
1.5474667 4.1726781 -22.803487
3.0290571 6.6245292 -21.656556
3.0978206 3.5230679 -22.76879
5.7830687 -1.7751167 -20.923339
5.9718468 1.8330622 -21.606345
4.5214553 -0.93085896 -22.088558
4.5802567 0.94296474 -22.375818
5.8731765 8.2401899 -19.939644
5.9850695 5.2669091 -21.208768
7.2077503 7.52603 -19.587512
4.4919787 7.4857701 -20.891861
7.25642 6.0251898 -20.167265
4.5538837 5.9824476 -21.602026
14.273105 8.821264 -6.9501064
13.5842 8.3954971 -9.7859288
14.359228 7.6378636 -7.4315575
13.751438 10.042774 -7.7506932
11.243351 6.9487728 -15.47553
12.593766 7.7833754 -12.644545
11.948128 6.0202547 -14.493668
11.030312 8.5128435 -15.103661
14.277465 5.2564725 -8.2398221
13.638021 7.1494521 -10.230136
14.358067 6.4386611 -7.8626198
13.909845 4.9349947 -9.5965894
14.03191 7.4154982 -8.831348
12.145348 12.323265 -9.2362201
12.93833 9.5923042 -10.673894
13.04104 11.230578 -8.5270462
11.597819 12.106531 -10.774704
13.38161 9.8389782 -9.2166547
12.940528 4.2076145 -12.358501
13.151623 6.8224774 -11.682731
12.511563 5.0948149 -13.437927
13.465007 4.5847797 -10.976429
12.597482 6.4518579 -13.087424
13.591433 5.8743225 -10.643759
10.248594 11.404185 -13.823549
12.382977 9.2809736 -12.204198
10.695371 10.01888 -14.546356
10.962781 11.800262 -12.317855
11.760009 8.9290278 -13.65582
12.063288 10.736219 -11.556393
9.1977023 -4.2001945 -14.882195
9.908841 -1.483349 -16.032842
9.9614362 -3.48112 -14.143394
8.5844656 -3.746022 -16.413232
10.510201 4.7995562 -17.005862
10.382105 1.5541963 -16.798598
11.20883 3.9170339 -15.914463
9.5673845 4.1749405 -18.292542
11.296827 -2.0654872 -12.592852
10.65629 -0.7545316 -15.165192
10.663726 -2.7655412 -13.373333
11.664039 -0.71079726 -12.991958
10.334279 -2.1546153 -14.69549
6.9202015 -2.5570124 -19.471787
9.2122302 -0.81957473 -17.557901
7.8275814 -3.1976017 -17.970184
7.1210363 -0.8802085 -20.067322
8.9295712 -2.32026 -17.037281
12.191837 2.2291288 -13.590541
10.925858 0.77361869 -15.54882
11.767184 3.051713 -14.757175
11.968646 0.72935978 -13.331244
11.111256 2.3166087 -15.800361
11.344364 0 -14.270166
7.3241154 2.7062584 -20.608304
9.4305459 0.83899739 -17.973996
8.4987681 3.4717845 -19.511063
7.2602899 0.89742118 -20.459744
9.5493027 2.481291 -18.219705
8.3453241 0 -19.066567
10.945501 15.674414 0.77759859
12.492093 14.175615 2.3059348
10.573664 15.84749 2.0404338
11.792912 15.014881 0
14.323816 10.113077 4.9897537
13.624241 12.277595 3.7306198
9.7152658 15.99961 4.5709968
12.150604 14.356516 3.5888504
10.162189 15.955985 3.3135207
11.412652 15.158862 2.8280253
13.195643 13.352861 -1.517527
13.195643 13.352861 1.517527
12.550595 14.231329 -0.77181902
12.550595 14.231329 0.77181902
13.706651 1.0482272 8.0707889
14.250345 3.2259823 7.5749817
14.621209 7.8161282 6.0509087
14.574848 5.4957851 6.9085481
7.5410284 15.486653 9.5712782
10.350271 14.367584 8.8796551
8.1342934 15.717052 8.3601079
14.046224 10.204925 6.3069906
12.566588 12.516122 7.7353889
13.743176 11.329446 5.7085218
9.2171329 15.97089 5.8799334
10.855851 14.472175 7.5867403
8.6956439 15.879267 7.1208205
10.567829 15.317614 5.4344492
9.5627364 15.193995 8.0296298
12.806888 13.410032 4.3602738
12.026361 13.538458 7.0231502
13.328635 12.409805 5.0533783
11.779542 14.4502 4.9202342
12.975601 12.489845 6.396731
11.346872 14.489266 6.2623725
14.706711 9.0892474 -4.1506679
14.915884 9.2185233 -1.3800087
14.494386 10.208645 -3.5675096
14.706711 9.0892474 4.1506679
14.915884 9.2185233 1.3800087
14.494386 10.208645 3.5675096
13.755733 12.340028 -2.2562237
14.663261 10.303592 -0.72955842
14.177085 11.304628 -2.9317533
13.808929 12.397507 -0.75549422
14.607292 10.272256 -2.1416839
13.755733 12.340028 2.2562237
14.663261 10.303592 0.72955842
14.177085 11.304628 2.9317533
13.808929 12.397507 0.75549422
14.607292 10.272256 2.1416839
14.299348 11.367562 0
7.663554 -10.974528 0.54444
8.6755654 -9.8447456 1.6014361
7.4475823 -11.162213 1.4371838
8.1901617 -10.427815 0
10.452188 -7.379582 3.6410577
9.6004945 -8.6515636 2.6288287
6.9712436 -11.48061 3.2799445
8.4711938 -10.009119 2.5020853
7.2167934 -11.331323 2.3531342
7.9736093 -10.590951 1.9758396
9.1760279 -9.2853546 -1.0552627
9.1760279 -9.2853546 1.0552627
8.6967846 -9.8614292 -0.53482275
8.6967846 -9.8614292 0.53482275
13.146166 -1.0053637 7.7407628
12.602302 -2.8528996 6.6989401
11.238119 -6.0076141 4.6508352
11.958193 -4.5091147 5.6682412
5.7703547 -11.850305 7.3238911
7.5061667 -10.41958 6.4396545
6.1056215 -11.797259 6.2751185
10.274814 -7.4649034 4.613564
8.9913837 -8.9552754 5.5346646
9.8574622 -8.1261846 4.0945076
6.7004652 -11.610161 4.2744625
7.7694888 -10.357677 5.4297994
6.4158293 -11.716058 5.2538915
7.5080058 -10.882532 3.8609518
6.9730642 -11.079329 5.8551362
8.9644641 -9.3866487 3.05207
8.5319152 -9.6046489 4.9824648
9.4186945 -8.7694023 3.5709753
8.2640739 -10.137706 3.4518473
9.21596 -8.8709505 4.5432976
8.0304165 -10.254354 4.4320108
10.930697 -6.7555423 -3.0849653
11.015764 -6.8081164 -1.0191719
10.523965 -7.4122096 -2.5902681
10.930697 -6.7555423 3.0849653
11.015764 -6.8081164 1.0191719
10.523965 -7.4122096 2.5902681
9.6572758 -8.6633732 -1.5839922
10.593965 -7.4441766 -0.527094
10.09709 -8.051291 -2.0880297
9.6736898 -8.6849337 -0.52925296
10.570841 -7.433711 -1.5498698
9.6572758 -8.6633732 1.5839922
10.593965 -7.4441766 0.527094
10.09709 -8.051291 2.0880297
9.6736898 -8.6849337 0.52925296
10.570841 -7.433711 1.5498698
10.148626 -8.0678596 0
1.3331731 -10.26472 17.432612
3.8274325 -8.9872568 16.90717
2.0776764 -10.766657 16.136743
1.3705765 -9.2743151 18.594373
7.9404203 -6.1471302 14.853715
6.0365436 -7.5883155 16.008942
3.3787079 -11.439134 13.515881
4.4429226 -9.4430549 15.551319
2.763881 -11.153794 14.815034
3.299574 -10.119416 15.888826
1.4457394 -6.9346023 20.713288
3.9443873 -7.9796689 18.001693
1.4102679 -8.1579479 19.702754
2.6968238 -8.6455544 18.357022
12.967044 -0.64328754 9.054935
12.03488 -1.9577033 10.605596
12.737299 -1.6399831 8.4985013
9.5537763 -4.7137969 13.531642
10.907272 -3.3142391 12.103617
12.173908 -3.4780156 7.3922271
11.788176 -2.9468152 9.976895
12.468951 -2.5893812 7.9413357
12.282802 -2.29147 9.247353
5.3302705 -11.870983 8.6245588
6.3791765 -10.363342 10.321724
4.9203926 -11.845767 9.7652813
6.2926101 -11.164478 8.1534979
8.3370893 -6.5686344 13.489694
7.3863839 -8.6096899 11.95142
7.4862093 -7.2839995 14.074117
3.9640465 -11.643099 12.191434
5.9826118 -10.244555 11.532623
4.4636234 -11.773116 10.961518
4.4942631 -10.759723 13.199169
5.4591755 -11.073794 10.659235
8.003782 -9.7017613 7.1927554
7.3189226 -9.6241605 9.7651444
7.1871498 -10.434983 7.6724378
6.812459 -10.418796 8.9723745
5.5614142 -8.7178357 15.105738
6.51046 -9.3158037 12.419104
6.5561886 -8.0061393 14.620151
5.0302074 -9.7817401 14.178213
7.0056761 -8.343278 13.256428
5.5439305 -10.045118 12.827005
1.5573125 -0.96247206 23.261638
4.4000308 -2.7193686 21.545206
1.5420647 -2.5516771 22.923085
8.1948669 -5.0647063 15.720678
6.6206234 -4.0917703 18.789847
7.2682753 -5.7945527 16.380675
1.4900127 -5.536065 21.637052
4.3066323 -4.1642473 20.870923
1.5180447 -4.0933431 22.369925
2.8601129 -6.2550493 20.448672
3.0001752 -3.4120184 22.051103
5.1643522 -7.2456944 17.53316
5.4840382 -4.8259975 19.433307
6.2527293 -6.5288372 16.992183
4.0940888 -6.8226965 19.041305
6.4517197 -5.3570268 17.930817
4.2188541 -5.5423184 20.012763
10.7491 -6.6433094 5.2341373
10.445454 -6.4556456 7.5248061
11.128944 -5.9196326 5.7597377
10.145731 -7.4094996 5.7184159
9.2621596 -5.7243295 12.748587
9.9745145 -6.164589 10.014732
9.9706424 -5.023867 12.09488
8.8055157 -6.7958166 12.057277
11.836814 -4.3579086 6.8312717
10.812231 -5.6680897 8.1104578
11.494361 -5.1544749 6.2944261
11.689025 -4.1470827 8.064416
10.988267 -5.8070124 6.9157521
8.7945082 -8.9233386 6.6879937
9.7741407 -7.2464166 8.0634938
9.4916526 -8.1739448 6.206235
8.5244243 -8.8983292 7.9194334
9.9794863 -7.337529 6.8734243
11.220725 -3.6484201 10.716049
10.584611 -5.4908255 9.4024261
10.626036 -4.3270123 11.412794
11.486375 -3.9110637 9.3634847
10.3111 -5.2808767 10.71212
11.157248 -4.8222487 8.7374936
7.8408954 -8.7250037 10.575988
9.5068047 -7.1252984 9.3695506
8.3275804 -7.8008541 11.326016
8.2074651 -8.8344597 9.2219636
9.1929134 -6.9799077 10.674887
9.0290716 -8.035793 8.649673
1.3921608 10.718894 18.203937
4.3021119 10.101859 19.004003
2.2346936 11.580331 17.356253
1.4266367 9.6536593 19.354932
9.4626679 7.3255885 17.701302
7.1025676 8.9283749 18.836042
3.8611097 13.072379 15.445638
5.1450223 10.935308 18.00884
3.065039 12.369134 16.429309
3.694551 11.330765 17.790805
1.4917764 7.1554226 21.372867
4.3847644 8.8705711 20.011519
1.4621714 8.4581931 20.427895
2.9102999 9.3299223 19.810133
13.307835 0.66019401 9.292911
12.998795 2.1145025 11.455034
13.629329 1.7548359 9.0936762
12.88667 0 10.121383
11.204663 5.5283383 15.869902
12.34304 3.7505054 13.696863
14.119893 4.0339724 8.573866
13.267406 3.3165939 11.228837
13.90341 2.8872699 8.8549265
13.487006 2.5161253 10.153962
11.895832 -1.3519385 11.755769
12.521797 1.4230782 12.374364
12.414389 -0.67327947 10.948238
12.74134 0.69101126 11.236575
6.7888288 15.119321 10.984556
8.2403763 13.386969 13.333209
6.1185005 14.730193 12.143112
8.304455 14.733934 10.760297
10.200145 8.0365005 16.504181
9.4223556 10.982852 15.245692
9.1494253 8.9022905 17.200973
4.6708747 13.719177 14.365286
7.5463389 12.922264 14.547004
5.4070888 14.261571 13.278428
5.3454227 12.797486 15.698933
6.8585142 13.912316 13.391493
11.000972 13.334796 9.8862384
9.6683299 12.71356 12.8998
9.7318169 14.129571 10.388925
9.0250592 13.802688 11.886488
6.6182688 10.374516 17.976334
8.1869666 11.714714 15.617144
7.9398011 9.6957482 17.705575
6.0047174 11.676772 16.92498
8.7182699 10.382859 16.497068
6.8114888 12.341823 15.759757
1.5644353 0.96687418 23.368032
4.5688278 2.8236908 22.371738
1.5607898 2.5826618 23.201437
3.0907247 0 22.940163
9.4725584 5.854363 18.171746
7.2418286 4.4756962 20.552876
8.4223906 6.7146585 18.98173
1.5287199 5.6798793 22.199133
4.5616992 4.4108813 22.107035
1.5474667 4.1726781 22.803487
3.0290571 6.6245292 21.656556
3.0978206 3.5230679 22.76879
5.7830687 -1.7751167 20.923339
5.9718468 1.8330622 21.606345
4.5214553 -0.93085896 22.088558
4.5802567 0.94296474 22.375818
5.8731765 8.2401899 19.939644
5.9850695 5.2669091 21.208768
7.2077503 7.52603 19.587512
4.4919787 7.4857701 20.891861
7.25642 6.0251898 20.167265
4.5538837 5.9824476 21.602026
14.273105 8.821264 6.9501064
13.5842 8.3954971 9.7859288
14.359228 7.6378636 7.4315575
13.751438 10.042774 7.7506932
11.243351 6.9487728 15.47553
12.593766 7.7833754 12.644545
11.948128 6.0202547 14.493668
11.030312 8.5128435 15.103661
14.277465 5.2564725 8.2398221
13.638021 7.1494521 10.230136
14.358067 6.4386611 7.8626198
13.909845 4.9349947 9.5965894
14.03191 7.4154982 8.831348
12.145348 12.323265 9.2362201
12.93833 9.5923042 10.673894
13.04104 11.230578 8.5270462
11.597819 12.106531 10.774704
13.38161 9.8389782 9.2166547
12.940528 4.2076145 12.358501
13.151623 6.8224774 11.682731
12.511563 5.0948149 13.437927
13.465007 4.5847797 10.976429
12.597482 6.4518579 13.087424
13.591433 5.8743225 10.643759
10.248594 11.404185 13.823549
12.382977 9.2809736 12.204198
10.695371 10.01888 14.546356
10.962781 11.800262 12.317855
11.760009 8.9290278 13.65582
12.063288 10.736219 11.556393
9.1977023 -4.2001945 14.882195
9.908841 -1.483349 16.032842
9.9614362 -3.48112 14.143394
8.5844656 -3.746022 16.413232
10.510201 4.7995562 17.005862
10.382105 1.5541963 16.798598
11.20883 3.9170339 15.914463
9.5673845 4.1749405 18.292542
11.296827 -2.0654872 12.592852
10.65629 -0.7545316 15.165192
10.663726 -2.7655412 13.373333
11.664039 -0.71079726 12.991958
10.334279 -2.1546153 14.69549
6.9202015 -2.5570124 19.471787
9.2122302 -0.81957473 17.557901
7.8275814 -3.1976017 17.970184
7.1210363 -0.8802085 20.067322
8.9295712 -2.32026 17.037281
12.191837 2.2291288 13.590541
10.925858 0.77361869 15.54882
11.767184 3.051713 14.757175
11.968646 0.72935978 13.331244
11.111256 2.3166087 15.800361
11.344364 0 14.270166
7.3241154 2.7062584 20.608304
9.4305459 0.83899739 17.973996
8.4987681 3.4717845 19.511063
7.2602899 0.89742118 20.459744
9.5493027 2.481291 18.219705
8.3453241 0 19.066567
13.600879 0 -7.1566141
13.948528 0 -5.0282211
13.931707 1.0268951 -6.9487174
13.364303 -0.98507218 -6.6657133
14.266655 0 -0.9887855
14.163751 0 -2.9832351
14.466621 3.1698106 -6.4126661
14.264854 0.99565364 -4.7757308
14.223845 2.0896202 -6.6989639
14.117586 1.0104972 -5.8454026
12.797052 -2.8039879 -5.6725907
13.687835 -0.95537906 -4.5825507
13.093236 -1.9235228 -6.166484
13.544146 -0.96945199 -5.6079691
13.600879 0 7.1566141
13.948528 0 5.0282211
13.931707 1.0268951 6.9487174
13.364303 -0.98507218 6.6657133
14.266655 0 0.9887855
14.163751 0 2.9832351
14.466621 3.1698106 6.4126661
14.264854 0.99565364 4.7757308
14.223845 2.0896202 6.6989639
14.117586 1.0104972 5.8454026
12.797052 -2.8039879 5.6725907
13.687835 -0.95537906 4.5825507
13.093236 -1.9235228 6.166484
13.544146 -0.96945199 5.6079691
14.837085 7.7342679 -4.7800404
15.087514 5.3161023 -3.2855319
14.853436 6.5906236 -5.2543024
14.9897 7.8399288 -3.4211268
14.553105 0.9742965 -0.60214835
14.953022 3.0537538 -1.8873237
14.524638 0.97709068 -1.6168063
14.664859 4.3195006 -6.06035
14.969263 4.2242945 -3.717413
14.792769 5.443396 -5.6837654
14.648113 3.1495045 -5.2485704
14.96319 5.3839325 -4.4704159
15.141589 7.9444464 -0.70678514
15.184111 5.3963771 -1.9939597
15.091298 7.9096433 -2.0552419
15.143115 6.5961465 -2.6945551
14.385523 0.99064385 -3.6806858
14.886401 3.0717499 -2.9701924
14.468709 0.98186057 -2.6475453
14.549192 2.0349649 -4.4504558
14.735241 2.0048115 -2.2800181
14.787861 3.117402 -4.0953382
11.394405 -5.9396695 -3.6709176
12.37613 -4.360743 -2.6950874
11.767096 -5.2211824 -4.1625304
11.455151 -5.9912849 -2.6144301
13.965355 -0.93494795 -0.57782961
13.233395 -2.7025662 -1.6702777
13.937538 -0.93759567 -1.5514533
12.465708 -3.6717458 -5.1515364
12.727538 -3.5916844 -3.160711
12.126538 -4.4622849 -4.6593304
12.949068 -2.7841914 -4.6397852
12.265296 -4.4131983 -3.6643907
11.51484 -6.041574 -0.53749431
12.411596 -4.4110354 -1.6298763
11.495242 -6.0248804 -1.5655051
11.951369 -5.2058626 -2.1266179
13.801771 -0.95044442 -3.5313269
13.172421 -2.7180769 -2.6282124
13.883312 -0.94213498 -2.5404269
13.39669 -1.8737669 -4.0979168
13.570293 -1.8463139 -2.099763
13.073678 -2.7560382 -3.6206138
14.837085 7.7342679 4.7800404
15.087514 5.3161023 3.2855319
14.853436 6.5906236 5.2543024
14.9897 7.8399288 3.4211268
14.553105 0.9742965 0.60214835
14.953022 3.0537538 1.8873237
14.524638 0.97709068 1.6168063
14.800795 1.994109 0
14.664859 4.3195006 6.06035
14.969263 4.2242945 3.717413
14.792769 5.443396 5.6837654
14.648113 3.1495045 5.2485704
14.96319 5.3839325 4.4704159
15.141589 7.9444464 0.70678514
15.184111 5.3963771 1.9939597
15.091298 7.9096433 2.0552419
15.242635 6.6716115 0
15.143115 6.5961465 2.6945551
14.385523 0.99064385 3.6806858
14.886401 3.0717499 2.9701924
14.468709 0.98186057 2.6475453
14.549192 2.0349649 4.4504558
14.735241 2.0048115 2.2800181
14.787861 3.117402 4.0953382
15.128344 4.1813715 -1.2834747
15.128344 4.1813715 1.2834747
14.997247 3.0698873 -0.63201599
15.232594 5.4053977 -0.6681439
14.997247 3.0698873 0.63201599
15.232594 5.4053977 0.6681439
11.394405 -5.9396695 3.6709176
12.37613 -4.360743 2.6950874
11.767096 -5.2211824 4.1625304
11.455151 -5.9912849 2.6144301
13.965355 -0.93494795 0.57782961
13.233395 -2.7025662 1.6702777
13.937538 -0.93759567 1.5514533
13.63161 -1.8365849 0
12.465708 -3.6717458 5.1515364
12.727538 -3.5916844 3.160711
12.126538 -4.4622849 4.6593304
12.949068 -2.7841914 4.6397852
12.265296 -4.4131983 3.6643907
11.51484 -6.041574 0.53749431
12.411596 -4.4110354 1.6298763
11.495242 -6.0248804 1.5655051
11.989091 -5.2475545 0
11.951369 -5.2058626 2.1266179
13.801771 -0.95044442 3.5313269
13.172421 -2.7180769 2.6282124
13.883312 -0.94213498 2.5404269
13.39669 -1.8737669 4.0979168
13.570293 -1.8463139 2.099763
13.073678 -2.7560382 3.6206138
12.862158 -3.555013 -1.0912135
12.862158 -3.555013 1.0912135
13.260672 -2.7144162 -0.55883304
12.441178 -4.414843 -0.54570461
13.260672 -2.7144162 0.55883304
12.441178 -4.414843 0.54570461
-7.663554 10.974528 -0.54444
-8.6755654 9.8447456 -1.6014361
-7.4475823 11.162213 -1.4371838
-10.452188 7.379582 -3.6410577
-9.6004945 8.6515636 -2.6288287
-6.9712436 11.48061 -3.2799445
-8.4711938 10.009119 -2.5020853
-7.2167934 11.331323 -2.3531342
-7.9736093 10.590951 -1.9758396
-13.146166 1.0053637 -7.7407628
-12.602302 2.8528996 -6.6989401
-11.238119 6.0076141 -4.6508352
-11.958193 4.5091147 -5.6682412
-5.7703547 11.850305 -7.3238911
-7.5061667 10.41958 -6.4396545
-6.1056215 11.797259 -6.2751185
-10.274814 7.4649034 -4.613564
-8.9913837 8.9552754 -5.5346646
-9.8574622 8.1261846 -4.0945076
-6.7004652 11.610161 -4.2744625
-7.7694888 10.357677 -5.4297994
-6.4158293 11.716058 -5.2538915
-7.5080058 10.882532 -3.8609518
-6.9730642 11.079329 -5.8551362
-8.9644641 9.3866487 -3.05207
-8.5319152 9.6046489 -4.9824648
-9.4186945 8.7694023 -3.5709753
-8.2640739 10.137706 -3.4518473
-9.21596 8.8709505 -4.5432976
-8.0304165 10.254354 -4.4320108
-10.945501 -15.674414 -0.77759859
-12.492093 -14.175615 -2.3059348
-10.573664 -15.84749 -2.0404338
-14.323816 -10.113077 -4.9897537
-13.624241 -12.277595 -3.7306198
-9.7152658 -15.99961 -4.5709968
-12.150604 -14.356516 -3.5888504
-10.162189 -15.955985 -3.3135207
-11.412652 -15.158862 -2.8280253
-13.706651 -1.0482272 -8.0707889
-14.250345 -3.2259823 -7.5749817
-14.621209 -7.8161282 -6.0509087
-14.574848 -5.4957851 -6.9085481
-7.5410284 -15.486653 -9.5712782
-10.350271 -14.367584 -8.8796551
-8.1342934 -15.717052 -8.3601079
-14.046224 -10.204925 -6.3069906
-12.566588 -12.516122 -7.7353889
-13.743176 -11.329446 -5.7085218
-9.2171329 -15.97089 -5.8799334
-10.855851 -14.472175 -7.5867403
-8.6956439 -15.879267 -7.1208205
-10.567829 -15.317614 -5.4344492
-9.5627364 -15.193995 -8.0296298
-12.806888 -13.410032 -4.3602738
-12.026361 -13.538458 -7.0231502
-13.328635 -12.409805 -5.0533783
-11.779542 -14.4502 -4.9202342
-12.975601 -12.489845 -6.396731
-11.346872 -14.489266 -6.2623725
-1.3921608 -10.718894 -18.203937
-4.3021119 -10.101859 -19.004003
-2.2346936 -11.580331 -17.356253
-1.4266367 -9.6536593 -19.354932
-9.4626679 -7.3255885 -17.701302
-7.1025676 -8.9283749 -18.836042
-3.8611097 -13.072379 -15.445638
-5.1450223 -10.935308 -18.00884
-3.065039 -12.369134 -16.429309
-3.694551 -11.330765 -17.790805
-1.4917764 -7.1554226 -21.372867
-4.3847644 -8.8705711 -20.011519
-1.4621714 -8.4581931 -20.427895
-2.9102999 -9.3299223 -19.810133
-13.307835 -0.66019401 -9.292911
-12.998795 -2.1145025 -11.455034
-13.629329 -1.7548359 -9.0936762
-11.204663 -5.5283383 -15.869902
-12.34304 -3.7505054 -13.696863
-14.119893 -4.0339724 -8.573866
-13.267406 -3.3165939 -11.228837
-13.90341 -2.8872699 -8.8549265
-13.487006 -2.5161253 -10.153962
-6.7888288 -15.119321 -10.984556
-8.2403763 -13.386969 -13.333209
-6.1185005 -14.730193 -12.143112
-8.304455 -14.733934 -10.760297
-10.200145 -8.0365005 -16.504181
-9.4223556 -10.982852 -15.245692
-9.1494253 -8.9022905 -17.200973
-4.6708747 -13.719177 -14.365286
-7.5463389 -12.922264 -14.547004
-5.4070888 -14.261571 -13.278428
-5.3454227 -12.797486 -15.698933
-6.8585142 -13.912316 -13.391493
-11.000972 -13.334796 -9.8862384
-9.6683299 -12.71356 -12.8998
-9.7318169 -14.129571 -10.388925
-9.0250592 -13.802688 -11.886488
-6.6182688 -10.374516 -17.976334
-8.1869666 -11.714714 -15.617144
-7.9398011 -9.6957482 -17.705575
-6.0047174 -11.676772 -16.92498
-8.7182699 -10.382859 -16.497068
-6.8114888 -12.341823 -15.759757
-1.5644353 -0.96687418 -23.368032
-4.5688278 -2.8236908 -22.371738
-1.5607898 -2.5826618 -23.201437
-9.4725584 -5.854363 -18.171746
-7.2418286 -4.4756962 -20.552876
-8.4223906 -6.7146585 -18.98173
-1.5287199 -5.6798793 -22.199133
-4.5616992 -4.4108813 -22.107035
-1.5474667 -4.1726781 -22.803487
-3.0290571 -6.6245292 -21.656556
-3.0978206 -3.5230679 -22.76879
-5.8731765 -8.2401899 -19.939644
-5.9850695 -5.2669091 -21.208768
-7.2077503 -7.52603 -19.587512
-4.4919787 -7.4857701 -20.891861
-7.25642 -6.0251898 -20.167265
-4.5538837 -5.9824476 -21.602026
-14.273105 -8.821264 -6.9501064
-13.5842 -8.3954971 -9.7859288
-14.359228 -7.6378636 -7.4315575
-13.751438 -10.042774 -7.7506932
-11.243351 -6.9487728 -15.47553
-12.593766 -7.7833754 -12.644545
-11.948128 -6.0202547 -14.493668
-11.030312 -8.5128435 -15.103661
-14.277465 -5.2564725 -8.2398221
-13.638021 -7.1494521 -10.230136
-14.358067 -6.4386611 -7.8626198
-13.909845 -4.9349947 -9.5965894
-14.03191 -7.4154982 -8.831348
-12.145348 -12.323265 -9.2362201
-12.93833 -9.5923042 -10.673894
-13.04104 -11.230578 -8.5270462
-11.597819 -12.106531 -10.774704
-13.38161 -9.8389782 -9.2166547
-12.940528 -4.2076145 -12.358501
-13.151623 -6.8224774 -11.682731
-12.511563 -5.0948149 -13.437927
-13.465007 -4.5847797 -10.976429
-12.597482 -6.4518579 -13.087424
-13.591433 -5.8743225 -10.643759
-10.248594 -11.404185 -13.823549
-12.382977 -9.2809736 -12.204198
-10.695371 -10.01888 -14.546356
-10.962781 -11.800262 -12.317855
-11.760009 -8.9290278 -13.65582
-12.063288 -10.736219 -11.556393
-1.3331731 10.26472 -17.432612
-3.8274325 8.9872568 -16.90717
-2.0776764 10.766657 -16.136743
-1.3705765 9.2743151 -18.594373
-7.9404203 6.1471302 -14.853715
-6.0365436 7.5883155 -16.008942
-3.3787079 11.439134 -13.515881
-4.4429226 9.4430549 -15.551319
-2.763881 11.153794 -14.815034
-3.299574 10.119416 -15.888826
-1.4457394 6.9346023 -20.713288
-3.9443873 7.9796689 -18.001693
-1.4102679 8.1579479 -19.702754
-2.6968238 8.6455544 -18.357022
-12.967044 0.64328754 -9.054935
-12.03488 1.9577033 -10.605596
-12.737299 1.6399831 -8.4985013
-12.88667 0 -10.121383
-9.5537763 4.7137969 -13.531642
-10.907272 3.3142391 -12.103617
-12.173908 3.4780156 -7.3922271
-11.788176 2.9468152 -9.976895
-12.468951 2.5893812 -7.9413357
-12.282802 2.29147 -9.247353
-12.521797 -1.4230782 -12.374364
-11.895832 1.3519385 -11.755769
-12.74134 -0.69101126 -11.236575
-12.414389 0.67327947 -10.948238
-5.3302705 11.870983 -8.6245588
-6.3791765 10.363342 -10.321724
-4.9203926 11.845767 -9.7652813
-6.2926101 11.164478 -8.1534979
-8.3370893 6.5686344 -13.489694
-7.3863839 8.6096899 -11.95142
-7.4862093 7.2839995 -14.074117
-3.9640465 11.643099 -12.191434
-5.9826118 10.244555 -11.532623
-4.4636234 11.773116 -10.961518
-4.4942631 10.759723 -13.199169
-5.4591755 11.073794 -10.659235
-8.003782 9.7017613 -7.1927554
-7.3189226 9.6241605 -9.7651444
-7.1871498 10.434983 -7.6724378
-6.812459 10.418796 -8.9723745
-5.5614142 8.7178357 -15.105738
-6.51046 9.3158037 -12.419104
-6.5561886 8.0061393 -14.620151
-5.0302074 9.7817401 -14.178213
-7.0056761 8.343278 -13.256428
-5.5439305 10.045118 -12.827005
-1.5573125 0.96247206 -23.261638
-4.4000308 2.7193686 -21.545206
-1.5420647 2.5516771 -22.923085
-3.0907247 0 -22.940163
-8.1948669 5.0647063 -15.720678
-6.6206234 4.0917703 -18.789847
-7.2682753 5.7945527 -16.380675
-1.4900127 5.536065 -21.637052
-4.3066323 4.1642473 -20.870923
-1.5180447 4.0933431 -22.369925
-2.8601129 6.2550493 -20.448672
-3.0001752 3.4120184 -22.051103
-5.9718468 -1.8330622 -21.606345
-5.7830687 1.7751167 -20.923339
-4.5802567 -0.94296474 -22.375818
-4.5214553 0.93085896 -22.088558
-5.1643522 7.2456944 -17.53316
-5.4840382 4.8259975 -19.433307
-6.2527293 6.5288372 -16.992183
-4.0940888 6.8226965 -19.041305
-6.4517197 5.3570268 -17.930817
-4.2188541 5.5423184 -20.012763
-10.7491 6.6433094 -5.2341373
-10.445454 6.4556456 -7.5248061
-11.128944 5.9196326 -5.7597377
-10.145731 7.4094996 -5.7184159
-9.2621596 5.7243295 -12.748587
-9.9745145 6.164589 -10.014732
-9.9706424 5.023867 -12.09488
-8.8055157 6.7958166 -12.057277
-11.836814 4.3579086 -6.8312717
-10.812231 5.6680897 -8.1104578
-11.494361 5.1544749 -6.2944261
-11.689025 4.1470827 -8.064416
-10.988267 5.8070124 -6.9157521
-8.7945082 8.9233386 -6.6879937
-9.7741407 7.2464166 -8.0634938
-9.4916526 8.1739448 -6.206235
-8.5244243 8.8983292 -7.9194334
-9.9794863 7.337529 -6.8734243
-11.220725 3.6484201 -10.716049
-10.584611 5.4908255 -9.4024261
-10.626036 4.3270123 -11.412794
-11.486375 3.9110637 -9.3634847
-10.3111 5.2808767 -10.71212
-11.157248 4.8222487 -8.7374936
-7.8408954 8.7250037 -10.575988
-9.5068047 7.1252984 -9.3695506
-8.3275804 7.8008541 -11.326016
-8.2074651 8.8344597 -9.2219636
-9.1929134 6.9799077 -10.674887
-9.0290716 8.035793 -8.649673
-10.510201 -4.7995562 -17.005862
-10.382105 -1.5541963 -16.798598
-11.20883 -3.9170339 -15.914463
-9.5673845 -4.1749405 -18.292542
-9.1977023 4.2001945 -14.882195
-9.908841 1.483349 -16.032842
-9.9614362 3.48112 -14.143394
-8.5844656 3.746022 -16.413232
-12.191837 -2.2291288 -13.590541
-10.925858 -0.77361869 -15.54882
-11.767184 -3.051713 -14.757175
-11.968646 -0.72935978 -13.331244
-11.111256 -2.3166087 -15.800361
-7.3241154 -2.7062584 -20.608304
-9.4305459 -0.83899739 -17.973996
-8.4987681 -3.4717845 -19.511063
-7.2602899 -0.89742118 -20.459744
-9.5493027 -2.481291 -18.219705
-11.296827 2.0654872 -12.592852
-10.65629 0.7545316 -15.165192
-10.663726 2.7655412 -13.373333
-11.664039 0.71079726 -12.991958
-10.334279 2.1546153 -14.69549
-11.344364 0 -14.270166
-6.9202015 2.5570124 -19.471787
-9.2122302 0.81957473 -17.557901
-7.8275814 3.1976017 -17.970184
-7.1210363 0.8802085 -20.067322
-8.9295712 2.32026 -17.037281
-8.3453241 0 -19.066567
-7.663554 10.974528 0.54444
-8.6755654 9.8447456 1.6014361
-7.4475823 11.162213 1.4371838
-8.1901617 10.427815 0
-10.452188 7.379582 3.6410577
-9.6004945 8.6515636 2.6288287
-6.9712436 11.48061 3.2799445
-8.4711938 10.009119 2.5020853
-7.2167934 11.331323 2.3531342
-7.9736093 10.590951 1.9758396
-9.1760279 9.2853546 -1.0552627
-9.1760279 9.2853546 1.0552627
-8.6967846 9.8614292 -0.53482275
-8.6967846 9.8614292 0.53482275
-13.146166 1.0053637 7.7407628
-12.602302 2.8528996 6.6989401
-11.238119 6.0076141 4.6508352
-11.958193 4.5091147 5.6682412
-5.7703547 11.850305 7.3238911
-7.5061667 10.41958 6.4396545
-6.1056215 11.797259 6.2751185
-10.274814 7.4649034 4.613564
-8.9913837 8.9552754 5.5346646
-9.8574622 8.1261846 4.0945076
-6.7004652 11.610161 4.2744625
-7.7694888 10.357677 5.4297994
-6.4158293 11.716058 5.2538915
-7.5080058 10.882532 3.8609518
-6.9730642 11.079329 5.8551362
-8.9644641 9.3866487 3.05207
-8.5319152 9.6046489 4.9824648
-9.4186945 8.7694023 3.5709753
-8.2640739 10.137706 3.4518473
-9.21596 8.8709505 4.5432976
-8.0304165 10.254354 4.4320108
-10.930697 6.7555423 -3.0849653
-11.015764 6.8081164 -1.0191719
-10.523965 7.4122096 -2.5902681
-10.930697 6.7555423 3.0849653
-11.015764 6.8081164 1.0191719
-10.523965 7.4122096 2.5902681
-9.6572758 8.6633732 -1.5839922
-10.593965 7.4441766 -0.527094
-10.09709 8.051291 -2.0880297
-9.6736898 8.6849337 -0.52925296
-10.570841 7.433711 -1.5498698
-9.6572758 8.6633732 1.5839922
-10.593965 7.4441766 0.527094
-10.09709 8.051291 2.0880297
-9.6736898 8.6849337 0.52925296
-10.570841 7.433711 1.5498698
-10.148626 8.0678596 0
-10.945501 -15.674414 0.77759859
-12.492093 -14.175615 2.3059348
-10.573664 -15.84749 2.0404338
-11.792912 -15.014881 0
-14.323816 -10.113077 4.9897537
-13.624241 -12.277595 3.7306198
-9.7152658 -15.99961 4.5709968
-12.150604 -14.356516 3.5888504
-10.162189 -15.955985 3.3135207
-11.412652 -15.158862 2.8280253
-13.195643 -13.352861 -1.517527
-13.195643 -13.352861 1.517527
-12.550595 -14.231329 -0.77181902
-12.550595 -14.231329 0.77181902
-13.706651 -1.0482272 8.0707889
-14.250345 -3.2259823 7.5749817
-14.621209 -7.8161282 6.0509087
-14.574848 -5.4957851 6.9085481
-7.5410284 -15.486653 9.5712782
-10.350271 -14.367584 8.8796551
-8.1342934 -15.717052 8.3601079
-14.046224 -10.204925 6.3069906
-12.566588 -12.516122 7.7353889
-13.743176 -11.329446 5.7085218
-9.2171329 -15.97089 5.8799334
-10.855851 -14.472175 7.5867403
-8.6956439 -15.879267 7.1208205
-10.567829 -15.317614 5.4344492
-9.5627364 -15.193995 8.0296298
-12.806888 -13.410032 4.3602738
-12.026361 -13.538458 7.0231502
-13.328635 -12.409805 5.0533783
-11.779542 -14.4502 4.9202342
-12.975601 -12.489845 6.396731
-11.346872 -14.489266 6.2623725
-14.706711 -9.0892474 -4.1506679
-14.915884 -9.2185233 -1.3800087
-14.494386 -10.208645 -3.5675096
-14.706711 -9.0892474 4.1506679
-14.915884 -9.2185233 1.3800087
-14.494386 -10.208645 3.5675096
-13.755733 -12.340028 -2.2562237
-14.663261 -10.303592 -0.72955842
-14.177085 -11.304628 -2.9317533
-13.808929 -12.397507 -0.75549422
-14.607292 -10.272256 -2.1416839
-13.755733 -12.340028 2.2562237
-14.663261 -10.303592 0.72955842
-14.177085 -11.304628 2.9317533
-13.808929 -12.397507 0.75549422
-14.607292 -10.272256 2.1416839
-14.299348 -11.367562 0
-1.3921608 -10.718894 18.203937
-4.3021119 -10.101859 19.004003
-2.2346936 -11.580331 17.356253
-1.4266367 -9.6536593 19.354932
-9.4626679 -7.3255885 17.701302
-7.1025676 -8.9283749 18.836042
-3.8611097 -13.072379 15.445638
-5.1450223 -10.935308 18.00884
-3.065039 -12.369134 16.429309
-3.694551 -11.330765 17.790805
-1.4917764 -7.1554226 21.372867
-4.3847644 -8.8705711 20.011519
-1.4621714 -8.4581931 20.427895
-2.9102999 -9.3299223 19.810133
-13.307835 -0.66019401 9.292911
-12.998795 -2.1145025 11.455034
-13.629329 -1.7548359 9.0936762
-11.204663 -5.5283383 15.869902
-12.34304 -3.7505054 13.696863
-14.119893 -4.0339724 8.573866
-13.267406 -3.3165939 11.228837
-13.90341 -2.8872699 8.8549265
-13.487006 -2.5161253 10.153962
-6.7888288 -15.119321 10.984556
-8.2403763 -13.386969 13.333209
-6.1185005 -14.730193 12.143112
-8.304455 -14.733934 10.760297
-10.200145 -8.0365005 16.504181
-9.4223556 -10.982852 15.245692
-9.1494253 -8.9022905 17.200973
-4.6708747 -13.719177 14.365286
-7.5463389 -12.922264 14.547004
-5.4070888 -14.261571 13.278428
-5.3454227 -12.797486 15.698933
-6.8585142 -13.912316 13.391493
-11.000972 -13.334796 9.8862384
-9.6683299 -12.71356 12.8998
-9.7318169 -14.129571 10.388925
-9.0250592 -13.802688 11.886488
-6.6182688 -10.374516 17.976334
-8.1869666 -11.714714 15.617144
-7.9398011 -9.6957482 17.705575
-6.0047174 -11.676772 16.92498
-8.7182699 -10.382859 16.497068
-6.8114888 -12.341823 15.759757
-1.5644353 -0.96687418 23.368032
-4.5688278 -2.8236908 22.371738
-1.5607898 -2.5826618 23.201437
-9.4725584 -5.854363 18.171746
-7.2418286 -4.4756962 20.552876
-8.4223906 -6.7146585 18.98173
-1.5287199 -5.6798793 22.199133
-4.5616992 -4.4108813 22.107035
-1.5474667 -4.1726781 22.803487
-3.0290571 -6.6245292 21.656556
-3.0978206 -3.5230679 22.76879
-5.8731765 -8.2401899 19.939644
-5.9850695 -5.2669091 21.208768
-7.2077503 -7.52603 19.587512
-4.4919787 -7.4857701 20.891861
-7.25642 -6.0251898 20.167265
-4.5538837 -5.9824476 21.602026
-14.273105 -8.821264 6.9501064
-13.5842 -8.3954971 9.7859288
-14.359228 -7.6378636 7.4315575
-13.751438 -10.042774 7.7506932
-11.243351 -6.9487728 15.47553
-12.593766 -7.7833754 12.644545
-11.948128 -6.0202547 14.493668
-11.030312 -8.5128435 15.103661
-14.277465 -5.2564725 8.2398221
-13.638021 -7.1494521 10.230136
-14.358067 -6.4386611 7.8626198
-13.909845 -4.9349947 9.5965894
-14.03191 -7.4154982 8.831348
-12.145348 -12.323265 9.2362201
-12.93833 -9.5923042 10.673894
-13.04104 -11.230578 8.5270462
-11.597819 -12.106531 10.774704
-13.38161 -9.8389782 9.2166547
-12.940528 -4.2076145 12.358501
-13.151623 -6.8224774 11.682731
-12.511563 -5.0948149 13.437927
-13.465007 -4.5847797 10.976429
-12.597482 -6.4518579 13.087424
-13.591433 -5.8743225 10.643759
-10.248594 -11.404185 13.823549
-12.382977 -9.2809736 12.204198
-10.695371 -10.01888 14.546356
-10.962781 -11.800262 12.317855
-11.760009 -8.9290278 13.65582
-12.063288 -10.736219 11.556393
-1.3331731 10.26472 17.432612
-3.8274325 8.9872568 16.90717
-2.0776764 10.766657 16.136743
-1.3705765 9.2743151 18.594373
-7.9404203 6.1471302 14.853715
-6.0365436 7.5883155 16.008942
-3.3787079 11.439134 13.515881
-4.4429226 9.4430549 15.551319
-2.763881 11.153794 14.815034
-3.299574 10.119416 15.888826
-1.4457394 6.9346023 20.713288
-3.9443873 7.9796689 18.001693
-1.4102679 8.1579479 19.702754
-2.6968238 8.6455544 18.357022
-12.967044 0.64328754 9.054935
-12.03488 1.9577033 10.605596
-12.737299 1.6399831 8.4985013
-12.88667 0 10.121383
-9.5537763 4.7137969 13.531642
-10.907272 3.3142391 12.103617
-12.173908 3.4780156 7.3922271
-11.788176 2.9468152 9.976895
-12.468951 2.5893812 7.9413357
-12.282802 2.29147 9.247353
-12.521797 -1.4230782 12.374364
-11.895832 1.3519385 11.755769
-12.74134 -0.69101126 11.236575
-12.414389 0.67327947 10.948238
-5.3302705 11.870983 8.6245588
-6.3791765 10.363342 10.321724
-4.9203926 11.845767 9.7652813
-6.2926101 11.164478 8.1534979
-8.3370893 6.5686344 13.489694
-7.3863839 8.6096899 11.95142
-7.4862093 7.2839995 14.074117
-3.9640465 11.643099 12.191434
-5.9826118 10.244555 11.532623
-4.4636234 11.773116 10.961518
-4.4942631 10.759723 13.199169
-5.4591755 11.073794 10.659235
-8.003782 9.7017613 7.1927554
-7.3189226 9.6241605 9.7651444
-7.1871498 10.434983 7.6724378
-6.812459 10.418796 8.9723745
-5.5614142 8.7178357 15.105738
-6.51046 9.3158037 12.419104
-6.5561886 8.0061393 14.620151
-5.0302074 9.7817401 14.178213
-7.0056761 8.343278 13.256428
-5.5439305 10.045118 12.827005
-1.5573125 0.96247206 23.261638
-4.4000308 2.7193686 21.545206
-1.5420647 2.5516771 22.923085
-3.0907247 0 22.940163
-8.1948669 5.0647063 15.720678
-6.6206234 4.0917703 18.789847
-7.2682753 5.7945527 16.380675
-1.4900127 5.536065 21.637052
-4.3066323 4.1642473 20.870923
-1.5180447 4.0933431 22.369925
-2.8601129 6.2550493 20.448672
-3.0001752 3.4120184 22.051103
-5.9718468 -1.8330622 21.606345
-5.7830687 1.7751167 20.923339
-4.5802567 -0.94296474 22.375818
-4.5214553 0.93085896 22.088558
-5.1643522 7.2456944 17.53316
-5.4840382 4.8259975 19.433307
-6.2527293 6.5288372 16.992183
-4.0940888 6.8226965 19.041305
-6.4517197 5.3570268 17.930817
-4.2188541 5.5423184 20.012763
-10.7491 6.6433094 5.2341373
-10.445454 6.4556456 7.5248061
-11.128944 5.9196326 5.7597377
-10.145731 7.4094996 5.7184159
-9.2621596 5.7243295 12.748587
-9.9745145 6.164589 10.014732
-9.9706424 5.023867 12.09488
-8.8055157 6.7958166 12.057277
-11.836814 4.3579086 6.8312717
-10.812231 5.6680897 8.1104578
-11.494361 5.1544749 6.2944261
-11.689025 4.1470827 8.064416
-10.988267 5.8070124 6.9157521
-8.7945082 8.9233386 6.6879937
-9.7741407 7.2464166 8.0634938
-9.4916526 8.1739448 6.206235
-8.5244243 8.8983292 7.9194334
-9.9794863 7.337529 6.8734243
-11.220725 3.6484201 10.716049
-10.584611 5.4908255 9.4024261
-10.626036 4.3270123 11.412794
-11.486375 3.9110637 9.3634847
-10.3111 5.2808767 10.71212
-11.157248 4.8222487 8.7374936
-7.8408954 8.7250037 10.575988
-9.5068047 7.1252984 9.3695506
-8.3275804 7.8008541 11.326016
-8.2074651 8.8344597 9.2219636
-9.1929134 6.9799077 10.674887
-9.0290716 8.035793 8.649673
-10.510201 -4.7995562 17.005862
-10.382105 -1.5541963 16.798598
-11.20883 -3.9170339 15.914463
-9.5673845 -4.1749405 18.292542
-9.1977023 4.2001945 14.882195
-9.908841 1.483349 16.032842
-9.9614362 3.48112 14.143394
-8.5844656 3.746022 16.413232
-12.191837 -2.2291288 13.590541
-10.925858 -0.77361869 15.54882
-11.767184 -3.051713 14.757175
-11.968646 -0.72935978 13.331244
-11.111256 -2.3166087 15.800361
-7.3241154 -2.7062584 20.608304
-9.4305459 -0.83899739 17.973996
-8.4987681 -3.4717845 19.511063
-7.2602899 -0.89742118 20.459744
-9.5493027 -2.481291 18.219705
-11.296827 2.0654872 12.592852
-10.65629 0.7545316 15.165192
-10.663726 2.7655412 13.373333
-11.664039 0.71079726 12.991958
-10.334279 2.1546153 14.69549
-11.344364 0 14.270166
-6.9202015 2.5570124 19.471787
-9.2122302 0.81957473 17.557901
-7.8275814 3.1976017 17.970184
-7.1210363 0.8802085 20.067322
-8.9295712 2.32026 17.037281
-8.3453241 0 19.066567
-13.600879 0 -7.1566141
-13.948528 0 -5.0282211
-13.364303 0.98507218 -6.6657133
-13.931707 -1.0268951 -6.9487174
-14.266655 0 -0.9887855
-14.163751 0 -2.9832351
-12.797052 2.8039879 -5.6725907
-13.687835 0.95537906 -4.5825507
-13.093236 1.9235228 -6.166484
-13.544146 0.96945199 -5.6079691
-14.466621 -3.1698106 -6.4126661
-14.264854 -0.99565364 -4.7757308
-14.223845 -2.0896202 -6.6989639
-14.117586 -1.0104972 -5.8454026
-13.600879 0 7.1566141
-13.948528 0 5.0282211
-13.364303 0.98507218 6.6657133
-13.931707 -1.0268951 6.9487174
-14.266655 0 0.9887855
-14.163751 0 2.9832351
-12.797052 2.8039879 5.6725907
-13.687835 0.95537906 4.5825507
-13.093236 1.9235228 6.166484
-13.544146 0.96945199 5.6079691
-14.466621 -3.1698106 6.4126661
-14.264854 -0.99565364 4.7757308
-14.223845 -2.0896202 6.6989639
-14.117586 -1.0104972 5.8454026
-11.394405 5.9396695 -3.6709176
-12.37613 4.360743 -2.6950874
-11.767096 5.2211824 -4.1625304
-11.455151 5.9912849 -2.6144301
-13.965355 0.93494795 -0.57782961
-13.233395 2.7025662 -1.6702777
-13.937538 0.93759567 -1.5514533
-12.465708 3.6717458 -5.1515364
-12.727538 3.5916844 -3.160711
-12.126538 4.4622849 -4.6593304
-12.949068 2.7841914 -4.6397852
-12.265296 4.4131983 -3.6643907
-11.51484 6.041574 -0.53749431
-12.411596 4.4110354 -1.6298763
-11.495242 6.0248804 -1.5655051
-11.951369 5.2058626 -2.1266179
-13.801771 0.95044442 -3.5313269
-13.172421 2.7180769 -2.6282124
-13.883312 0.94213498 -2.5404269
-13.39669 1.8737669 -4.0979168
-13.570293 1.8463139 -2.099763
-13.073678 2.7560382 -3.6206138
-14.837085 -7.7342679 -4.7800404
-15.087514 -5.3161023 -3.2855319
-14.853436 -6.5906236 -5.2543024
-14.9897 -7.8399288 -3.4211268
-14.553105 -0.9742965 -0.60214835
-14.953022 -3.0537538 -1.8873237
-14.524638 -0.97709068 -1.6168063
-14.664859 -4.3195006 -6.06035
-14.969263 -4.2242945 -3.717413
-14.792769 -5.443396 -5.6837654
-14.648113 -3.1495045 -5.2485704
-14.96319 -5.3839325 -4.4704159
-15.141589 -7.9444464 -0.70678514
-15.184111 -5.3963771 -1.9939597
-15.091298 -7.9096433 -2.0552419
-15.143115 -6.5961465 -2.6945551
-14.385523 -0.99064385 -3.6806858
-14.886401 -3.0717499 -2.9701924
-14.468709 -0.98186057 -2.6475453
-14.549192 -2.0349649 -4.4504558
-14.735241 -2.0048115 -2.2800181
-14.787861 -3.117402 -4.0953382
-11.394405 5.9396695 3.6709176
-12.37613 4.360743 2.6950874
-11.767096 5.2211824 4.1625304
-11.455151 5.9912849 2.6144301
-13.965355 0.93494795 0.57782961
-13.233395 2.7025662 1.6702777
-13.937538 0.93759567 1.5514533
-13.63161 1.8365849 0
-12.465708 3.6717458 5.1515364
-12.727538 3.5916844 3.160711
-12.126538 4.4622849 4.6593304
-12.949068 2.7841914 4.6397852
-12.265296 4.4131983 3.6643907
-11.51484 6.041574 0.53749431
-12.411596 4.4110354 1.6298763
-11.495242 6.0248804 1.5655051
-11.989091 5.2475545 0
-11.951369 5.2058626 2.1266179
-13.801771 0.95044442 3.5313269
-13.172421 2.7180769 2.6282124
-13.883312 0.94213498 2.5404269
-13.39669 1.8737669 4.0979168
-13.570293 1.8463139 2.099763
-13.073678 2.7560382 3.6206138
-12.862158 3.555013 -1.0912135
-12.862158 3.555013 1.0912135
-13.260672 2.7144162 -0.55883304
-12.441178 4.414843 -0.54570461
-13.260672 2.7144162 0.55883304
-12.441178 4.414843 0.54570461
-14.837085 -7.7342679 4.7800404
-15.087514 -5.3161023 3.2855319
-14.853436 -6.5906236 5.2543024
-14.9897 -7.8399288 3.4211268
-14.553105 -0.9742965 0.60214835
-14.953022 -3.0537538 1.8873237
-14.524638 -0.97709068 1.6168063
-14.800795 -1.994109 0
-14.664859 -4.3195006 6.06035
-14.969263 -4.2242945 3.717413
-14.792769 -5.443396 5.6837654
-14.648113 -3.1495045 5.2485704
-14.96319 -5.3839325 4.4704159
-15.141589 -7.9444464 0.70678514
-15.184111 -5.3963771 1.9939597
-15.091298 -7.9096433 2.0552419
-15.242635 -6.6716115 0
-15.143115 -6.5961465 2.6945551
-14.385523 -0.99064385 3.6806858
-14.886401 -3.0717499 2.9701924
-14.468709 -0.98186057 2.6475453
-14.549192 -2.0349649 4.4504558
-14.735241 -2.0048115 2.2800181
-14.787861 -3.117402 4.0953382
-15.128344 -4.1813715 -1.2834747
-15.128344 -4.1813715 1.2834747
-14.997247 -3.0698873 -0.63201599
-15.232594 -5.4053977 -0.6681439
-14.997247 -3.0698873 0.63201599
-15.232594 -5.4053977 0.6681439
