-17.087393 27.647982 0
29.411601 47.58897 0
-29.411601 -47.58897 0
17.087393 -27.647982 0
0 -16.441173 26.602377
0 16.441173 26.602377
0 -16.441173 -26.602377
0 16.441173 -26.602377
32.741887 0 -20.235599
32.741887 0 20.235599
-32.741887 0 -20.235599
-32.741887 0 20.235599
0 41.46043 0
0 -41.46043 0
-13.069699 -34.216917 21.147218
9.9724068 -26.1081 16.135693
-9.9724068 26.1081 16.135693
13.069699 34.216917 21.147218
0 0 29.435403
-13.069699 -34.216917 -21.147218
9.9724068 -26.1081 -16.135693
-9.9724068 26.1081 -16.135693
13.069699 34.216917 -21.147218
0 0 -29.435403
41.608415 25.715415 -15.893
26.425661 -16.331957 -10.093704
15.113052 -9.3403799 -24.453432
17.747049 10.96828 -28.715329
41.608415 25.715415 15.893
26.425661 -16.331957 10.093704
15.113052 -9.3403799 24.453432
17.747049 10.96828 28.715329
44.351201 0 0
-26.425661 16.331957 -10.093704
-41.608415 -25.715415 -15.893
-17.747049 -10.96828 -28.715329
-15.113052 9.3403799 -24.453432
-26.425661 16.331957 10.093704
-41.608415 -25.715415 15.893
-17.747049 -10.96828 28.715329
-15.113052 9.3403799 24.453432
-44.351201 0 0
-9.6891642 34.107283 0
13.288101 46.776069 0
-13.288101 -46.776069 0
9.6891642 -34.107283 0
-21.570247 -42.886524 12.920213
-5.6929133 -24.589603 24.882573
-7.1132351 -41.641603 11.509456
14.173316 -28.179753 8.4895763
5.0911308 -21.990303 22.252304
5.9120812 -34.609926 9.5659483
0 -30.716783 18.984016
-14.173316 28.179753 8.4895763
-5.0911308 21.990303 22.252304
-5.9120812 34.609926 9.5659483
21.570247 42.886524 12.920213
5.6929133 24.589603 24.882573
7.1132351 41.641603 11.509456
0 30.716783 18.984016
0 -8.1632859 28.735966
0 8.1632859 28.735966
-21.570247 -42.886524 -12.920213
-5.6929133 -24.589603 -24.882573
-7.1132351 -41.641603 -11.509456
14.173316 -28.179753 -8.4895763
5.0911308 -21.990303 -22.252304
5.9120812 -34.609926 -9.5659483
0 -30.716783 -18.984016
-14.173316 28.179753 -8.4895763
-5.0911308 21.990303 -22.252304
-5.9120812 34.609926 -9.5659483
21.570247 42.886524 -12.920213
5.6929133 24.589603 -24.882573
7.1132351 41.641603 -11.509456
0 30.716783 -18.984016
0 -8.1632859 -28.735966
0 8.1632859 -28.735966
40.200994 40.679965 -9.3072172
39.502627 11.900763 -19.868279
28.340312 33.181415 -20.507243
22.126242 -22.389863 -5.1226032
30.102676 -9.0688859 -15.140471
18.317516 -21.446521 -13.254679
7.725781 -12.898162 -25.64446
23.1277 -5.2914137 -22.855392
12.863696 -17.77719 -20.813897
7.7828348 -4.8100564 -28.158561
21.581605 -13.338165 -18.432891
8.6103212 14.374899 -28.580546
26.348923 6.0284013 -26.038688
16.676432 23.046262 -26.983034
8.1039234 5.0085001 -29.32027
30.073493 18.586441 -25.685829
16.874014 0 -27.302728
40.200994 40.679965 9.3072172
39.502627 11.900763 19.868279
28.340312 33.181415 20.507243
48.162678 29.766172 0
22.126242 -22.389863 5.1226032
30.102676 -9.0688859 15.140471
18.317516 -21.446521 13.254679
28.315096 -17.499692 0
7.725781 -12.898162 25.64446
23.1277 -5.2914137 22.855392
12.863696 -17.77719 20.813897
7.7828348 -4.8100564 28.158561
21.581605 -13.338165 18.432891
8.6103212 14.374899 28.580546
26.348923 6.0284013 26.038688
16.676432 23.046262 26.983034
8.1039234 5.0085001 29.32027
30.073493 18.586441 25.685829
16.874014 0 27.302728
41.022241 0 -11.653559
41.022241 0 11.653559
46.886714 12.959169 -8.0092069
35.373302 -9.7769402 -6.0424814
46.886714 12.959169 8.0092069
35.373302 -9.7769402 6.0424814
-22.126242 22.389863 -5.1226032
-30.102676 9.0688859 -15.140471
-18.317516 21.446521 -13.254679
-40.200994 -40.679965 -9.3072172
-39.502627 -11.900763 -19.868279
-28.340312 -33.181415 -20.507243
-8.6103212 -14.374899 -28.580546
-26.348923 -6.0284013 -26.038688
-16.676432 -23.046262 -26.983034
-8.1039234 -5.0085001 -29.32027
-30.073493 -18.586441 -25.685829
-7.725781 12.898162 -25.64446
-23.1277 5.2914137 -22.855392
-12.863696 17.77719 -20.813897
-7.7828348 4.8100564 -28.158561
-21.581605 13.338165 -18.432891
-16.874014 0 -27.302728
-22.126242 22.389863 5.1226032
-30.102676 9.0688859 15.140471
-18.317516 21.446521 13.254679
-28.315096 17.499692 0
-40.200994 -40.679965 9.3072172
-39.502627 -11.900763 19.868279
-28.340312 -33.181415 20.507243
-48.162678 -29.766172 0
-8.6103212 -14.374899 28.580546
-26.348923 -6.0284013 26.038688
-16.676432 -23.046262 26.983034
-8.1039234 -5.0085001 29.32027
-30.073493 -18.586441 25.685829
-7.725781 12.898162 25.64446
-23.1277 5.2914137 22.855392
-12.863696 17.77719 20.813897
-7.7828348 4.8100564 28.158561
-21.581605 13.338165 18.432891
-16.874014 0 27.302728
-41.022241 0 -11.653559
-41.022241 0 11.653559
-35.373302 9.7769402 -6.0424814
-46.886714 -12.959169 -8.0092069
-35.373302 9.7769402 6.0424814
-46.886714 -12.959169 8.0092069
-13.562442 30.76747 0
-5.2533221 37.716636 0
20.941386 47.507186 0
6.2340281 44.757691 0
-20.941386 -47.507186 0
-6.2340281 -44.757691 0
13.562442 -30.76747 0
5.2533221 -37.716636 0
-25.811738 -46.084662 6.9905423
-17.283174 -38.890583 17.678349
-17.91075 -46.21345 6.5825151
-2.676618 -20.322036 25.874267
-9.1512493 -29.283074 23.422727
-3.5511337 -42.64723 5.745855
-10.352379 -38.646538 16.750501
-10.286223 -45.160205 6.2054858
-14.135716 -42.99215 12.391332
15.825179 -28.25451 4.2859021
12.195755 -27.442878 12.474608
12.175028 -31.414097 4.4745364
2.5506417 -19.365569 24.656482
7.5820558 -24.261813 19.406358
0 -23.369473 23.647906
3.2072685 -38.517592 5.1894695
8.1351106 -30.369239 13.162886
7.9518383 -34.911418 4.797195
0 -38.358438 10.602011
10.286174 -31.284212 9.016833
-6.1062419 -32.795391 20.268666
5.2925967 -28.425467 17.567905
-2.9072188 -27.953821 22.222468
-3.2724341 -36.29185 15.884729
2.7221812 -26.174627 20.80806
3.0006208 -33.277395 14.565319
-15.825179 28.25451 4.2859021
-12.195755 27.442878 12.474608
-12.175028 31.414097 4.4745364
-2.5506417 19.365569 24.656482
-7.5820558 24.261813 19.406358
-3.2072685 38.517592 5.1894695
-8.1351106 30.369239 13.162886
-7.9518383 34.911418 4.797195
-10.286174 31.284212 9.016833
25.811738 46.084662 6.9905423
17.283174 38.890583 17.678349
17.91075 46.21345 6.5825151
2.676618 20.322036 25.874267
9.1512493 29.283074 23.422727
0 23.369473 23.647906
3.5511337 42.64723 5.745855
10.352379 38.646538 16.750501
10.286223 45.160205 6.2054858
0 38.358438 10.602011
14.135716 42.99215 12.391332
-5.2925967 28.425467 17.567905
6.1062419 32.795391 20.268666
-2.7221812 26.174627 20.80806
-3.0006208 33.277395 14.565319
2.9072188 27.953821 22.222468
3.2724341 36.29185 15.884729
0 -12.278824 27.85548
0 -4.0755572 29.260781
0 12.278824 27.85548
0 4.0755572 29.260781
-25.811738 -46.084662 -6.9905423
-17.283174 -38.890583 -17.678349
-17.91075 -46.21345 -6.5825151
-2.676618 -20.322036 -25.874267
-9.1512493 -29.283074 -23.422727
-3.5511337 -42.64723 -5.745855
-10.352379 -38.646538 -16.750501
-10.286223 -45.160205 -6.2054858
-14.135716 -42.99215 -12.391332
15.825179 -28.25451 -4.2859021
12.195755 -27.442878 -12.474608
12.175028 -31.414097 -4.4745364
2.5506417 -19.365569 -24.656482
7.5820558 -24.261813 -19.406358
0 -23.369473 -23.647906
3.2072685 -38.517592 -5.1894695
8.1351106 -30.369239 -13.162886
7.9518383 -34.911418 -4.797195
0 -38.358438 -10.602011
10.286174 -31.284212 -9.016833
-6.1062419 -32.795391 -20.268666
5.2925967 -28.425467 -17.567905
-2.9072188 -27.953821 -22.222468
-3.2724341 -36.29185 -15.884729
2.7221812 -26.174627 -20.80806
3.0006208 -33.277395 -14.565319
-15.825179 28.25451 -4.2859021
-12.195755 27.442878 -12.474608
-12.175028 31.414097 -4.4745364
-2.5506417 19.365569 -24.656482
-7.5820558 24.261813 -19.406358
-3.2072685 38.517592 -5.1894695
-8.1351106 30.369239 -13.162886
-7.9518383 34.911418 -4.797195
-10.286174 31.284212 -9.016833
25.811738 46.084662 -6.9905423
17.283174 38.890583 -17.678349
17.91075 46.21345 -6.5825151
2.676618 20.322036 -25.874267
9.1512493 29.283074 -23.422727
0 23.369473 -23.647906
3.5511337 42.64723 -5.745855
10.352379 38.646538 -16.750501
10.286223 45.160205 -6.2054858
0 38.358438 -10.602011
14.135716 42.99215 -12.391332
-5.2925967 28.425467 -17.567905
6.1062419 32.795391 -20.268666
-2.7221812 26.174627 -20.80806
-3.0006208 33.277395 -14.565319
2.9072188 27.953821 -22.222468
3.2724341 36.29185 -15.884729
0 -12.278824 -27.85548
0 -4.0755572 -29.260781
0 12.278824 -27.85548
0 4.0755572 -29.260781
36.188863 46.076109 -4.7664401
41.45844 33.161468 -12.956171
30.736939 42.649523 -11.461972
36.479443 5.5335351 -20.431914
41.10411 18.684544 -18.266876
20.623861 34.431457 -21.279811
35.676482 30.348228 -18.756236
25.443445 38.622118 -17.064438
34.01085 36.894835 -15.550174
19.717708 -25.10483 -2.597022
24.353596 -19.479773 -7.6107388
18.241415 -25.311162 -6.8023233
31.616411 -4.7958658 -17.708159
28.349283 -12.886629 -12.598566
14.252556 -23.794588 -14.705864
22.326714 -18.992238 -11.737848
16.361203 -24.835643 -10.973149
20.435434 -22.168277 -9.3433288
3.9668262 -14.647029 -26.151025
11.401972 -11.147097 -25.083188
6.4802215 -17.377652 -24.112635
3.9140325 -10.64992 -27.479002
27.690936 -2.8645471 -21.748874
18.978749 -7.414989 -23.727216
26.905259 -7.2307336 -19.390259
11.522691 -21.91746 -18.644105
14.049724 -13.616642 -22.732932
9.0819287 -19.863708 -21.548071
15.748129 -19.834199 -17.308869
10.36184 -15.449727 -23.452059
3.9224307 -2.4241955 -29.113301
11.528096 -7.1247551 -26.597473
3.9140068 -6.4878642 -28.484048
7.7977345 -8.895457 -27.054508
24.280772 -15.006342 -14.543772
18.488253 -11.426369 -21.734245
25.696687 -11.353585 -16.928441
20.052578 -17.499444 -15.92152
22.461434 -9.4668865 -20.705675
17.178468 -15.629487 -19.684773
4.2119728 15.552204 -27.767137
13.155095 12.86103 -28.93988
7.2950211 19.562655 -27.14447
4.0897163 11.127948 -28.712414
29.918239 3.0949552 -23.498232
22.217838 8.6804996 -27.776722
33.03416 8.8778632 -23.807276
24.86825 0 -24.575449
15.187474 28.888292 -24.573849
17.519378 16.979344 -28.34695
11.029241 24.122808 -26.168326
22.446235 28.27022 -24.670799
12.385416 18.466922 -28.03204
3.9623095 2.4488419 -29.409292
12.624344 7.802274 -29.126724
4.0213623 6.6658167 -29.265323
8.0064786 0 -28.967712
8.4110486 9.5951101 -29.182422
36.219867 22.385109 -21.695088
23.637399 14.608716 -27.787429
35.36085 15.623509 -23.29499
29.886026 26.080877 -23.729166
28.56829 12.040761 -26.335172
23.500531 21.381489 -26.929212
16.062238 -4.8389917 -25.989246
17.478289 5.2655987 -28.280466
20.176448 -2.6395515 -25.380116
12.165118 -2.5061521 -27.793652
21.320867 2.7892683 -26.81969
12.565914 2.5887207 -28.709352
36.188863 46.076109 4.7664401
41.45844 33.161468 12.956171
30.736939 42.649523 11.461972
43.950855 44.474502 0
36.479443 5.5335351 20.431914
41.10411 18.684544 18.266876
20.623861 34.431457 21.279811
35.676482 30.348228 18.756236
25.443445 38.622118 17.064438
34.01085 36.894835 15.550174
46.113116 28.499473 -8.5858968
46.113116 28.499473 8.5858968
46.455074 36.930421 -4.8313632
46.455074 36.930421 4.8313632
19.717708 -25.10483 2.597022
24.353596 -19.479773 7.6107388
18.241415 -25.311162 6.8023233
22.51005 -22.778244 0
31.616411 -4.7958658 17.708159
28.349283 -12.886629 12.598566
14.252556 -23.794588 14.705864
22.326714 -18.992238 11.737848
16.361203 -24.835643 10.973149
20.435434 -22.168277 9.3433288
27.825823 -17.197305 -5.1809478
27.825823 -17.197305 5.1809478
25.268526 -20.087737 -2.6279461
25.268526 -20.087737 2.6279461
3.9668262 -14.647029 26.151025
11.401972 -11.147097 25.083188
6.4802215 -17.377652 24.112635
3.9140325 -10.64992 27.479002
27.690936 -2.8645471 21.748874
18.978749 -7.414989 23.727216
26.905259 -7.2307336 19.390259
11.522691 -21.91746 18.644105
14.049724 -13.616642 22.732932
9.0819287 -19.863708 21.548071
15.748129 -19.834199 17.308869
10.36184 -15.449727 23.452059
3.9224307 -2.4241955 29.113301
11.528096 -7.1247551 26.597473
3.9140068 -6.4878642 28.484048
7.7977345 -8.895457 27.054508
24.280772 -15.006342 14.543772
18.488253 -11.426369 21.734245
25.696687 -11.353585 16.928441
20.052578 -17.499444 15.92152
22.461434 -9.4668865 20.705675
17.178468 -15.629487 19.684773
4.2119728 15.552204 27.767137
13.155095 12.86103 28.93988
7.2950211 19.562655 27.14447
4.0897163 11.127948 28.712414
29.918239 3.0949552 23.498232
22.217838 8.6804996 27.776722
33.03416 8.8778632 23.807276
24.86825 0 24.575449
15.187474 28.888292 24.573849
17.519378 16.979344 28.34695
11.029241 24.122808 26.168326
22.446235 28.27022 24.670799
12.385416 18.466922 28.03204
3.9623095 2.4488419 29.409292
12.624344 7.802274 29.126724
4.0213623 6.6658167 29.265323
8.0064786 0 28.967712
8.4110486 9.5951101 29.182422
36.219867 22.385109 21.695088
23.637399 14.608716 27.787429
35.36085 15.623509 23.29499
29.886026 26.080877 23.729166
28.56829 12.040761 26.335172
23.500531 21.381489 26.929212
16.062238 -4.8389917 25.989246
17.478289 5.2655987 28.280466
20.176448 -2.6395515 25.380116
12.165118 -2.5061521 27.793652
21.320867 2.7892683 26.81969
12.565914 2.5887207 28.709352
37.268809 0 -16.428262
43.493728 0 -6.0579784
41.243277 5.8745774 -15.984481
35.415402 -5.0444711 -13.725796
37.268809 0 16.428262
43.493728 0 6.0579784
41.243277 5.8745774 15.984481
35.415402 -5.0444711 13.725796
45.275284 19.623586 -12.128043
46.695964 6.2913404 -3.8882622
44.013393 12.685677 -14.471498
47.895767 20.963695 -4.3187587
44.85673 6.1637851 -10.2171
30.747374 -13.32678 -8.2364029
40.161225 -5.4109159 -3.3441299
33.134804 -9.5502165 -10.894644
31.885002 -13.955877 -2.8750688
38.468783 -5.2860142 -8.7621059
45.275284 19.623586 12.128043
46.695964 6.2913404 3.8882622
44.013393 12.685677 14.471498
47.895767 20.963695 4.3187587
44.85673 6.1637851 10.2171
48.056078 13.282373 0
30.747374 -13.32678 8.2364029
40.161225 -5.4109159 3.3441299
33.134804 -9.5502165 10.894644
31.885002 -13.955877 2.8750688
38.468783 -5.2860142 8.7621059
36.203548 -10.006415 0
-19.717708 25.10483 -2.597022
-24.353596 19.479773 -7.6107388
-18.241415 25.311162 -6.8023233
-31.616411 4.7958658 -17.708159
-28.349283 12.886629 -12.598566
-14.252556 23.794588 -14.705864
-22.326714 18.992238 -11.737848
-16.361203 24.835643 -10.973149
-20.435434 22.168277 -9.3433288
-36.188863 -46.076109 -4.7664401
-41.45844 -33.161468 -12.956171
-30.736939 -42.649523 -11.461972
-36.479443 -5.5335351 -20.431914
-41.10411 -18.684544 -18.266876
-20.623861 -34.431457 -21.279811
-35.676482 -30.348228 -18.756236
-25.443445 -38.622118 -17.064438
-34.01085 -36.894835 -15.550174
-4.2119728 -15.552204 -27.767137
-13.155095 -12.86103 -28.93988
-7.2950211 -19.562655 -27.14447
-4.0897163 -11.127948 -28.712414
-29.918239 -3.0949552 -23.498232
-22.217838 -8.6804996 -27.776722
-33.03416 -8.8778632 -23.807276
-15.187474 -28.888292 -24.573849
-17.519378 -16.979344 -28.34695
-11.029241 -24.122808 -26.168326
-22.446235 -28.27022 -24.670799
-12.385416 -18.466922 -28.03204
-3.9623095 -2.4488419 -29.409292
-12.624344 -7.802274 -29.126724
-4.0213623 -6.6658167 -29.265323
-8.4110486 -9.5951101 -29.182422
-36.219867 -22.385109 -21.695088
-23.637399 -14.608716 -27.787429
-35.36085 -15.623509 -23.29499
-29.886026 -26.080877 -23.729166
-28.56829 -12.040761 -26.335172
-23.500531 -21.381489 -26.929212
-3.9668262 14.647029 -26.151025
-11.401972 11.147097 -25.083188
-6.4802215 17.377652 -24.112635
-3.9140325 10.64992 -27.479002
-27.690936 2.8645471 -21.748874
-18.978749 7.414989 -23.727216
-26.905259 7.2307336 -19.390259
-24.86825 0 -24.575449
-11.522691 21.91746 -18.644105
-14.049724 13.616642 -22.732932
-9.0819287 19.863708 -21.548071
-15.748129 19.834199 -17.308869
-10.36184 15.449727 -23.452059
-3.9224307 2.4241955 -29.113301
-11.528096 7.1247551 -26.597473
-3.9140068 6.4878642 -28.484048
-8.0064786 0 -28.967712
-7.7977345 8.895457 -27.054508
-24.280772 15.006342 -14.543772
-18.488253 11.426369 -21.734245
-25.696687 11.353585 -16.928441
-20.052578 17.499444 -15.92152
-22.461434 9.4668865 -20.705675
-17.178468 15.629487 -19.684773
-17.478289 -5.2655987 -28.280466
-16.062238 4.8389917 -25.989246
-21.320867 -2.7892683 -26.81969
-12.565914 -2.5887207 -28.709352
-20.176448 2.6395515 -25.380116
-12.165118 2.5061521 -27.793652
-19.717708 25.10483 2.597022
-24.353596 19.479773 7.6107388
-18.241415 25.311162 6.8023233
-22.51005 22.778244 0
-31.616411 4.7958658 17.708159
-28.349283 12.886629 12.598566
-14.252556 23.794588 14.705864
-22.326714 18.992238 11.737848
-16.361203 24.835643 10.973149
-20.435434 22.168277 9.3433288
-27.825823 17.197305 -5.1809478
-27.825823 17.197305 5.1809478
-25.268526 20.087737 -2.6279461
-25.268526 20.087737 2.6279461
-36.188863 -46.076109 4.7664401
-41.45844 -33.161468 12.956171
-30.736939 -42.649523 11.461972
-43.950855 -44.474502 0
-36.479443 -5.5335351 20.431914
-41.10411 -18.684544 18.266876
-20.623861 -34.431457 21.279811
-35.676482 -30.348228 18.756236
-25.443445 -38.622118 17.064438
-34.01085 -36.894835 15.550174
-46.113116 -28.499473 -8.5858968
-46.113116 -28.499473 8.5858968
-46.455074 -36.930421 -4.8313632
-46.455074 -36.930421 4.8313632
-4.2119728 -15.552204 27.767137
-13.155095 -12.86103 28.93988
-7.2950211 -19.562655 27.14447
-4.0897163 -11.127948 28.712414
-29.918239 -3.0949552 23.498232
-22.217838 -8.6804996 27.776722
-33.03416 -8.8778632 23.807276
-15.187474 -28.888292 24.573849
-17.519378 -16.979344 28.34695
-11.029241 -24.122808 26.168326
-22.446235 -28.27022 24.670799
-12.385416 -18.466922 28.03204
-3.9623095 -2.4488419 29.409292
-12.624344 -7.802274 29.126724
-4.0213623 -6.6658167 29.265323
-8.4110486 -9.5951101 29.182422
-36.219867 -22.385109 21.695088
-23.637399 -14.608716 27.787429
-35.36085 -15.623509 23.29499
-29.886026 -26.080877 23.729166
-28.56829 -12.040761 26.335172
-23.500531 -21.381489 26.929212
-3.9668262 14.647029 26.151025
-11.401972 11.147097 25.083188
-6.4802215 17.377652 24.112635
-3.9140325 10.64992 27.479002
-27.690936 2.8645471 21.748874
-18.978749 7.414989 23.727216
-26.905259 7.2307336 19.390259
-24.86825 0 24.575449
-11.522691 21.91746 18.644105
-14.049724 13.616642 22.732932
-9.0819287 19.863708 21.548071
-15.748129 19.834199 17.308869
-10.36184 15.449727 23.452059
-3.9224307 2.4241955 29.113301
-11.528096 7.1247551 26.597473
-3.9140068 6.4878642 28.484048
-8.0064786 0 28.967712
-7.7977345 8.895457 27.054508
-24.280772 15.006342 14.543772
-18.488253 11.426369 21.734245
-25.696687 11.353585 16.928441
-20.052578 17.499444 15.92152
-22.461434 9.4668865 20.705675
-17.178468 15.629487 19.684773
-17.478289 -5.2655987 28.280466
-16.062238 4.8389917 25.989246
-21.320867 -2.7892683 26.81969
-12.565914 -2.5887207 28.709352
-20.176448 2.6395515 25.380116
-12.165118 2.5061521 27.793652
-37.268809 0 -16.428262
-43.493728 0 -6.0579784
-35.415402 5.0444711 -13.725796
-41.243277 -5.8745774 -15.984481
-37.268809 0 16.428262
-43.493728 0 6.0579784
-35.415402 5.0444711 13.725796
-41.243277 -5.8745774 15.984481
-30.747374 13.32678 -8.2364029
-40.161225 5.4109159 -3.3441299
-33.134804 9.5502165 -10.894644
-31.885002 13.955877 -2.8750688
-38.468783 5.2860142 -8.7621059
-45.275284 -19.623586 -12.128043
-46.695964 -6.2913404 -3.8882622
-44.013393 -12.685677 -14.471498
-47.895767 -20.963695 -4.3187587
-44.85673 -6.1637851 -10.2171
-30.747374 13.32678 8.2364029
-40.161225 5.4109159 3.3441299
-33.134804 9.5502165 10.894644
-31.885002 13.955877 2.8750688
-38.468783 5.2860142 8.7621059
-36.203548 10.006415 0
-45.275284 -19.623586 12.128043
-46.695964 -6.2913404 3.8882622
-44.013393 -12.685677 14.471498
-47.895767 -20.963695 4.3187587
-44.85673 -6.1637851 10.2171
-48.056078 -13.282373 0
-15.357188 29.185764 0
-11.681409 32.404793 0
-2.7442066 39.594684 0
-7.5571364 35.879639 0
25.048505 47.603752 0
17.036822 47.260968 0
2.9956072 43.222009 0
9.6796178 45.956719 0
-25.048505 -47.603752 0
-17.036822 -47.260968 0
-2.9956072 -43.222009 0
-9.6796178 -45.956719 0
15.357188 -29.185764 0
11.681409 -32.404793 0
2.7442066 -39.594684 0
7.5571364 -35.879639 0
-27.776075 -47.172212 3.6075331
-23.710148 -44.604434 10.097518
-23.556405 -47.228994 3.4812117
-15.155912 -36.622228 19.577317
-19.42522 -40.981059 15.452861
-15.685612 -46.852088 3.2701668
-19.889236 -44.869019 9.8313414
-19.517574 -47.138075 3.3740112
-21.78331 -46.25229 6.7949082
-1.3028924 -18.339553 26.263003
-4.1352331 -22.402071 25.421132
-11.058646 -31.745459 22.413319
-7.3622675 -26.887035 24.22947
-1.7508404 -42.315428 2.8329193
-5.3540429 -42.419391 8.6630233
-4.8916366 -43.944197 2.9561813
-11.783108 -36.574372 19.06547
-8.7892041 -40.360966 14.221231
-13.775924 -38.943287 17.279541
-11.831594 -46.242378 3.1844326
-8.6986637 -43.597107 8.9960904
-8.2869194 -45.287619 3.0732617
-14.03083 -45.868838 6.4155781
-6.8197191 -44.074301 5.9965538
-17.813747 -43.105775 12.696708
-10.555699 -42.505645 11.995003
-15.810509 -41.148991 15.141875
-16.051247 -44.797051 9.631856
-12.231634 -40.941218 14.731134
-12.292428 -44.386741 9.3570879
16.507887 -28.035405 2.1440303
15.044544 -28.30237 6.4070691
14.755718 -29.584215 2.180629
11.109683 -26.845057 14.350688
13.220411 -27.890879 10.516904
10.996754 -32.846721 2.2926247
13.23083 -29.848022 6.5400605
12.91563 -31.193322 2.2327305
14.039186 -29.809266 4.3792692
1.2743733 -17.938118 25.688131
3.8244281 -20.718327 23.510475
0 -19.861611 25.288049
8.7935903 -25.243285 17.822574
6.3456323 -23.174279 20.88369
-2.7608479 -24.006929 24.292957
2.609851 -22.693937 22.964321
-1.3463403 -21.892919 24.824746
1.3114328 -21.325287 24.181098
1.6616715 -40.160337 2.688641
4.6242304 -36.637181 7.482162
4.262528 -38.292576 2.5759897
0 -40.65064 5.4768547
9.0954228 -28.231886 14.716703
7.0784263 -32.504891 11.453134
10.21773 -28.884595 12.816395
8.8634102 -34.641585 2.3855562
6.9638179 -34.902179 7.2019264
6.6662865 -36.430938 2.4722387
10.133392 -33.127544 4.63348
5.6774233 -36.691901 4.9921373
-3.4041858 -40.125213 11.090336
3.0955635 -36.487474 10.08489
-1.7127838 -40.643026 8.3194941
1.6290127 -38.655202 7.912593
12.276792 -29.707429 8.7502555
8.1746831 -32.917781 9.2893281
11.289213 -29.381704 10.811786
11.273184 -31.462066 6.7646883
9.2393818 -30.925675 11.127423
9.1817628 -33.154436 6.9892263
-9.4900441 -33.625273 20.781561
-2.9424844 -31.80397 19.655935
-7.6628983 -31.133484 21.927849
-8.1604588 -35.755129 18.700685
7.6952265 -27.265847 16.85122
2.7368081 -29.580909 18.282007
6.4755817 -26.309551 18.53027
6.7362998 -29.515163 15.437051
-4.3199277 -26.337713 23.627102
-1.4637715 -29.420075 20.672923
-5.9301997 -28.676679 22.866419
-1.4009263 -25.606142 22.988917
-4.447467 -30.333817 21.331588
-5.1293377 -39.060183 13.881845
-1.5627692 -33.479495 17.565927
-6.6906775 -37.600902 16.37847
-1.646597 -37.539734 13.32125
-4.7239296 -34.687025 18.180146
3.9433469 -24.041777 21.567458
1.4129463 -28.398548 19.955116
5.2160884 -25.22345 20.112858
1.3585755 -24.832053 22.293948
4.0127536 -27.368868 19.246552
0 -27.085917 21.532509
4.4794982 -34.11162 12.123144
1.4999736 -32.134212 16.860088
5.6618164 -31.818811 13.859865
1.5722125 -35.843887 12.719466
4.1985092 -30.82895 16.158054
0 -34.82177 15.241283
-16.507887 28.035405 2.1440303
-15.044544 28.30237 6.4070691
-14.755718 29.584215 2.180629
-11.109683 26.845057 14.350688
-13.220411 27.890879 10.516904
-10.996754 32.846721 2.2926247
-13.23083 29.848022 6.5400605
-12.91563 31.193322 2.2327305
-14.039186 29.809266 4.3792692
-1.2743733 17.938118 25.688131
-3.8244281 20.718327 23.510475
-8.7935903 25.243285 17.822574
-6.3456323 23.174279 20.88369
-1.6616715 40.160337 2.688641
-4.6242304 36.637181 7.482162
-4.262528 38.292576 2.5759897
-9.0954228 28.231886 14.716703
-7.0784263 32.504891 11.453134
-10.21773 28.884595 12.816395
-8.8634102 34.641585 2.3855562
-6.9638179 34.902179 7.2019264
-6.6662865 36.430938 2.4722387
-10.133392 33.127544 4.63348
-5.6774233 36.691901 4.9921373
-12.276792 29.707429 8.7502555
-8.1746831 32.917781 9.2893281
-11.289213 29.381704 10.811786
-11.273184 31.462066 6.7646883
-9.2393818 30.925675 11.127423
-9.1817628 33.154436 6.9892263
27.776075 47.172212 3.6075331
23.710148 44.604434 10.097518
23.556405 47.228994 3.4812117
15.155912 36.622228 19.577317
19.42522 40.981059 15.452861
15.685612 46.852088 3.2701668
19.889236 44.869019 9.8313414
19.517574 47.138075 3.3740112
21.78331 46.25229 6.7949082
1.3028924 18.339553 26.263003
4.1352331 22.402071 25.421132
0 19.861611 25.288049
11.058646 31.745459 22.413319
7.3622675 26.887035 24.22947
-2.609851 22.693937 22.964321
2.7608479 24.006929 24.292957
-1.3114328 21.325287 24.181098
1.3463403 21.892919 24.824746
1.7508404 42.315428 2.8329193
5.3540429 42.419391 8.6630233
4.8916366 43.944197 2.9561813
0 40.65064 5.4768547
11.783108 36.574372 19.06547
8.7892041 40.360966 14.221231
13.775924 38.943287 17.279541
11.831594 46.242378 3.1844326
8.6986637 43.597107 8.9960904
8.2869194 45.287619 3.0732617
14.03083 45.868838 6.4155781
6.8197191 44.074301 5.9965538
-3.0955635 36.487474 10.08489
3.4041858 40.125213 11.090336
-1.6290127 38.655202 7.912593
1.7127838 40.643026 8.3194941
17.813747 43.105775 12.696708
10.555699 42.505645 11.995003
15.810509 41.148991 15.141875
16.051247 44.797051 9.631856
12.231634 40.941218 14.731134
12.292428 44.386741 9.3570879
-7.6952265 27.265847 16.85122
-2.7368081 29.580909 18.282007
-6.4755817 26.309551 18.53027
-6.7362998 29.515163 15.437051
9.4900441 33.625273 20.781561
2.9424844 31.80397 19.655935
7.6628983 31.133484 21.927849
8.1604588 35.755129 18.700685
-3.9433469 24.041777 21.567458
-1.4129463 28.398548 19.955116
-5.2160884 25.22345 20.112858
-1.3585755 24.832053 22.293948
-4.0127536 27.368868 19.246552
-4.4794982 34.11162 12.123144
-1.4999736 32.134212 16.860088
-5.6618164 31.818811 13.859865
-1.5722125 35.843887 12.719466
-4.1985092 30.82895 16.158054
4.3199277 26.337713 23.627102
1.4637715 29.420075 20.672923
5.9301997 28.676679 22.866419
1.4009263 25.606142 22.988917
4.447467 30.333817 21.331588
0 27.085917 21.532509
5.1293377 39.060183 13.881845
1.5627692 33.479495 17.565927
6.6906775 37.600902 16.37847
1.646597 37.539734 13.32125
4.7239296 34.687025 18.180146
0 34.82177 15.241283
0 -14.352954 27.277254
0 -10.21643 28.340872
0 -2.0370677 29.391757
0 -6.1170281 29.042319
0 14.352954 27.277254
0 10.21643 28.340872
0 2.0370677 29.391757
0 6.1170281 29.042319
-27.776075 -47.172212 -3.6075331
-23.710148 -44.604434 -10.097518
-23.556405 -47.228994 -3.4812117
-15.155912 -36.622228 -19.577317
-19.42522 -40.981059 -15.452861
-15.685612 -46.852088 -3.2701668
-19.889236 -44.869019 -9.8313414
-19.517574 -47.138075 -3.3740112
-21.78331 -46.25229 -6.7949082
-1.3028924 -18.339553 -26.263003
-4.1352331 -22.402071 -25.421132
-11.058646 -31.745459 -22.413319
-7.3622675 -26.887035 -24.22947
-1.7508404 -42.315428 -2.8329193
-5.3540429 -42.419391 -8.6630233
-4.8916366 -43.944197 -2.9561813
-11.783108 -36.574372 -19.06547
-8.7892041 -40.360966 -14.221231
-13.775924 -38.943287 -17.279541
-11.831594 -46.242378 -3.1844326
-8.6986637 -43.597107 -8.9960904
-8.2869194 -45.287619 -3.0732617
-14.03083 -45.868838 -6.4155781
-6.8197191 -44.074301 -5.9965538
-17.813747 -43.105775 -12.696708
-10.555699 -42.505645 -11.995003
-15.810509 -41.148991 -15.141875
-16.051247 -44.797051 -9.631856
-12.231634 -40.941218 -14.731134
-12.292428 -44.386741 -9.3570879
16.507887 -28.035405 -2.1440303
15.044544 -28.30237 -6.4070691
14.755718 -29.584215 -2.180629
11.109683 -26.845057 -14.350688
13.220411 -27.890879 -10.516904
10.996754 -32.846721 -2.2926247
13.23083 -29.848022 -6.5400605
12.91563 -31.193322 -2.2327305
14.039186 -29.809266 -4.3792692
1.2743733 -17.938118 -25.688131
3.8244281 -20.718327 -23.510475
0 -19.861611 -25.288049
8.7935903 -25.243285 -17.822574
6.3456323 -23.174279 -20.88369
-2.7608479 -24.006929 -24.292957
2.609851 -22.693937 -22.964321
-1.3463403 -21.892919 -24.824746
1.3114328 -21.325287 -24.181098
1.6616715 -40.160337 -2.688641
4.6242304 -36.637181 -7.482162
4.262528 -38.292576 -2.5759897
0 -40.65064 -5.4768547
9.0954228 -28.231886 -14.716703
7.0784263 -32.504891 -11.453134
10.21773 -28.884595 -12.816395
8.8634102 -34.641585 -2.3855562
6.9638179 -34.902179 -7.2019264
6.6662865 -36.430938 -2.4722387
10.133392 -33.127544 -4.63348
5.6774233 -36.691901 -4.9921373
-3.4041858 -40.125213 -11.090336
3.0955635 -36.487474 -10.08489
-1.7127838 -40.643026 -8.3194941
1.6290127 -38.655202 -7.912593
12.276792 -29.707429 -8.7502555
8.1746831 -32.917781 -9.2893281
11.289213 -29.381704 -10.811786
11.273184 -31.462066 -6.7646883
9.2393818 -30.925675 -11.127423
9.1817628 -33.154436 -6.9892263
-9.4900441 -33.625273 -20.781561
-2.9424844 -31.80397 -19.655935
-7.6628983 -31.133484 -21.927849
-8.1604588 -35.755129 -18.700685
7.6952265 -27.265847 -16.85122
2.7368081 -29.580909 -18.282007
6.4755817 -26.309551 -18.53027
6.7362998 -29.515163 -15.437051
-4.3199277 -26.337713 -23.627102
-1.4637715 -29.420075 -20.672923
-5.9301997 -28.676679 -22.866419
-1.4009263 -25.606142 -22.988917
-4.447467 -30.333817 -21.331588
-5.1293377 -39.060183 -13.881845
-1.5627692 -33.479495 -17.565927
-6.6906775 -37.600902 -16.37847
-1.646597 -37.539734 -13.32125
-4.7239296 -34.687025 -18.180146
3.9433469 -24.041777 -21.567458
1.4129463 -28.398548 -19.955116
5.2160884 -25.22345 -20.112858
1.3585755 -24.832053 -22.293948
4.0127536 -27.368868 -19.246552
0 -27.085917 -21.532509
4.4794982 -34.11162 -12.123144
1.4999736 -32.134212 -16.860088
5.6618164 -31.818811 -13.859865
1.5722125 -35.843887 -12.719466
4.1985092 -30.82895 -16.158054
0 -34.82177 -15.241283
-16.507887 28.035405 -2.1440303
-15.044544 28.30237 -6.4070691
-14.755718 29.584215 -2.180629
-11.109683 26.845057 -14.350688
-13.220411 27.890879 -10.516904
-10.996754 32.846721 -2.2926247
-13.23083 29.848022 -6.5400605
-12.91563 31.193322 -2.2327305
-14.039186 29.809266 -4.3792692
-1.2743733 17.938118 -25.688131
-3.8244281 20.718327 -23.510475
-8.7935903 25.243285 -17.822574
-6.3456323 23.174279 -20.88369
-1.6616715 40.160337 -2.688641
-4.6242304 36.637181 -7.482162
-4.262528 38.292576 -2.5759897
-9.0954228 28.231886 -14.716703
-7.0784263 32.504891 -11.453134
-10.21773 28.884595 -12.816395
-8.8634102 34.641585 -2.3855562
-6.9638179 34.902179 -7.2019264
-6.6662865 36.430938 -2.4722387
-10.133392 33.127544 -4.63348
-5.6774233 36.691901 -4.9921373
-12.276792 29.707429 -8.7502555
-8.1746831 32.917781 -9.2893281
-11.289213 29.381704 -10.811786
-11.273184 31.462066 -6.7646883
-9.2393818 30.925675 -11.127423
-9.1817628 33.154436 -6.9892263
27.776075 47.172212 -3.6075331
23.710148 44.604434 -10.097518
23.556405 47.228994 -3.4812117
15.155912 36.622228 -19.577317
19.42522 40.981059 -15.452861
15.685612 46.852088 -3.2701668
19.889236 44.869019 -9.8313414
19.517574 47.138075 -3.3740112
21.78331 46.25229 -6.7949082
1.3028924 18.339553 -26.263003
4.1352331 22.402071 -25.421132
0 19.861611 -25.288049
11.058646 31.745459 -22.413319
7.3622675 26.887035 -24.22947
-2.609851 22.693937 -22.964321
2.7608479 24.006929 -24.292957
-1.3114328 21.325287 -24.181098
1.3463403 21.892919 -24.824746
1.7508404 42.315428 -2.8329193
5.3540429 42.419391 -8.6630233
4.8916366 43.944197 -2.9561813
0 40.65064 -5.4768547
11.783108 36.574372 -19.06547
8.7892041 40.360966 -14.221231
13.775924 38.943287 -17.279541
11.831594 46.242378 -3.1844326
8.6986637 43.597107 -8.9960904
8.2869194 45.287619 -3.0732617
14.03083 45.868838 -6.4155781
6.8197191 44.074301 -5.9965538
-3.0955635 36.487474 -10.08489
3.4041858 40.125213 -11.090336
-1.6290127 38.655202 -7.912593
1.7127838 40.643026 -8.3194941
17.813747 43.105775 -12.696708
10.555699 42.505645 -11.995003
15.810509 41.148991 -15.141875
16.051247 44.797051 -9.631856
12.231634 40.941218 -14.731134
12.292428 44.386741 -9.3570879
-7.6952265 27.265847 -16.85122
-2.7368081 29.580909 -18.282007
-6.4755817 26.309551 -18.53027
-6.7362998 29.515163 -15.437051
9.4900441 33.625273 -20.781561
2.9424844 31.80397 -19.655935
7.6628983 31.133484 -21.927849
8.1604588 35.755129 -18.700685
-3.9433469 24.041777 -21.567458
-1.4129463 28.398548 -19.955116
-5.2160884 25.22345 -20.112858
-1.3585755 24.832053 -22.293948
-4.0127536 27.368868 -19.246552
-4.4794982 34.11162 -12.123144
-1.4999736 32.134212 -16.860088
-5.6618164 31.818811 -13.859865
-1.5722125 35.843887 -12.719466
-4.1985092 30.82895 -16.158054
4.3199277 26.337713 -23.627102
1.4637715 29.420075 -20.672923
5.9301997 28.676679 -22.866419
1.4009263 25.606142 -22.988917
4.447467 30.333817 -21.331588
0 27.085917 -21.532509
5.1293377 39.060183 -13.881845
1.5627692 33.479495 -17.565927
6.6906775 37.600902 -16.37847
1.646597 37.539734 -13.32125
4.7239296 34.687025 -18.180146
0 34.82177 -15.241283
0 -14.352954 -27.277254
0 -10.21643 -28.340872
0 -2.0370677 -29.391757
0 -6.1170281 -29.042319
0 14.352954 -27.277254
0 10.21643 -28.340872
0 2.0370677 -29.391757
0 6.1170281 -29.042319
32.98641 47.237913 -2.3434455
38.641621 43.849237 -7.1329167
30.8365 46.216821 -5.9506183
41.615441 29.381845 -14.496891
41.04938 36.991982 -11.240232
26.052765 42.905062 -12.25773
35.558808 42.014424 -10.50279
28.445695 44.663516 -9.2751081
33.498407 44.49428 -8.3008179
34.637886 2.6489604 -20.395578
38.144256 8.6350678 -20.276144
41.452036 22.159209 -17.154702
40.482029 15.26469 -19.188677
16.799569 34.500481 -21.32247
24.488636 33.993556 -21.009173
19.038541 36.786198 -19.567066
38.894631 28.2579 -17.464342
32.107075 31.978137 -19.763576
38.570436 31.796266 -16.021055
23.624736 40.935514 -15.071051
27.015349 36.014759 -18.879997
21.325201 38.942322 -17.463104
28.04267 40.646648 -14.420793
23.022874 36.580474 -19.331826
37.042429 38.786956 -12.611584
31.127985 35.041765 -18.17811
37.984632 35.366103 -14.401378
32.589669 39.978402 -13.612483
34.985066 33.675362 -17.24699
29.738909 37.974778 -16.412992
18.433323 -26.397286 -1.3095541
20.946845 -23.769789 -3.8666106
17.801207 -26.679915 -3.4351561
25.408087 -17.93893 -8.851
23.26057 -20.961452 -6.3692608
16.241064 -26.746638 -7.641361
20.196406 -23.863015 -5.9652905
17.065681 -26.795384 -5.5644989
19.034353 -25.282391 -4.716663
32.241095 -2.4656638 -18.984293
30.896486 -6.9943233 -16.423485
27.406553 -14.65085 -11.342055
29.250173 -11.029458 -13.864723
12.150191 -24.952273 -15.421353
16.301524 -22.628731 -13.985325
13.255176 -25.611603 -13.623151
24.35623 -17.695396 -10.936356
20.31977 -20.238168 -12.507876
23.40103 -19.29108 -9.7201178
15.300648 -26.512038 -9.7608221
17.364147 -23.148529 -12.13514
14.31395 -26.138954 -11.721624
17.350485 -25.148784 -8.9223939
15.342224 -24.37688 -12.882545
21.340658 -22.345704 -7.2657084
19.423393 -21.865532 -11.342866
22.391575 -20.847978 -8.4894741
19.366179 -23.756881 -8.0891209
21.402448 -20.601224 -10.55101
18.413558 -23.512994 -10.162498
2.0177635 -15.5357 -26.384337
5.8641804 -13.769778 -25.904231
3.2765991 -16.979555 -25.448447
1.995618 -13.5038 -27.074203
13.245822 -10.254343 -24.778244
9.5668087 -12.026081 -25.371221
5.8069926 -19.660464 -23.229774
7.1178565 -15.1284 -24.914244
4.5501763 -18.362486 -24.389984
5.2305989 -16.041648 -25.187516
1.9671597 -9.435636 -28.183743
5.8350246 -11.804511 -26.630326
1.9809666 -11.459257 -27.675947
3.9456424 -12.649053 -26.85761
30.157382 -1.4960903 -21.059012
25.350163 -4.1236886 -22.339531
29.742783 -3.8295137 -19.844795
17.018778 -8.3970005 -24.104816
21.009414 -6.3838345 -23.313793
28.592924 -8.1688344 -17.362164
25.07379 -6.2679609 -21.221143
29.208501 -6.065622 -18.602568
27.339952 -5.10052 -20.583429
10.778001 -24.003559 -17.439172
12.215431 -19.844676 -19.764983
9.5869077 -23.080328 -19.026703
12.92234 -22.927079 -16.74381
14.595577 -11.499578 -23.61614
13.473554 -15.704995 -21.800668
12.74775 -12.403421 -23.965844
7.1220394 -20.918677 -21.903849
10.989887 -18.818955 -21.185098
8.3576937 -22.043996 -20.524359
7.79316 -18.657618 -22.887676
10.319069 -20.93196 -20.148349
17.07943 -20.702782 -15.348764
14.338674 -18.85492 -19.131125
15.029464 -21.821195 -16.044278
13.654446 -20.88275 -17.983638
9.0585774 -14.19984 -24.604623
11.631739 -16.643832 -22.18826
10.895632 -13.305284 -24.297011
8.4396542 -16.411749 -23.788127
12.207697 -14.538527 -23.099906
9.7408719 -17.649609 -22.537478
1.9652273 -1.2145773 -29.354678
5.8639656 -3.62413 -28.713515
1.9641052 -3.2500337 -29.196797
13.343401 -8.2466752 -25.597402
9.6727697 -5.9781005 -27.452077
11.480511 -9.1527113 -25.873884
1.9708241 -7.3224949 -28.6191
5.8459592 -5.6526814 -28.330852
1.964586 -5.2974228 -28.950163
3.9198088 -8.5725978 -28.025078
3.9238719 -4.4625139 -28.840217
7.7722677 -10.904655 -26.387126
7.8016017 -6.865472 -27.645855
9.6179705 -10.042681 -26.137436
5.8644315 -9.7729282 -27.275038
9.6554861 -8.0171954 -26.834823
5.8700814 -7.7115396 -27.845606
25.434144 -15.719165 -12.384832
22.989387 -14.208222 -16.561336
26.290011 -13.984005 -13.606284
23.330987 -17.038787 -13.149993
16.83062 -10.401895 -23.165938
20.076071 -12.407694 -20.157019
18.756857 -9.4509413 -22.752992
16.249471 -12.540825 -22.250188
27.858228 -10.256443 -16.077563
23.608615 -12.376331 -17.709267
27.1057 -12.155147 -14.843349
26.330445 -9.3416287 -18.165729
25.01015 -13.217211 -15.740789
19.213222 -19.494676 -14.611154
20.840912 -15.451172 -17.193385
21.250251 -18.30012 -13.894741
17.898361 -18.683433 -16.628088
22.14381 -16.281484 -15.251667
22.824169 -7.4212815 -21.797603
22.04593 -11.436448 -19.583642
20.760835 -8.4539886 -22.29798
24.634803 -8.3880498 -20.081845
20.444475 -10.470731 -21.239603
24.139963 -10.433478 -18.904552
15.021351 -16.715099 -20.261159
19.357628 -14.508437 -19.078153
15.644134 -14.65463 -21.276975
16.486893 -17.74638 -18.524785
17.850345 -13.55324 -20.727969
18.661524 -16.60859 -17.877373
2.0819463 16.029873 -27.223593
6.3891899 15.002561 -28.22339
3.4652101 17.956949 -26.913337
2.0509108 13.877951 -27.824351
15.454123 11.963914 -28.909193
10.869003 13.663022 -28.824647
6.5291099 22.105303 -26.118468
7.9892076 16.980383 -27.964186
4.9530823 19.988436 -26.549653
5.7080721 17.506004 -27.486749
2.0055124 9.6195977 -28.733227
6.2810306 12.706801 -28.665842
2.027749 11.729878 -28.32954
4.1566196 13.325409 -28.293712
31.432793 1.5593627 -21.949636
28.216472 4.5899486 -24.865432
33.194726 4.2739666 -22.147979
28.838985 0 -22.650569
20.010537 9.8731227 -28.34224
24.340256 7.3959306 -27.009973
36.385346 10.395085 -22.09387
29.641573 7.4098178 -25.087075
34.891231 7.2457337 -22.221836
31.514711 5.8793598 -23.72648
24.015625 -2.7293297 -23.732863
25.659789 2.9161858 -25.357668
26.35042 -1.4290833 -23.238409
27.323077 1.4818342 -24.096194
14.205729 31.637412 -22.985353
16.012005 26.012431 -25.907969
12.12452 29.189589 -24.062988
17.872688 31.710088 -23.158104
17.704671 13.949174 -28.646759
17.178641 20.023705 -27.795625
15.266359 14.854 -28.700844
8.3150907 24.422878 -25.573082
13.822975 23.670303 -26.646415
10.144033 26.755588 -24.91115
9.0977062 21.780835 -26.718988
13.050332 26.472256 -25.481238
25.399239 30.787614 -22.825523
19.513192 25.659254 -26.035135
21.649341 31.432557 -23.111139
18.785861 28.730602 -24.741988
10.436679 16.360094 -28.347781
14.466146 20.699579 -27.595066
12.822637 15.65846 -28.594187
9.8087672 19.074126 -27.647128
14.937469 17.789497 -28.265291
11.765128 21.317385 -27.221005
1.9702048 1.2176535 -29.429027
5.9989053 3.7075274 -29.374261
1.9774425 3.2721032 -29.395059
3.9505673 0 -29.322138
15.096508 9.3301551 -28.960488
10.303146 6.3676945 -29.241135
12.911708 10.293717 -29.099404
2.0009259 7.4343363 -29.056219
6.0574793 5.8572083 -29.355927
1.9863152 5.3560146 -29.270364
4.0620973 8.8837818 -29.042384
3.9978416 4.5466376 -29.383889
7.908962 -2.427661 -28.614893
8.0725693 2.4778804 -29.20683
5.9461429 -1.2241679 -29.04855
5.9921893 1.2336477 -29.273499
8.5255782 11.961565 -28.944642
8.2696078 7.277321 -29.304287
10.704032 11.1767 -29.088875
6.2371062 10.393981 -29.00832
10.515173 8.7310148 -29.22409
6.1634048 8.0968792 -29.237029
39.002866 24.105097 -18.991948
33.236446 20.541253 -23.943221
38.845686 20.662535 -20.10442
36.113285 26.37379 -20.354452
20.594966 12.728389 -28.347245
26.829952 16.581822 -26.938132
22.980772 11.579228 -27.876808
20.599989 15.898416 -28.207295
37.598935 13.842637 -21.699127
32.833016 17.212034 -24.628663
38.398646 17.2193 -21.027479
34.351021 12.187203 -23.699233
35.953769 19.000629 -22.628441
29.269166 29.697929 -22.258436
30.165942 22.364624 -24.88637
32.805581 28.251245 -21.450336
26.214506 27.364347 -24.354024
33.197447 24.408795 -22.864918
27.511858 8.9454841 -26.274453
29.444578 15.274538 -26.155942
25.310636 10.306706 -27.184651
30.911799 10.525341 -25.198738
26.162691 13.399341 -27.180212
32.008064 13.834132 -25.066239
20.081624 22.345948 -27.086577
26.860122 20.131515 -26.47233
20.432917 19.140518 -27.790012
23.108639 24.873982 -25.965024
23.695051 17.990952 -27.514889
26.712216 23.773633 -25.589777
15.602472 -7.1249772 -25.245331
16.488381 -2.4683031 -26.678761
17.555369 -6.1348929 -24.925372
13.760601 -6.0047434 -26.309842
17.664609 8.0666663 -28.581938
17.208746 2.5761413 -27.844335
19.770784 6.9090913 -28.070852
15.072057 6.5770264 -28.817305
21.701008 -3.9677649 -24.190649
18.564077 -1.3144521 -26.418931
19.594686 -5.0817051 -24.573612
22.454671 -1.3683698 -25.011074
18.074943 -3.7684823 -25.702822
9.9469593 -3.6753984 -27.988357
14.464437 -1.2868422 -27.568259
11.861435 -4.8454486 -27.23091
10.103506 -1.248862 -28.472023
14.137832 -3.6735745 -26.974443
23.756675 4.3436185 -26.482151
19.032711 1.3476343 -27.085854
21.822839 5.6595565 -27.367929
23.152869 1.4109174 -25.78876
19.435547 4.0521575 -27.63762
20.778196 0 -26.13706
10.346097 3.8228797 -29.111435
14.74743 1.312019 -28.107626
12.626723 5.1580722 -28.987822
10.238755 1.2655797 -28.853158
14.948966 3.8843396 -28.522056
12.388578 0 -28.304191
32.98641 47.237913 2.3434455
38.641621 43.849237 7.1329167
30.8365 46.216821 5.9506183
36.990076 47.096223 0
41.615441 29.381845 14.496891
41.04938 36.991982 11.240232
26.052765 42.905062 12.25773
35.558808 42.014424 10.50279
28.445695 44.663516 9.2751081
33.498407 44.49428 8.3008179
42.771574 43.281171 -4.918822
42.771574 43.281171 4.918822
40.485362 45.907028 -2.4897124
40.485362 45.907028 2.4897124
34.637886 2.6489604 20.395578
38.144256 8.6350678 20.276144
41.452036 22.159209 17.154702
40.482029 15.26469 19.188677
16.799569 34.500481 21.32247
24.488636 33.993556 21.009173
19.038541 36.786198 19.567066
38.894631 28.2579 17.464342
32.107075 31.978137 19.763576
38.570436 31.796266 16.021055
23.624736 40.935514 15.071051
27.015349 36.014759 18.879997
21.325201 38.942322 17.463104
28.04267 40.646648 14.420793
23.022874 36.580474 19.331826
37.042429 38.786956 12.611584
31.127985 35.041765 18.17811
37.984632 35.366103 14.401378
32.589669 39.978402 13.612483
34.985066 33.675362 17.24699
29.738909 37.974778 16.412992
44.021262 27.206636 -12.424099
47.608096 29.423421 -4.4046727
44.173688 31.112289 -10.87249
44.021262 27.206636 12.424099
47.608096 29.423421 4.4046727
44.173688 31.112289 10.87249
43.886663 39.369958 -7.198317
47.748686 33.552087 -2.3756964
44.188545 35.235383 -9.1379791
45.912702 41.219925 -2.5119095
46.386409 32.620219 -6.8010571
43.886663 39.369958 7.198317
47.748686 33.552087 2.3756964
44.188545 35.235383 9.1379791
45.912702 41.219925 2.5119095
46.386409 32.620219 6.8010571
47.421169 37.698438 0
18.433323 -26.397286 1.3095541
20.946845 -23.769789 3.8666106
17.801207 -26.679915 3.4351561
19.804538 -25.215383 0
25.408087 -17.93893 8.851
23.26057 -20.961452 6.3692608
16.241064 -26.746638 7.641361
20.196406 -23.863015 5.9652905
17.065681 -26.795384 5.5644989
19.034353 -25.282391 4.716663
22.413292 -22.680333 -2.5775763
22.413292 -22.680333 2.5775763
21.137971 -23.968698 -1.2999135
21.137971 -23.968698 1.2999135
32.241095 -2.4656638 18.984293
30.896486 -6.9943233 16.423485
27.406553 -14.65085 11.342055
29.250173 -11.029458 13.864723
12.150191 -24.952273 15.421353
16.301524 -22.628731 13.985325
13.255176 -25.611603 13.623151
24.35623 -17.695396 10.936356
20.31977 -20.238168 12.507876
23.40103 -19.29108 9.7201178
15.300648 -26.512038 9.7608221
17.364147 -23.148529 12.13514
14.31395 -26.138954 11.721624
17.350485 -25.148784 8.9223939
15.342224 -24.37688 12.882545
21.340658 -22.345704 7.2657084
19.423393 -21.865532 11.342866
22.391575 -20.847978 8.4894741
19.366179 -23.756881 8.0891209
21.402448 -20.601224 10.55101
18.413558 -23.512994 10.162498
27.230673 -16.829482 -7.6852995
28.191633 -17.423387 -2.6082731
26.090615 -18.376069 -6.4216947
27.230673 -16.829482 7.6852995
28.191633 -17.423387 2.6082731
26.090615 -18.376069 6.4216947
23.710722 -21.270474 -3.889047
26.802858 -18.833855 -1.3335541
24.910415 -19.863248 -5.1513542
23.909125 -21.465353 -1.3080815
26.562506 -18.679496 -3.8945269
23.710722 -21.270474 3.889047
26.802858 -18.833855 1.3335541
24.910415 -19.863248 5.1513542
23.909125 -21.465353 1.3080815
26.562506 -18.679496 3.8945269
25.381416 -20.177481 0
2.0177635 -15.5357 26.384337
5.8641804 -13.769778 25.904231
3.2765991 -16.979555 25.448447
1.995618 -13.5038 27.074203
13.245822 -10.254343 24.778244
9.5668087 -12.026081 25.371221
5.8069926 -19.660464 23.229774
7.1178565 -15.1284 24.914244
4.5501763 -18.362486 24.389984
5.2305989 -16.041648 25.187516
1.9671597 -9.435636 28.183743
5.8350246 -11.804511 26.630326
1.9809666 -11.459257 27.675947
3.9456424 -12.649053 26.85761
30.157382 -1.4960903 21.059012
25.350163 -4.1236886 22.339531
29.742783 -3.8295137 19.844795
17.018778 -8.3970005 24.104816
21.009414 -6.3838345 23.313793
28.592924 -8.1688344 17.362164
25.07379 -6.2679609 21.221143
29.208501 -6.065622 18.602568
27.339952 -5.10052 20.583429
10.778001 -24.003559 17.439172
12.215431 -19.844676 19.764983
9.5869077 -23.080328 19.026703
12.92234 -22.927079 16.74381
14.595577 -11.499578 23.61614
13.473554 -15.704995 21.800668
12.74775 -12.403421 23.965844
7.1220394 -20.918677 21.903849
10.989887 -18.818955 21.185098
8.3576937 -22.043996 20.524359
7.79316 -18.657618 22.887676
10.319069 -20.93196 20.148349
17.07943 -20.702782 15.348764
14.338674 -18.85492 19.131125
15.029464 -21.821195 16.044278
13.654446 -20.88275 17.983638
9.0585774 -14.19984 24.604623
11.631739 -16.643832 22.18826
10.895632 -13.305284 24.297011
8.4396542 -16.411749 23.788127
12.207697 -14.538527 23.099906
9.7408719 -17.649609 22.537478
1.9652273 -1.2145773 29.354678
5.8639656 -3.62413 28.713515
1.9641052 -3.2500337 29.196797
13.343401 -8.2466752 25.597402
9.6727697 -5.9781005 27.452077
11.480511 -9.1527113 25.873884
1.9708241 -7.3224949 28.6191
5.8459592 -5.6526814 28.330852
1.964586 -5.2974228 28.950163
3.9198088 -8.5725978 28.025078
3.9238719 -4.4625139 28.840217
7.7722677 -10.904655 26.387126
7.8016017 -6.865472 27.645855
9.6179705 -10.042681 26.137436
5.8644315 -9.7729282 27.275038
9.6554861 -8.0171954 26.834823
5.8700814 -7.7115396 27.845606
25.434144 -15.719165 12.384832
22.989387 -14.208222 16.561336
26.290011 -13.984005 13.606284
23.330987 -17.038787 13.149993
16.83062 -10.401895 23.165938
20.076071 -12.407694 20.157019
18.756857 -9.4509413 22.752992
16.249471 -12.540825 22.250188
27.858228 -10.256443 16.077563
23.608615 -12.376331 17.709267
27.1057 -12.155147 14.843349
26.330445 -9.3416287 18.165729
25.01015 -13.217211 15.740789
19.213222 -19.494676 14.611154
20.840912 -15.451172 17.193385
21.250251 -18.30012 13.894741
17.898361 -18.683433 16.628088
22.14381 -16.281484 15.251667
22.824169 -7.4212815 21.797603
22.04593 -11.436448 19.583642
20.760835 -8.4539886 22.29798
24.634803 -8.3880498 20.081845
20.444475 -10.470731 21.239603
24.139963 -10.433478 18.904552
15.021351 -16.715099 20.261159
19.357628 -14.508437 19.078153
15.644134 -14.65463 21.276975
16.486893 -17.74638 18.524785
17.850345 -13.55324 20.727969
18.661524 -16.60859 17.877373
2.0819463 16.029873 27.223593
6.3891899 15.002561 28.22339
3.4652101 17.956949 26.913337
2.0509108 13.877951 27.824351
15.454123 11.963914 28.909193
10.869003 13.663022 28.824647
6.5291099 22.105303 26.118468
7.9892076 16.980383 27.964186
4.9530823 19.988436 26.549653
5.7080721 17.506004 27.486749
2.0055124 9.6195977 28.733227
6.2810306 12.706801 28.665842
2.027749 11.729878 28.32954
4.1566196 13.325409 28.293712
31.432793 1.5593627 21.949636
28.216472 4.5899486 24.865432
33.194726 4.2739666 22.147979
28.838985 0 22.650569
20.010537 9.8731227 28.34224
24.340256 7.3959306 27.009973
36.385346 10.395085 22.09387
29.641573 7.4098178 25.087075
34.891231 7.2457337 22.221836
31.514711 5.8793598 23.72648
24.015625 -2.7293297 23.732863
25.659789 2.9161858 25.357668
26.35042 -1.4290833 23.238409
27.323077 1.4818342 24.096194
14.205729 31.637412 22.985353
16.012005 26.012431 25.907969
12.12452 29.189589 24.062988
17.872688 31.710088 23.158104
17.704671 13.949174 28.646759
17.178641 20.023705 27.795625
15.266359 14.854 28.700844
8.3150907 24.422878 25.573082
13.822975 23.670303 26.646415
10.144033 26.755588 24.91115
9.0977062 21.780835 26.718988
13.050332 26.472256 25.481238
25.399239 30.787614 22.825523
19.513192 25.659254 26.035135
21.649341 31.432557 23.111139
18.785861 28.730602 24.741988
10.436679 16.360094 28.347781
14.466146 20.699579 27.595066
12.822637 15.65846 28.594187
9.8087672 19.074126 27.647128
14.937469 17.789497 28.265291
11.765128 21.317385 27.221005
1.9702048 1.2176535 29.429027
5.9989053 3.7075274 29.374261
1.9774425 3.2721032 29.395059
3.9505673 0 29.322138
15.096508 9.3301551 28.960488
10.303146 6.3676945 29.241135
12.911708 10.293717 29.099404
2.0009259 7.4343363 29.056219
6.0574793 5.8572083 29.355927
1.9863152 5.3560146 29.270364
4.0620973 8.8837818 29.042384
3.9978416 4.5466376 29.383889
7.908962 -2.427661 28.614893
8.0725693 2.4778804 29.20683
5.9461429 -1.2241679 29.04855
5.9921893 1.2336477 29.273499
8.5255782 11.961565 28.944642
8.2696078 7.277321 29.304287
10.704032 11.1767 29.088875
6.2371062 10.393981 29.00832
10.515173 8.7310148 29.22409
6.1634048 8.0968792 29.237029
39.002866 24.105097 18.991948
33.236446 20.541253 23.943221
38.845686 20.662535 20.10442
36.113285 26.37379 20.354452
20.594966 12.728389 28.347245
26.829952 16.581822 26.938132
22.980772 11.579228 27.876808
20.599989 15.898416 28.207295
37.598935 13.842637 21.699127
32.833016 17.212034 24.628663
38.398646 17.2193 21.027479
34.351021 12.187203 23.699233
35.953769 19.000629 22.628441
29.269166 29.697929 22.258436
30.165942 22.364624 24.88637
32.805581 28.251245 21.450336
26.214506 27.364347 24.354024
33.197447 24.408795 22.864918
27.511858 8.9454841 26.274453
29.444578 15.274538 26.155942
25.310636 10.306706 27.184651
30.911799 10.525341 25.198738
26.162691 13.399341 27.180212
32.008064 13.834132 25.066239
20.081624 22.345948 27.086577
26.860122 20.131515 26.47233
20.432917 19.140518 27.790012
23.108639 24.873982 25.965024
23.695051 17.990952 27.514889
26.712216 23.773633 25.589777
15.602472 -7.1249772 25.245331
16.488381 -2.4683031 26.678761
17.555369 -6.1348929 24.925372
13.760601 -6.0047434 26.309842
17.664609 8.0666663 28.581938
17.208746 2.5761413 27.844335
19.770784 6.9090913 28.070852
15.072057 6.5770264 28.817305
21.701008 -3.9677649 24.190649
18.564077 -1.3144521 26.418931
19.594686 -5.0817051 24.573612
22.454671 -1.3683698 25.011074
18.074943 -3.7684823 25.702822
9.9469593 -3.6753984 27.988357
14.464437 -1.2868422 27.568259
11.861435 -4.8454486 27.23091
10.103506 -1.248862 28.472023
14.137832 -3.6735745 26.974443
23.756675 4.3436185 26.482151
19.032711 1.3476343 27.085854
21.822839 5.6595565 27.367929
23.152869 1.4109174 25.78876
19.435547 4.0521575 27.63762
20.778196 0 26.13706
10.346097 3.8228797 29.111435
14.74743 1.312019 28.107626
12.626723 5.1580722 28.987822
10.238755 1.2655797 28.853158
14.948966 3.8843396 28.522056
12.388578 0 28.304191
35.068853 0 -18.452797
39.276047 0 -14.158386
37.074016 2.7326963 -18.491406
34.389523 -2.5348244 -17.152462
44.135392 0 -3.0589114
42.444748 0 -8.9399102
40.623759 8.9011539 -18.007425
41.36792 2.8873846 -13.849567
38.987551 5.7276478 -18.361856
39.357477 2.8170978 -16.296008
32.687672 -7.1622619 -14.48957
38.237464 -2.668886 -12.801521
33.582314 -4.9335664 -15.816167
36.41814 -2.6067083 -15.078972
35.068853 0 18.452797
39.276047 0 14.158386
37.074016 2.7326963 18.491406
34.389523 -2.5348244 17.152462
44.135392 0 3.0589114
42.444748 0 8.9399102
40.623759 8.9011539 18.007425
41.36792 2.8873846 13.849567
38.987551 5.7276478 18.361856
39.357477 2.8170978 16.296008
32.687672 -7.1622619 14.48957
38.237464 -2.668886 12.801521
33.582314 -4.9335664 15.816167
36.41814 -2.6067083 15.078972
43.732022 22.796606 -14.089077
46.305912 16.315939 -10.083805
43.369704 19.243588 -15.341739
45.738462 23.922178 -10.438973
45.809189 3.0668185 -1.8953981
47.031712 9.6049662 -5.9361956
45.339775 3.0500636 -5.046985
41.947679 12.355593 -17.335156
45.665482 12.886703 -11.340401
42.807355 15.752114 -16.447696
42.858362 9.2150167 -15.356595
44.769277 16.108514 -13.375309
48.139462 25.257678 -2.2470731
47.501551 16.881876 -6.2378482
47.285217 24.783104 -6.4396424
46.860426 20.4118 -8.3383106
43.135345 2.97047 -11.036627
46.090041 9.5104974 -9.1960635
44.436899 3.0155309 -8.131251
43.257152 6.050287 -13.231941
45.99069 6.2572893 -7.1162466
44.702331 9.423617 -12.379828
28.551366 -14.883242 -9.1983492
33.022322 -11.635452 -7.1911046
29.630521 -13.14737 -10.481596
29.307044 -15.328201 -6.6888005
42.411205 -2.8393314 -1.7548033
37.774693 -7.7144683 -4.7678036
41.951445 -2.8221264 -4.669814
31.697647 -9.3364697 -13.099263
34.373805 -9.7002151 -8.5362669
30.686403 -11.291885 -11.790512
34.316706 -7.3784673 -12.296031
31.961561 -11.500147 -9.548864
30.104155 -15.794963 -1.4052138
33.648375 -11.958509 -4.4186653
29.835099 -15.637157 -4.0631593
31.459619 -13.703406 -5.5979019
39.849994 -2.7442278 -10.196036
36.956619 -7.625852 -7.3737278
41.082272 -2.7878827 -7.5174073
37.073436 -5.1853837 -11.340402
39.486542 -5.3723637 -6.1098446
35.76265 -7.539059 -9.9040793
43.732022 22.796606 14.089077
46.305912 16.315939 10.083805
43.369704 19.243588 15.341739
45.738462 23.922178 10.438973
45.809189 3.0668185 1.8953981
47.031712 9.6049662 5.9361956
45.339775 3.0500636 5.046985
46.995072 6.3316391 0
41.947679 12.355593 17.335156
45.665482 12.886703 11.340401
42.807355 15.752114 16.447696
42.858362 9.2150167 15.356595
44.769277 16.108514 13.375309
48.139462 25.257678 2.2470731
47.501551 16.881876 6.2378482
47.285217 24.783104 6.4396424
48.276745 21.130446 0
46.860426 20.4118 8.3383106
43.135345 2.97047 11.036627
46.090041 9.5104974 9.1960635
44.436899 3.0155309 8.131251
43.257152 6.050287 13.231941
45.99069 6.2572893 7.1162466
44.702331 9.423617 12.379828
47.762278 13.201169 -4.0521074
47.762278 13.201169 4.0521074
47.616201 9.7468802 -2.0066483
48.143077 17.083924 -2.1116891
47.616201 9.7468802 2.0066483
48.143077 17.083924 2.1116891
28.551366 -14.883242 9.1983492
33.022322 -11.635452 7.1911046
29.630521 -13.14737 10.481596
29.307044 -15.328201 6.6888005
42.411205 -2.8393314 1.7548033
37.774693 -7.7144683 4.7678036
41.951445 -2.8221264 4.669814
40.429289 -5.4470321 0
31.697647 -9.3364697 13.099263
34.373805 -9.7002151 8.5362669
30.686403 -11.291885 11.790512
34.316706 -7.3784673 12.296031
31.961561 -11.500147 9.548864
30.104155 -15.794963 1.4052138
33.648375 -11.958509 4.4186653
29.835099 -15.637157 4.0631593
32.053475 -14.029617 0
31.459619 -13.703406 5.5979019
39.849994 -2.7442278 10.196036
36.956619 -7.625852 7.3737278
41.082272 -2.7878827 7.5174073
37.073436 -5.1853837 11.340402
39.486542 -5.3723637 6.1098446
35.76265 -7.539059 9.9040793
35.992925 -9.9481998 -3.0536064
35.992925 -9.9481998 3.0536064
38.234597 -7.8264967 -1.6112875
34.035399 -12.07771 -1.4928871
38.234597 -7.8264967 1.6112875
34.035399 -12.07771 1.4928871
-18.433323 26.397286 -1.3095541
-20.946845 23.769789 -3.8666106
-17.801207 26.679915 -3.4351561
-25.408087 17.93893 -8.851
-23.26057 20.961452 -6.3692608
-16.241064 26.746638 -7.641361
-20.196406 23.863015 -5.9652905
-17.065681 26.795384 -5.5644989
-19.034353 25.282391 -4.716663
-32.241095 2.4656638 -18.984293
-30.896486 6.9943233 -16.423485
-27.406553 14.65085 -11.342055
-29.250173 11.029458 -13.864723
-12.150191 24.952273 -15.421353
-16.301524 22.628731 -13.985325
-13.255176 25.611603 -13.623151
-24.35623 17.695396 -10.936356
-20.31977 20.238168 -12.507876
-23.40103 19.29108 -9.7201178
-15.300648 26.512038 -9.7608221
-17.364147 23.148529 -12.13514
-14.31395 26.138954 -11.721624
-17.350485 25.148784 -8.9223939
-15.342224 24.37688 -12.882545
-21.340658 22.345704 -7.2657084
-19.423393 21.865532 -11.342866
-22.391575 20.847978 -8.4894741
-19.366179 23.756881 -8.0891209
-21.402448 20.601224 -10.55101
-18.413558 23.512994 -10.162498
-32.98641 -47.237913 -2.3434455
-38.641621 -43.849237 -7.1329167
-30.8365 -46.216821 -5.9506183
-41.615441 -29.381845 -14.496891
-41.04938 -36.991982 -11.240232
-26.052765 -42.905062 -12.25773
-35.558808 -42.014424 -10.50279
-28.445695 -44.663516 -9.2751081
-33.498407 -44.49428 -8.3008179
-34.637886 -2.6489604 -20.395578
-38.144256 -8.6350678 -20.276144
-41.452036 -22.159209 -17.154702
-40.482029 -15.26469 -19.188677
-16.799569 -34.500481 -21.32247
-24.488636 -33.993556 -21.009173
-19.038541 -36.786198 -19.567066
-38.894631 -28.2579 -17.464342
-32.107075 -31.978137 -19.763576
-38.570436 -31.796266 -16.021055
-23.624736 -40.935514 -15.071051
-27.015349 -36.014759 -18.879997
-21.325201 -38.942322 -17.463104
-28.04267 -40.646648 -14.420793
-23.022874 -36.580474 -19.331826
-37.042429 -38.786956 -12.611584
-31.127985 -35.041765 -18.17811
-37.984632 -35.366103 -14.401378
-32.589669 -39.978402 -13.612483
-34.985066 -33.675362 -17.24699
-29.738909 -37.974778 -16.412992
-2.0819463 -16.029873 -27.223593
-6.3891899 -15.002561 -28.22339
-3.4652101 -17.956949 -26.913337
-2.0509108 -13.877951 -27.824351
-15.454123 -11.963914 -28.909193
-10.869003 -13.663022 -28.824647
-6.5291099 -22.105303 -26.118468
-7.9892076 -16.980383 -27.964186
-4.9530823 -19.988436 -26.549653
-5.7080721 -17.506004 -27.486749
-2.0055124 -9.6195977 -28.733227
-6.2810306 -12.706801 -28.665842
-2.027749 -11.729878 -28.32954
-4.1566196 -13.325409 -28.293712
-31.432793 -1.5593627 -21.949636
-28.216472 -4.5899486 -24.865432
-33.194726 -4.2739666 -22.147979
-20.010537 -9.8731227 -28.34224
-24.340256 -7.3959306 -27.009973
-36.385346 -10.395085 -22.09387
-29.641573 -7.4098178 -25.087075
-34.891231 -7.2457337 -22.221836
-31.514711 -5.8793598 -23.72648
-14.205729 -31.637412 -22.985353
-16.012005 -26.012431 -25.907969
-12.12452 -29.189589 -24.062988
-17.872688 -31.710088 -23.158104
-17.704671 -13.949174 -28.646759
-17.178641 -20.023705 -27.795625
-15.266359 -14.854 -28.700844
-8.3150907 -24.422878 -25.573082
-13.822975 -23.670303 -26.646415
-10.144033 -26.755588 -24.91115
-9.0977062 -21.780835 -26.718988
-13.050332 -26.472256 -25.481238
-25.399239 -30.787614 -22.825523
-19.513192 -25.659254 -26.035135
-21.649341 -31.432557 -23.111139
-18.785861 -28.730602 -24.741988
-10.436679 -16.360094 -28.347781
-14.466146 -20.699579 -27.595066
-12.822637 -15.65846 -28.594187
-9.8087672 -19.074126 -27.647128
-14.937469 -17.789497 -28.265291
-11.765128 -21.317385 -27.221005
-1.9702048 -1.2176535 -29.429027
-5.9989053 -3.7075274 -29.374261
-1.9774425 -3.2721032 -29.395059
-15.096508 -9.3301551 -28.960488
-10.303146 -6.3676945 -29.241135
-12.911708 -10.293717 -29.099404
-2.0009259 -7.4343363 -29.056219
-6.0574793 -5.8572083 -29.355927
-1.9863152 -5.3560146 -29.270364
-4.0620973 -8.8837818 -29.042384
-3.9978416 -4.5466376 -29.383889
-8.5255782 -11.961565 -28.944642
-8.2696078 -7.277321 -29.304287
-10.704032 -11.1767 -29.088875
-6.2371062 -10.393981 -29.00832
-10.515173 -8.7310148 -29.22409
-6.1634048 -8.0968792 -29.237029
-39.002866 -24.105097 -18.991948
-33.236446 -20.541253 -23.943221
-38.845686 -20.662535 -20.10442
-36.113285 -26.37379 -20.354452
-20.594966 -12.728389 -28.347245
-26.829952 -16.581822 -26.938132
-22.980772 -11.579228 -27.876808
-20.599989 -15.898416 -28.207295
-37.598935 -13.842637 -21.699127
-32.833016 -17.212034 -24.628663
-38.398646 -17.2193 -21.027479
-34.351021 -12.187203 -23.699233
-35.953769 -19.000629 -22.628441
-29.269166 -29.697929 -22.258436
-30.165942 -22.364624 -24.88637
-32.805581 -28.251245 -21.450336
-26.214506 -27.364347 -24.354024
-33.197447 -24.408795 -22.864918
-27.511858 -8.9454841 -26.274453
-29.444578 -15.274538 -26.155942
-25.310636 -10.306706 -27.184651
-30.911799 -10.525341 -25.198738
-26.162691 -13.399341 -27.180212
-32.008064 -13.834132 -25.066239
-20.081624 -22.345948 -27.086577
-26.860122 -20.131515 -26.47233
-20.432917 -19.140518 -27.790012
-23.108639 -24.873982 -25.965024
-23.695051 -17.990952 -27.514889
-26.712216 -23.773633 -25.589777
-2.0177635 15.5357 -26.384337
-5.8641804 13.769778 -25.904231
-3.2765991 16.979555 -25.448447
-1.995618 13.5038 -27.074203
-13.245822 10.254343 -24.778244
-9.5668087 12.026081 -25.371221
-5.8069926 19.660464 -23.229774
-7.1178565 15.1284 -24.914244
-4.5501763 18.362486 -24.389984
-5.2305989 16.041648 -25.187516
-1.9671597 9.435636 -28.183743
-5.8350246 11.804511 -26.630326
-1.9809666 11.459257 -27.675947
-3.9456424 12.649053 -26.85761
-30.157382 1.4960903 -21.059012
-25.350163 4.1236886 -22.339531
-29.742783 3.8295137 -19.844795
-28.838985 0 -22.650569
-17.018778 8.3970005 -24.104816
-21.009414 6.3838345 -23.313793
-28.592924 8.1688344 -17.362164
-25.07379 6.2679609 -21.221143
-29.208501 6.065622 -18.602568
-27.339952 5.10052 -20.583429
-25.659789 -2.9161858 -25.357668
-24.015625 2.7293297 -23.732863
-27.323077 -1.4818342 -24.096194
-26.35042 1.4290833 -23.238409
-10.778001 24.003559 -17.439172
-12.215431 19.844676 -19.764983
-9.5869077 23.080328 -19.026703
-12.92234 22.927079 -16.74381
-14.595577 11.499578 -23.61614
-13.473554 15.704995 -21.800668
-12.74775 12.403421 -23.965844
-7.1220394 20.918677 -21.903849
-10.989887 18.818955 -21.185098
-8.3576937 22.043996 -20.524359
-7.79316 18.657618 -22.887676
-10.319069 20.93196 -20.148349
-17.07943 20.702782 -15.348764
-14.338674 18.85492 -19.131125
-15.029464 21.821195 -16.044278
-13.654446 20.88275 -17.983638
-9.0585774 14.19984 -24.604623
-11.631739 16.643832 -22.18826
-10.895632 13.305284 -24.297011
-8.4396542 16.411749 -23.788127
-12.207697 14.538527 -23.099906
-9.7408719 17.649609 -22.537478
-1.9652273 1.2145773 -29.354678
-5.8639656 3.62413 -28.713515
-1.9641052 3.2500337 -29.196797
-3.9505673 0 -29.322138
-13.343401 8.2466752 -25.597402
-9.6727697 5.9781005 -27.452077
-11.480511 9.1527113 -25.873884
-1.9708241 7.3224949 -28.6191
-5.8459592 5.6526814 -28.330852
-1.964586 5.2974228 -28.950163
-3.9198088 8.5725978 -28.025078
-3.9238719 4.4625139 -28.840217
-8.0725693 -2.4778804 -29.20683
-7.908962 2.427661 -28.614893
-5.9921893 -1.2336477 -29.273499
-5.9461429 1.2241679 -29.04855
-7.7722677 10.904655 -26.387126
-7.8016017 6.865472 -27.645855
-9.6179705 10.042681 -26.137436
-5.8644315 9.7729282 -27.275038
-9.6554861 8.0171954 -26.834823
-5.8700814 7.7115396 -27.845606
-25.434144 15.719165 -12.384832
-22.989387 14.208222 -16.561336
-26.290011 13.984005 -13.606284
-23.330987 17.038787 -13.149993
-16.83062 10.401895 -23.165938
-20.076071 12.407694 -20.157019
-18.756857 9.4509413 -22.752992
-16.249471 12.540825 -22.250188
-27.858228 10.256443 -16.077563
-23.608615 12.376331 -17.709267
-27.1057 12.155147 -14.843349
-26.330445 9.3416287 -18.165729
-25.01015 13.217211 -15.740789
-19.213222 19.494676 -14.611154
-20.840912 15.451172 -17.193385
-21.250251 18.30012 -13.894741
-17.898361 18.683433 -16.628088
-22.14381 16.281484 -15.251667
-22.824169 7.4212815 -21.797603
-22.04593 11.436448 -19.583642
-20.760835 8.4539886 -22.29798
-24.634803 8.3880498 -20.081845
-20.444475 10.470731 -21.239603
-24.139963 10.433478 -18.904552
-15.021351 16.715099 -20.261159
-19.357628 14.508437 -19.078153
-15.644134 14.65463 -21.276975
-16.486893 17.74638 -18.524785
-17.850345 13.55324 -20.727969
-18.661524 16.60859 -17.877373
-17.664609 -8.0666663 -28.581938
-17.208746 -2.5761413 -27.844335
-19.770784 -6.9090913 -28.070852
-15.072057 -6.5770264 -28.817305
-15.602472 7.1249772 -25.245331
-16.488381 2.4683031 -26.678761
-17.555369 6.1348929 -24.925372
-13.760601 6.0047434 -26.309842
-23.756675 -4.3436185 -26.482151
-19.032711 -1.3476343 -27.085854
-21.822839 -5.6595565 -27.367929
-23.152869 -1.4109174 -25.78876
-19.435547 -4.0521575 -27.63762
-10.346097 -3.8228797 -29.111435
-14.74743 -1.312019 -28.107626
-12.626723 -5.1580722 -28.987822
-10.238755 -1.2655797 -28.853158
-14.948966 -3.8843396 -28.522056
-21.701008 3.9677649 -24.190649
-18.564077 1.3144521 -26.418931
-19.594686 5.0817051 -24.573612
-22.454671 1.3683698 -25.011074
-18.074943 3.7684823 -25.702822
-20.778196 0 -26.13706
-9.9469593 3.6753984 -27.988357
-14.464437 1.2868422 -27.568259
-11.861435 4.8454486 -27.23091
-10.103506 1.248862 -28.472023
-14.137832 3.6735745 -26.974443
-12.388578 0 -28.304191
-18.433323 26.397286 1.3095541
-20.946845 23.769789 3.8666106
-17.801207 26.679915 3.4351561
-19.804538 25.215383 0
-25.408087 17.93893 8.851
-23.26057 20.961452 6.3692608
-16.241064 26.746638 7.641361
-20.196406 23.863015 5.9652905
-17.065681 26.795384 5.5644989
-19.034353 25.282391 4.716663
-22.413292 22.680333 -2.5775763
-22.413292 22.680333 2.5775763
-21.137971 23.968698 -1.2999135
-21.137971 23.968698 1.2999135
-32.241095 2.4656638 18.984293
-30.896486 6.9943233 16.423485
-27.406553 14.65085 11.342055
-29.250173 11.029458 13.864723
-12.150191 24.952273 15.421353
-16.301524 22.628731 13.985325
-13.255176 25.611603 13.623151
-24.35623 17.695396 10.936356
-20.31977 20.238168 12.507876
-23.40103 19.29108 9.7201178
-15.300648 26.512038 9.7608221
-17.364147 23.148529 12.13514
-14.31395 26.138954 11.721624
-17.350485 25.148784 8.9223939
-15.342224 24.37688 12.882545
-21.340658 22.345704 7.2657084
-19.423393 21.865532 11.342866
-22.391575 20.847978 8.4894741
-19.366179 23.756881 8.0891209
-21.402448 20.601224 10.55101
-18.413558 23.512994 10.162498
-27.230673 16.829482 -7.6852995
-28.191633 17.423387 -2.6082731
-26.090615 18.376069 -6.4216947
-27.230673 16.829482 7.6852995
-28.191633 17.423387 2.6082731
-26.090615 18.376069 6.4216947
-23.710722 21.270474 -3.889047
-26.802858 18.833855 -1.3335541
-24.910415 19.863248 -5.1513542
-23.909125 21.465353 -1.3080815
-26.562506 18.679496 -3.8945269
-23.710722 21.270474 3.889047
-26.802858 18.833855 1.3335541
-24.910415 19.863248 5.1513542
-23.909125 21.465353 1.3080815
-26.562506 18.679496 3.8945269
-25.381416 20.177481 0
-32.98641 -47.237913 2.3434455
-38.641621 -43.849237 7.1329167
-30.8365 -46.216821 5.9506183
-36.990076 -47.096223 0
-41.615441 -29.381845 14.496891
-41.04938 -36.991982 11.240232
-26.052765 -42.905062 12.25773
-35.558808 -42.014424 10.50279
-28.445695 -44.663516 9.2751081
-33.498407 -44.49428 8.3008179
-42.771574 -43.281171 -4.918822
-42.771574 -43.281171 4.918822
-40.485362 -45.907028 -2.4897124
-40.485362 -45.907028 2.4897124
-34.637886 -2.6489604 20.395578
-38.144256 -8.6350678 20.276144
-41.452036 -22.159209 17.154702
-40.482029 -15.26469 19.188677
-16.799569 -34.500481 21.32247
-24.488636 -33.993556 21.009173
-19.038541 -36.786198 19.567066
-38.894631 -28.2579 17.464342
-32.107075 -31.978137 19.763576
-38.570436 -31.796266 16.021055
-23.624736 -40.935514 15.071051
-27.015349 -36.014759 18.879997
-21.325201 -38.942322 17.463104
-28.04267 -40.646648 14.420793
-23.022874 -36.580474 19.331826
-37.042429 -38.786956 12.611584
-31.127985 -35.041765 18.17811
-37.984632 -35.366103 14.401378
-32.589669 -39.978402 13.612483
-34.985066 -33.675362 17.24699
-29.738909 -37.974778 16.412992
-44.021262 -27.206636 -12.424099
-47.608096 -29.423421 -4.4046727
-44.173688 -31.112289 -10.87249
-44.021262 -27.206636 12.424099
-47.608096 -29.423421 4.4046727
-44.173688 -31.112289 10.87249
-43.886663 -39.369958 -7.198317
-47.748686 -33.552087 -2.3756964
-44.188545 -35.235383 -9.1379791
-45.912702 -41.219925 -2.5119095
-46.386409 -32.620219 -6.8010571
-43.886663 -39.369958 7.198317
-47.748686 -33.552087 2.3756964
-44.188545 -35.235383 9.1379791
-45.912702 -41.219925 2.5119095
-46.386409 -32.620219 6.8010571
-47.421169 -37.698438 0
-2.0819463 -16.029873 27.223593
-6.3891899 -15.002561 28.22339
-3.4652101 -17.956949 26.913337
-2.0509108 -13.877951 27.824351
-15.454123 -11.963914 28.909193
-10.869003 -13.663022 28.824647
-6.5291099 -22.105303 26.118468
-7.9892076 -16.980383 27.964186
-4.9530823 -19.988436 26.549653
-5.7080721 -17.506004 27.486749
-2.0055124 -9.6195977 28.733227
-6.2810306 -12.706801 28.665842
-2.027749 -11.729878 28.32954
-4.1566196 -13.325409 28.293712
-31.432793 -1.5593627 21.949636
-28.216472 -4.5899486 24.865432
-33.194726 -4.2739666 22.147979
-20.010537 -9.8731227 28.34224
-24.340256 -7.3959306 27.009973
-36.385346 -10.395085 22.09387
-29.641573 -7.4098178 25.087075
-34.891231 -7.2457337 22.221836
-31.514711 -5.8793598 23.72648
-14.205729 -31.637412 22.985353
-16.012005 -26.012431 25.907969
-12.12452 -29.189589 24.062988
-17.872688 -31.710088 23.158104
-17.704671 -13.949174 28.646759
-17.178641 -20.023705 27.795625
-15.266359 -14.854 28.700844
-8.3150907 -24.422878 25.573082
-13.822975 -23.670303 26.646415
-10.144033 -26.755588 24.91115
-9.0977062 -21.780835 26.718988
-13.050332 -26.472256 25.481238
-25.399239 -30.787614 22.825523
-19.513192 -25.659254 26.035135
-21.649341 -31.432557 23.111139
-18.785861 -28.730602 24.741988
-10.436679 -16.360094 28.347781
-14.466146 -20.699579 27.595066
-12.822637 -15.65846 28.594187
-9.8087672 -19.074126 27.647128
-14.937469 -17.789497 28.265291
-11.765128 -21.317385 27.221005
-1.9702048 -1.2176535 29.429027
-5.9989053 -3.7075274 29.374261
-1.9774425 -3.2721032 29.395059
-15.096508 -9.3301551 28.960488
-10.303146 -6.3676945 29.241135
-12.911708 -10.293717 29.099404
-2.0009259 -7.4343363 29.056219
-6.0574793 -5.8572083 29.355927
-1.9863152 -5.3560146 29.270364
-4.0620973 -8.8837818 29.042384
-3.9978416 -4.5466376 29.383889
-8.5255782 -11.961565 28.944642
-8.2696078 -7.277321 29.304287
-10.704032 -11.1767 29.088875
-6.2371062 -10.393981 29.00832
-10.515173 -8.7310148 29.22409
-6.1634048 -8.0968792 29.237029
-39.002866 -24.105097 18.991948
-33.236446 -20.541253 23.943221
-38.845686 -20.662535 20.10442
-36.113285 -26.37379 20.354452
-20.594966 -12.728389 28.347245
-26.829952 -16.581822 26.938132
-22.980772 -11.579228 27.876808
-20.599989 -15.898416 28.207295
-37.598935 -13.842637 21.699127
-32.833016 -17.212034 24.628663
-38.398646 -17.2193 21.027479
-34.351021 -12.187203 23.699233
-35.953769 -19.000629 22.628441
-29.269166 -29.697929 22.258436
-30.165942 -22.364624 24.88637
-32.805581 -28.251245 21.450336
-26.214506 -27.364347 24.354024
-33.197447 -24.408795 22.864918
-27.511858 -8.9454841 26.274453
-29.444578 -15.274538 26.155942
-25.310636 -10.306706 27.184651
-30.911799 -10.525341 25.198738
-26.162691 -13.399341 27.180212
-32.008064 -13.834132 25.066239
-20.081624 -22.345948 27.086577
-26.860122 -20.131515 26.47233
-20.432917 -19.140518 27.790012
-23.108639 -24.873982 25.965024
-23.695051 -17.990952 27.514889
-26.712216 -23.773633 25.589777
-2.0177635 15.5357 26.384337
-5.8641804 13.769778 25.904231
-3.2765991 16.979555 25.448447
-1.995618 13.5038 27.074203
-13.245822 10.254343 24.778244
-9.5668087 12.026081 25.371221
-5.8069926 19.660464 23.229774
-7.1178565 15.1284 24.914244
-4.5501763 18.362486 24.389984
-5.2305989 16.041648 25.187516
-1.9671597 9.435636 28.183743
-5.8350246 11.804511 26.630326
-1.9809666 11.459257 27.675947
-3.9456424 12.649053 26.85761
-30.157382 1.4960903 21.059012
-25.350163 4.1236886 22.339531
-29.742783 3.8295137 19.844795
-28.838985 0 22.650569
-17.018778 8.3970005 24.104816
-21.009414 6.3838345 23.313793
-28.592924 8.1688344 17.362164
-25.07379 6.2679609 21.221143
-29.208501 6.065622 18.602568
-27.339952 5.10052 20.583429
-25.659789 -2.9161858 25.357668
-24.015625 2.7293297 23.732863
-27.323077 -1.4818342 24.096194
-26.35042 1.4290833 23.238409
-10.778001 24.003559 17.439172
-12.215431 19.844676 19.764983
-9.5869077 23.080328 19.026703
-12.92234 22.927079 16.74381
-14.595577 11.499578 23.61614
-13.473554 15.704995 21.800668
-12.74775 12.403421 23.965844
-7.1220394 20.918677 21.903849
-10.989887 18.818955 21.185098
-8.3576937 22.043996 20.524359
-7.79316 18.657618 22.887676
-10.319069 20.93196 20.148349
-17.07943 20.702782 15.348764
-14.338674 18.85492 19.131125
-15.029464 21.821195 16.044278
-13.654446 20.88275 17.983638
-9.0585774 14.19984 24.604623
-11.631739 16.643832 22.18826
-10.895632 13.305284 24.297011
-8.4396542 16.411749 23.788127
-12.207697 14.538527 23.099906
-9.7408719 17.649609 22.537478
-1.9652273 1.2145773 29.354678
-5.8639656 3.62413 28.713515
-1.9641052 3.2500337 29.196797
-3.9505673 0 29.322138
-13.343401 8.2466752 25.597402
-9.6727697 5.9781005 27.452077
-11.480511 9.1527113 25.873884
-1.9708241 7.3224949 28.6191
-5.8459592 5.6526814 28.330852
-1.964586 5.2974228 28.950163
-3.9198088 8.5725978 28.025078
-3.9238719 4.4625139 28.840217
-8.0725693 -2.4778804 29.20683
-7.908962 2.427661 28.614893
-5.9921893 -1.2336477 29.273499
-5.9461429 1.2241679 29.04855
-7.7722677 10.904655 26.387126
-7.8016017 6.865472 27.645855
-9.6179705 10.042681 26.137436
-5.8644315 9.7729282 27.275038
-9.6554861 8.0171954 26.834823
-5.8700814 7.7115396 27.845606
-25.434144 15.719165 12.384832
-22.989387 14.208222 16.561336
-26.290011 13.984005 13.606284
-23.330987 17.038787 13.149993
-16.83062 10.401895 23.165938
-20.076071 12.407694 20.157019
-18.756857 9.4509413 22.752992
-16.249471 12.540825 22.250188
-27.858228 10.256443 16.077563
-23.608615 12.376331 17.709267
-27.1057 12.155147 14.843349
-26.330445 9.3416287 18.165729
-25.01015 13.217211 15.740789
-19.213222 19.494676 14.611154
-20.840912 15.451172 17.193385
-21.250251 18.30012 13.894741
-17.898361 18.683433 16.628088
-22.14381 16.281484 15.251667
-22.824169 7.4212815 21.797603
-22.04593 11.436448 19.583642
-20.760835 8.4539886 22.29798
-24.634803 8.3880498 20.081845
-20.444475 10.470731 21.239603
-24.139963 10.433478 18.904552
-15.021351 16.715099 20.261159
-19.357628 14.508437 19.078153
-15.644134 14.65463 21.276975
-16.486893 17.74638 18.524785
-17.850345 13.55324 20.727969
-18.661524 16.60859 17.877373
-17.664609 -8.0666663 28.581938
-17.208746 -2.5761413 27.844335
-19.770784 -6.9090913 28.070852
-15.072057 -6.5770264 28.817305
-15.602472 7.1249772 25.245331
-16.488381 2.4683031 26.678761
-17.555369 6.1348929 24.925372
-13.760601 6.0047434 26.309842
-23.756675 -4.3436185 26.482151
-19.032711 -1.3476343 27.085854
-21.822839 -5.6595565 27.367929
-23.152869 -1.4109174 25.78876
-19.435547 -4.0521575 27.63762
-10.346097 -3.8228797 29.111435
-14.74743 -1.312019 28.107626
-12.626723 -5.1580722 28.987822
-10.238755 -1.2655797 28.853158
-14.948966 -3.8843396 28.522056
-21.701008 3.9677649 24.190649
-18.564077 1.3144521 26.418931
-19.594686 5.0817051 24.573612
-22.454671 1.3683698 25.011074
-18.074943 3.7684823 25.702822
-20.778196 0 26.13706
-9.9469593 3.6753984 27.988357
-14.464437 1.2868422 27.568259
-11.861435 4.8454486 27.23091
-10.103506 1.248862 28.472023
-14.137832 3.6735745 26.974443
-12.388578 0 28.304191
-35.068853 0 -18.452797
-39.276047 0 -14.158386
-34.389523 2.5348244 -17.152462
-37.074016 -2.7326963 -18.491406
-44.135392 0 -3.0589114
-42.444748 0 -8.9399102
-32.687672 7.1622619 -14.48957
-38.237464 2.668886 -12.801521
-33.582314 4.9335664 -15.816167
-36.41814 2.6067083 -15.078972
-40.623759 -8.9011539 -18.007425
-41.36792 -2.8873846 -13.849567
-38.987551 -5.7276478 -18.361856
-39.357477 -2.8170978 -16.296008
-35.068853 0 18.452797
-39.276047 0 14.158386
-34.389523 2.5348244 17.152462
-37.074016 -2.7326963 18.491406
-44.135392 0 3.0589114
-42.444748 0 8.9399102
-32.687672 7.1622619 14.48957
-38.237464 2.668886 12.801521
-33.582314 4.9335664 15.816167
-36.41814 2.6067083 15.078972
-40.623759 -8.9011539 18.007425
-41.36792 -2.8873846 13.849567
-38.987551 -5.7276478 18.361856
-39.357477 -2.8170978 16.296008
-28.551366 14.883242 -9.1983492
-33.022322 11.635452 -7.1911046
-29.630521 13.14737 -10.481596
-29.307044 15.328201 -6.6888005
-42.411205 2.8393314 -1.7548033
-37.774693 7.7144683 -4.7678036
-41.951445 2.8221264 -4.669814
-31.697647 9.3364697 -13.099263
-34.373805 9.7002151 -8.5362669
-30.686403 11.291885 -11.790512
-34.316706 7.3784673 -12.296031
-31.961561 11.500147 -9.548864
-30.104155 15.794963 -1.4052138
-33.648375 11.958509 -4.4186653
-29.835099 15.637157 -4.0631593
-31.459619 13.703406 -5.5979019
-39.849994 2.7442278 -10.196036
-36.956619 7.625852 -7.3737278
-41.082272 2.7878827 -7.5174073
-37.073436 5.1853837 -11.340402
-39.486542 5.3723637 -6.1098446
-35.76265 7.539059 -9.9040793
-43.732022 -22.796606 -14.089077
-46.305912 -16.315939 -10.083805
-43.369704 -19.243588 -15.341739
-45.738462 -23.922178 -10.438973
-45.809189 -3.0668185 -1.8953981
-47.031712 -9.6049662 -5.9361956
-45.339775 -3.0500636 -5.046985
-41.947679 -12.355593 -17.335156
-45.665482 -12.886703 -11.340401
-42.807355 -15.752114 -16.447696
-42.858362 -9.2150167 -15.356595
-44.769277 -16.108514 -13.375309
-48.139462 -25.257678 -2.2470731
-47.501551 -16.881876 -6.2378482
-47.285217 -24.783104 -6.4396424
-46.860426 -20.4118 -8.3383106
-43.135345 -2.97047 -11.036627
-46.090041 -9.5104974 -9.1960635
-44.436899 -3.0155309 -8.131251
-43.257152 -6.050287 -13.231941
-45.99069 -6.2572893 -7.1162466
-44.702331 -9.423617 -12.379828
-28.551366 14.883242 9.1983492
-33.022322 11.635452 7.1911046
-29.630521 13.14737 10.481596
-29.307044 15.328201 6.6888005
-42.411205 2.8393314 1.7548033
-37.774693 7.7144683 4.7678036
-41.951445 2.8221264 4.669814
-40.429289 5.4470321 0
-31.697647 9.3364697 13.099263
-34.373805 9.7002151 8.5362669
-30.686403 11.291885 11.790512
-34.316706 7.3784673 12.296031
-31.961561 11.500147 9.548864
-30.104155 15.794963 1.4052138
-33.648375 11.958509 4.4186653
-29.835099 15.637157 4.0631593
-32.053475 14.029617 0
-31.459619 13.703406 5.5979019
-39.849994 2.7442278 10.196036
-36.956619 7.625852 7.3737278
-41.082272 2.7878827 7.5174073
-37.073436 5.1853837 11.340402
-39.486542 5.3723637 6.1098446
-35.76265 7.539059 9.9040793
-35.992925 9.9481998 -3.0536064
-35.992925 9.9481998 3.0536064
-38.234597 7.8264967 -1.6112875
-34.035399 12.07771 -1.4928871
-38.234597 7.8264967 1.6112875
-34.035399 12.07771 1.4928871
-43.732022 -22.796606 14.089077
-46.305912 -16.315939 10.083805
-43.369704 -19.243588 15.341739
-45.738462 -23.922178 10.438973
-45.809189 -3.0668185 1.8953981
-47.031712 -9.6049662 5.9361956
-45.339775 -3.0500636 5.046985
-46.995072 -6.3316391 0
-41.947679 -12.355593 17.335156
-45.665482 -12.886703 11.340401
-42.807355 -15.752114 16.447696
-42.858362 -9.2150167 15.356595
-44.769277 -16.108514 13.375309
-48.139462 -25.257678 2.2470731
-47.501551 -16.881876 6.2378482
-47.285217 -24.783104 6.4396424
-48.276745 -21.130446 0
-46.860426 -20.4118 8.3383106
-43.135345 -2.97047 11.036627
-46.090041 -9.5104974 9.1960635
-44.436899 -3.0155309 8.131251
-43.257152 -6.050287 13.231941
-45.99069 -6.2572893 7.1162466
-44.702331 -9.423617 12.379828
-47.762278 -13.201169 -4.0521074
-47.762278 -13.201169 4.0521074
-47.616201 -9.7468802 -2.0066483
-48.143077 -17.083924 -2.1116891
-47.616201 -9.7468802 2.0066483
-48.143077 -17.083924 2.1116891
