-21.656382 35.040762 0
35.040762 56.697143 0
-35.040762 -56.697143 0
21.656382 -35.040762 0
0 -22.704177 36.73613
0 22.704177 36.73613
0 -22.704177 -36.73613
0 22.704177 -36.73613
42.68942 0 -26.383513
42.68942 0 26.383513
-42.68942 0 -26.383513
-42.68942 0 26.383513
0 56.697143 0
0 -56.697143 0
-17.661146 -46.237479 28.576334
13.244163 -34.673669 21.429506
-13.244163 34.673669 21.429506
17.661146 46.237479 28.576334
0 0 40.090935
-17.661146 -46.237479 -28.576334
13.244163 -34.673669 -21.429506
-13.244163 34.673669 -21.429506
17.661146 46.237479 -28.576334
0 0 -40.090935
49.742659 30.742654 -19.000005
33.237425 -20.541858 -12.695567
20.230793 -12.503318 -32.734111
24.439409 15.104386 -39.543795
49.742659 30.742654 19.000005
33.237425 -20.541858 12.695567
20.230793 -12.503318 32.734111
24.439409 15.104386 39.543795
56.697143 0 0
-33.237425 20.541858 -12.695567
-49.742659 -30.742654 -19.000005
-24.439409 -15.104386 -39.543795
-20.230793 12.503318 -32.734111
-33.237425 20.541858 12.695567
-49.742659 -30.742654 19.000005
-24.439409 -15.104386 39.543795
-20.230793 12.503318 32.734111
-56.697143 0 0
-12.543208 44.153936 0
16.10647 56.697143 0
-16.10647 -56.697143 0
12.543208 -44.153936 0
-26.433333 -52.555437 15.833119
-8.0809993 -34.904548 35.320414
-9.2790116 -54.32028 15.013756
18.254241 -36.293556 10.933982
6.9524889 -30.030133 30.387923
7.8462916 -45.932991 12.695567
0 -42.68942 26.383513
-18.254241 36.293556 10.933982
-6.9524889 30.030133 30.387923
-7.8462916 45.932991 12.695567
26.433333 52.555437 15.833119
8.0809993 34.904548 35.320414
9.2790116 54.32028 15.013756
0 42.68942 26.383513
0 -11.165947 39.305774
0 11.165947 39.305774
-26.433333 -52.555437 -15.833119
-8.0809993 -34.904548 -35.320414
-9.2790116 -54.32028 -15.013756
18.254241 -36.293556 -10.933982
6.9524889 -30.030133 -30.387923
7.8462916 -45.932991 -12.695567
0 -42.68942 -26.383513
-18.254241 36.293556 -10.933982
-6.9524889 30.030133 -30.387923
-7.8462916 45.932991 -12.695567
26.433333 52.555437 -15.833119
8.0809993 34.904548 -35.320414
9.2790116 54.32028 -15.013756
0 42.68942 -26.383513
0 -11.165947 -39.305774
0 11.165947 -39.305774
48.468507 49.045979 -11.221288
49.337348 14.863622 -24.81476
35.343886 41.381342 -25.575076
27.814783 -28.146179 -6.4395975
38.231895 -11.517936 -19.22915
23.624477 -27.660019 -17.094832
10.499077 -17.52817 -34.849961
30.46689 -6.9705557 -30.10817
17.165331 -23.721904 -27.774089
10.565187 -6.5296448 -38.225206
28.079545 -17.354113 -23.982794
11.957006 19.962175 -39.689314
35.519451 8.1265372 -35.101242
24.116836 33.328648 -39.02186
11.050114 6.8293463 -39.97969
39.306524 24.292768 -33.571779
22.704177 0 -36.73613
48.468507 49.045979 11.221288
49.337348 14.863622 24.81476
35.343886 41.381342 25.575076
56.697143 35.040762 0
27.814783 -28.146179 6.4395975
38.231895 -11.517936 19.22915
23.624477 -27.660019 17.094832
35.040762 -21.656382 0
10.499077 -17.52817 34.849961
30.46689 -6.9705557 30.10817
17.165331 -23.721904 27.774089
10.565187 -6.5296448 38.225206
28.079545 -17.354113 23.982794
11.957006 19.962175 39.689314
35.519451 8.1265372 35.101242
24.116836 33.328648 39.02186
11.050114 6.8293463 39.97969
39.306524 24.292768 33.571779
22.704177 0 36.73613
52.610197 0 -14.945455
52.610197 0 14.945455
55.605601 15.36901 -9.4985706
43.644979 -12.063176 -7.4554525
55.605601 15.36901 9.4985706
43.644979 -12.063176 7.4554525
-27.814783 28.146179 -6.4395975
-38.231895 11.517936 -19.22915
-23.624477 27.660019 -17.094832
-48.468507 -49.045979 -11.221288
-49.337348 -14.863622 -24.81476
-35.343886 -41.381342 -25.575076
-11.957006 -19.962175 -39.689314
-35.519451 -8.1265372 -35.101242
-24.116836 -33.328648 -39.02186
-11.050114 -6.8293463 -39.97969
-39.306524 -24.292768 -33.571779
-10.499077 17.52817 -34.849961
-30.46689 6.9705557 -30.10817
-17.165331 23.721904 -27.774089
-10.565187 6.5296448 -38.225206
-28.079545 17.354113 -23.982794
-22.704177 0 -36.73613
-27.814783 28.146179 6.4395975
-38.231895 11.517936 19.22915
-23.624477 27.660019 17.094832
-35.040762 21.656382 0
-48.468507 -49.045979 11.221288
-49.337348 -14.863622 24.81476
-35.343886 -41.381342 25.575076
-56.697143 -35.040762 0
-11.957006 -19.962175 39.689314
-35.519451 -8.1265372 35.101242
-24.116836 -33.328648 39.02186
-11.050114 -6.8293463 39.97969
-39.306524 -24.292768 33.571779
-10.499077 17.52817 34.849961
-30.46689 6.9705557 30.10817
-17.165331 23.721904 27.774089
-10.565187 6.5296448 38.225206
-28.079545 17.354113 23.982794
-22.704177 0 36.73613
-52.610197 0 -14.945455
-52.610197 0 14.945455
-43.644979 12.063176 -7.4554525
-55.605601 -15.36901 -9.4985706
-43.644979 12.063176 7.4554525
-55.605601 -15.36901 9.4985706
-17.346115 39.351029 0
-6.9315487 49.765595 0
24.992362 56.697143 0
7.8970022 56.697143 0
-24.992362 -56.697143 0
-7.8970022 -56.697143 0
17.346115 -39.351029 0
6.9315487 -49.765595 0
-30.988471 -55.327278 8.3925467
-21.966544 -49.429098 22.468803
-21.624878 -55.796672 7.9475225
-3.7356313 -28.36252 36.111511
-13.38532 -42.831671 34.259878
-4.675239 -56.147138 7.5646957
-13.665837 -51.016033 22.111789
-12.760406 -56.022754 7.6981139
-17.635987 -53.637824 15.459661
20.165262 -36.00336 5.4613183
15.937045 -35.861526 16.301442
15.67199 -40.436985 5.7597314
3.511329 -26.65952 33.943231
10.225857 -32.72171 26.173198
0 -32.475651 32.862579
4.2922541 -51.547693 6.945013
10.784623 -40.260152 17.449886
10.388927 -45.611112 6.267445
0 -52.806424 14.595337
13.412302 -40.79197 11.757189
-8.8395431 -47.475399 29.34141
7.1646354 -38.479808 23.781829
-4.101583 -39.438007 31.352059
-4.6458066 -51.522785 22.551219
3.742218 -35.982601 28.605112
4.078015 -45.22588 19.795101
-20.165262 36.00336 5.4613183
-15.937045 35.861526 16.301442
-15.67199 40.436985 5.7597314
-3.511329 26.65952 33.943231
-10.225857 32.72171 26.173198
-4.2922541 51.547693 6.945013
-10.784623 40.260152 17.449886
-10.388927 45.611112 6.267445
-13.412302 40.79197 11.757189
30.988471 55.327278 8.3925467
21.966544 49.429098 22.468803
21.624878 55.796672 7.9475225
3.7356313 28.36252 36.111511
13.38532 42.831671 34.259878
0 32.475651 32.862579
4.675239 56.147138 7.5646957
13.665837 51.016033 22.111789
12.760406 56.022754 7.6981139
0 52.806424 14.595337
17.635987 53.637824 15.459661
-7.1646354 38.479808 23.781829
8.8395431 47.475399 29.34141
-3.742218 35.982601 28.605112
-4.078015 45.22588 19.795101
4.101583 39.438007 31.352059
4.6458066 51.522785 22.551219
0 -16.871684 38.274746
0 -5.5571367 39.897897
0 16.871684 38.274746
0 5.5571367 39.897897
-30.988471 -55.327278 -8.3925467
-21.966544 -49.429098 -22.468803
-21.624878 -55.796672 -7.9475225
-3.7356313 -28.36252 -36.111511
-13.38532 -42.831671 -34.259878
-4.675239 -56.147138 -7.5646957
-13.665837 -51.016033 -22.111789
-12.760406 -56.022754 -7.6981139
-17.635987 -53.637824 -15.459661
20.165262 -36.00336 -5.4613183
15.937045 -35.861526 -16.301442
15.67199 -40.436985 -5.7597314
3.511329 -26.65952 -33.943231
10.225857 -32.72171 -26.173198
0 -32.475651 -32.862579
4.2922541 -51.547693 -6.945013
10.784623 -40.260152 -17.449886
10.388927 -45.611112 -6.267445
0 -52.806424 -14.595337
13.412302 -40.79197 -11.757189
-8.8395431 -47.475399 -29.34141
7.1646354 -38.479808 -23.781829
-4.101583 -39.438007 -31.352059
-4.6458066 -51.522785 -22.551219
3.742218 -35.982601 -28.605112
4.078015 -45.22588 -19.795101
-20.165262 36.00336 -5.4613183
-15.937045 35.861526 -16.301442
-15.67199 40.436985 -5.7597314
-3.511329 26.65952 -33.943231
-10.225857 32.72171 -26.173198
-4.2922541 51.547693 -6.945013
-10.784623 40.260152 -17.449886
-10.388927 45.611112 -6.267445
-13.412302 40.79197 -11.757189
30.988471 55.327278 -8.3925467
21.966544 49.429098 -22.468803
21.624878 55.796672 -7.9475225
3.7356313 28.36252 -36.111511
13.38532 42.831671 -34.259878
0 32.475651 -32.862579
4.675239 56.147138 -7.5646957
13.665837 51.016033 -22.111789
12.760406 56.022754 -7.6981139
0 52.806424 -14.595337
17.635987 53.637824 -15.459661
-7.1646354 38.479808 -23.781829
8.8395431 47.475399 -29.34141
-3.742218 35.982601 -28.605112
-4.078015 45.22588 -19.795101
4.101583 39.438007 -31.352059
4.6458066 51.522785 -22.551219
0 -16.871684 -38.274746
0 -5.5571367 -39.897897
0 16.871684 -38.274746
0 5.5571367 -39.897897
43.548224 55.446138 -5.7357424
49.6249 39.693595 -15.508271
37.275854 51.722698 -13.90037
48.850685 7.410118 -27.360971
49.588052 22.541058 -22.037184
26.525313 44.283909 -27.368961
43.46276 36.971632 -22.849725
31.510164 47.831151 -21.133271
41.431226 44.944429 -18.94286
24.858109 -31.649652 -3.2740649
30.591888 -24.469611 -9.5602666
23.187926 -32.174771 -8.6469042
40.562184 -6.1528424 -22.718631
35.781539 -16.265082 -15.901498
18.636412 -31.113419 -19.22915
28.427944 -24.182253 -14.945455
21.071697 -31.985982 -14.132389
25.974926 -28.177496 -11.876052
5.4321291 -20.057484 -35.810932
15.379716 -15.035923 -33.833822
8.8282071 -23.674116 -32.849392
5.3472591 -14.54967 -37.541166
36.21251 -3.7460793 -28.441846
25.204852 -9.8475248 -31.511085
34.838642 -9.362814 -25.107742
15.341309 -29.180903 -24.822759
18.780769 -18.201852 -30.387923
12.251347 -26.79576 -29.067933
20.673608 -26.037661 -22.722494
13.978926 -20.84288 -31.638647
5.3383941 -3.299309 -39.622949
15.56753 -9.6212624 -35.917202
5.3339528 -8.841569 -38.817655
10.590984 -12.081925 -36.745784
31.043772 -19.186106 -18.594695
24.439409 -15.104386 -28.730249
33.02796 -14.592767 -21.75813
25.965939 -22.659904 -20.616662
29.395567 -12.389436 -27.097783
22.636133 -20.595034 -25.9387
5.8426085 21.57313 -38.516988
18.223518 17.816156 -40.0899
10.263041 27.521832 -38.188351
5.6265445 15.309594 -39.501928
39.719699 4.1088878 -31.196444
30.317841 11.845168 -37.90334
44.941674 12.077983 -32.388861
32.992571 0 -32.604113
21.148696 40.22721 -34.219309
24.775312 24.011613 -40.087297
15.929602 34.840722 -37.795076
29.565628 37.236839 -32.49577
17.508586 26.10568 -39.627365
5.397873 3.336069 -40.064417
17.258687 10.666455 -39.819019
5.4977038 9.1130029 -40.009347
10.875112 0 -39.346525
11.550381 13.176381 -40.074444
44.516195 27.512521 -26.664448
33.237425 20.541858 -39.072936
44.857221 19.819298 -29.551001
37.763567 32.955434 -29.983844
39.75207 16.754422 -36.644742
32.096829 29.20266 -36.779694
21.53846 -6.4887865 -34.849961
23.697364 7.139189 -38.343141
26.896896 -3.5187434 -33.833822
16.439703 -3.3867651 -37.559801
28.635895 3.7462452 -36.021323
17.040596 3.5105558 -38.93266
43.548224 55.446138 5.7357424
49.6249 39.693595 15.508271
37.275854 51.722698 13.90037
56.029585 56.697143 0
48.850685 7.410118 27.360971
49.588052 22.541058 22.037184
26.525313 44.283909 27.368961
43.46276 36.971632 22.849725
31.510164 47.831151 21.133271
41.431226 44.944429 18.94286
54.465001 33.661222 -10.140952
54.465001 33.661222 10.140952
55.387275 44.031259 -5.760319
55.387275 44.031259 5.760319
24.858109 -31.649652 3.2740649
30.591888 -24.469611 9.5602666
23.187926 -32.174771 8.6469042
28.180694 -28.51645 0
40.562184 -6.1528424 22.718631
35.781539 -16.265082 15.901498
18.636412 -31.113419 19.22915
28.427944 -24.182253 14.945455
21.071697 -31.985982 14.132389
25.974926 -28.177496 11.876052
34.585776 -21.375185 -6.4395975
34.585776 -21.375185 6.4395975
31.481161 -25.0266 -3.2740649
31.481161 -25.0266 3.2740649
5.4321291 -20.057484 35.810932
15.379716 -15.035923 33.833822
8.8282071 -23.674116 32.849392
5.3472591 -14.54967 37.541166
36.21251 -3.7460793 28.441846
25.204852 -9.8475248 31.511085
34.838642 -9.362814 25.107742
15.341309 -29.180903 24.822759
18.780769 -18.201852 30.387923
12.251347 -26.79576 29.067933
20.673608 -26.037661 22.722494
13.978926 -20.84288 31.638647
5.3383941 -3.299309 39.622949
15.56753 -9.6212624 35.917202
5.3339528 -8.841569 38.817655
10.590984 -12.081925 36.745784
31.043772 -19.186106 18.594695
24.439409 -15.104386 28.730249
33.02796 -14.592767 21.75813
25.965939 -22.659904 20.616662
29.395567 -12.389436 27.097783
22.636133 -20.595034 25.9387
5.8426085 21.57313 38.516988
18.223518 17.816156 40.0899
10.263041 27.521832 38.188351
5.6265445 15.309594 39.501928
39.719699 4.1088878 31.196444
30.317841 11.845168 37.90334
44.941674 12.077983 32.388861
32.992571 0 32.604113
21.148696 40.22721 34.219309
24.775312 24.011613 40.087297
15.929602 34.840722 37.795076
29.565628 37.236839 32.49577
17.508586 26.10568 39.627365
5.397873 3.336069 40.064417
17.258687 10.666455 39.819019
5.4977038 9.1130029 40.009347
10.875112 0 39.346525
11.550381 13.176381 40.074444
44.516195 27.512521 26.664448
33.237425 20.541858 39.072936
44.857221 19.819298 29.551001
37.763567 32.955434 29.983844
39.75207 16.754422 36.644742
32.096829 29.20266 36.779694
21.53846 -6.4887865 34.849961
23.697364 7.139189 38.343141
26.896896 -3.5187434 33.833822
16.439703 -3.3867651 37.559801
28.635895 3.7462452 36.021323
17.040596 3.5105558 38.93266
48.113824 0 -21.208795
55.628225 0 -7.748119
52.492647 7.4769063 -20.344351
44.74511 -6.3733688 -17.341672
48.113824 0 21.208795
55.628225 0 7.748119
52.492647 7.4769063 20.344351
44.74511 -6.3733688 17.341672
53.61477 23.238155 -14.36197
56.471924 7.608454 -4.7022831
53.027029 15.283615 -17.435159
56.295248 24.640098 -5.0761393
55.094385 7.5705462 -12.54895
38.240603 -16.574557 -10.24364
49.698425 -6.6958614 -4.1382699
41.397632 -11.931754 -13.611442
39.281949 -17.193477 -3.5420512
47.961314 -6.5903875 -10.924237
53.61477 23.238155 14.36197
56.471924 7.608454 4.7022831
53.027029 15.283615 17.435159
56.295248 24.640098 5.0761393
55.094385 7.5705462 12.54895
56.697143 15.670705 0
38.240603 -16.574557 10.24364
49.698425 -6.6958614 4.1382699
41.397632 -11.931754 13.611442
39.281949 -17.193477 3.5420512
47.961314 -6.5903875 10.924237
44.41981 -12.277334 0
-24.858109 31.649652 -3.2740649
-30.591888 24.469611 -9.5602666
-23.187926 32.174771 -8.6469042
-40.562184 6.1528424 -22.718631
-35.781539 16.265082 -15.901498
-18.636412 31.113419 -19.22915
-28.427944 24.182253 -14.945455
-21.071697 31.985982 -14.132389
-25.974926 28.177496 -11.876052
-43.548224 -55.446138 -5.7357424
-49.6249 -39.693595 -15.508271
-37.275854 -51.722698 -13.90037
-48.850685 -7.410118 -27.360971
-49.588052 -22.541058 -22.037184
-26.525313 -44.283909 -27.368961
-43.46276 -36.971632 -22.849725
-31.510164 -47.831151 -21.133271
-41.431226 -44.944429 -18.94286
-5.8426085 -21.57313 -38.516988
-18.223518 -17.816156 -40.0899
-10.263041 -27.521832 -38.188351
-5.6265445 -15.309594 -39.501928
-39.719699 -4.1088878 -31.196444
-30.317841 -11.845168 -37.90334
-44.941674 -12.077983 -32.388861
-21.148696 -40.22721 -34.219309
-24.775312 -24.011613 -40.087297
-15.929602 -34.840722 -37.795076
-29.565628 -37.236839 -32.49577
-17.508586 -26.10568 -39.627365
-5.397873 -3.336069 -40.064417
-17.258687 -10.666455 -39.819019
-5.4977038 -9.1130029 -40.009347
-11.550381 -13.176381 -40.074444
-44.516195 -27.512521 -26.664448
-33.237425 -20.541858 -39.072936
-44.857221 -19.819298 -29.551001
-37.763567 -32.955434 -29.983844
-39.75207 -16.754422 -36.644742
-32.096829 -29.20266 -36.779694
-5.4321291 20.057484 -35.810932
-15.379716 15.035923 -33.833822
-8.8282071 23.674116 -32.849392
-5.3472591 14.54967 -37.541166
-36.21251 3.7460793 -28.441846
-25.204852 9.8475248 -31.511085
-34.838642 9.362814 -25.107742
-32.992571 0 -32.604113
-15.341309 29.180903 -24.822759
-18.780769 18.201852 -30.387923
-12.251347 26.79576 -29.067933
-20.673608 26.037661 -22.722494
-13.978926 20.84288 -31.638647
-5.3383941 3.299309 -39.622949
-15.56753 9.6212624 -35.917202
-5.3339528 8.841569 -38.817655
-10.875112 0 -39.346525
-10.590984 12.081925 -36.745784
-31.043772 19.186106 -18.594695
-24.439409 15.104386 -28.730249
-33.02796 14.592767 -21.75813
-25.965939 22.659904 -20.616662
-29.395567 12.389436 -27.097783
-22.636133 20.595034 -25.9387
-23.697364 -7.139189 -38.343141
-21.53846 6.4887865 -34.849961
-28.635895 -3.7462452 -36.021323
-17.040596 -3.5105558 -38.93266
-26.896896 3.5187434 -33.833822
-16.439703 3.3867651 -37.559801
-24.858109 31.649652 3.2740649
-30.591888 24.469611 9.5602666
-23.187926 32.174771 8.6469042
-28.180694 28.51645 0
-40.562184 6.1528424 22.718631
-35.781539 16.265082 15.901498
-18.636412 31.113419 19.22915
-28.427944 24.182253 14.945455
-21.071697 31.985982 14.132389
-25.974926 28.177496 11.876052
-34.585776 21.375185 -6.4395975
-34.585776 21.375185 6.4395975
-31.481161 25.0266 -3.2740649
-31.481161 25.0266 3.2740649
-43.548224 -55.446138 5.7357424
-49.6249 -39.693595 15.508271
-37.275854 -51.722698 13.90037
-56.029585 -56.697143 0
-48.850685 -7.410118 27.360971
-49.588052 -22.541058 22.037184
-26.525313 -44.283909 27.368961
-43.46276 -36.971632 22.849725
-31.510164 -47.831151 21.133271
-41.431226 -44.944429 18.94286
-54.465001 -33.661222 -10.140952
-54.465001 -33.661222 10.140952
-55.387275 -44.031259 -5.760319
-55.387275 -44.031259 5.760319
-5.8426085 -21.57313 38.516988
-18.223518 -17.816156 40.0899
-10.263041 -27.521832 38.188351
-5.6265445 -15.309594 39.501928
-39.719699 -4.1088878 31.196444
-30.317841 -11.845168 37.90334
-44.941674 -12.077983 32.388861
-21.148696 -40.22721 34.219309
-24.775312 -24.011613 40.087297
-15.929602 -34.840722 37.795076
-29.565628 -37.236839 32.49577
-17.508586 -26.10568 39.627365
-5.397873 -3.336069 40.064417
-17.258687 -10.666455 39.819019
-5.4977038 -9.1130029 40.009347
-11.550381 -13.176381 40.074444
-44.516195 -27.512521 26.664448
-33.237425 -20.541858 39.072936
-44.857221 -19.819298 29.551001
-37.763567 -32.955434 29.983844
-39.75207 -16.754422 36.644742
-32.096829 -29.20266 36.779694
-5.4321291 20.057484 35.810932
-15.379716 15.035923 33.833822
-8.8282071 23.674116 32.849392
-5.3472591 14.54967 37.541166
-36.21251 3.7460793 28.441846
-25.204852 9.8475248 31.511085
-34.838642 9.362814 25.107742
-32.992571 0 32.604113
-15.341309 29.180903 24.822759
-18.780769 18.201852 30.387923
-12.251347 26.79576 29.067933
-20.673608 26.037661 22.722494
-13.978926 20.84288 31.638647
-5.3383941 3.299309 39.622949
-15.56753 9.6212624 35.917202
-5.3339528 8.841569 38.817655
-10.875112 0 39.346525
-10.590984 12.081925 36.745784
-31.043772 19.186106 18.594695
-24.439409 15.104386 28.730249
-33.02796 14.592767 21.75813
-25.965939 22.659904 20.616662
-29.395567 12.389436 27.097783
-22.636133 20.595034 25.9387
-23.697364 -7.139189 38.343141
-21.53846 6.4887865 34.849961
-28.635895 -3.7462452 36.021323
-17.040596 -3.5105558 38.93266
-26.896896 3.5187434 33.833822
-16.439703 3.3867651 37.559801
-48.113824 0 -21.208795
-55.628225 0 -7.748119
-44.74511 6.3733688 -17.341672
-52.492647 -7.4769063 -20.344351
-48.113824 0 21.208795
-55.628225 0 7.748119
-44.74511 6.3733688 17.341672
-52.492647 -7.4769063 20.344351
-38.240603 16.574557 -10.24364
-49.698425 6.6958614 -4.1382699
-41.397632 11.931754 -13.611442
-39.281949 17.193477 -3.5420512
-47.961314 6.5903875 -10.924237
-53.61477 -23.238155 -14.36197
-56.471924 -7.608454 -4.7022831
-53.027029 -15.283615 -17.435159
-56.295248 -24.640098 -5.0761393
-55.094385 -7.5705462 -12.54895
-38.240603 16.574557 10.24364
-49.698425 6.6958614 4.1382699
-41.397632 11.931754 13.611442
-39.281949 17.193477 3.5420512
-47.961314 6.5903875 10.924237
-44.41981 12.277334 0
-53.61477 -23.238155 14.36197
-56.471924 -7.608454 4.7022831
-53.027029 -15.283615 17.435159
-56.295248 -24.640098 5.0761393
-55.094385 -7.5705462 12.54895
-56.697143 -15.670705 0
-19.54762 37.149524 0
-15.022898 41.674245 0
-3.6748406 53.022303 0
-9.8641771 46.832966 0
29.833336 56.697143 0
20.438412 56.697143 0
3.9295344 56.697143 0
11.941816 56.697143 0
-29.833336 -56.697143 0
-20.438412 -56.697143 0
-3.9295344 -56.697143 0
-11.941816 -56.697143 0
19.54762 -37.149524 0
15.022898 -41.674245 0
3.6748406 -53.022303 0
9.8641771 -46.832966 0
-33.152735 -56.303412 4.305849
-28.717404 -54.024276 12.229975
-28.128001 -56.394735 4.1568112
-19.796816 -47.836349 25.572102
-24.178454 -51.008877 19.234083
-18.912761 -56.49141 3.942969
-24.16074 -54.505296 11.942766
-23.374081 -56.452161 4.0406873
-26.187467 -55.603593 8.168705
-1.8077797 -25.446361 36.440249
-5.8140866 -31.497036 35.741798
-15.547628 -44.631736 31.511447
-10.584213 -38.653595 34.833001
-2.3404394 -56.565231 3.7869104
-6.9935547 -55.409032 11.315809
-6.2952446 -56.553561 3.8044291
-15.721995 -48.800545 25.438723
-11.510786 -52.858764 18.624844
-17.791989 -50.296336 22.317006
-14.460673 -56.51782 3.8920401
-11.028274 -55.272955 11.405355
-10.345626 -56.53835 3.8367471
-17.106737 -55.924429 7.8220324
-8.6790469 -56.090715 7.6314538
-21.971259 -53.166139 15.659965
-13.413472 -54.013313 15.242443
-19.890477 -51.767659 19.049299
-19.643385 -54.822266 11.787387
-15.646703 -52.371993 18.844061
-15.251366 -55.071171 11.609453
20.96363 -35.60261 2.7227384
19.261726 -36.235894 8.2030544
18.822557 -37.737951 2.7816344
14.634907 -35.363288 18.904319
17.144948 -36.170408 13.638893
14.181966 -42.36078 2.9566839
17.025439 -38.408452 8.4157535
16.559229 -39.993199 2.862601
17.974614 -38.165322 5.6068546
1.7581602 -24.747917 35.440048
5.2469285 -28.424533 32.255223
0 -27.527623 35.04851
11.771742 -33.792504 23.858599
8.6159353 -31.465436 28.355333
-3.8751154 -33.696032 34.0975
3.5941138 -31.252585 31.62494
-1.8765349 -30.514446 34.600839
1.813054 -29.482178 33.430334
2.2434374 -54.220825 3.6299579
6.154968 -48.765017 9.9589475
5.6583682 -50.832158 3.4195431
0 -55.69517 7.5038021
12.066334 -37.453494 19.523738
9.3835844 -43.090425 15.182959
13.441564 -37.998082 16.860143
11.516513 -45.01092 3.0996295
9.1635012 -45.926841 9.4768217
8.7412074 -47.770281 3.2417375
13.130896 -42.926824 6.0040847
7.4940049 -48.432057 6.5894507
-4.6251719 -54.517002 15.068129
4.1714441 -49.168902 13.58995
-2.3392912 -55.509558 11.362624
2.2090749 -52.419625 10.730125
15.902668 -38.481339 11.33459
10.743323 -43.26117 12.208211
14.731055 -38.339565 14.108071
14.594978 -40.732783 8.757994
12.143559 -40.646415 14.62506
11.974305 -43.238031 9.1149306
-13.261655 -46.988901 29.040738
-4.1633562 -44.999816 27.811415
-11.171264 -45.387574 31.96725
-11.265889 -49.361603 25.817157
10.311725 -36.536667 22.580902
3.7492096 -40.523495 25.044897
8.7475307 -35.540222 25.03159
9.0253123 -39.544493 20.682602
-6.1207741 -37.317105 33.476522
-2.0516522 -41.235782 28.975594
-8.5041393 -41.123484 32.791343
-1.9596318 -35.818165 32.15716
-6.3433858 -43.264876 30.425069
-6.9748698 -53.114009 18.876524
-2.1907398 -46.932625 24.624478
-9.1498891 -51.421412 22.398506
-2.3030295 -52.505327 18.6319
-6.7836942 -49.811532 26.107195
5.4011587 -32.929757 29.540709
1.9515021 -39.222883 27.561169
7.0987004 -34.327201 27.372073
1.8792809 -34.349511 30.838618
5.4767805 -37.35422 26.268531
0 -37.681408 29.955614
6.0143487 -45.79959 16.277006
2.0627566 -44.190816 23.185913
7.5894989 -42.652184 18.578743
2.1471504 -48.951537 17.370812
5.6918102 -41.79401 21.905056
0 -48.208785 21.100701
-20.96363 35.60261 2.7227384
-19.261726 36.235894 8.2030544
-18.822557 37.737951 2.7816344
-14.634907 35.363288 18.904319
-17.144948 36.170408 13.638893
-14.181966 42.36078 2.9566839
-17.025439 38.408452 8.4157535
-16.559229 39.993199 2.862601
-17.974614 38.165322 5.6068546
-1.7581602 24.747917 35.440048
-5.2469285 28.424533 32.255223
-11.771742 33.792504 23.858599
-8.6159353 31.465436 28.355333
-2.2434374 54.220825 3.6299579
-6.154968 48.765017 9.9589475
-5.6583682 50.832158 3.4195431
-12.066334 37.453494 19.523738
-9.3835844 43.090425 15.182959
-13.441564 37.998082 16.860143
-11.516513 45.01092 3.0996295
-9.1635012 45.926841 9.4768217
-8.7412074 47.770281 3.2417375
-13.130896 42.926824 6.0040847
-7.4940049 48.432057 6.5894507
-15.902668 38.481339 11.33459
-10.743323 43.26117 12.208211
-14.731055 38.339565 14.108071
-14.594978 40.732783 8.757994
-12.143559 40.646415 14.62506
-11.974305 43.238031 9.1149306
33.152735 56.303412 4.305849
28.717404 54.024276 12.229975
28.128001 56.394735 4.1568112
19.796816 47.836349 25.572102
24.178454 51.008877 19.234083
18.912761 56.49141 3.942969
24.16074 54.505296 11.942766
23.374081 56.452161 4.0406873
26.187467 55.603593 8.168705
1.8077797 25.446361 36.440249
5.8140866 31.497036 35.741798
0 27.527623 35.04851
15.547628 44.631736 31.511447
10.584213 38.653595 34.833001
-3.5941138 31.252585 31.62494
3.8751154 33.696032 34.0975
-1.813054 29.482178 33.430334
1.8765349 30.514446 34.600839
2.3404394 56.565231 3.7869104
6.9935547 55.409032 11.315809
6.2952446 56.553561 3.8044291
0 55.69517 7.5038021
15.721995 48.800545 25.438723
11.510786 52.858764 18.624844
17.791989 50.296336 22.317006
14.460673 56.51782 3.8920401
11.028274 55.272955 11.405355
10.345626 56.53835 3.8367471
17.106737 55.924429 7.8220324
8.6790469 56.090715 7.6314538
-4.1714441 49.168902 13.58995
4.6251719 54.517002 15.068129
-2.2090749 52.419625 10.730125
2.3392912 55.509558 11.362624
21.971259 53.166139 15.659965
13.413472 54.013313 15.242443
19.890477 51.767659 19.049299
19.643385 54.822266 11.787387
15.646703 52.371993 18.844061
15.251366 55.071171 11.609453
-10.311725 36.536667 22.580902
-3.7492096 40.523495 25.044897
-8.7475307 35.540222 25.03159
-9.0253123 39.544493 20.682602
13.261655 46.988901 29.040738
4.1633562 44.999816 27.811415
11.171264 45.387574 31.96725
11.265889 49.361603 25.817157
-5.4011587 32.929757 29.540709
-1.9515021 39.222883 27.561169
-7.0987004 34.327201 27.372073
-1.8792809 34.349511 30.838618
-5.4767805 37.35422 26.268531
-6.0143487 45.79959 16.277006
-2.0627566 44.190816 23.185913
-7.5894989 42.652184 18.578743
-2.1471504 48.951537 17.370812
-5.6918102 41.79401 21.905056
6.1207741 37.317105 33.476522
2.0516522 41.235782 28.975594
8.5041393 41.123484 32.791343
1.9596318 35.818165 32.15716
6.3433858 43.264876 30.425069
0 37.681408 29.955614
6.9748698 53.114009 18.876524
2.1907398 46.932625 24.624478
9.1498891 51.421412 22.398506
2.3030295 52.505327 18.6319
6.7836942 49.811532 26.107195
0 48.208785 21.100701
0 -19.77117 37.574372
0 -14.004338 38.84871
0 -2.7752697 40.042877
0 -8.3520175 39.653562
0 19.77117 37.574372
0 14.004338 38.84871
0 2.7752697 40.042877
0 8.3520175 39.653562
-33.152735 -56.303412 -4.305849
-28.717404 -54.024276 -12.229975
-28.128001 -56.394735 -4.1568112
-19.796816 -47.836349 -25.572102
-24.178454 -51.008877 -19.234083
-18.912761 -56.49141 -3.942969
-24.16074 -54.505296 -11.942766
-23.374081 -56.452161 -4.0406873
-26.187467 -55.603593 -8.168705
-1.8077797 -25.446361 -36.440249
-5.8140866 -31.497036 -35.741798
-15.547628 -44.631736 -31.511447
-10.584213 -38.653595 -34.833001
-2.3404394 -56.565231 -3.7869104
-6.9935547 -55.409032 -11.315809
-6.2952446 -56.553561 -3.8044291
-15.721995 -48.800545 -25.438723
-11.510786 -52.858764 -18.624844
-17.791989 -50.296336 -22.317006
-14.460673 -56.51782 -3.8920401
-11.028274 -55.272955 -11.405355
-10.345626 -56.53835 -3.8367471
-17.106737 -55.924429 -7.8220324
-8.6790469 -56.090715 -7.6314538
-21.971259 -53.166139 -15.659965
-13.413472 -54.013313 -15.242443
-19.890477 -51.767659 -19.049299
-19.643385 -54.822266 -11.787387
-15.646703 -52.371993 -18.844061
-15.251366 -55.071171 -11.609453
20.96363 -35.60261 -2.7227384
19.261726 -36.235894 -8.2030544
18.822557 -37.737951 -2.7816344
14.634907 -35.363288 -18.904319
17.144948 -36.170408 -13.638893
14.181966 -42.36078 -2.9566839
17.025439 -38.408452 -8.4157535
16.559229 -39.993199 -2.862601
17.974614 -38.165322 -5.6068546
1.7581602 -24.747917 -35.440048
5.2469285 -28.424533 -32.255223
0 -27.527623 -35.04851
11.771742 -33.792504 -23.858599
8.6159353 -31.465436 -28.355333
-3.8751154 -33.696032 -34.0975
3.5941138 -31.252585 -31.62494
-1.8765349 -30.514446 -34.600839
1.813054 -29.482178 -33.430334
2.2434374 -54.220825 -3.6299579
6.154968 -48.765017 -9.9589475
5.6583682 -50.832158 -3.4195431
0 -55.69517 -7.5038021
12.066334 -37.453494 -19.523738
9.3835844 -43.090425 -15.182959
13.441564 -37.998082 -16.860143
11.516513 -45.01092 -3.0996295
9.1635012 -45.926841 -9.4768217
8.7412074 -47.770281 -3.2417375
13.130896 -42.926824 -6.0040847
7.4940049 -48.432057 -6.5894507
-4.6251719 -54.517002 -15.068129
4.1714441 -49.168902 -13.58995
-2.3392912 -55.509558 -11.362624
2.2090749 -52.419625 -10.730125
15.902668 -38.481339 -11.33459
10.743323 -43.26117 -12.208211
14.731055 -38.339565 -14.108071
14.594978 -40.732783 -8.757994
12.143559 -40.646415 -14.62506
11.974305 -43.238031 -9.1149306
-13.261655 -46.988901 -29.040738
-4.1633562 -44.999816 -27.811415
-11.171264 -45.387574 -31.96725
-11.265889 -49.361603 -25.817157
10.311725 -36.536667 -22.580902
3.7492096 -40.523495 -25.044897
8.7475307 -35.540222 -25.03159
9.0253123 -39.544493 -20.682602
-6.1207741 -37.317105 -33.476522
-2.0516522 -41.235782 -28.975594
-8.5041393 -41.123484 -32.791343
-1.9596318 -35.818165 -32.15716
-6.3433858 -43.264876 -30.425069
-6.9748698 -53.114009 -18.876524
-2.1907398 -46.932625 -24.624478
-9.1498891 -51.421412 -22.398506
-2.3030295 -52.505327 -18.6319
-6.7836942 -49.811532 -26.107195
5.4011587 -32.929757 -29.540709
1.9515021 -39.222883 -27.561169
7.0987004 -34.327201 -27.372073
1.8792809 -34.349511 -30.838618
5.4767805 -37.35422 -26.268531
0 -37.681408 -29.955614
6.0143487 -45.79959 -16.277006
2.0627566 -44.190816 -23.185913
7.5894989 -42.652184 -18.578743
2.1471504 -48.951537 -17.370812
5.6918102 -41.79401 -21.905056
0 -48.208785 -21.100701
-20.96363 35.60261 -2.7227384
-19.261726 36.235894 -8.2030544
-18.822557 37.737951 -2.7816344
-14.634907 35.363288 -18.904319
-17.144948 36.170408 -13.638893
-14.181966 42.36078 -2.9566839
-17.025439 38.408452 -8.4157535
-16.559229 39.993199 -2.862601
-17.974614 38.165322 -5.6068546
-1.7581602 24.747917 -35.440048
-5.2469285 28.424533 -32.255223
-11.771742 33.792504 -23.858599
-8.6159353 31.465436 -28.355333
-2.2434374 54.220825 -3.6299579
-6.154968 48.765017 -9.9589475
-5.6583682 50.832158 -3.4195431
-12.066334 37.453494 -19.523738
-9.3835844 43.090425 -15.182959
-13.441564 37.998082 -16.860143
-11.516513 45.01092 -3.0996295
-9.1635012 45.926841 -9.4768217
-8.7412074 47.770281 -3.2417375
-13.130896 42.926824 -6.0040847
-7.4940049 48.432057 -6.5894507
-15.902668 38.481339 -11.33459
-10.743323 43.26117 -12.208211
-14.731055 38.339565 -14.108071
-14.594978 40.732783 -8.757994
-12.143559 40.646415 -14.62506
-11.974305 43.238031 -9.1149306
33.152735 56.303412 -4.305849
28.717404 54.024276 -12.229975
28.128001 56.394735 -4.1568112
19.796816 47.836349 -25.572102
24.178454 51.008877 -19.234083
18.912761 56.49141 -3.942969
24.16074 54.505296 -11.942766
23.374081 56.452161 -4.0406873
26.187467 55.603593 -8.168705
1.8077797 25.446361 -36.440249
5.8140866 31.497036 -35.741798
0 27.527623 -35.04851
15.547628 44.631736 -31.511447
10.584213 38.653595 -34.833001
-3.5941138 31.252585 -31.62494
3.8751154 33.696032 -34.0975
-1.813054 29.482178 -33.430334
1.8765349 30.514446 -34.600839
2.3404394 56.565231 -3.7869104
6.9935547 55.409032 -11.315809
6.2952446 56.553561 -3.8044291
0 55.69517 -7.5038021
15.721995 48.800545 -25.438723
11.510786 52.858764 -18.624844
17.791989 50.296336 -22.317006
14.460673 56.51782 -3.8920401
11.028274 55.272955 -11.405355
10.345626 56.53835 -3.8367471
17.106737 55.924429 -7.8220324
8.6790469 56.090715 -7.6314538
-4.1714441 49.168902 -13.58995
4.6251719 54.517002 -15.068129
-2.2090749 52.419625 -10.730125
2.3392912 55.509558 -11.362624
21.971259 53.166139 -15.659965
13.413472 54.013313 -15.242443
19.890477 51.767659 -19.049299
19.643385 54.822266 -11.787387
15.646703 52.371993 -18.844061
15.251366 55.071171 -11.609453
-10.311725 36.536667 -22.580902
-3.7492096 40.523495 -25.044897
-8.7475307 35.540222 -25.03159
-9.0253123 39.544493 -20.682602
13.261655 46.988901 -29.040738
4.1633562 44.999816 -27.811415
11.171264 45.387574 -31.96725
11.265889 49.361603 -25.817157
-5.4011587 32.929757 -29.540709
-1.9515021 39.222883 -27.561169
-7.0987004 34.327201 -27.372073
-1.8792809 34.349511 -30.838618
-5.4767805 37.35422 -26.268531
-6.0143487 45.79959 -16.277006
-2.0627566 44.190816 -23.185913
-7.5894989 42.652184 -18.578743
-2.1471504 48.951537 -17.370812
-5.6918102 41.79401 -21.905056
6.1207741 37.317105 -33.476522
2.0516522 41.235782 -28.975594
8.5041393 41.123484 -32.791343
1.9596318 35.818165 -32.15716
6.3433858 43.264876 -30.425069
0 37.681408 -29.955614
6.9748698 53.114009 -18.876524
2.1907398 46.932625 -24.624478
9.1498891 51.421412 -22.398506
2.3030295 52.505327 -18.6319
6.7836942 49.811532 -26.107195
0 48.208785 -21.100701
0 -19.77117 -37.574372
0 -14.004338 -38.84871
0 -2.7752697 -40.042877
0 -8.3520175 -39.653562
0 19.77117 -37.574372
0 14.004338 -38.84871
0 2.7752697 -40.042877
0 8.3520175 -39.653562
39.433105 56.469849 -2.8014365
46.692118 52.984676 -8.6189705
36.968525 55.407316 -7.1339349
49.740446 35.118361 -17.327266
49.284365 44.413006 -13.495154
31.720144 52.2384 -14.924211
43.001204 50.807969 -12.701006
34.3265 53.89716 -11.192625
40.376647 53.630307 -10.005228
45.594375 3.4868667 -26.847009
49.193052 11.136286 -26.149296
49.683309 26.55944 -20.56117
49.470315 18.653932 -23.449168
22.082572 45.349934 -28.0278
30.965268 42.984002 -26.565574
24.339179 47.028072 -25.014854
46.897547 34.072214 -21.057786
39.558233 39.399373 -24.350151
46.520994 38.350458 -19.323489
29.112845 50.444977 -18.572109
33.58744 44.776159 -23.472981
26.689377 48.737937 -21.855801
34.316275 49.739969 -17.646961
28.968832 46.02786 -24.324523
44.804279 46.914352 -15.254207
38.294394 43.10922 -22.363147
45.877831 42.715173 -17.393982
39.656087 48.646919 -16.564077
42.617425 41.021995 -21.009601
36.518448 46.631837 -20.15464
23.292704 -33.356122 -1.6547779
26.362558 -29.915362 -4.8663054
22.555895 -33.806099 -4.3526834
31.928771 -22.542743 -11.122504
29.222384 -26.333988 -8.0017378
20.774231 -34.212095 -9.7741995
25.525714 -30.159846 -7.5393761
21.713297 -34.092757 -7.0799174
24.080576 -31.985041 -5.967104
41.659526 -3.185946 -24.53008
39.415538 -8.9228599 -20.951913
34.521061 -18.454086 -14.286356
37.019086 -13.958907 -17.547226
16.006521 -32.871835 -20.315911
21.166218 -29.381588 -18.15882
17.324438 -33.474215 -17.805378
30.820408 -22.391779 -13.838881
26.037024 -25.932462 -16.027143
29.582015 -24.386491 -12.287522
19.701493 -34.137554 -12.568275
22.376099 -29.830072 -15.637802
18.563683 -33.899466 -15.20171
22.189456 -32.162664 -11.410809
19.906118 -31.628338 -16.714751
26.960672 -28.230394 -9.1791162
24.861429 -27.987303 -14.518568
28.290298 -26.340063 -10.725898
24.610913 -30.190702 -10.279811
27.222656 -26.203546 -13.420265
23.555114 -30.078448 -13.000137
2.7743235 -21.360807 -36.277138
7.9993205 -18.783335 -35.335927
4.4983284 -23.310637 -34.937283
2.7391536 -18.535101 -37.161621
17.799511 -13.779612 -33.296584
12.952593 -16.282226 -34.350338
7.9206563 -26.816597 -31.685086
9.6848668 -20.584362 -33.899409
6.2300449 -25.141689 -33.394464
7.1479329 -21.921892 -34.42028
2.6903234 -12.904347 -38.5446
7.9550583 -16.093432 -36.305896
2.7140384 -15.699843 -37.917641
5.3971124 -17.302216 -36.737628
39.341382 -1.9517032 -27.472233
33.265269 -5.4112319 -29.314624
38.537977 -4.9619335 -25.713069
22.692629 -11.196457 -32.141064
27.788599 -8.4437298 -30.83654
36.670963 -10.476684 -22.267302
32.761095 -8.1896377 -27.727275
37.633597 -7.8152307 -23.968418
35.564108 -6.6348121 -26.775149
14.331832 -31.918254 -23.189391
16.282892 -26.452502 -26.346273
12.84311 -30.919584 -25.489142
17.052941 -30.255676 -22.095937
19.524538 -15.383013 -31.591367
17.995954 -20.976378 -29.118065
17.124804 -16.662246 -32.19473
9.6641454 -28.385287 -29.722102
14.743185 -25.24606 -28.420295
11.273498 -29.734631 -27.684828
10.570284 -25.306337 -31.043792
13.834151 -28.062212 -27.011672
22.223396 -26.938025 -19.97149
18.984207 -24.963655 -25.329346
19.690555 -28.588607 -21.020093
18.04965 -27.60466 -23.772359
12.27122 -19.235841 -33.330701
15.613155 -22.340832 -29.783057
14.698476 -17.949155 -32.777265
11.440591 -22.247369 -32.246608
16.39349 -19.523518 -31.020434
13.141641 -23.811507 -30.405846
2.6761557 -1.6539552 -39.973843
7.9727532 -4.9274324 -39.039411
2.6757178 -4.4275495 -39.775053
17.948769 -11.092949 -34.432141
13.101539 -8.0971964 -37.183193
15.495074 -12.353277 -34.921594
2.6907976 -9.9975189 -39.074114
7.9516162 -7.6887217 -38.535347
2.6787963 -7.2232602 -39.474773
5.3480593 -11.696173 -38.236502
5.3428198 -6.0762452 -39.269397
10.559932 -14.815806 -35.851346
10.592729 -9.3216866 -37.53653
13.024753 -13.599899 -35.395579
7.9884996 -13.312635 -37.153921
13.076799 -10.857999 -36.343442
7.9896644 -10.496041 -37.900163
32.242143 -19.92674 -15.6999
29.652446 -18.326219 -21.361341
33.394821 -17.763148 -17.283348
29.761089 -21.734736 -16.774178
22.399133 -13.843425 -30.830529
26.337469 -16.277451 -26.443663
24.852377 -12.522266 -30.147157
21.601372 -16.671251 -29.578475
35.588867 -13.102599 -20.539075
30.53077 -16.005129 -22.901705
34.519377 -15.4797 -18.903153
33.959508 -12.048301 -23.429123
32.055002 -16.940232 -20.174651
24.826484 -25.190166 -18.879893
27.048923 -20.053708 -22.314885
27.281479 -23.494044 -17.838334
23.3348 -24.358329 -21.678695
28.491749 -20.948878 -19.623844
29.964701 -9.7430264 -28.616975
28.765784 -14.92241 -25.552962
27.382058 -11.150207 -29.409443
32.067759 -10.918941 -26.141056
26.891516 -13.772612 -27.937383
31.316355 -13.53517 -24.524547
19.918407 -22.164327 -26.866425
25.347121 -18.99753 -24.981173
20.771489 -19.457675 -28.25049
21.684413 -23.340954 -24.364753
23.558782 -17.887487 -27.356653
24.381598 -21.699404 -23.357091
2.882644 22.194817 -37.693541
8.8715363 20.831399 -39.188823
4.8240444 24.998519 -37.46703
2.8300055 19.149871 -38.394193
21.353928 16.531288 -39.945639
15.081834 18.958816 -39.997094
9.2344651 31.264698 -36.940729
11.168736 23.738201 -39.093316
6.9433274 28.020179 -37.217821
7.9666891 24.432924 -38.362933
2.7503868 13.192446 -39.405136
8.6760922 17.552116 -39.596605
2.7889828 16.133372 -38.964685
5.7409546 18.404516 -39.078129
41.367165 2.0522011 -28.886845
37.76216 6.1427372 -33.277456
44.146461 5.6840504 -29.455127
37.935305 0 -29.794955
27.441425 13.539495 -38.867097
33.024853 10.034797 -36.647124
47.194873 13.483305 -28.65762
40.139757 10.03416 -33.972188
47.104943 9.7821103 -30.000613
42.314691 7.8941956 -31.85746
31.727438 -3.6057624 -31.353876
34.259496 3.893526 -33.856121
34.718245 -1.8829022 -30.617986
36.222732 1.9644963 -31.944791
19.471549 43.364857 -31.505628
22.694713 36.868878 -36.720817
17.319127 41.695524 -34.37249
23.804831 42.235019 -30.844537
24.671782 19.438429 -39.919783
24.712916 28.80578 -39.986339
21.323799 20.747823 -40.088866
11.907886 34.975547 -36.622733
20.121726 34.456212 -38.788456
14.766186 38.946838 -36.261978
12.941249 30.982667 -38.007061
18.977837 38.496043 -37.054902
32.392421 39.26438 -29.110083
26.820051 35.267551 -35.784184
28.153053 40.875261 -30.053993
25.392073 38.833969 -33.442725
14.601582 22.888817 -39.660357
20.75377 29.696527 -39.589097
17.934137 21.900408 -39.992717
13.840335 26.913912 -39.010561
21.13329 25.168294 -39.989279
16.817609 30.472039 -38.910941
2.683556 1.6585288 -40.084382
8.1750717 5.0524722 -40.030085
2.6956606 4.4605491 -40.071506
5.3770994 0 -39.91023
20.694479 12.789891 -39.699393
14.062548 8.6911328 -39.910612
17.752877 14.153286 -40.010055
2.736997 10.16917 -39.744993
8.2725094 7.9990055 -40.090468
2.7116398 7.3118216 -39.958756
5.5691897 12.179784 -39.817497
5.454119 6.2028228 -40.087439
10.736158 -3.2954708 -38.843786
10.980592 3.3704998 -39.728155
8.0842643 -1.6643557 -39.493863
8.1528022 1.678466 -39.82869
11.76731 16.509783 -39.950438
11.310335 9.9531856 -40.079447
14.751561 15.40296 -40.088289
8.5760751 14.291814 -39.886692
14.411769 11.966458 -40.05363
8.4422717 11.090632 -40.047174
47.139453 29.133784 -22.953956
41.903673 25.897894 -30.187009
47.233594 25.124174 -24.445546
44.091647 32.200446 -24.851279
28.581963 17.664625 -39.340677
36.715858 22.691648 -36.863899
31.748656 15.997066 -38.512683
29.077436 22.441039 -39.815351
47.241236 17.392601 -27.2639
42.203244 22.124183 -31.657448
47.263134 21.194448 -25.88176
44.917297 15.935952 -30.989049
44.718593 23.632609 -28.144811
36.694554 37.23209 -27.905249
38.616685 28.629891 -31.858085
40.552469 34.922649 -26.515736
33.763981 35.244963 -31.367702
41.314747 30.37713 -28.455751
37.552227 12.210111 -35.863235
39.592431 20.538793 -35.170391
34.772869 14.159809 -37.347475
42.491282 14.468108 -34.638124
36.623902 18.757098 -38.048281
42.362262 18.309297 -33.174847
28.18222 31.359935 -38.012855
35.820527 26.84729 -35.303369
29.367587 27.510063 -39.941707
30.920809 33.282948 -34.742831
33.165752 25.181776 -38.512347
34.898723 31.059551 -33.43229
20.901802 -9.5449528 -33.819826
22.140098 -3.3143626 -35.823432
23.435797 -8.1898654 -33.274491
18.517787 -8.080647 -35.405433
24.107267 11.008751 -39.006377
23.22585 3.4768991 -37.580214
26.862085 9.3872149 -38.139186
20.527188 8.9574937 -39.247346
28.767575 -5.2598006 -32.067926
24.870102 -1.7609578 -35.393168
26.065374 -6.7598197 -32.688475
29.853408 -1.819243 -33.252137
24.165418 -5.0382981 -34.363564
13.472607 -4.9781241 -37.908684
19.50324 -1.7351241 -37.171884
16.020465 -6.5444311 -36.779013
13.692756 -1.6925177 -38.586652
19.039363 -4.9471885 -36.326378
31.930141 5.8380371 -35.593315
25.57678 1.810995 -36.398857
29.499018 7.6503043 -36.994593
30.916354 1.8840181 -34.436097
26.234251 5.4696335 -37.305474
27.782487 0 -34.947815
14.072617 5.1998276 -39.596968
19.927312 1.772852 -37.980137
17.180306 7.0182311 -39.441718
13.894566 1.7174628 -39.155359
20.263881 5.2653675 -38.662712
16.763071 0 -38.2986
39.433105 56.469849 2.8014365
46.692118 52.984676 8.6189705
36.968525 55.407316 7.1339349
44.530782 56.697143 0
49.740446 35.118361 17.327266
49.284365 44.413006 13.495154
31.720144 52.2384 14.924211
43.001204 50.807969 12.701006
34.3265 53.89716 11.192625
40.376647 53.630307 10.005228
52.135597 52.756761 -5.9957046
52.135597 52.756761 5.9957046
49.43953 56.060308 -3.0403634
49.43953 56.060308 3.0403634
45.594375 3.4868667 26.847009
49.193052 11.136286 26.149296
49.683309 26.55944 20.56117
49.470315 18.653932 23.449168
22.082572 45.349934 28.0278
30.965268 42.984002 26.565574
24.339179 47.028072 25.014854
46.897547 34.072214 21.057786
39.558233 39.399373 24.350151
46.520994 38.350458 19.323489
29.112845 50.444977 18.572109
33.58744 44.776159 23.472981
26.689377 48.737937 21.855801
34.316275 49.739969 17.646961
28.968832 46.02786 24.324523
44.804279 46.914352 15.254207
38.294394 43.10922 22.363147
45.877831 42.715173 17.393982
39.656087 48.646919 16.564077
42.617425 41.021995 21.009601
36.518448 46.631837 20.15464
52.243692 32.288377 -14.744711
56.086127 34.663133 -5.1890551
52.472277 36.957128 -12.915025
52.243692 32.288377 14.744711
56.086127 34.663133 5.1890551
52.472277 36.957128 12.915025
52.720706 47.294823 -8.6472821
56.465281 39.677071 -2.8093834
52.663912 41.993533 -10.890644
55.970022 50.249278 -3.0621511
54.905582 38.611139 -8.0501165
52.720706 47.294823 8.6472821
56.465281 39.677071 2.8093834
52.663912 41.993533 10.890644
55.970022 50.249278 3.0621511
54.905582 38.611139 8.0501165
56.697143 45.072565 0
23.292704 -33.356122 1.6547779
26.362558 -29.915362 4.8663054
22.555895 -33.806099 4.3526834
24.941419 -31.755724 0
31.928771 -22.542743 11.122504
29.222384 -26.333988 8.0017378
20.774231 -34.212095 9.7741995
25.525714 -30.159846 7.5393761
21.713297 -34.092757 7.0799174
24.080576 -31.985041 5.967104
28.089067 -28.423731 -3.2303025
28.089067 -28.423731 3.2303025
26.547482 -30.102633 -1.6325801
26.547482 -30.102633 1.6325801
41.659526 -3.185946 24.53008
39.415538 -8.9228599 20.951913
34.521061 -18.454086 14.286356
37.019086 -13.958907 17.547226
16.006521 -32.871835 20.315911
21.166218 -29.381588 18.15882
17.324438 -33.474215 17.805378
30.820408 -22.391779 13.838881
26.037024 -25.932462 16.027143
29.582015 -24.386491 12.287522
19.701493 -34.137554 12.568275
22.376099 -29.830072 15.637802
18.563683 -33.899466 15.20171
22.189456 -32.162664 11.410809
19.906118 -31.628338 16.714751
26.960672 -28.230394 9.1791162
24.861429 -27.987303 14.518568
28.290298 -26.340063 10.725898
24.610913 -30.190702 10.279811
27.222656 -26.203546 13.420265
23.555114 -30.078448 13.000137
34.020961 -21.02611 -9.6017191
34.926752 -21.58592 -3.2314024
32.593946 -22.956477 -8.0223624
34.020961 -21.02611 9.6017191
34.926752 -21.58592 3.2314024
32.593946 -22.956477 8.0223624
29.665559 -26.612454 -4.865763
33.270353 -23.37844 -1.6553389
31.134754 -24.826457 -6.4385177
29.850567 -26.799515 -1.6331412
33.044093 -23.23753 -4.8448408
29.665559 -26.612454 4.865763
33.270353 -23.37844 1.6553389
31.134754 -24.826457 6.4385177
29.850567 -26.799515 1.6331412
33.044093 -23.23753 4.8448408
31.586669 -25.110475 0
2.7743235 -21.360807 36.277138
7.9993205 -18.783335 35.335927
4.4983284 -23.310637 34.937283
2.7391536 -18.535101 37.161621
17.799511 -13.779612 33.296584
12.952593 -16.282226 34.350338
7.9206563 -26.816597 31.685086
9.6848668 -20.584362 33.899409
6.2300449 -25.141689 33.394464
7.1479329 -21.921892 34.42028
2.6903234 -12.904347 38.5446
7.9550583 -16.093432 36.305896
2.7140384 -15.699843 37.917641
5.3971124 -17.302216 36.737628
39.341382 -1.9517032 27.472233
33.265269 -5.4112319 29.314624
38.537977 -4.9619335 25.713069
22.692629 -11.196457 32.141064
27.788599 -8.4437298 30.83654
36.670963 -10.476684 22.267302
32.761095 -8.1896377 27.727275
37.633597 -7.8152307 23.968418
35.564108 -6.6348121 26.775149
14.331832 -31.918254 23.189391
16.282892 -26.452502 26.346273
12.84311 -30.919584 25.489142
17.052941 -30.255676 22.095937
19.524538 -15.383013 31.591367
17.995954 -20.976378 29.118065
17.124804 -16.662246 32.19473
9.6641454 -28.385287 29.722102
14.743185 -25.24606 28.420295
11.273498 -29.734631 27.684828
10.570284 -25.306337 31.043792
13.834151 -28.062212 27.011672
22.223396 -26.938025 19.97149
18.984207 -24.963655 25.329346
19.690555 -28.588607 21.020093
18.04965 -27.60466 23.772359
12.27122 -19.235841 33.330701
15.613155 -22.340832 29.783057
14.698476 -17.949155 32.777265
11.440591 -22.247369 32.246608
16.39349 -19.523518 31.020434
13.141641 -23.811507 30.405846
2.6761557 -1.6539552 39.973843
7.9727532 -4.9274324 39.039411
2.6757178 -4.4275495 39.775053
17.948769 -11.092949 34.432141
13.101539 -8.0971964 37.183193
15.495074 -12.353277 34.921594
2.6907976 -9.9975189 39.074114
7.9516162 -7.6887217 38.535347
2.6787963 -7.2232602 39.474773
5.3480593 -11.696173 38.236502
5.3428198 -6.0762452 39.269397
10.559932 -14.815806 35.851346
10.592729 -9.3216866 37.53653
13.024753 -13.599899 35.395579
7.9884996 -13.312635 37.153921
13.076799 -10.857999 36.343442
7.9896644 -10.496041 37.900163
32.242143 -19.92674 15.6999
29.652446 -18.326219 21.361341
33.394821 -17.763148 17.283348
29.761089 -21.734736 16.774178
22.399133 -13.843425 30.830529
26.337469 -16.277451 26.443663
24.852377 -12.522266 30.147157
21.601372 -16.671251 29.578475
35.588867 -13.102599 20.539075
30.53077 -16.005129 22.901705
34.519377 -15.4797 18.903153
33.959508 -12.048301 23.429123
32.055002 -16.940232 20.174651
24.826484 -25.190166 18.879893
27.048923 -20.053708 22.314885
27.281479 -23.494044 17.838334
23.3348 -24.358329 21.678695
28.491749 -20.948878 19.623844
29.964701 -9.7430264 28.616975
28.765784 -14.92241 25.552962
27.382058 -11.150207 29.409443
32.067759 -10.918941 26.141056
26.891516 -13.772612 27.937383
31.316355 -13.53517 24.524547
19.918407 -22.164327 26.866425
25.347121 -18.99753 24.981173
20.771489 -19.457675 28.25049
21.684413 -23.340954 24.364753
23.558782 -17.887487 27.356653
24.381598 -21.699404 23.357091
2.882644 22.194817 37.693541
8.8715363 20.831399 39.188823
4.8240444 24.998519 37.46703
2.8300055 19.149871 38.394193
21.353928 16.531288 39.945639
15.081834 18.958816 39.997094
9.2344651 31.264698 36.940729
11.168736 23.738201 39.093316
6.9433274 28.020179 37.217821
7.9666891 24.432924 38.362933
2.7503868 13.192446 39.405136
8.6760922 17.552116 39.596605
2.7889828 16.133372 38.964685
5.7409546 18.404516 39.078129
41.367165 2.0522011 28.886845
37.76216 6.1427372 33.277456
44.146461 5.6840504 29.455127
37.935305 0 29.794955
27.441425 13.539495 38.867097
33.024853 10.034797 36.647124
47.194873 13.483305 28.65762
40.139757 10.03416 33.972188
47.104943 9.7821103 30.000613
42.314691 7.8941956 31.85746
31.727438 -3.6057624 31.353876
34.259496 3.893526 33.856121
34.718245 -1.8829022 30.617986
36.222732 1.9644963 31.944791
19.471549 43.364857 31.505628
22.694713 36.868878 36.720817
17.319127 41.695524 34.37249
23.804831 42.235019 30.844537
24.671782 19.438429 39.919783
24.712916 28.80578 39.986339
21.323799 20.747823 40.088866
11.907886 34.975547 36.622733
20.121726 34.456212 38.788456
14.766186 38.946838 36.261978
12.941249 30.982667 38.007061
18.977837 38.496043 37.054902
32.392421 39.26438 29.110083
26.820051 35.267551 35.784184
28.153053 40.875261 30.053993
25.392073 38.833969 33.442725
14.601582 22.888817 39.660357
20.75377 29.696527 39.589097
17.934137 21.900408 39.992717
13.840335 26.913912 39.010561
21.13329 25.168294 39.989279
16.817609 30.472039 38.910941
2.683556 1.6585288 40.084382
8.1750717 5.0524722 40.030085
2.6956606 4.4605491 40.071506
5.3770994 0 39.91023
20.694479 12.789891 39.699393
14.062548 8.6911328 39.910612
17.752877 14.153286 40.010055
2.736997 10.16917 39.744993
8.2725094 7.9990055 40.090468
2.7116398 7.3118216 39.958756
5.5691897 12.179784 39.817497
5.454119 6.2028228 40.087439
10.736158 -3.2954708 38.843786
10.980592 3.3704998 39.728155
8.0842643 -1.6643557 39.493863
8.1528022 1.678466 39.82869
11.76731 16.509783 39.950438
11.310335 9.9531856 40.079447
14.751561 15.40296 40.088289
8.5760751 14.291814 39.886692
14.411769 11.966458 40.05363
8.4422717 11.090632 40.047174
47.139453 29.133784 22.953956
41.903673 25.897894 30.187009
47.233594 25.124174 24.445546
44.091647 32.200446 24.851279
28.581963 17.664625 39.340677
36.715858 22.691648 36.863899
31.748656 15.997066 38.512683
29.077436 22.441039 39.815351
47.241236 17.392601 27.2639
42.203244 22.124183 31.657448
47.263134 21.194448 25.88176
44.917297 15.935952 30.989049
44.718593 23.632609 28.144811
36.694554 37.23209 27.905249
38.616685 28.629891 31.858085
40.552469 34.922649 26.515736
33.763981 35.244963 31.367702
41.314747 30.37713 28.455751
37.552227 12.210111 35.863235
39.592431 20.538793 35.170391
34.772869 14.159809 37.347475
42.491282 14.468108 34.638124
36.623902 18.757098 38.048281
42.362262 18.309297 33.174847
28.18222 31.359935 38.012855
35.820527 26.84729 35.303369
29.367587 27.510063 39.941707
30.920809 33.282948 34.742831
33.165752 25.181776 38.512347
34.898723 31.059551 33.43229
20.901802 -9.5449528 33.819826
22.140098 -3.3143626 35.823432
23.435797 -8.1898654 33.274491
18.517787 -8.080647 35.405433
24.107267 11.008751 39.006377
23.22585 3.4768991 37.580214
26.862085 9.3872149 38.139186
20.527188 8.9574937 39.247346
28.767575 -5.2598006 32.067926
24.870102 -1.7609578 35.393168
26.065374 -6.7598197 32.688475
29.853408 -1.819243 33.252137
24.165418 -5.0382981 34.363564
13.472607 -4.9781241 37.908684
19.50324 -1.7351241 37.171884
16.020465 -6.5444311 36.779013
13.692756 -1.6925177 38.586652
19.039363 -4.9471885 36.326378
31.930141 5.8380371 35.593315
25.57678 1.810995 36.398857
29.499018 7.6503043 36.994593
30.916354 1.8840181 34.436097
26.234251 5.4696335 37.305474
27.782487 0 34.947815
14.072617 5.1998276 39.596968
19.927312 1.772852 37.980137
17.180306 7.0182311 39.441718
13.894566 1.7174628 39.155359
20.263881 5.2653675 38.662712
16.763071 0 38.2986
45.485298 0 -23.933801
50.511886 0 -18.208726
48.696997 3.589417 -24.288601
44.133391 -3.2530372 -22.012411
56.426744 0 -3.9107937
54.337792 0 -11.444878
51.067115 11.189419 -22.636686
53.650784 3.7446999 -17.961747
50.867379 7.4729094 -23.956865
51.652992 3.6971762 -21.38698
41.359261 -9.0623114 -18.333454
48.463774 -3.3826587 -16.225188
42.74896 -6.2802352 -20.133357
46.430127 -3.3233383 -19.224447
45.485298 0 23.933801
50.511886 0 18.208726
48.696997 3.589417 24.288601
44.133391 -3.2530372 22.012411
56.426744 0 3.9107937
54.337792 0 11.444878
51.067115 11.189419 22.636686
53.650784 3.7446999 17.961747
50.867379 7.4729094 23.956865
51.652992 3.6971762 21.38698
41.359261 -9.0623114 18.333454
48.463774 -3.3826587 16.225188
42.74896 -6.2802352 20.133357
46.430127 -3.3233383 19.224447
51.964325 27.087937 -16.741266
54.793274 19.30647 -11.932055
51.734293 22.955043 -18.300656
54.024419 28.255908 -12.330092
56.645228 3.7922661 -2.3437493
56.142084 11.465515 -7.0860783
56.325637 3.7890964 -6.2698734
51.294778 15.10876 -21.197907
54.482144 15.374746 -13.529899
51.508419 18.953904 -19.79087
52.757598 11.343461 -18.903593
53.315447 19.183527 -15.92857
56.568109 29.679996 -2.6405088
55.963488 19.889218 -7.3490599
55.653727 29.169204 -7.5793266
55.218478 24.052459 -9.8255362
54.837199 3.7763058 -14.030668
55.350252 11.421305 -11.043697
55.715049 3.7808771 -10.194975
53.929019 7.5429387 -16.496361
55.934152 7.6101525 -8.6548215
54.207956 11.42748 -15.012307
35.702554 -18.611009 -11.502236
40.878305 -14.403516 -8.9018624
37.107175 -16.464839 -13.126412
36.417929 -19.047343 -8.3117307
53.059838 -3.5522325 -2.1954004
46.573073 -9.5113016 -5.8783076
52.554837 -3.53543 -5.8501278
39.917512 -11.757612 -16.496176
42.647839 -12.03513 -10.591011
38.518541 -14.17393 -14.799822
43.068413 -9.2601799 -15.431858
39.817096 -14.326661 -11.895791
37.151521 -19.492555 -1.7341735
41.443459 -14.728853 -5.4423067
36.90643 -19.343379 -5.0261842
38.90092 -16.944741 -6.9220018
50.243384 -3.4599577 -12.855293
45.763845 -9.4431882 -9.1309796
51.6006 -3.5016666 -9.4420952
46.503752 -6.5043822 -14.225044
49.006191 -6.6675649 -7.582842
44.553087 -9.392155 -12.338496
51.964325 27.087937 16.741266
54.793274 19.30647 11.932055
51.734293 22.955043 18.300656
54.024419 28.255908 12.330092
56.645228 3.7922661 2.3437493
56.142084 11.465515 7.0860783
56.325637 3.7890964 6.2698734
56.697143 7.6387978 0
51.294778 15.10876 21.197907
54.482144 15.374746 13.529899
51.508419 18.953904 19.79087
52.757598 11.343461 18.903593
53.315447 19.183527 15.92857
56.568109 29.679996 2.6405088
55.963488 19.889218 7.3490599
55.653727 29.169204 7.5793266
56.697143 24.816005 0
55.218478 24.052459 9.8255362
54.837199 3.7763058 14.030668
55.350252 11.421305 11.043697
55.715049 3.7808771 10.194975
53.929019 7.5429387 16.496361
55.934152 7.6101525 8.6548215
54.207956 11.42748 15.012307
56.418451 15.593676 -4.786489
56.418451 15.593676 4.786489
56.633998 11.592794 -2.3866776
56.612922 20.08951 -2.4832
56.633998 11.592794 2.3866776
56.612922 20.08951 2.4832
35.702554 -18.611009 11.502236
40.878305 -14.403516 8.9018624
37.107175 -16.464839 13.126412
36.417929 -19.047343 8.3117307
53.059838 -3.5522325 2.1954004
46.573073 -9.5113016 5.8783076
52.554837 -3.53543 5.8501278
49.965323 -6.7318206 0
39.917512 -11.757612 16.496176
42.647839 -12.03513 10.591011
38.518541 -14.17393 14.799822
43.068413 -9.2601799 15.431858
39.817096 -14.326661 11.895791
37.151521 -19.492555 1.7341735
41.443459 -14.728853 5.4423067
36.90643 -19.343379 5.0261842
39.436166 -17.260977 0
38.90092 -16.944741 6.9220018
50.243384 -3.4599577 12.855293
45.763845 -9.4431882 9.1309796
51.6006 -3.5016666 9.4420952
46.503752 -6.5043822 14.225044
49.006191 -6.6675649 7.582842
44.553087 -9.392155 12.338496
44.224856 -12.223449 -3.7519957
44.224856 -12.223449 3.7519957
47.00593 -9.6219598 -1.9809302
41.803525 -14.834287 -1.8336187
47.00593 -9.6219598 1.9809302
41.803525 -14.834287 1.8336187
-23.292704 33.356122 -1.6547779
-26.362558 29.915362 -4.8663054
-22.555895 33.806099 -4.3526834
-31.928771 22.542743 -11.122504
-29.222384 26.333988 -8.0017378
-20.774231 34.212095 -9.7741995
-25.525714 30.159846 -7.5393761
-21.713297 34.092757 -7.0799174
-24.080576 31.985041 -5.967104
-41.659526 3.185946 -24.53008
-39.415538 8.9228599 -20.951913
-34.521061 18.454086 -14.286356
-37.019086 13.958907 -17.547226
-16.006521 32.871835 -20.315911
-21.166218 29.381588 -18.15882
-17.324438 33.474215 -17.805378
-30.820408 22.391779 -13.838881
-26.037024 25.932462 -16.027143
-29.582015 24.386491 -12.287522
-19.701493 34.137554 -12.568275
-22.376099 29.830072 -15.637802
-18.563683 33.899466 -15.20171
-22.189456 32.162664 -11.410809
-19.906118 31.628338 -16.714751
-26.960672 28.230394 -9.1791162
-24.861429 27.987303 -14.518568
-28.290298 26.340063 -10.725898
-24.610913 30.190702 -10.279811
-27.222656 26.203546 -13.420265
-23.555114 30.078448 -13.000137
-39.433105 -56.469849 -2.8014365
-46.692118 -52.984676 -8.6189705
-36.968525 -55.407316 -7.1339349
-49.740446 -35.118361 -17.327266
-49.284365 -44.413006 -13.495154
-31.720144 -52.2384 -14.924211
-43.001204 -50.807969 -12.701006
-34.3265 -53.89716 -11.192625
-40.376647 -53.630307 -10.005228
-45.594375 -3.4868667 -26.847009
-49.193052 -11.136286 -26.149296
-49.683309 -26.55944 -20.56117
-49.470315 -18.653932 -23.449168
-22.082572 -45.349934 -28.0278
-30.965268 -42.984002 -26.565574
-24.339179 -47.028072 -25.014854
-46.897547 -34.072214 -21.057786
-39.558233 -39.399373 -24.350151
-46.520994 -38.350458 -19.323489
-29.112845 -50.444977 -18.572109
-33.58744 -44.776159 -23.472981
-26.689377 -48.737937 -21.855801
-34.316275 -49.739969 -17.646961
-28.968832 -46.02786 -24.324523
-44.804279 -46.914352 -15.254207
-38.294394 -43.10922 -22.363147
-45.877831 -42.715173 -17.393982
-39.656087 -48.646919 -16.564077
-42.617425 -41.021995 -21.009601
-36.518448 -46.631837 -20.15464
-2.882644 -22.194817 -37.693541
-8.8715363 -20.831399 -39.188823
-4.8240444 -24.998519 -37.46703
-2.8300055 -19.149871 -38.394193
-21.353928 -16.531288 -39.945639
-15.081834 -18.958816 -39.997094
-9.2344651 -31.264698 -36.940729
-11.168736 -23.738201 -39.093316
-6.9433274 -28.020179 -37.217821
-7.9666891 -24.432924 -38.362933
-2.7503868 -13.192446 -39.405136
-8.6760922 -17.552116 -39.596605
-2.7889828 -16.133372 -38.964685
-5.7409546 -18.404516 -39.078129
-41.367165 -2.0522011 -28.886845
-37.76216 -6.1427372 -33.277456
-44.146461 -5.6840504 -29.455127
-27.441425 -13.539495 -38.867097
-33.024853 -10.034797 -36.647124
-47.194873 -13.483305 -28.65762
-40.139757 -10.03416 -33.972188
-47.104943 -9.7821103 -30.000613
-42.314691 -7.8941956 -31.85746
-19.471549 -43.364857 -31.505628
-22.694713 -36.868878 -36.720817
-17.319127 -41.695524 -34.37249
-23.804831 -42.235019 -30.844537
-24.671782 -19.438429 -39.919783
-24.712916 -28.80578 -39.986339
-21.323799 -20.747823 -40.088866
-11.907886 -34.975547 -36.622733
-20.121726 -34.456212 -38.788456
-14.766186 -38.946838 -36.261978
-12.941249 -30.982667 -38.007061
-18.977837 -38.496043 -37.054902
-32.392421 -39.26438 -29.110083
-26.820051 -35.267551 -35.784184
-28.153053 -40.875261 -30.053993
-25.392073 -38.833969 -33.442725
-14.601582 -22.888817 -39.660357
-20.75377 -29.696527 -39.589097
-17.934137 -21.900408 -39.992717
-13.840335 -26.913912 -39.010561
-21.13329 -25.168294 -39.989279
-16.817609 -30.472039 -38.910941
-2.683556 -1.6585288 -40.084382
-8.1750717 -5.0524722 -40.030085
-2.6956606 -4.4605491 -40.071506
-20.694479 -12.789891 -39.699393
-14.062548 -8.6911328 -39.910612
-17.752877 -14.153286 -40.010055
-2.736997 -10.16917 -39.744993
-8.2725094 -7.9990055 -40.090468
-2.7116398 -7.3118216 -39.958756
-5.5691897 -12.179784 -39.817497
-5.454119 -6.2028228 -40.087439
-11.76731 -16.509783 -39.950438
-11.310335 -9.9531856 -40.079447
-14.751561 -15.40296 -40.088289
-8.5760751 -14.291814 -39.886692
-14.411769 -11.966458 -40.05363
-8.4422717 -11.090632 -40.047174
-47.139453 -29.133784 -22.953956
-41.903673 -25.897894 -30.187009
-47.233594 -25.124174 -24.445546
-44.091647 -32.200446 -24.851279
-28.581963 -17.664625 -39.340677
-36.715858 -22.691648 -36.863899
-31.748656 -15.997066 -38.512683
-29.077436 -22.441039 -39.815351
-47.241236 -17.392601 -27.2639
-42.203244 -22.124183 -31.657448
-47.263134 -21.194448 -25.88176
-44.917297 -15.935952 -30.989049
-44.718593 -23.632609 -28.144811
-36.694554 -37.23209 -27.905249
-38.616685 -28.629891 -31.858085
-40.552469 -34.922649 -26.515736
-33.763981 -35.244963 -31.367702
-41.314747 -30.37713 -28.455751
-37.552227 -12.210111 -35.863235
-39.592431 -20.538793 -35.170391
-34.772869 -14.159809 -37.347475
-42.491282 -14.468108 -34.638124
-36.623902 -18.757098 -38.048281
-42.362262 -18.309297 -33.174847
-28.18222 -31.359935 -38.012855
-35.820527 -26.84729 -35.303369
-29.367587 -27.510063 -39.941707
-30.920809 -33.282948 -34.742831
-33.165752 -25.181776 -38.512347
-34.898723 -31.059551 -33.43229
-2.7743235 21.360807 -36.277138
-7.9993205 18.783335 -35.335927
-4.4983284 23.310637 -34.937283
-2.7391536 18.535101 -37.161621
-17.799511 13.779612 -33.296584
-12.952593 16.282226 -34.350338
-7.9206563 26.816597 -31.685086
-9.6848668 20.584362 -33.899409
-6.2300449 25.141689 -33.394464
-7.1479329 21.921892 -34.42028
-2.6903234 12.904347 -38.5446
-7.9550583 16.093432 -36.305896
-2.7140384 15.699843 -37.917641
-5.3971124 17.302216 -36.737628
-39.341382 1.9517032 -27.472233
-33.265269 5.4112319 -29.314624
-38.537977 4.9619335 -25.713069
-37.935305 0 -29.794955
-22.692629 11.196457 -32.141064
-27.788599 8.4437298 -30.83654
-36.670963 10.476684 -22.267302
-32.761095 8.1896377 -27.727275
-37.633597 7.8152307 -23.968418
-35.564108 6.6348121 -26.775149
-34.259496 -3.893526 -33.856121
-31.727438 3.6057624 -31.353876
-36.222732 -1.9644963 -31.944791
-34.718245 1.8829022 -30.617986
-14.331832 31.918254 -23.189391
-16.282892 26.452502 -26.346273
-12.84311 30.919584 -25.489142
-17.052941 30.255676 -22.095937
-19.524538 15.383013 -31.591367
-17.995954 20.976378 -29.118065
-17.124804 16.662246 -32.19473
-9.6641454 28.385287 -29.722102
-14.743185 25.24606 -28.420295
-11.273498 29.734631 -27.684828
-10.570284 25.306337 -31.043792
-13.834151 28.062212 -27.011672
-22.223396 26.938025 -19.97149
-18.984207 24.963655 -25.329346
-19.690555 28.588607 -21.020093
-18.04965 27.60466 -23.772359
-12.27122 19.235841 -33.330701
-15.613155 22.340832 -29.783057
-14.698476 17.949155 -32.777265
-11.440591 22.247369 -32.246608
-16.39349 19.523518 -31.020434
-13.141641 23.811507 -30.405846
-2.6761557 1.6539552 -39.973843
-7.9727532 4.9274324 -39.039411
-2.6757178 4.4275495 -39.775053
-5.3770994 0 -39.91023
-17.948769 11.092949 -34.432141
-13.101539 8.0971964 -37.183193
-15.495074 12.353277 -34.921594
-2.6907976 9.9975189 -39.074114
-7.9516162 7.6887217 -38.535347
-2.6787963 7.2232602 -39.474773
-5.3480593 11.696173 -38.236502
-5.3428198 6.0762452 -39.269397
-10.980592 -3.3704998 -39.728155
-10.736158 3.2954708 -38.843786
-8.1528022 -1.678466 -39.82869
-8.0842643 1.6643557 -39.493863
-10.559932 14.815806 -35.851346
-10.592729 9.3216866 -37.53653
-13.024753 13.599899 -35.395579
-7.9884996 13.312635 -37.153921
-13.076799 10.857999 -36.343442
-7.9896644 10.496041 -37.900163
-32.242143 19.92674 -15.6999
-29.652446 18.326219 -21.361341
-33.394821 17.763148 -17.283348
-29.761089 21.734736 -16.774178
-22.399133 13.843425 -30.830529
-26.337469 16.277451 -26.443663
-24.852377 12.522266 -30.147157
-21.601372 16.671251 -29.578475
-35.588867 13.102599 -20.539075
-30.53077 16.005129 -22.901705
-34.519377 15.4797 -18.903153
-33.959508 12.048301 -23.429123
-32.055002 16.940232 -20.174651
-24.826484 25.190166 -18.879893
-27.048923 20.053708 -22.314885
-27.281479 23.494044 -17.838334
-23.3348 24.358329 -21.678695
-28.491749 20.948878 -19.623844
-29.964701 9.7430264 -28.616975
-28.765784 14.92241 -25.552962
-27.382058 11.150207 -29.409443
-32.067759 10.918941 -26.141056
-26.891516 13.772612 -27.937383
-31.316355 13.53517 -24.524547
-19.918407 22.164327 -26.866425
-25.347121 18.99753 -24.981173
-20.771489 19.457675 -28.25049
-21.684413 23.340954 -24.364753
-23.558782 17.887487 -27.356653
-24.381598 21.699404 -23.357091
-24.107267 -11.008751 -39.006377
-23.22585 -3.4768991 -37.580214
-26.862085 -9.3872149 -38.139186
-20.527188 -8.9574937 -39.247346
-20.901802 9.5449528 -33.819826
-22.140098 3.3143626 -35.823432
-23.435797 8.1898654 -33.274491
-18.517787 8.080647 -35.405433
-31.930141 -5.8380371 -35.593315
-25.57678 -1.810995 -36.398857
-29.499018 -7.6503043 -36.994593
-30.916354 -1.8840181 -34.436097
-26.234251 -5.4696335 -37.305474
-14.072617 -5.1998276 -39.596968
-19.927312 -1.772852 -37.980137
-17.180306 -7.0182311 -39.441718
-13.894566 -1.7174628 -39.155359
-20.263881 -5.2653675 -38.662712
-28.767575 5.2598006 -32.067926
-24.870102 1.7609578 -35.393168
-26.065374 6.7598197 -32.688475
-29.853408 1.819243 -33.252137
-24.165418 5.0382981 -34.363564
-27.782487 0 -34.947815
-13.472607 4.9781241 -37.908684
-19.50324 1.7351241 -37.171884
-16.020465 6.5444311 -36.779013
-13.692756 1.6925177 -38.586652
-19.039363 4.9471885 -36.326378
-16.763071 0 -38.2986
-23.292704 33.356122 1.6547779
-26.362558 29.915362 4.8663054
-22.555895 33.806099 4.3526834
-24.941419 31.755724 0
-31.928771 22.542743 11.122504
-29.222384 26.333988 8.0017378
-20.774231 34.212095 9.7741995
-25.525714 30.159846 7.5393761
-21.713297 34.092757 7.0799174
-24.080576 31.985041 5.967104
-28.089067 28.423731 -3.2303025
-28.089067 28.423731 3.2303025
-26.547482 30.102633 -1.6325801
-26.547482 30.102633 1.6325801
-41.659526 3.185946 24.53008
-39.415538 8.9228599 20.951913
-34.521061 18.454086 14.286356
-37.019086 13.958907 17.547226
-16.006521 32.871835 20.315911
-21.166218 29.381588 18.15882
-17.324438 33.474215 17.805378
-30.820408 22.391779 13.838881
-26.037024 25.932462 16.027143
-29.582015 24.386491 12.287522
-19.701493 34.137554 12.568275
-22.376099 29.830072 15.637802
-18.563683 33.899466 15.20171
-22.189456 32.162664 11.410809
-19.906118 31.628338 16.714751
-26.960672 28.230394 9.1791162
-24.861429 27.987303 14.518568
-28.290298 26.340063 10.725898
-24.610913 30.190702 10.279811
-27.222656 26.203546 13.420265
-23.555114 30.078448 13.000137
-34.020961 21.02611 -9.6017191
-34.926752 21.58592 -3.2314024
-32.593946 22.956477 -8.0223624
-34.020961 21.02611 9.6017191
-34.926752 21.58592 3.2314024
-32.593946 22.956477 8.0223624
-29.665559 26.612454 -4.865763
-33.270353 23.37844 -1.6553389
-31.134754 24.826457 -6.4385177
-29.850567 26.799515 -1.6331412
-33.044093 23.23753 -4.8448408
-29.665559 26.612454 4.865763
-33.270353 23.37844 1.6553389
-31.134754 24.826457 6.4385177
-29.850567 26.799515 1.6331412
-33.044093 23.23753 4.8448408
-31.586669 25.110475 0
-39.433105 -56.469849 2.8014365
-46.692118 -52.984676 8.6189705
-36.968525 -55.407316 7.1339349
-44.530782 -56.697143 0
-49.740446 -35.118361 17.327266
-49.284365 -44.413006 13.495154
-31.720144 -52.2384 14.924211
-43.001204 -50.807969 12.701006
-34.3265 -53.89716 11.192625
-40.376647 -53.630307 10.005228
-52.135597 -52.756761 -5.9957046
-52.135597 -52.756761 5.9957046
-49.43953 -56.060308 -3.0403634
-49.43953 -56.060308 3.0403634
-45.594375 -3.4868667 26.847009
-49.193052 -11.136286 26.149296
-49.683309 -26.55944 20.56117
-49.470315 -18.653932 23.449168
-22.082572 -45.349934 28.0278
-30.965268 -42.984002 26.565574
-24.339179 -47.028072 25.014854
-46.897547 -34.072214 21.057786
-39.558233 -39.399373 24.350151
-46.520994 -38.350458 19.323489
-29.112845 -50.444977 18.572109
-33.58744 -44.776159 23.472981
-26.689377 -48.737937 21.855801
-34.316275 -49.739969 17.646961
-28.968832 -46.02786 24.324523
-44.804279 -46.914352 15.254207
-38.294394 -43.10922 22.363147
-45.877831 -42.715173 17.393982
-39.656087 -48.646919 16.564077
-42.617425 -41.021995 21.009601
-36.518448 -46.631837 20.15464
-52.243692 -32.288377 -14.744711
-56.086127 -34.663133 -5.1890551
-52.472277 -36.957128 -12.915025
-52.243692 -32.288377 14.744711
-56.086127 -34.663133 5.1890551
-52.472277 -36.957128 12.915025
-52.720706 -47.294823 -8.6472821
-56.465281 -39.677071 -2.8093834
-52.663912 -41.993533 -10.890644
-55.970022 -50.249278 -3.0621511
-54.905582 -38.611139 -8.0501165
-52.720706 -47.294823 8.6472821
-56.465281 -39.677071 2.8093834
-52.663912 -41.993533 10.890644
-55.970022 -50.249278 3.0621511
-54.905582 -38.611139 8.0501165
-56.697143 -45.072565 0
-2.882644 -22.194817 37.693541
-8.8715363 -20.831399 39.188823
-4.8240444 -24.998519 37.46703
-2.8300055 -19.149871 38.394193
-21.353928 -16.531288 39.945639
-15.081834 -18.958816 39.997094
-9.2344651 -31.264698 36.940729
-11.168736 -23.738201 39.093316
-6.9433274 -28.020179 37.217821
-7.9666891 -24.432924 38.362933
-2.7503868 -13.192446 39.405136
-8.6760922 -17.552116 39.596605
-2.7889828 -16.133372 38.964685
-5.7409546 -18.404516 39.078129
-41.367165 -2.0522011 28.886845
-37.76216 -6.1427372 33.277456
-44.146461 -5.6840504 29.455127
-27.441425 -13.539495 38.867097
-33.024853 -10.034797 36.647124
-47.194873 -13.483305 28.65762
-40.139757 -10.03416 33.972188
-47.104943 -9.7821103 30.000613
-42.314691 -7.8941956 31.85746
-19.471549 -43.364857 31.505628
-22.694713 -36.868878 36.720817
-17.319127 -41.695524 34.37249
-23.804831 -42.235019 30.844537
-24.671782 -19.438429 39.919783
-24.712916 -28.80578 39.986339
-21.323799 -20.747823 40.088866
-11.907886 -34.975547 36.622733
-20.121726 -34.456212 38.788456
-14.766186 -38.946838 36.261978
-12.941249 -30.982667 38.007061
-18.977837 -38.496043 37.054902
-32.392421 -39.26438 29.110083
-26.820051 -35.267551 35.784184
-28.153053 -40.875261 30.053993
-25.392073 -38.833969 33.442725
-14.601582 -22.888817 39.660357
-20.75377 -29.696527 39.589097
-17.934137 -21.900408 39.992717
-13.840335 -26.913912 39.010561
-21.13329 -25.168294 39.989279
-16.817609 -30.472039 38.910941
-2.683556 -1.6585288 40.084382
-8.1750717 -5.0524722 40.030085
-2.6956606 -4.4605491 40.071506
-20.694479 -12.789891 39.699393
-14.062548 -8.6911328 39.910612
-17.752877 -14.153286 40.010055
-2.736997 -10.16917 39.744993
-8.2725094 -7.9990055 40.090468
-2.7116398 -7.3118216 39.958756
-5.5691897 -12.179784 39.817497
-5.454119 -6.2028228 40.087439
-11.76731 -16.509783 39.950438
-11.310335 -9.9531856 40.079447
-14.751561 -15.40296 40.088289
-8.5760751 -14.291814 39.886692
-14.411769 -11.966458 40.05363
-8.4422717 -11.090632 40.047174
-47.139453 -29.133784 22.953956
-41.903673 -25.897894 30.187009
-47.233594 -25.124174 24.445546
-44.091647 -32.200446 24.851279
-28.581963 -17.664625 39.340677
-36.715858 -22.691648 36.863899
-31.748656 -15.997066 38.512683
-29.077436 -22.441039 39.815351
-47.241236 -17.392601 27.2639
-42.203244 -22.124183 31.657448
-47.263134 -21.194448 25.88176
-44.917297 -15.935952 30.989049
-44.718593 -23.632609 28.144811
-36.694554 -37.23209 27.905249
-38.616685 -28.629891 31.858085
-40.552469 -34.922649 26.515736
-33.763981 -35.244963 31.367702
-41.314747 -30.37713 28.455751
-37.552227 -12.210111 35.863235
-39.592431 -20.538793 35.170391
-34.772869 -14.159809 37.347475
-42.491282 -14.468108 34.638124
-36.623902 -18.757098 38.048281
-42.362262 -18.309297 33.174847
-28.18222 -31.359935 38.012855
-35.820527 -26.84729 35.303369
-29.367587 -27.510063 39.941707
-30.920809 -33.282948 34.742831
-33.165752 -25.181776 38.512347
-34.898723 -31.059551 33.43229
-2.7743235 21.360807 36.277138
-7.9993205 18.783335 35.335927
-4.4983284 23.310637 34.937283
-2.7391536 18.535101 37.161621
-17.799511 13.779612 33.296584
-12.952593 16.282226 34.350338
-7.9206563 26.816597 31.685086
-9.6848668 20.584362 33.899409
-6.2300449 25.141689 33.394464
-7.1479329 21.921892 34.42028
-2.6903234 12.904347 38.5446
-7.9550583 16.093432 36.305896
-2.7140384 15.699843 37.917641
-5.3971124 17.302216 36.737628
-39.341382 1.9517032 27.472233
-33.265269 5.4112319 29.314624
-38.537977 4.9619335 25.713069
-37.935305 0 29.794955
-22.692629 11.196457 32.141064
-27.788599 8.4437298 30.83654
-36.670963 10.476684 22.267302
-32.761095 8.1896377 27.727275
-37.633597 7.8152307 23.968418
-35.564108 6.6348121 26.775149
-34.259496 -3.893526 33.856121
-31.727438 3.6057624 31.353876
-36.222732 -1.9644963 31.944791
-34.718245 1.8829022 30.617986
-14.331832 31.918254 23.189391
-16.282892 26.452502 26.346273
-12.84311 30.919584 25.489142
-17.052941 30.255676 22.095937
-19.524538 15.383013 31.591367
-17.995954 20.976378 29.118065
-17.124804 16.662246 32.19473
-9.6641454 28.385287 29.722102
-14.743185 25.24606 28.420295
-11.273498 29.734631 27.684828
-10.570284 25.306337 31.043792
-13.834151 28.062212 27.011672
-22.223396 26.938025 19.97149
-18.984207 24.963655 25.329346
-19.690555 28.588607 21.020093
-18.04965 27.60466 23.772359
-12.27122 19.235841 33.330701
-15.613155 22.340832 29.783057
-14.698476 17.949155 32.777265
-11.440591 22.247369 32.246608
-16.39349 19.523518 31.020434
-13.141641 23.811507 30.405846
-2.6761557 1.6539552 39.973843
-7.9727532 4.9274324 39.039411
-2.6757178 4.4275495 39.775053
-5.3770994 0 39.91023
-17.948769 11.092949 34.432141
-13.101539 8.0971964 37.183193
-15.495074 12.353277 34.921594
-2.6907976 9.9975189 39.074114
-7.9516162 7.6887217 38.535347
-2.6787963 7.2232602 39.474773
-5.3480593 11.696173 38.236502
-5.3428198 6.0762452 39.269397
-10.980592 -3.3704998 39.728155
-10.736158 3.2954708 38.843786
-8.1528022 -1.678466 39.82869
-8.0842643 1.6643557 39.493863
-10.559932 14.815806 35.851346
-10.592729 9.3216866 37.53653
-13.024753 13.599899 35.395579
-7.9884996 13.312635 37.153921
-13.076799 10.857999 36.343442
-7.9896644 10.496041 37.900163
-32.242143 19.92674 15.6999
-29.652446 18.326219 21.361341
-33.394821 17.763148 17.283348
-29.761089 21.734736 16.774178
-22.399133 13.843425 30.830529
-26.337469 16.277451 26.443663
-24.852377 12.522266 30.147157
-21.601372 16.671251 29.578475
-35.588867 13.102599 20.539075
-30.53077 16.005129 22.901705
-34.519377 15.4797 18.903153
-33.959508 12.048301 23.429123
-32.055002 16.940232 20.174651
-24.826484 25.190166 18.879893
-27.048923 20.053708 22.314885
-27.281479 23.494044 17.838334
-23.3348 24.358329 21.678695
-28.491749 20.948878 19.623844
-29.964701 9.7430264 28.616975
-28.765784 14.92241 25.552962
-27.382058 11.150207 29.409443
-32.067759 10.918941 26.141056
-26.891516 13.772612 27.937383
-31.316355 13.53517 24.524547
-19.918407 22.164327 26.866425
-25.347121 18.99753 24.981173
-20.771489 19.457675 28.25049
-21.684413 23.340954 24.364753
-23.558782 17.887487 27.356653
-24.381598 21.699404 23.357091
-24.107267 -11.008751 39.006377
-23.22585 -3.4768991 37.580214
-26.862085 -9.3872149 38.139186
-20.527188 -8.9574937 39.247346
-20.901802 9.5449528 33.819826
-22.140098 3.3143626 35.823432
-23.435797 8.1898654 33.274491
-18.517787 8.080647 35.405433
-31.930141 -5.8380371 35.593315
-25.57678 -1.810995 36.398857
-29.499018 -7.6503043 36.994593
-30.916354 -1.8840181 34.436097
-26.234251 -5.4696335 37.305474
-14.072617 -5.1998276 39.596968
-19.927312 -1.772852 37.980137
-17.180306 -7.0182311 39.441718
-13.894566 -1.7174628 39.155359
-20.263881 -5.2653675 38.662712
-28.767575 5.2598006 32.067926
-24.870102 1.7609578 35.393168
-26.065374 6.7598197 32.688475
-29.853408 1.819243 33.252137
-24.165418 5.0382981 34.363564
-27.782487 0 34.947815
-13.472607 4.9781241 37.908684
-19.50324 1.7351241 37.171884
-16.020465 6.5444311 36.779013
-13.692756 1.6925177 38.586652
-19.039363 4.9471885 36.326378
-16.763071 0 38.2986
-45.485298 0 -23.933801
-50.511886 0 -18.208726
-44.133391 3.2530372 -22.012411
-48.696997 -3.589417 -24.288601
-56.426744 0 -3.9107937
-54.337792 0 -11.444878
-41.359261 9.0623114 -18.333454
-48.463774 3.3826587 -16.225188
-42.74896 6.2802352 -20.133357
-46.430127 3.3233383 -19.224447
-51.067115 -11.189419 -22.636686
-53.650784 -3.7446999 -17.961747
-50.867379 -7.4729094 -23.956865
-51.652992 -3.6971762 -21.38698
-45.485298 0 23.933801
-50.511886 0 18.208726
-44.133391 3.2530372 22.012411
-48.696997 -3.589417 24.288601
-56.426744 0 3.9107937
-54.337792 0 11.444878
-41.359261 9.0623114 18.333454
-48.463774 3.3826587 16.225188
-42.74896 6.2802352 20.133357
-46.430127 3.3233383 19.224447
-51.067115 -11.189419 22.636686
-53.650784 -3.7446999 17.961747
-50.867379 -7.4729094 23.956865
-51.652992 -3.6971762 21.38698
-35.702554 18.611009 -11.502236
-40.878305 14.403516 -8.9018624
-37.107175 16.464839 -13.126412
-36.417929 19.047343 -8.3117307
-53.059838 3.5522325 -2.1954004
-46.573073 9.5113016 -5.8783076
-52.554837 3.53543 -5.8501278
-39.917512 11.757612 -16.496176
-42.647839 12.03513 -10.591011
-38.518541 14.17393 -14.799822
-43.068413 9.2601799 -15.431858
-39.817096 14.326661 -11.895791
-37.151521 19.492555 -1.7341735
-41.443459 14.728853 -5.4423067
-36.90643 19.343379 -5.0261842
-38.90092 16.944741 -6.9220018
-50.243384 3.4599577 -12.855293
-45.763845 9.4431882 -9.1309796
-51.6006 3.5016666 -9.4420952
-46.503752 6.5043822 -14.225044
-49.006191 6.6675649 -7.582842
-44.553087 9.392155 -12.338496
-51.964325 -27.087937 -16.741266
-54.793274 -19.30647 -11.932055
-51.734293 -22.955043 -18.300656
-54.024419 -28.255908 -12.330092
-56.645228 -3.7922661 -2.3437493
-56.142084 -11.465515 -7.0860783
-56.325637 -3.7890964 -6.2698734
-51.294778 -15.10876 -21.197907
-54.482144 -15.374746 -13.529899
-51.508419 -18.953904 -19.79087
-52.757598 -11.343461 -18.903593
-53.315447 -19.183527 -15.92857
-56.568109 -29.679996 -2.6405088
-55.963488 -19.889218 -7.3490599
-55.653727 -29.169204 -7.5793266
-55.218478 -24.052459 -9.8255362
-54.837199 -3.7763058 -14.030668
-55.350252 -11.421305 -11.043697
-55.715049 -3.7808771 -10.194975
-53.929019 -7.5429387 -16.496361
-55.934152 -7.6101525 -8.6548215
-54.207956 -11.42748 -15.012307
-35.702554 18.611009 11.502236
-40.878305 14.403516 8.9018624
-37.107175 16.464839 13.126412
-36.417929 19.047343 8.3117307
-53.059838 3.5522325 2.1954004
-46.573073 9.5113016 5.8783076
-52.554837 3.53543 5.8501278
-49.965323 6.7318206 0
-39.917512 11.757612 16.496176
-42.647839 12.03513 10.591011
-38.518541 14.17393 14.799822
-43.068413 9.2601799 15.431858
-39.817096 14.326661 11.895791
-37.151521 19.492555 1.7341735
-41.443459 14.728853 5.4423067
-36.90643 19.343379 5.0261842
-39.436166 17.260977 0
-38.90092 16.944741 6.9220018
-50.243384 3.4599577 12.855293
-45.763845 9.4431882 9.1309796
-51.6006 3.5016666 9.4420952
-46.503752 6.5043822 14.225044
-49.006191 6.6675649 7.582842
-44.553087 9.392155 12.338496
-44.224856 12.223449 -3.7519957
-44.224856 12.223449 3.7519957
-47.00593 9.6219598 -1.9809302
-41.803525 14.834287 -1.8336187
-47.00593 9.6219598 1.9809302
-41.803525 14.834287 1.8336187
-51.964325 -27.087937 16.741266
-54.793274 -19.30647 11.932055
-51.734293 -22.955043 18.300656
-54.024419 -28.255908 12.330092
-56.645228 -3.7922661 2.3437493
-56.142084 -11.465515 7.0860783
-56.325637 -3.7890964 6.2698734
-56.697143 -7.6387978 0
-51.294778 -15.10876 21.197907
-54.482144 -15.374746 13.529899
-51.508419 -18.953904 19.79087
-52.757598 -11.343461 18.903593
-53.315447 -19.183527 15.92857
-56.568109 -29.679996 2.6405088
-55.963488 -19.889218 7.3490599
-55.653727 -29.169204 7.5793266
-56.697143 -24.816005 0
-55.218478 -24.052459 9.8255362
-54.837199 -3.7763058 14.030668
-55.350252 -11.421305 11.043697
-55.715049 -3.7808771 10.194975
-53.929019 -7.5429387 16.496361
-55.934152 -7.6101525 8.6548215
-54.207956 -11.42748 15.012307
-56.418451 -15.593676 -4.786489
-56.418451 -15.593676 4.786489
-56.633998 -11.592794 -2.3866776
-56.612922 -20.08951 -2.4832
-56.633998 -11.592794 2.3866776
-56.612922 -20.08951 2.4832
