-31.3829645 50.77870323 0
32.15714498 52.03135356 0
-32.15714498 -52.03135356 0
31.3829645 -50.77870323 0
0 -19.15299169 30.99019154
0 19.15299169 30.99019154
0 -19.15299169 -30.99019154
0 19.15299169 -30.99019154
40.8747383 0 -25.26197755
40.8747383 0 25.26197755
-40.8747383 0 -25.26197755
-40.8747383 0 25.26197755
0 65.50077366 0
0 -65.50077366 0
-14.83263143 -38.83233324 23.9997018
14.27141121 -37.3630396 23.0916284
-14.27141121 37.3630396 23.0916284
14.83263143 38.83233324 23.9997018
0 0 33.13896445
-14.83263143 -38.83233324 -23.9997018
14.27141121 -37.3630396 -23.0916284
-14.27141121 37.3630396 -23.0916284
14.83263143 38.83233324 -23.9997018
0 0 -33.13896445
42.10288296 26.02101269 -16.08187026
44.41982621 -27.45296238 -16.96686384
19.01421632 -11.75143195 -30.76564827
19.29170035 11.92292652 -31.21462686
42.10288296 26.02101269 16.08187026
44.41982621 -27.45296238 16.96686384
19.01421632 -11.75143195 30.76564827
19.29170035 11.92292652 31.21462686
58.25198931 0 0
-44.41982621 27.45296238 -16.96686384
-42.10288296 -26.02101269 -16.08187026
-19.29170035 -11.92292652 -31.21462686
-19.01421632 11.75143195 -30.76564827
-44.41982621 27.45296238 16.96686384
-42.10288296 -26.02101269 16.08187026
-19.29170035 -11.92292652 31.21462686
-19.01421632 11.75143195 30.76564827
-58.25198931 0 0
-16.77444598 59.04851604 0
17.98018457 63.29289316 0
-17.98018457 -63.29289316 0
16.77444598 -59.04851604 0
-24.59247101 -48.89538773 14.73047427
-6.553185607 -28.30540792 28.64264943
-9.467898884 -55.42604547 15.3193822
23.6189427 -46.95979352 14.14734727
6.442233705 -27.82616942 28.1577011
9.091605775 -53.22318724 14.71052716
0 -39.34809366 24.31845928
-23.6189427 46.95979352 14.14734727
-6.442233705 27.82616942 28.1577011
-9.091605775 53.22318724 14.71052716
24.59247101 48.89538773 14.73047427
6.553185607 28.30540792 28.64264943
9.467898884 55.42604547 15.3193822
0 39.34809366 24.31845928
0 -9.269378566 32.62957535
0 9.269378566 32.62957535
-24.59247101 -48.89538773 -14.73047427
-6.553185607 -28.30540792 -28.64264943
-9.467898884 -55.42604547 -15.3193822
23.6189427 -46.95979352 -14.14734727
6.442233705 -27.82616942 -28.1577011
9.091605775 -53.22318724 -14.71052716
0 -39.34809366 -24.31845928
-23.6189427 46.95979352 -14.14734727
-6.442233705 27.82616942 -28.1577011
-9.091605775 53.22318724 -14.71052716
24.59247101 48.89538773 -14.73047427
6.553185607 28.30540792 -28.64264943
9.467898884 55.42604547 -15.3193822
0 39.34809366 -24.31845928
0 -9.269378566 -32.62957535
0 9.269378566 -32.62957535
39.13979563 39.60612219 -9.061531496
42.74826779 12.87856152 -21.50070968
29.22669779 34.2192138 -21.1486372
40.30323172 -40.78341991 -9.33088683
44.3413976 -13.35851594 -22.30199178
28.89253441 -33.8279685 -20.9068343
9.381254773 -15.66196932 -31.13953299
29.71987298 -6.799644856 -29.36994813
17.28351759 -23.88523386 -27.9653189
9.015400998 -5.571824239 -32.61802723
30.96661893 -19.13842302 -26.44865012
9.513959053 15.88351861 -31.58002303
29.77187968 6.811543531 -29.4213425
17.77018682 24.5577942 -28.75276627
9.060303151 5.599575295 -32.78048475
30.98176381 19.14778307 -26.46158539
19.68367184 0 -31.84885007
39.13979563 39.60612219 9.061531496
42.74826779 12.87856152 21.50070968
29.22669779 34.2192138 21.1486372
48.67856508 30.08500774 0
40.30323172 -40.78341991 9.33088683
44.3413976 -13.35851594 22.30199178
28.89253441 -33.8279685 20.9068343
51.87144007 -32.05831301 0
9.381254773 -15.66196932 31.13953299
29.71987298 -6.799644856 29.36994813
17.28351759 -23.88523386 27.9653189
9.015400998 -5.571824239 32.61802723
30.96661893 -19.13842302 26.44865012
9.513959053 15.88351861 31.58002303
29.77187968 6.811543531 29.4213425
17.77018682 24.5577942 28.75276627
9.060303151 5.599575295 32.78048475
30.98176381 19.14778307 26.46158539
19.68367184 0 31.84885007
52.77594792 0 -14.99254082
52.77594792 0 14.99254082
52.97055017 14.64069999 -9.04845021
55.70793224 -15.39729378 -9.516050893
52.97055017 14.64069999 9.04845021
55.70793224 -15.39729378 9.516050893
-40.30323172 40.78341991 -9.33088683
-44.3413976 13.35851594 -22.30199178
-28.89253441 33.8279685 -20.9068343
-39.13979563 -39.60612219 -9.061531496
-42.74826779 -12.87856152 -21.50070968
-29.22669779 -34.2192138 -21.1486372
-9.513959053 -15.88351861 -31.58002303
-29.77187968 -6.811543531 -29.4213425
-17.77018682 -24.5577942 -28.75276627
-9.060303151 -5.599575295 -32.78048475
-30.98176381 -19.14778307 -26.46158539
-9.381254773 15.66196932 -31.13953299
-29.71987298 6.799644856 -29.36994813
-17.28351759 23.88523386 -27.9653189
-9.015400998 5.571824239 -32.61802723
-30.96661893 19.13842302 -26.44865012
-19.68367184 0 -31.84885007
-40.30323172 40.78341991 9.33088683
-44.3413976 13.35851594 22.30199178
-28.89253441 33.8279685 20.9068343
-51.87144007 32.05831301 0
-39.13979563 -39.60612219 9.061531496
-42.74826779 -12.87856152 21.50070968
-29.22669779 -34.2192138 21.1486372
-48.67856508 -30.08500774 0
-9.513959053 -15.88351861 31.58002303
-29.77187968 -6.811543531 29.4213425
-17.77018682 -24.5577942 28.75276627
-9.060303151 -5.599575295 32.78048475
-30.98176381 -19.14778307 26.46158539
-9.381254773 15.66196932 31.13953299
-29.71987298 6.799644856 29.36994813
-17.28351759 23.88523386 27.9653189
-9.015400998 5.571824239 32.61802723
-30.96661893 19.13842302 26.44865012
-19.68367184 0 31.84885007
-52.77594792 0 -14.99254082
-52.77594792 0 14.99254082
-55.70793224 15.39729378 -9.516050893
-52.97055017 -14.64069999 -9.04845021
-55.70793224 15.39729378 9.516050893
-52.97055017 -14.64069999 9.04845021
-24.25736793 55.02975234 0
-8.739136963 62.74331544 0
25.63559922 58.15637873 0
9.193930184 66.00853884 0
-25.63559922 -58.15637873 0
-9.193930184 -66.00853884 0
24.25736793 -55.02975234 0
8.739136963 -62.74331544 0
-29.12252315 -51.99578735 7.887195767
-19.64181549 -44.19799699 20.0909208
-22.2882558 -57.50832359 8.191325342
-3.103613522 -23.56396895 30.00193698
-10.44503433 -33.42305512 26.7341843
-5.237517159 -62.89980018 8.474480781
-12.56662454 -46.91255428 20.33322562
-14.03281222 -61.60907224 8.465732581
-17.41016139 -52.95100019 15.26170224
28.16969997 -50.29460264 7.629144538
18.8090778 -42.32417132 19.23914277
21.03242464 -54.26801869 7.729785341
3.081199641 -23.39379312 29.78526701
10.1523793 -32.48658859 25.98513043
0 -28.20882262 28.54491337
5.087768756 -61.10140136 8.232182774
12.05377173 -44.99801987 19.50341235
13.21641862 -58.02481193 7.973217629
0 -55.21777934 15.26181885
16.51788277 -50.23723754 14.47953311
-7.359786842 -39.5279272 24.42960251
7.180210085 -38.56345674 23.83352699
-3.504650916 -33.69831853 26.78917448
-4.258495746 -47.22744153 20.67117257
3.466224276 -33.32883433 26.49544539
4.184783897 -46.4099646 20.31336774
-28.16969997 50.29460264 7.629144538
-18.8090778 42.32417132 19.23914277
-21.03242464 54.26801869 7.729785341
-3.081199641 23.39379312 29.78526701
-10.1523793 32.48658859 25.98513043
-5.087768756 61.10140136 8.232182774
-12.05377173 44.99801987 19.50341235
-13.21641862 58.02481193 7.973217629
-16.51788277 50.23723754 14.47953311
29.12252315 51.99578735 7.887195767
19.64181549 44.19799699 20.0909208
22.2882558 57.50832359 8.191325342
3.103613522 23.56396895 30.00193698
10.44503433 33.42305512 26.7341843
0 28.20882262 28.54491337
5.237517159 62.89980018 8.474480781
12.56662454 46.91255428 20.33322562
14.03281222 61.60907224 8.465732581
0 55.21777934 15.26181885
17.41016139 52.95100019 15.26170224
-7.180210085 38.56345674 23.83352699
7.359786842 39.5279272 24.42960251
-3.466224276 33.32883433 26.49544539
-4.184783897 46.4099646 20.31336774
3.504650916 33.69831853 26.78917448
4.258495746 47.22744153 20.67117257
0 -14.09149892 31.96767672
0 -4.598213298 33.01323101
0 14.09149892 31.96767672
0 4.598213298 33.01323101
-29.12252315 -51.99578735 -7.887195767
-19.64181549 -44.19799699 -20.0909208
-22.2882558 -57.50832359 -8.191325342
-3.103613522 -23.56396895 -30.00193698
-10.44503433 -33.42305512 -26.7341843
-5.237517159 -62.89980018 -8.474480781
-12.56662454 -46.91255428 -20.33322562
-14.03281222 -61.60907224 -8.465732581
-17.41016139 -52.95100019 -15.26170224
28.16969997 -50.29460264 -7.629144538
18.8090778 -42.32417132 -19.23914277
21.03242464 -54.26801869 -7.729785341
3.081199641 -23.39379312 -29.78526701
10.1523793 -32.48658859 -25.98513043
0 -28.20882262 -28.54491337
5.087768756 -61.10140136 -8.232182774
12.05377173 -44.99801987 -19.50341235
13.21641862 -58.02481193 -7.973217629
0 -55.21777934 -15.26181885
16.51788277 -50.23723754 -14.47953311
-7.359786842 -39.5279272 -24.42960251
7.180210085 -38.56345674 -23.83352699
-3.504650916 -33.69831853 -26.78917448
-4.258495746 -47.22744153 -20.67117257
3.466224276 -33.32883433 -26.49544539
4.184783897 -46.4099646 -20.31336774
-28.16969997 50.29460264 -7.629144538
-18.8090778 42.32417132 -19.23914277
-21.03242464 54.26801869 -7.729785341
-3.081199641 23.39379312 -29.78526701
-10.1523793 32.48658859 -25.98513043
-5.087768756 61.10140136 -8.232182774
-12.05377173 44.99801987 -19.50341235
-13.21641862 58.02481193 -7.973217629
-16.51788277 50.23723754 -14.47953311
29.12252315 51.99578735 -7.887195767
19.64181549 44.19799699 -20.0909208
22.2882558 57.50832359 -8.191325342
3.103613522 23.56396895 -30.00193698
10.44503433 33.42305512 -26.7341843
0 28.20882262 -28.54491337
5.237517159 62.89980018 -8.474480781
12.56662454 46.91255428 -20.33322562
14.03281222 61.60907224 -8.465732581
0 55.21777934 -15.26181885
17.41016139 52.95100019 -15.26170224
-7.180210085 38.56345674 -23.83352699
7.359786842 39.5279272 -24.42960251
-3.466224276 33.32883433 -26.49544539
-4.184783897 46.4099646 -20.31336774
3.504650916 33.69831853 -26.78917448
4.258495746 47.22744153 -20.67117257
0 -14.09149892 -31.96767672
0 -4.598213298 -33.01323101
0 14.09149892 -31.96767672
0 4.598213298 -33.01323101
36.31165549 46.2324493 -4.782613033
40.9733233 32.77343656 -12.8045676
32.2726879 44.78047596 -12.03466169
42.1945831 6.400459618 -23.63292847
42.6868003 19.40398169 -18.97023197
22.19680085 37.05747496 -22.90277906
35.84992246 30.49576552 -18.84741961
27.23779345 41.34586638 -18.26787321
34.45145209 37.37279816 -15.75162294
36.46172879 -46.42352448 -4.802379208
42.92395802 -34.33369573 -13.41416018
31.99954876 -44.40147744 -11.93280661
42.95223496 -6.51538717 -24.05728465
44.86900065 -20.39593647 -19.94001294
21.44871447 -35.80854758 -22.13089949
36.66219687 -31.1867274 -19.27445753
26.58323318 -40.35227042 -17.82887202
34.83454951 -37.78838072 -15.92677974
4.721723611 -17.43439737 -31.1276332
14.10495104 -13.78965397 -31.02946796
8.030477908 -21.53488929 -29.88107453
4.566171462 -12.42436276 -32.05743333
35.40699392 -3.662751014 -27.80918131
24.20914114 -9.458501053 -30.26624825
36.91716337 -9.921412453 -26.60570407
15.96968535 -30.37614663 -25.83949368
18.28652014 -17.72283812 -29.58821112
11.85457246 -25.92794638 -28.12653308
22.80676459 -28.72429474 -25.06705998
13.17164946 -19.63921377 -29.81153044
4.447808444 -2.748896794 -33.01279094
13.82737382 -8.545786996 -31.90233743
4.491689619 -7.445432082 -32.68811382
9.235065953 -10.53512814 -32.04137857
37.71662046 -23.31015338 -22.59161786
24.70150363 -15.26636881 -29.03835908
37.71150776 -16.66210199 -24.84355388
30.25665084 -26.40431343 -24.02343797
30.55980242 -12.88012963 -28.17101262
23.90503787 -21.74952195 -27.39273589
4.761574561 17.58154222 -31.3903478
14.33543882 14.01498951 -31.53651782
8.164594135 21.89454138 -30.38011543
4.593225994 12.49797702 -32.24737338
35.28797788 3.65043915 -27.71570434
24.43067932 9.545055925 -30.5432151
36.47552821 9.802723902 -26.28742354
30.03473386 0 -29.6811018
16.51593823 31.41518134 -26.7233494
18.68088888 18.10505044 -30.22631315
12.16824992 26.61401183 -28.87077415
23.41988838 29.49650197 -25.74094824
13.4610941 20.07078198 -30.46663348
4.453582506 2.75246536 -33.05564753
13.96808278 8.632749918 -32.22697933
4.507565982 7.471748768 -32.8036535
9.089601416 0 -32.88648687
9.32312393 10.63558244 -32.34689874
36.75800603 22.71769709 -22.01742403
25.0344739 15.47215576 -29.42978911
36.92473166 16.31448015 -24.32524221
30.3707453 26.50388115 -24.11402768
30.59875999 12.89654919 -28.20692497
24.37570507 22.17774912 -27.93207251
19.47956381 -5.868512898 -31.51859634
19.62287484 5.91168751 -31.75047845
24.54818446 -3.211476978 -30.87935911
14.17687506 -2.92059688 -32.38991573
24.62383582 3.221373947 -30.97452157
14.22696168 2.930915291 -32.50434867
36.31165549 46.2324493 4.782613033
40.9733233 32.77343656 12.8045676
32.2726879 44.78047596 12.03466169
41.06246088 41.55169482 0
42.1945831 6.400459618 23.63292847
42.6868003 19.40398169 18.97023197
22.19680085 37.05747496 22.90277906
35.84992246 30.49576552 18.84741961
27.23779345 41.34586638 18.26787321
34.45145209 37.37279816 15.75162294
46.62880726 28.81818774 -8.681914445
46.62880726 28.81818774 8.681914445
44.54707303 35.413616 -4.632929686
44.54707303 35.413616 4.632929686
36.46172879 -46.42352448 4.802379208
42.92395802 -34.33369573 13.41416018
31.99954876 -44.40147744 11.93280661
42.35432839 -42.85895413 0
42.95223496 -6.51538717 24.05728465
44.86900065 -20.39593647 19.94001294
21.44871447 -35.80854758 22.13089949
36.66219687 -31.1867274 19.27445753
26.58323318 -40.35227042 17.82887202
34.83454951 -37.78838072 15.92677974
49.76246878 -30.75489707 -9.265377391
49.76246878 -30.75489707 9.265377391
46.96751455 -37.33779599 -4.884657456
46.96751455 -37.33779599 4.884657456
4.721723611 -17.43439737 31.1276332
14.10495104 -13.78965397 31.02946796
8.030477908 -21.53488929 29.88107453
4.566171462 -12.42436276 32.05743333
35.40699392 -3.662751014 27.80918131
24.20914114 -9.458501053 30.26624825
36.91716337 -9.921412453 26.60570407
15.96968535 -30.37614663 25.83949368
18.28652014 -17.72283812 29.58821112
11.85457246 -25.92794638 28.12653308
22.80676459 -28.72429474 25.06705998
13.17164946 -19.63921377 29.81153044
4.447808444 -2.748896794 33.01279094
13.82737382 -8.545786996 31.90233743
4.491689619 -7.445432082 32.68811382
9.235065953 -10.53512814 32.04137857
37.71662046 -23.31015338 22.59161786
24.70150363 -15.26636881 29.03835908
37.71150776 -16.66210199 24.84355388
30.25665084 -26.40431343 24.02343797
30.55980242 -12.88012963 28.17101262
23.90503787 -21.74952195 27.39273589
4.761574561 17.58154222 31.3903478
14.33543882 14.01498951 31.53651782
8.164594135 21.89454138 30.38011543
4.593225994 12.49797702 32.24737338
35.28797788 3.65043915 27.71570434
24.43067932 9.545055925 30.5432151
36.47552821 9.802723902 26.28742354
30.03473386 0 29.6811018
16.51593823 31.41518134 26.7233494
18.68088888 18.10505044 30.22631315
12.16824992 26.61401183 28.87077415
23.41988838 29.49650197 25.74094824
13.4610941 20.07078198 30.46663348
4.453582506 2.75246536 33.05564753
13.96808278 8.632749918 32.22697933
4.507565982 7.471748768 32.8036535
9.089601416 0 32.88648687
9.32312393 10.63558244 32.34689874
36.75800603 22.71769709 22.01742403
25.0344739 15.47215576 29.42978911
36.92473166 16.31448015 24.32524221
30.3707453 26.50388115 24.11402768
30.59875999 12.89654919 28.20692497
24.37570507 22.17774912 27.93207251
19.47956381 -5.868512898 31.51859634
19.62287484 5.91168751 31.75047845
24.54818446 -3.211476978 30.87935911
14.17687506 -2.92059688 32.38991573
24.62383582 3.221373947 30.97452157
14.22696168 2.930915291 32.50434867
47.26550901 0 -20.83485376
56.74426097 0 -7.903564946
48.14025457 6.856963699 -18.65751323
49.4752373 -7.047114917 -19.17490679
47.26550901 0 20.83485376
56.74426097 0 7.903564946
48.14025457 6.856963699 18.65751323
49.4752373 -7.047114917 19.17490679
47.92866593 20.7736371 -12.8388138
56.57923834 7.622912419 -4.711218968
48.34020686 13.93276502 -15.89414364
51.69752396 22.62770129 -4.661562827
53.32185006 7.326981351 -12.14521631
51.14489057 -22.16763968 -13.70035477
57.96387583 -7.809464423 -4.826514447
50.90310331 -14.67145102 -16.73681783
55.03550055 -24.08871395 -4.962547989
54.88442047 -7.541694911 -12.50112586
47.92866593 20.7736371 12.8388138
56.57923834 7.622912419 4.711218968
48.34020686 13.93276502 15.89414364
51.69752396 22.62770129 4.661562827
53.32185006 7.326981351 12.14521631
55.22568071 15.26400274 0
51.14489057 -22.16763968 13.70035477
57.96387583 -7.809464423 4.826514447
50.90310331 -14.67145102 16.73681783
55.03550055 -24.08871395 4.962547989
54.88442047 -7.541694911 12.50112586
57.73438754 -15.95739225 0
-36.46172879 46.42352448 -4.802379208
-42.92395802 34.33369573 -13.41416018
-31.99954876 44.40147744 -11.93280661
-42.95223496 6.51538717 -24.05728465
-44.86900065 20.39593647 -19.94001294
-21.44871447 35.80854758 -22.13089949
-36.66219687 31.1867274 -19.27445753
-26.58323318 40.35227042 -17.82887202
-34.83454951 37.78838072 -15.92677974
-36.31165549 -46.2324493 -4.782613033
-40.9733233 -32.77343656 -12.8045676
-32.2726879 -44.78047596 -12.03466169
-42.1945831 -6.400459618 -23.63292847
-42.6868003 -19.40398169 -18.97023197
-22.19680085 -37.05747496 -22.90277906
-35.84992246 -30.49576552 -18.84741961
-27.23779345 -41.34586638 -18.26787321
-34.45145209 -37.37279816 -15.75162294
-4.761574561 -17.58154222 -31.3903478
-14.33543882 -14.01498951 -31.53651782
-8.164594135 -21.89454138 -30.38011543
-4.593225994 -12.49797702 -32.24737338
-35.28797788 -3.65043915 -27.71570434
-24.43067932 -9.545055925 -30.5432151
-36.47552821 -9.802723902 -26.28742354
-16.51593823 -31.41518134 -26.7233494
-18.68088888 -18.10505044 -30.22631315
-12.16824992 -26.61401183 -28.87077415
-23.41988838 -29.49650197 -25.74094824
-13.4610941 -20.07078198 -30.46663348
-4.453582506 -2.75246536 -33.05564753
-13.96808278 -8.632749918 -32.22697933
-4.507565982 -7.471748768 -32.8036535
-9.32312393 -10.63558244 -32.34689874
-36.75800603 -22.71769709 -22.01742403
-25.0344739 -15.47215576 -29.42978911
-36.92473166 -16.31448015 -24.32524221
-30.3707453 -26.50388115 -24.11402768
-30.59875999 -12.89654919 -28.20692497
-24.37570507 -22.17774912 -27.93207251
-4.721723611 17.43439737 -31.1276332
-14.10495104 13.78965397 -31.02946796
-8.030477908 21.53488929 -29.88107453
-4.566171462 12.42436276 -32.05743333
-35.40699392 3.662751014 -27.80918131
-24.20914114 9.458501053 -30.26624825
-36.91716337 9.921412453 -26.60570407
-30.03473386 0 -29.6811018
-15.96968535 30.37614663 -25.83949368
-18.28652014 17.72283812 -29.58821112
-11.85457246 25.92794638 -28.12653308
-22.80676459 28.72429474 -25.06705998
-13.17164946 19.63921377 -29.81153044
-4.447808444 2.748896794 -33.01279094
-13.82737382 8.545786996 -31.90233743
-4.491689619 7.445432082 -32.68811382
-9.089601416 0 -32.88648687
-9.235065953 10.53512814 -32.04137857
-37.71662046 23.31015338 -22.59161786
-24.70150363 15.26636881 -29.03835908
-37.71150776 16.66210199 -24.84355388
-30.25665084 26.40431343 -24.02343797
-30.55980242 12.88012963 -28.17101262
-23.90503787 21.74952195 -27.39273589
-19.62287484 -5.91168751 -31.75047845
-19.47956381 5.868512898 -31.51859634
-24.62383582 -3.221373947 -30.97452157
-14.22696168 -2.930915291 -32.50434867
-24.54818446 3.211476978 -30.87935911
-14.17687506 2.92059688 -32.38991573
-36.46172879 46.42352448 4.802379208
-42.92395802 34.33369573 13.41416018
-31.99954876 44.40147744 11.93280661
-42.35432839 42.85895413 0
-42.95223496 6.51538717 24.05728465
-44.86900065 20.39593647 19.94001294
-21.44871447 35.80854758 22.13089949
-36.66219687 31.1867274 19.27445753
-26.58323318 40.35227042 17.82887202
-34.83454951 37.78838072 15.92677974
-49.76246878 30.75489707 -9.265377391
-49.76246878 30.75489707 9.265377391
-46.96751455 37.33779599 -4.884657456
-46.96751455 37.33779599 4.884657456
-36.31165549 -46.2324493 4.782613033
-40.9733233 -32.77343656 12.8045676
-32.2726879 -44.78047596 12.03466169
-41.06246088 -41.55169482 0
-42.1945831 -6.400459618 23.63292847
-42.6868003 -19.40398169 18.97023197
-22.19680085 -37.05747496 22.90277906
-35.84992246 -30.49576552 18.84741961
-27.23779345 -41.34586638 18.26787321
-34.45145209 -37.37279816 15.75162294
-46.62880726 -28.81818774 -8.681914445
-46.62880726 -28.81818774 8.681914445
-44.54707303 -35.413616 -4.632929686
-44.54707303 -35.413616 4.632929686
-4.761574561 -17.58154222 31.3903478
-14.33543882 -14.01498951 31.53651782
-8.164594135 -21.89454138 30.38011543
-4.593225994 -12.49797702 32.24737338
-35.28797788 -3.65043915 27.71570434
-24.43067932 -9.545055925 30.5432151
-36.47552821 -9.802723902 26.28742354
-16.51593823 -31.41518134 26.7233494
-18.68088888 -18.10505044 30.22631315
-12.16824992 -26.61401183 28.87077415
-23.41988838 -29.49650197 25.74094824
-13.4610941 -20.07078198 30.46663348
-4.453582506 -2.75246536 33.05564753
-13.96808278 -8.632749918 32.22697933
-4.507565982 -7.471748768 32.8036535
-9.32312393 -10.63558244 32.34689874
-36.75800603 -22.71769709 22.01742403
-25.0344739 -15.47215576 29.42978911
-36.92473166 -16.31448015 24.32524221
-30.3707453 -26.50388115 24.11402768
-30.59875999 -12.89654919 28.20692497
-24.37570507 -22.17774912 27.93207251
-4.721723611 17.43439737 31.1276332
-14.10495104 13.78965397 31.02946796
-8.030477908 21.53488929 29.88107453
-4.566171462 12.42436276 32.05743333
-35.40699392 3.662751014 27.80918131
-24.20914114 9.458501053 30.26624825
-36.91716337 9.921412453 26.60570407
-30.03473386 0 29.6811018
-15.96968535 30.37614663 25.83949368
-18.28652014 17.72283812 29.58821112
-11.85457246 25.92794638 28.12653308
-22.80676459 28.72429474 25.06705998
-13.17164946 19.63921377 29.81153044
-4.447808444 2.748896794 33.01279094
-13.82737382 8.545786996 31.90233743
-4.491689619 7.445432082 32.68811382
-9.089601416 0 32.88648687
-9.235065953 10.53512814 32.04137857
-37.71662046 23.31015338 22.59161786
-24.70150363 15.26636881 29.03835908
-37.71150776 16.66210199 24.84355388
-30.25665084 26.40431343 24.02343797
-30.55980242 12.88012963 28.17101262
-23.90503787 21.74952195 27.39273589
-19.62287484 -5.91168751 31.75047845
-19.47956381 5.868512898 31.51859634
-24.62383582 -3.221373947 30.97452157
-14.22696168 -2.930915291 32.50434867
-24.54818446 3.211476978 30.87935911
-14.17687506 2.92059688 32.38991573
-47.26550901 0 -20.83485376
-56.74426097 0 -7.903564946
-49.4752373 7.047114917 -19.17490679
-48.14025457 -6.856963699 -18.65751323
-47.26550901 0 20.83485376
-56.74426097 0 7.903564946
-49.4752373 7.047114917 19.17490679
-48.14025457 -6.856963699 18.65751323
-51.14489057 22.16763968 -13.70035477
-57.96387583 7.809464423 -4.826514447
-50.90310331 14.67145102 -16.73681783
-55.03550055 24.08871395 -4.962547989
-54.88442047 7.541694911 -12.50112586
-47.92866593 -20.7736371 -12.8388138
-56.57923834 -7.622912419 -4.711218968
-48.34020686 -13.93276502 -15.89414364
-51.69752396 -22.62770129 -4.661562827
-53.32185006 -7.326981351 -12.14521631
-51.14489057 22.16763968 13.70035477
-57.96387583 7.809464423 4.826514447
-50.90310331 14.67145102 16.73681783
-55.03550055 24.08871395 4.962547989
-54.88442047 7.541694911 12.50112586
-57.73438754 15.95739225 0
-47.92866593 -20.7736371 12.8388138
-56.57923834 -7.622912419 4.711218968
-48.34020686 -13.93276502 15.89414364
-51.69752396 -22.62770129 4.661562827
-53.32185006 -7.326981351 12.14521631
-55.22568071 -15.26400274 0
-27.85606079 52.93940647 0
-20.57127102 57.06569969 0
-4.456995049 64.30759012 0
-12.83930476 60.95822506 0
29.020893 55.15312673 0
21.96330572 60.92727122 0
4.583265447 66.12947794 0
13.70002971 65.04475981 0
-29.020893 -55.15312673 0
-21.96330572 -60.92727122 0
-4.583265447 -66.12947794 0
-13.70002971 -65.04475981 0
27.85606079 -52.93940647 0
20.57127102 -57.06569969 0
4.456995049 -64.30759012 0
12.83930476 -60.95822506 0
-30.91066211 -52.49569238 4.014650525
-26.96293189 -50.72369603 11.48279209
-27.70264007 -55.54191458 4.093950429
-17.1967183 -41.55356207 22.21348278
-22.12601326 -46.67887775 17.60135602
-20.437542 -61.04585151 4.260858451
-23.63000588 -53.30799028 11.68042152
-24.20189145 -58.45145494 4.183791167
-25.83403804 -54.8531616 8.058459348
-1.514800945 -21.32238418 30.53454197
-4.778846906 -25.88876304 29.37771489
-12.5773333 -36.10507116 25.49134624
-8.438660699 -30.81802799 27.77191622
-2.693147273 -65.08970051 4.357603825
-7.507229341 -59.47880946 12.14695223
-7.265725482 -65.27191111 4.390923486
-13.78560032 -42.79003967 22.30556987
-11.14093645 -51.16037315 18.02641384
-16.1661957 -45.70036766 20.27772734
-16.17937478 -63.2351622 4.354622732
-11.74103131 -58.84524528 12.14248338
-11.83065336 -64.65395632 4.387480009
-18.30292507 -59.83494286 8.368987853
-9.688145219 -62.61228885 8.518750172
-21.10804398 -51.07732727 15.0447102
-13.51551842 -54.42423482 15.35840399
-18.64195132 -48.51820173 17.85357371
-19.91617445 -55.58358713 11.95107931
-14.94894953 -50.03650252 18.00372429
-15.91817654 -57.47895928 12.11703467
30.02093232 -50.98466097 3.899093176
25.98308397 -48.88036875 11.06550104
26.48406635 -53.09875692 3.913867218
16.49143304 -39.8493349 21.30244606
21.20057781 -44.72650217 16.86516742
19.13242514 -57.14753684 3.988765154
22.50500515 -50.77005065 11.12432843
22.83914298 -55.16019852 3.948212265
24.63658855 -52.31062876 7.684936712
1.50984553 -21.25263161 30.43465338
4.722423875 -25.58309882 29.03085721
0 -23.50372063 29.92522808
12.15822201 -34.90195104 24.64190458
8.249424677 -30.12693716 27.14913411
-3.254407935 -28.29867577 28.63583707
3.225631888 -28.04845391 28.38263397
-1.590510296 -25.86338274 29.32692137
1.584042885 -25.75821578 29.20767081
2.649257329 -64.02894036 4.286588404
7.236675372 -57.33524528 11.70918672
6.973257172 -62.64451132 4.214175001
0 -62.33926481 8.398959934
13.2391651 -41.09392311 21.42141911
10.68383591 -49.06131851 17.28680963
15.45546191 -43.69118777 19.38623337
15.13299833 -59.1455243 4.072994132
11.16167397 -55.94154594 11.54331652
11.15651661 -60.96983115 4.137471712
17.18630088 -56.18453484 7.858412946
9.230872014 -59.65703567 8.116671538
-4.718055983 -55.61182896 15.37073149
4.613312435 -54.37721448 15.02949244
-2.500456933 -59.33389425 12.14545361
2.467500343 -58.55186006 11.98537378
20.09681545 -48.63035251 14.32395937
12.85775021 -51.77553645 14.61094691
17.7702442 -46.24946594 17.01873153
18.82878107 -52.54880629 11.29856822
14.2517478 -47.70285787 17.16405139
15.03393143 -54.28603776 11.4439407
-11.09337861 -39.30623232 24.29258755
-3.657274695 -39.52981202 24.43076739
-8.968008038 -36.43599603 25.6624996
-9.858755471 -43.19623268 22.59253866
10.72706905 -38.00831856 23.49043273
3.609802343 -39.01670504 24.11364984
8.727469239 -35.45871426 24.97418322
9.535356458 -41.77925677 21.85143045
-5.079689766 -30.96982694 27.78249009
-1.815658286 -36.49258256 25.64263874
-6.955284165 -33.6336824 26.81907045
-1.690137863 -30.89235314 27.73481933
-5.359639494 -36.55526299 25.70668221
-6.745318751 -51.36596614 18.25527544
-2.016226861 -43.19400144 22.66290728
-8.409684021 -47.26153736 20.58651843
-2.249394564 -51.28253827 18.19798429
-5.899401171 -43.31831576 22.70397401
5.006024658 -30.52070588 27.37959144
1.804449125 -36.26729168 25.48433115
6.81273864 -32.9443747 26.26942527
1.681656282 -30.73732674 27.59563831
5.266381941 -35.9192026 25.25938677
0 -33.56672987 26.68456536
6.555543152 -49.92081472 17.74167394
2.000413409 -42.85522693 22.48516002
8.146266246 -45.78115724 19.94168387
2.226616374 -50.76323258 18.01370487
5.771465516 -42.37890566 22.21161086
0 -46.95578801 20.55227143
-30.02093232 50.98466097 3.899093176
-25.98308397 48.88036875 11.06550104
-26.48406635 53.09875692 3.913867218
-16.49143304 39.8493349 21.30244606
-21.20057781 44.72650217 16.86516742
-19.13242514 57.14753684 3.988765154
-22.50500515 50.77005065 11.12432843
-22.83914298 55.16019852 3.948212265
-24.63658855 52.31062876 7.684936712
-1.50984553 21.25263161 30.43465338
-4.722423875 25.58309882 29.03085721
-12.15822201 34.90195104 24.64190458
-8.249424677 30.12693716 27.14913411
-2.649257329 64.02894036 4.286588404
-7.236675372 57.33524528 11.70918672
-6.973257172 62.64451132 4.214175001
-13.2391651 41.09392311 21.42141911
-10.68383591 49.06131851 17.28680963
-15.45546191 43.69118777 19.38623337
-15.13299833 59.1455243 4.072994132
-11.16167397 55.94154594 11.54331652
-11.15651661 60.96983115 4.137471712
-17.18630088 56.18453484 7.858412946
-9.230872014 59.65703567 8.116671538
-20.09681545 48.63035251 14.32395937
-12.85775021 51.77553645 14.61094691
-17.7702442 46.24946594 17.01873153
-18.82878107 52.54880629 11.29856822
-14.2517478 47.70285787 17.16405139
-15.03393143 54.28603776 11.4439407
30.91066211 52.49569238 4.014650525
26.96293189 50.72369603 11.48279209
27.70264007 55.54191458 4.093950429
17.1967183 41.55356207 22.21348278
22.12601326 46.67887775 17.60135602
20.437542 61.04585151 4.260858451
23.63000588 53.30799028 11.68042152
24.20189145 58.45145494 4.183791167
25.83403804 54.8531616 8.058459348
1.514800945 21.32238418 30.53454197
4.778846906 25.88876304 29.37771489
0 23.50372063 29.92522808
12.5773333 36.10507116 25.49134624
8.438660699 30.81802799 27.77191622
-3.225631888 28.04845391 28.38263397
3.254407935 28.29867577 28.63583707
-1.584042885 25.75821578 29.20767081
1.590510296 25.86338274 29.32692137
2.693147273 65.08970051 4.357603825
7.507229341 59.47880946 12.14695223
7.265725482 65.27191111 4.390923486
0 62.33926481 8.398959934
13.78560032 42.79003967 22.30556987
11.14093645 51.16037315 18.02641384
16.1661957 45.70036766 20.27772734
16.17937478 63.2351622 4.354622732
11.74103131 58.84524528 12.14248338
11.83065336 64.65395632 4.387480009
18.30292507 59.83494286 8.368987853
9.688145219 62.61228885 8.518750172
-4.613312435 54.37721448 15.02949244
4.718055983 55.61182896 15.37073149
-2.467500343 58.55186006 11.98537378
2.500456933 59.33389425 12.14545361
21.10804398 51.07732727 15.0447102
13.51551842 54.42423482 15.35840399
18.64195132 48.51820173 17.85357371
19.91617445 55.58358713 11.95107931
14.94894953 50.03650252 18.00372429
15.91817654 57.47895928 12.11703467
-10.72706905 38.00831856 23.49043273
-3.609802343 39.01670504 24.11364984
-8.727469239 35.45871426 24.97418322
-9.535356458 41.77925677 21.85143045
11.09337861 39.30623232 24.29258755
3.657274695 39.52981202 24.43076739
8.968008038 36.43599603 25.6624996
9.858755471 43.19623268 22.59253866
-5.006024658 30.52070588 27.37959144
-1.804449125 36.26729168 25.48433115
-6.81273864 32.9443747 26.26942527
-1.681656282 30.73732674 27.59563831
-5.266381941 35.9192026 25.25938677
-6.555543152 49.92081472 17.74167394
-2.000413409 42.85522693 22.48516002
-8.146266246 45.78115724 19.94168387
-2.226616374 50.76323258 18.01370487
-5.771465516 42.37890566 22.21161086
5.079689766 30.96982694 27.78249009
1.815658286 36.49258256 25.64263874
6.955284165 33.6336824 26.81907045
1.690137863 30.89235314 27.73481933
5.359639494 36.55526299 25.70668221
0 33.56672987 26.68456536
6.745318751 51.36596614 18.25527544
2.016226861 43.19400144 22.66290728
8.409684021 47.26153736 20.58651843
2.249394564 51.28253827 18.19798429
5.899401171 43.31831576 22.70397401
0 46.95578801 20.55227143
0 -16.58623707 31.52152605
0 -11.65635292 32.33528618
0 -2.294605403 33.10763017
0 -6.919980979 32.85456384
0 16.58623707 31.52152605
0 11.65635292 32.33528618
0 2.294605403 33.10763017
0 6.919980979 32.85456384
-30.91066211 -52.49569238 -4.014650525
-26.96293189 -50.72369603 -11.48279209
-27.70264007 -55.54191458 -4.093950429
-17.1967183 -41.55356207 -22.21348278
-22.12601326 -46.67887775 -17.60135602
-20.437542 -61.04585151 -4.260858451
-23.63000588 -53.30799028 -11.68042152
-24.20189145 -58.45145494 -4.183791167
-25.83403804 -54.8531616 -8.058459348
-1.514800945 -21.32238418 -30.53454197
-4.778846906 -25.88876304 -29.37771489
-12.5773333 -36.10507116 -25.49134624
-8.438660699 -30.81802799 -27.77191622
-2.693147273 -65.08970051 -4.357603825
-7.507229341 -59.47880946 -12.14695223
-7.265725482 -65.27191111 -4.390923486
-13.78560032 -42.79003967 -22.30556987
-11.14093645 -51.16037315 -18.02641384
-16.1661957 -45.70036766 -20.27772734
-16.17937478 -63.2351622 -4.354622732
-11.74103131 -58.84524528 -12.14248338
-11.83065336 -64.65395632 -4.387480009
-18.30292507 -59.83494286 -8.368987853
-9.688145219 -62.61228885 -8.518750172
-21.10804398 -51.07732727 -15.0447102
-13.51551842 -54.42423482 -15.35840399
-18.64195132 -48.51820173 -17.85357371
-19.91617445 -55.58358713 -11.95107931
-14.94894953 -50.03650252 -18.00372429
-15.91817654 -57.47895928 -12.11703467
30.02093232 -50.98466097 -3.899093176
25.98308397 -48.88036875 -11.06550104
26.48406635 -53.09875692 -3.913867218
16.49143304 -39.8493349 -21.30244606
21.20057781 -44.72650217 -16.86516742
19.13242514 -57.14753684 -3.988765154
22.50500515 -50.77005065 -11.12432843
22.83914298 -55.16019852 -3.948212265
24.63658855 -52.31062876 -7.684936712
1.50984553 -21.25263161 -30.43465338
4.722423875 -25.58309882 -29.03085721
0 -23.50372063 -29.92522808
12.15822201 -34.90195104 -24.64190458
8.249424677 -30.12693716 -27.14913411
-3.254407935 -28.29867577 -28.63583707
3.225631888 -28.04845391 -28.38263397
-1.590510296 -25.86338274 -29.32692137
1.584042885 -25.75821578 -29.20767081
2.649257329 -64.02894036 -4.286588404
7.236675372 -57.33524528 -11.70918672
6.973257172 -62.64451132 -4.214175001
0 -62.33926481 -8.398959934
13.2391651 -41.09392311 -21.42141911
10.68383591 -49.06131851 -17.28680963
15.45546191 -43.69118777 -19.38623337
15.13299833 -59.1455243 -4.072994132
11.16167397 -55.94154594 -11.54331652
11.15651661 -60.96983115 -4.137471712
17.18630088 -56.18453484 -7.858412946
9.230872014 -59.65703567 -8.116671538
-4.718055983 -55.61182896 -15.37073149
4.613312435 -54.37721448 -15.02949244
-2.500456933 -59.33389425 -12.14545361
2.467500343 -58.55186006 -11.98537378
20.09681545 -48.63035251 -14.32395937
12.85775021 -51.77553645 -14.61094691
17.7702442 -46.24946594 -17.01873153
18.82878107 -52.54880629 -11.29856822
14.2517478 -47.70285787 -17.16405139
15.03393143 -54.28603776 -11.4439407
-11.09337861 -39.30623232 -24.29258755
-3.657274695 -39.52981202 -24.43076739
-8.968008038 -36.43599603 -25.6624996
-9.858755471 -43.19623268 -22.59253866
10.72706905 -38.00831856 -23.49043273
3.609802343 -39.01670504 -24.11364984
8.727469239 -35.45871426 -24.97418322
9.535356458 -41.77925677 -21.85143045
-5.079689766 -30.96982694 -27.78249009
-1.815658286 -36.49258256 -25.64263874
-6.955284165 -33.6336824 -26.81907045
-1.690137863 -30.89235314 -27.73481933
-5.359639494 -36.55526299 -25.70668221
-6.745318751 -51.36596614 -18.25527544
-2.016226861 -43.19400144 -22.66290728
-8.409684021 -47.26153736 -20.58651843
-2.249394564 -51.28253827 -18.19798429
-5.899401171 -43.31831576 -22.70397401
5.006024658 -30.52070588 -27.37959144
1.804449125 -36.26729168 -25.48433115
6.81273864 -32.9443747 -26.26942527
1.681656282 -30.73732674 -27.59563831
5.266381941 -35.9192026 -25.25938677
0 -33.56672987 -26.68456536
6.555543152 -49.92081472 -17.74167394
2.000413409 -42.85522693 -22.48516002
8.146266246 -45.78115724 -19.94168387
2.226616374 -50.76323258 -18.01370487
5.771465516 -42.37890566 -22.21161086
0 -46.95578801 -20.55227143
-30.02093232 50.98466097 -3.899093176
-25.98308397 48.88036875 -11.06550104
-26.48406635 53.09875692 -3.913867218
-16.49143304 39.8493349 -21.30244606
-21.20057781 44.72650217 -16.86516742
-19.13242514 57.14753684 -3.988765154
-22.50500515 50.77005065 -11.12432843
-22.83914298 55.16019852 -3.948212265
-24.63658855 52.31062876 -7.684936712
-1.50984553 21.25263161 -30.43465338
-4.722423875 25.58309882 -29.03085721
-12.15822201 34.90195104 -24.64190458
-8.249424677 30.12693716 -27.14913411
-2.649257329 64.02894036 -4.286588404
-7.236675372 57.33524528 -11.70918672
-6.973257172 62.64451132 -4.214175001
-13.2391651 41.09392311 -21.42141911
-10.68383591 49.06131851 -17.28680963
-15.45546191 43.69118777 -19.38623337
-15.13299833 59.1455243 -4.072994132
-11.16167397 55.94154594 -11.54331652
-11.15651661 60.96983115 -4.137471712
-17.18630088 56.18453484 -7.858412946
-9.230872014 59.65703567 -8.116671538
-20.09681545 48.63035251 -14.32395937
-12.85775021 51.77553645 -14.61094691
-17.7702442 46.24946594 -17.01873153
-18.82878107 52.54880629 -11.29856822
-14.2517478 47.70285787 -17.16405139
-15.03393143 54.28603776 -11.4439407
30.91066211 52.49569238 -4.014650525
26.96293189 50.72369603 -11.48279209
27.70264007 55.54191458 -4.093950429
17.1967183 41.55356207 -22.21348278
22.12601326 46.67887775 -17.60135602
20.437542 61.04585151 -4.260858451
23.63000588 53.30799028 -11.68042152
24.20189145 58.45145494 -4.183791167
25.83403804 54.8531616 -8.058459348
1.514800945 21.32238418 -30.53454197
4.778846906 25.88876304 -29.37771489
0 23.50372063 -29.92522808
12.5773333 36.10507116 -25.49134624
8.438660699 30.81802799 -27.77191622
-3.225631888 28.04845391 -28.38263397
3.254407935 28.29867577 -28.63583707
-1.584042885 25.75821578 -29.20767081
1.590510296 25.86338274 -29.32692137
2.693147273 65.08970051 -4.357603825
7.507229341 59.47880946 -12.14695223
7.265725482 65.27191111 -4.390923486
0 62.33926481 -8.398959934
13.78560032 42.79003967 -22.30556987
11.14093645 51.16037315 -18.02641384
16.1661957 45.70036766 -20.27772734
16.17937478 63.2351622 -4.354622732
11.74103131 58.84524528 -12.14248338
11.83065336 64.65395632 -4.387480009
18.30292507 59.83494286 -8.368987853
9.688145219 62.61228885 -8.518750172
-4.613312435 54.37721448 -15.02949244
4.718055983 55.61182896 -15.37073149
-2.467500343 58.55186006 -11.98537378
2.500456933 59.33389425 -12.14545361
21.10804398 51.07732727 -15.0447102
13.51551842 54.42423482 -15.35840399
18.64195132 48.51820173 -17.85357371
19.91617445 55.58358713 -11.95107931
14.94894953 50.03650252 -18.00372429
15.91817654 57.47895928 -12.11703467
-10.72706905 38.00831856 -23.49043273
-3.609802343 39.01670504 -24.11364984
-8.727469239 35.45871426 -24.97418322
-9.535356458 41.77925677 -21.85143045
11.09337861 39.30623232 -24.29258755
3.657274695 39.52981202 -24.43076739
8.968008038 36.43599603 -25.6624996
9.858755471 43.19623268 -22.59253866
-5.006024658 30.52070588 -27.37959144
-1.804449125 36.26729168 -25.48433115
-6.81273864 32.9443747 -26.26942527
-1.681656282 30.73732674 -27.59563831
-5.266381941 35.9192026 -25.25938677
-6.555543152 49.92081472 -17.74167394
-2.000413409 42.85522693 -22.48516002
-8.146266246 45.78115724 -19.94168387
-2.226616374 50.76323258 -18.01370487
-5.771465516 42.37890566 -22.21161086
5.079689766 30.96982694 -27.78249009
1.815658286 36.49258256 -25.64263874
6.955284165 33.6336824 -26.81907045
1.690137863 30.89235314 -27.73481933
5.359639494 36.55526299 -25.70668221
0 33.56672987 -26.68456536
6.745318751 51.36596614 -18.25527544
2.016226861 43.19400144 -22.66290728
8.409684021 47.26153736 -20.58651843
2.249394564 51.28253827 -18.19798429
5.899401171 43.31831576 -22.70397401
0 46.95578801 -20.55227143
0 -16.58623707 -31.52152605
0 -11.65635292 -32.33528618
0 -2.294605403 -33.10763017
0 -6.919980979 -32.85456384
0 16.58623707 -31.52152605
0 11.65635292 -32.33528618
0 2.294605403 -33.10763017
0 6.919980979 -32.85456384
34.41665392 49.28608144 -2.44505396
37.87201696 42.97591643 -6.990854327
32.85847575 49.2472973 -6.340805438
41.61290811 29.380057 -14.4960084
40.15996311 36.19047693 -10.99669007
28.54163793 47.00386833 -13.42873568
35.80140389 42.30106254 -10.57444442
30.83219211 48.41063281 -10.05325807
34.47916872 45.79697738 -8.543848104
41.63913096 3.184386211 -24.5180709
42.5575262 9.634140712 -22.62208337
42.45857234 22.69727837 -17.57125193
42.78629471 16.13356709 -20.28091011
18.54482949 38.0846395 -23.53760166
25.76228464 35.76155364 -22.10185564
20.9968418 40.57001999 -21.57973108
39.02130244 28.34992933 -17.52121991
32.5874231 32.45655624 -20.05925491
38.47525154 31.71779823 -15.981518
26.01246464 45.07282515 -16.59426658
28.30120702 37.72896481 -19.77863441
23.51458052 42.94038591 -19.25597573
29.81635948 43.21753416 -15.33290304
24.72158511 39.27951425 -20.75819818
36.90545029 38.64352528 -12.5649472
31.87562922 35.88341204 -18.61471878
37.7749127 35.17084098 -14.32186594
33.45947567 41.04541134 -13.97579489
35.21609522 33.89774256 -17.36088289
30.92086203 39.48406058 -17.06531573
34.07068732 -48.79064287 -2.420475539
38.5397821 -43.7336743 -7.11411813
32.36425541 -48.50657469 -6.245434153
43.8068554 -30.92905464 -15.26027794
41.76037595 -37.63270196 -11.43491866
27.80259894 -45.78678011 -13.08102055
36.18596647 -42.75544152 -10.68803035
30.20756219 -47.42988094 -9.84958894
34.42616195 -45.72657111 -8.530713166
41.98745262 -3.211024392 -24.72317064
43.74471375 -9.902895335 -23.25315049
44.77134462 -23.93362791 -18.52838031
44.72164768 -16.86333692 -21.19827676
17.83712922 -36.63126891 -22.63936924
25.12850155 -34.88177654 -21.55812349
20.19664534 -39.02388336 -20.75732052
40.58996106 -29.48959814 -18.22557397
32.74387243 -32.61237729 -20.15555762
39.87595806 -32.87249704 -16.56333139
25.19252165 -43.65207754 -16.07119609
27.81152452 -37.07615824 -19.43641398
22.67286154 -41.4033082 -18.56669615
29.33005694 -42.51265949 -15.08282457
23.98074297 -38.10240852 -20.13612852
37.70567252 -39.48143425 -12.83739341
31.85926694 -35.86499251 -18.60516355
38.91428645 -36.23167026 -14.75384465
33.53193457 -41.13429814 -14.00606048
35.84310269 -34.50127733 -17.66998597
30.68071008 -39.17740114 -16.93277516
2.376569747 -18.29831612 -31.07609831
7.051327713 -16.55733792 -31.14829572
3.928714257 -20.35885873 -30.51324646
2.328664778 -15.75743607 -31.59259068
16.52928524 -12.79625824 -30.92044084
11.72728179 -14.74193193 -31.10080567
7.270552017 -24.61556928 -29.08446659
8.731530188 -18.55812633 -30.5624971
5.568741712 -22.47296332 -29.84972756
6.345105158 -19.45971145 -30.55432913
2.260242114 -10.84142871 -32.38277124
6.93410372 -14.02799646 -31.64638649
2.292506585 -13.26141609 -32.0284498
4.64735618 -14.89862654 -31.63410878
38.20146734 -1.895152673 -26.67622668
32.56005755 -5.296515773 -28.69316478
39.17638906 -5.044131849 -26.13902692
21.57153786 -10.64331475 -30.55318861
26.92829205 -8.182320514 -29.88187244
40.64432385 -11.61185028 -24.68000223
33.2566097 -8.313506798 -28.1466527
39.9984073 -8.306322141 -25.47453951
36.22557631 -6.758215043 -27.27314834
15.17526154 -33.7966462 -24.55408896
16.66893678 -27.07965464 -26.97090627
13.06450021 -31.45257741 -25.92852456
18.63571345 -33.06386408 -24.1467766
18.68358673 -14.72044328 -30.23067837
17.82097086 -20.77241529 -28.83493657
16.15567424 -15.71929395 -30.37276157
9.155819317 -26.8922447 -28.15874429
14.55757326 -24.92822014 -28.06249215
11.0470223 -29.13728593 -27.12866231
9.89900801 -23.69923288 -29.07232533
13.86288283 -28.12049392 -27.06777278
25.78692206 -31.25754305 -23.17392237
19.9717278 -26.26221426 -26.64692824
22.18923058 -32.21642007 -23.68748352
19.34893617 -29.59175427 -25.48358837
11.24071683 -17.62046836 -30.53168165
15.18310902 -21.72547927 -28.96271676
13.66468556 -16.68673421 -30.47193659
10.59475829 -20.60256436 -29.86253333
15.70554538 -18.70422344 -29.71867733
12.54733121 -22.73466857 -29.03078931
2.216481255 -1.369860751 -33.10766809
6.709000353 -4.146390249 -32.85131496
2.22190636 -3.676621036 -33.0290598
16.36570152 -10.11455979 -31.39525334
11.3827848 -7.034947892 -32.30523402
13.98169217 -11.14675072 -31.51085237
2.250114512 -8.360183699 -32.67478377
6.74128725 -6.51840832 -32.66981633
2.231576632 -6.017351539 -32.88453915
4.533335103 -9.914376048 -32.41154744
4.474027167 -5.088190642 -32.883824
9.317520196 -13.07267627 -31.63331311
9.134305157 -8.038261642 -32.36843941
11.6237711 -12.13705326 -31.58832402
6.894450401 -11.48942898 -32.06557958
11.51048628 -9.5574491 -31.99029638
6.831736335 -8.974867863 -32.40735917
41.1350124 -25.42283579 -20.03016968
34.29960985 -21.19832469 -24.70911418
41.34239126 -21.99056559 -21.39657927
37.31331945 -27.25018427 -21.0308247
21.78845335 -13.46600474 -29.9899805
27.76136927 -17.15746978 -27.87330484
24.49186046 -12.34061412 -29.70983309
21.43901601 -16.54595003 -29.35616307
41.089151 -15.12761454 -23.71340345
34.31311166 -17.98794359 -25.73891125
41.32707612 -18.53251101 -22.6311161
37.39759485 -13.26807989 -25.80110488
37.79941439 -19.97600403 -23.79004572
29.65935985 -30.09383846 -22.55516827
30.69132558 -22.75413635 -25.31980263
33.4387102 -28.79647886 -21.86431609
26.47462704 -27.63587772 -24.59568398
33.95880768 -24.96859351 -23.38930931
30.19146951 -9.816760181 -28.83354376
30.81967182 -15.98787549 -27.37745313
27.31037937 -11.12101903 -29.33245744
33.72569725 -11.48346214 -27.49257735
27.58819775 -14.12942085 -28.66115928
34.07894967 -14.72918508 -26.68799727
20.54615945 -22.862863 -27.7131533
27.37744986 -20.51924979 -26.98218901
21.02372741 -19.69395926 -28.59354955
23.41300096 -25.20159507 -26.30700703
24.35361541 -18.49098106 -28.27962029
27.00647443 -24.03552068 -25.87167108
2.387267064 18.38067974 -31.21597675
7.133757407 16.75089244 -31.51241785
3.96072987 20.52476576 -30.76190294
2.337601281 15.81790694 -31.71383067
16.79321602 13.00058204 -31.41416189
11.91162375 14.97366138 -31.5896814
7.39601942 25.04035842 -29.58637518
8.868099208 18.84839219 -31.04052217
5.638121841 22.75295064 -30.2216209
6.423421392 19.69989838 -30.93145447
2.266131186 10.8696761 -32.4671447
7.002337436 14.16603627 -31.95779668
2.299861974 13.30396466 -32.13121142
4.680676602 15.0054461 -31.8609177
38.08321096 1.889286043 -26.5936478
32.51231933 5.288750239 -28.65109604
38.8144736 4.997533647 -25.89755194
35.44683572 0 -27.84047366
21.8362937 10.77394427 -30.92817972
27.0763303 8.227302812 -30.046148
39.69635798 11.34102187 -24.10437942
33.1417702 8.284799153 -28.04945856
39.34804527 8.17126385 -25.06033119
35.95985264 6.708641845 -27.07309297
29.95072652 -3.403842598 -29.59808358
29.97360555 3.406442755 -29.62069322
32.69807337 -1.773340669 -28.83639832
32.68009266 1.772365507 -28.82054116
15.73555774 35.04447527 -25.46066726
17.19010334 27.92631996 -27.81417148
13.49421563 32.48711048 -26.78136137
19.30885521 34.25816596 -25.01898381
19.02213786 14.98718129 -30.77846559
18.26502165 21.29000815 -29.55342584
16.46758397 16.02277869 -30.95915367
9.363413092 27.50198397 -28.79719945
14.97020204 25.63480089 -28.85791263
11.3555287 29.95099293 -27.88627516
10.11255914 24.21049603 -29.69950212
14.28984551 28.9865765 -27.90143263
26.32811113 31.91354381 -23.66027253
20.55224111 27.02557159 -27.42146795
22.8701234 33.20500455 -24.41435133
19.97891399 30.55522579 -26.313303
11.44383021 17.93886022 -31.08337182
15.57026028 22.27945319 -29.70123165
13.92800595 17.00828989 -31.05913504
10.80676575 21.01483401 -30.46010051
16.05906762 19.12524408 -30.3876266
12.85348864 23.2893991 -29.73914647
2.217207003 1.370309288 -33.11850861
6.728283632 4.158307971 -32.94573754
2.223861807 3.679856743 -33.05812789
4.456775743 0 -33.07934857
16.57374479 10.2431376 -31.79435454
11.46800045 7.087614063 -32.54708272
14.16716648 11.29461808 -31.92885998
2.254642849 8.3770085 -32.7405415
6.771828025 6.547939363 -32.81782389
2.234796297 6.026033229 -32.93198417
4.554759519 9.961231115 -32.56472352
4.484825213 5.100470969 -32.96318897
9.065380142 -2.782624304 -32.79885347
9.088040611 2.78957995 -32.88083982
6.749558576 -1.389571858 -32.9734572
6.756093506 1.390917243 -33.00538213
9.427843014 13.2274615 -32.007863
9.200471468 8.096488525 -32.60290718
11.7745386 12.29447835 -31.99804411
6.950127417 11.58221334 -32.32452927
11.62799339 9.655018234 -32.31687573
6.874712164 9.03132531 -32.61122142
39.49460821 24.40901024 -19.23139577
33.91268705 20.95919325 -24.43037865
39.75034225 21.14373363 -20.57262106
36.38091895 26.56924551 -20.50529784
22.11813729 13.66976061 -30.44376282
28.00527183 17.30820985 -28.11819083
24.77104227 12.48128432 -30.04849438
21.83664547 16.85282779 -29.90063186
39.8582516 14.67443964 -23.00302581
33.96228484 17.80402984 -25.47574944
39.8769969 17.88224461 -21.83703836
36.77423815 13.04692272 -25.3710427
36.90001113 19.50069288 -23.22398286
29.86794729 30.30548149 -22.71379357
30.74181552 22.79156892 -25.36145594
33.1515537 28.54918774 -21.67655525
26.92412293 28.10508974 -25.01327849
33.59493461 24.70105177 -23.1386898
30.24156595 9.833049047 -28.88138701
30.84456366 16.00078827 -27.39956483
27.49459861 11.19603468 -29.5303164
33.53216224 11.41756426 -27.33481112
27.80352878 14.23970362 -28.88486498
33.80244539 14.6096778 -26.47146051
21.06877763 23.44440954 -28.41807326
27.68294921 20.74821989 -27.28327772
21.48626944 20.12724511 -29.22263487
23.95460936 25.78457868 -26.91556191
24.75505508 18.79578236 -28.74577538
27.37698029 24.36526759 -26.2266084
19.27943729 -8.804088771 -31.19478482
19.61444715 -2.93627376 -31.73684217
21.80392895 -7.619593304 -30.95754042
16.6060069 -7.246399523 -31.75016977
19.49151552 8.900935766 -31.53793461
19.68668859 2.94708827 -31.85373126
21.99574585 7.68662557 -31.22988489
16.75857705 7.312976893 -32.04187916
27.09496544 -4.953984262 -30.20342626
22.07916195 -1.563341969 -31.42132323
24.42675646 -6.334859097 -30.63349158
27.26464241 -1.661485655 -30.36864785
21.97469978 -4.581550737 -31.24833159
11.56242069 -4.272310946 -32.5338783
16.8787009 -1.5016295 -32.16968688
14.02317594 -5.728529525 -32.19373183
11.59783563 -1.433571324 -32.68309501
16.77719903 -4.359387813 -32.01025534
27.18388392 4.970241922 -30.30254588
22.11892852 1.56615769 -31.47791589
24.57558198 6.373455652 -30.82013303
27.29397193 1.663272973 -30.40131646
22.0909034 4.605778271 -31.41357476
24.63741298 0 -30.99160039
11.61563428 4.291973352 -32.68360859
16.91100219 1.504503215 -32.23125101
14.11981241 5.768005949 -32.41558517
11.61576224 1.435787173 -32.73361278
16.87036225 4.383595346 -32.18800721
14.22472894 0 -32.49924754
34.41665392 49.28608144 2.44505396
37.87201696 42.97591643 6.990854327
32.85847575 49.2472973 6.340805438
36.80591989 46.86175285 0
41.61290811 29.380057 14.4960084
40.15996311 36.19047693 10.99669007
28.54163793 47.00386833 13.42873568
35.80140389 42.30106254 10.57444442
30.83219211 48.41063281 10.05325807
34.47916872 45.79697738 8.543848104
40.53961968 41.02262429 -4.662142534
40.53961968 41.02262429 4.662142534
38.85831424 44.06209111 -2.389654498
38.85831424 44.06209111 2.389654498
41.63913096 3.184386211 24.5180709
42.5575262 9.634140712 22.62208337
42.45857234 22.69727837 17.57125193
42.78629471 16.13356709 20.28091011
18.54482949 38.0846395 23.53760166
25.76228464 35.76155364 22.10185564
20.9968418 40.57001999 21.57973108
39.02130244 28.34992933 17.52121991
32.5874231 32.45655624 20.05925491
38.47525154 31.71779823 15.981518
26.01246464 45.07282515 16.59426658
28.30120702 37.72896481 19.77863441
23.51458052 42.94038591 19.25597573
29.81635948 43.21753416 15.33290304
24.72158511 39.27951425 20.75819818
36.90545029 38.64352528 12.5649472
31.87562922 35.88341204 18.61471878
37.7749127 35.17084098 14.32186594
33.45947567 41.04541134 13.97579489
35.21609522 33.89774256 17.36088289
30.92086203 39.48406058 17.06531573
44.52916044 27.52053464 -12.56744304
48.1248049 29.74276513 -4.452478325
43.88678326 30.91021738 -10.80187364
44.52916044 27.52053464 12.56744304
48.1248049 29.74276513 4.452478325
43.88678326 30.91021738 10.80187364
41.96948351 37.65008961 -6.883860096
46.80420456 32.88841799 -2.328704517
43.04015566 34.31967257 -8.900497709
42.99654335 38.60182991 -2.352364858
45.73375713 32.16125571 -6.705366913
41.96948351 37.65008961 6.883860096
46.80420456 32.88841799 2.328704517
43.04015566 34.31967257 8.900497709
42.99654335 38.60182991 2.352364858
45.73375713 32.16125571 6.705366913
45.11141704 35.86225292 0
34.07068732 -48.79064287 2.420475539
38.5397821 -43.7336743 7.11411813
32.36425541 -48.50657469 6.245434153
36.95651132 -47.05348773 0
43.8068554 -30.92905464 15.26027794
41.76037595 -37.63270196 11.43491866
27.80259894 -45.78678011 13.08102055
36.18596647 -42.75544152 10.68803035
30.20756219 -47.42988094 9.84958894
34.42616195 -45.72657111 8.530713166
41.81172287 -42.3098838 -4.808437107
41.81172287 -42.3098838 4.808437107
39.56658384 -44.86520983 -2.433210675
39.56658384 -44.86520983 2.433210675
41.98745262 -3.211024392 24.72317064
43.74471375 -9.902895335 23.25315049
44.77134462 -23.93362791 18.52838031
44.72164768 -16.86333692 21.19827676
17.83712922 -36.63126891 22.63936924
25.12850155 -34.88177654 21.55812349
20.19664534 -39.02388336 20.75732052
40.58996106 -29.48959814 18.22557397
32.74387243 -32.61237729 20.15555762
39.87595806 -32.87249704 16.56333139
25.19252165 -43.65207754 16.07119609
27.81152452 -37.07615824 19.43641398
22.67286154 -41.4033082 18.56669615
29.33005694 -42.51265949 15.08282457
23.98074297 -38.10240852 20.13612852
37.70567252 -39.48143425 12.83739341
31.85926694 -35.86499251 18.60516355
38.91428645 -36.23167026 14.75384465
33.53193457 -41.13429814 14.00606048
35.84310269 -34.50127733 17.66998597
30.68071008 -39.17740114 16.93277516
47.37663656 -29.28037167 -13.37108482
51.32570358 -31.72102931 -4.748623566
46.51862754 -32.76387064 -11.44965065
47.37663656 -29.28037167 13.37108482
51.32570358 -31.72102931 4.748623566
46.51862754 -32.76387064 11.44965065
43.79761497 -39.29007437 -7.183711326
49.68772701 -34.91461399 -2.472171793
45.32197585 -36.13916696 -9.372367177
44.88446868 -40.29678878 -2.455654305
48.57465834 -34.15905682 -7.121892608
43.79761497 -39.29007437 7.183711326
49.68772701 -34.91461399 2.472171793
45.32197585 -36.13916696 9.372367177
44.88446868 -40.29678878 2.455654305
48.57465834 -34.15905682 7.121892608
47.55188471 -37.80235312 0
2.376569747 -18.29831612 31.07609831
7.051327713 -16.55733792 31.14829572
3.928714257 -20.35885873 30.51324646
2.328664778 -15.75743607 31.59259068
16.52928524 -12.79625824 30.92044084
11.72728179 -14.74193193 31.10080567
7.270552017 -24.61556928 29.08446659
8.731530188 -18.55812633 30.5624971
5.568741712 -22.47296332 29.84972756
6.345105158 -19.45971145 30.55432913
2.260242114 -10.84142871 32.38277124
6.93410372 -14.02799646 31.64638649
2.292506585 -13.26141609 32.0284498
4.64735618 -14.89862654 31.63410878
38.20146734 -1.895152673 26.67622668
32.56005755 -5.296515773 28.69316478
39.17638906 -5.044131849 26.13902692
21.57153786 -10.64331475 30.55318861
26.92829205 -8.182320514 29.88187244
40.64432385 -11.61185028 24.68000223
33.2566097 -8.313506798 28.1466527
39.9984073 -8.306322141 25.47453951
36.22557631 -6.758215043 27.27314834
15.17526154 -33.7966462 24.55408896
16.66893678 -27.07965464 26.97090627
13.06450021 -31.45257741 25.92852456
18.63571345 -33.06386408 24.1467766
18.68358673 -14.72044328 30.23067837
17.82097086 -20.77241529 28.83493657
16.15567424 -15.71929395 30.37276157
9.155819317 -26.8922447 28.15874429
14.55757326 -24.92822014 28.06249215
11.0470223 -29.13728593 27.12866231
9.89900801 -23.69923288 29.07232533
13.86288283 -28.12049392 27.06777278
25.78692206 -31.25754305 23.17392237
19.9717278 -26.26221426 26.64692824
22.18923058 -32.21642007 23.68748352
19.34893617 -29.59175427 25.48358837
11.24071683 -17.62046836 30.53168165
15.18310902 -21.72547927 28.96271676
13.66468556 -16.68673421 30.47193659
10.59475829 -20.60256436 29.86253333
15.70554538 -18.70422344 29.71867733
12.54733121 -22.73466857 29.03078931
2.216481255 -1.369860751 33.10766809
6.709000353 -4.146390249 32.85131496
2.22190636 -3.676621036 33.0290598
16.36570152 -10.11455979 31.39525334
11.3827848 -7.034947892 32.30523402
13.98169217 -11.14675072 31.51085237
2.250114512 -8.360183699 32.67478377
6.74128725 -6.51840832 32.66981633
2.231576632 -6.017351539 32.88453915
4.533335103 -9.914376048 32.41154744
4.474027167 -5.088190642 32.883824
9.317520196 -13.07267627 31.63331311
9.134305157 -8.038261642 32.36843941
11.6237711 -12.13705326 31.58832402
6.894450401 -11.48942898 32.06557958
11.51048628 -9.5574491 31.99029638
6.831736335 -8.974867863 32.40735917
41.1350124 -25.42283579 20.03016968
34.29960985 -21.19832469 24.70911418
41.34239126 -21.99056559 21.39657927
37.31331945 -27.25018427 21.0308247
21.78845335 -13.46600474 29.9899805
27.76136927 -17.15746978 27.87330484
24.49186046 -12.34061412 29.70983309
21.43901601 -16.54595003 29.35616307
41.089151 -15.12761454 23.71340345
34.31311166 -17.98794359 25.73891125
41.32707612 -18.53251101 22.6311161
37.39759485 -13.26807989 25.80110488
37.79941439 -19.97600403 23.79004572
29.65935985 -30.09383846 22.55516827
30.69132558 -22.75413635 25.31980263
33.4387102 -28.79647886 21.86431609
26.47462704 -27.63587772 24.59568398
33.95880768 -24.96859351 23.38930931
30.19146951 -9.816760181 28.83354376
30.81967182 -15.98787549 27.37745313
27.31037937 -11.12101903 29.33245744
33.72569725 -11.48346214 27.49257735
27.58819775 -14.12942085 28.66115928
34.07894967 -14.72918508 26.68799727
20.54615945 -22.862863 27.7131533
27.37744986 -20.51924979 26.98218901
21.02372741 -19.69395926 28.59354955
23.41300096 -25.20159507 26.30700703
24.35361541 -18.49098106 28.27962029
27.00647443 -24.03552068 25.87167108
2.387267064 18.38067974 31.21597675
7.133757407 16.75089244 31.51241785
3.96072987 20.52476576 30.76190294
2.337601281 15.81790694 31.71383067
16.79321602 13.00058204 31.41416189
11.91162375 14.97366138 31.5896814
7.39601942 25.04035842 29.58637518
8.868099208 18.84839219 31.04052217
5.638121841 22.75295064 30.2216209
6.423421392 19.69989838 30.93145447
2.266131186 10.8696761 32.4671447
7.002337436 14.16603627 31.95779668
2.299861974 13.30396466 32.13121142
4.680676602 15.0054461 31.8609177
38.08321096 1.889286043 26.5936478
32.51231933 5.288750239 28.65109604
38.8144736 4.997533647 25.89755194
35.44683572 0 27.84047366
21.8362937 10.77394427 30.92817972
27.0763303 8.227302812 30.046148
39.69635798 11.34102187 24.10437942
33.1417702 8.284799153 28.04945856
39.34804527 8.17126385 25.06033119
35.95985264 6.708641845 27.07309297
29.95072652 -3.403842598 29.59808358
29.97360555 3.406442755 29.62069322
32.69807337 -1.773340669 28.83639832
32.68009266 1.772365507 28.82054116
15.73555774 35.04447527 25.46066726
17.19010334 27.92631996 27.81417148
13.49421563 32.48711048 26.78136137
19.30885521 34.25816596 25.01898381
19.02213786 14.98718129 30.77846559
18.26502165 21.29000815 29.55342584
16.46758397 16.02277869 30.95915367
9.363413092 27.50198397 28.79719945
14.97020204 25.63480089 28.85791263
11.3555287 29.95099293 27.88627516
10.11255914 24.21049603 29.69950212
14.28984551 28.9865765 27.90143263
26.32811113 31.91354381 23.66027253
20.55224111 27.02557159 27.42146795
22.8701234 33.20500455 24.41435133
19.97891399 30.55522579 26.313303
11.44383021 17.93886022 31.08337182
15.57026028 22.27945319 29.70123165
13.92800595 17.00828989 31.05913504
10.80676575 21.01483401 30.46010051
16.05906762 19.12524408 30.3876266
12.85348864 23.2893991 29.73914647
2.217207003 1.370309288 33.11850861
6.728283632 4.158307971 32.94573754
2.223861807 3.679856743 33.05812789
4.456775743 0 33.07934857
16.57374479 10.2431376 31.79435454
11.46800045 7.087614063 32.54708272
14.16716648 11.29461808 31.92885998
2.254642849 8.3770085 32.7405415
6.771828025 6.547939363 32.81782389
2.234796297 6.026033229 32.93198417
4.554759519 9.961231115 32.56472352
4.484825213 5.100470969 32.96318897
9.065380142 -2.782624304 32.79885347
9.088040611 2.78957995 32.88083982
6.749558576 -1.389571858 32.9734572
6.756093506 1.390917243 33.00538213
9.427843014 13.2274615 32.007863
9.200471468 8.096488525 32.60290718
11.7745386 12.29447835 31.99804411
6.950127417 11.58221334 32.32452927
11.62799339 9.655018234 32.31687573
6.874712164 9.03132531 32.61122142
39.49460821 24.40901024 19.23139577
33.91268705 20.95919325 24.43037865
39.75034225 21.14373363 20.57262106
36.38091895 26.56924551 20.50529784
22.11813729 13.66976061 30.44376282
28.00527183 17.30820985 28.11819083
24.77104227 12.48128432 30.04849438
21.83664547 16.85282779 29.90063186
39.8582516 14.67443964 23.00302581
33.96228484 17.80402984 25.47574944
39.8769969 17.88224461 21.83703836
36.77423815 13.04692272 25.3710427
36.90001113 19.50069288 23.22398286
29.86794729 30.30548149 22.71379357
30.74181552 22.79156892 25.36145594
33.1515537 28.54918774 21.67655525
26.92412293 28.10508974 25.01327849
33.59493461 24.70105177 23.1386898
30.24156595 9.833049047 28.88138701
30.84456366 16.00078827 27.39956483
27.49459861 11.19603468 29.5303164
33.53216224 11.41756426 27.33481112
27.80352878 14.23970362 28.88486498
33.80244539 14.6096778 26.47146051
21.06877763 23.44440954 28.41807326
27.68294921 20.74821989 27.28327772
21.48626944 20.12724511 29.22263487
23.95460936 25.78457868 26.91556191
24.75505508 18.79578236 28.74577538
27.37698029 24.36526759 26.2266084
19.27943729 -8.804088771 31.19478482
19.61444715 -2.93627376 31.73684217
21.80392895 -7.619593304 30.95754042
16.6060069 -7.246399523 31.75016977
19.49151552 8.900935766 31.53793461
19.68668859 2.94708827 31.85373126
21.99574585 7.68662557 31.22988489
16.75857705 7.312976893 32.04187916
27.09496544 -4.953984262 30.20342626
22.07916195 -1.563341969 31.42132323
24.42675646 -6.334859097 30.63349158
27.26464241 -1.661485655 30.36864785
21.97469978 -4.581550737 31.24833159
11.56242069 -4.272310946 32.5338783
16.8787009 -1.5016295 32.16968688
14.02317594 -5.728529525 32.19373183
11.59783563 -1.433571324 32.68309501
16.77719903 -4.359387813 32.01025534
27.18388392 4.970241922 30.30254588
22.11892852 1.56615769 31.47791589
24.57558198 6.373455652 30.82013303
27.29397193 1.663272973 30.40131646
22.0909034 4.605778271 31.41357476
24.63741298 0 30.99160039
11.61563428 4.291973352 32.68360859
16.91100219 1.504503215 32.23125101
14.11981241 5.768005949 32.41558517
11.61576224 1.435787173 32.73361278
16.87036225 4.383595346 32.18800721
14.22472894 0 32.49924754
44.14411221 0 -23.22808575
50.16715357 0 -18.0844556
44.79776022 3.302007341 -22.34377832
45.3044511 -3.339355124 -22.59650053
57.86373093 0 -4.010387605
55.00534133 0 -11.58548072
45.50719402 9.971173279 -20.17212161
50.58889381 3.530987125 -16.93665689
45.24963335 6.647608273 -21.31109156
47.81742887 3.422637413 -19.79886085
47.12996945 -10.32674289 -20.89145454
51.34706117 -3.583905443 -17.19048376
46.31866431 -6.804659249 -21.81457004
48.47194968 -3.469486176 -20.06986594
44.14411221 0 23.22808575
50.16715357 0 18.0844556
44.79776022 3.302007341 22.34377832
45.3044511 -3.339355124 22.59650053
57.86373093 0 4.010387605
55.00534133 0 11.58548072
45.50719402 9.971173279 20.17212161
50.58889381 3.530987125 16.93665689
45.24963335 6.647608273 21.31109156
47.81742887 3.422637413 19.79886085
47.12996945 -10.32674289 20.89145454
51.34706117 -3.583905443 17.19048376
46.31866431 -6.804659249 21.81457004
48.47194968 -3.469486176 20.06986594
45.08268823 23.50068054 -14.52421933
50.58438176 17.82346264 -11.01550571
45.39412744 20.14184537 -16.05786529
47.42129883 24.80233717 -10.82305007
57.66846002 3.860769062 -2.386086503
54.99617487 11.2314943 -6.94144522
56.80273748 3.821191533 -6.322981665
45.62522105 13.43880476 -18.85492496
50.8305134 14.3442634 -12.62306659
45.57445402 16.77034278 -17.51088711
48.33461432 10.39247085 -17.31879248
48.2158636 17.34863691 -14.40501384
50.42746995 26.45814321 -2.353873594
52.52610895 18.66758592 -6.897667352
49.32656361 25.85301387 -6.717647766
50.13305901 21.83731637 -8.920640523
53.16753959 3.661326522 -13.60346869
53.25616522 10.98919884 -10.62587641
55.24293356 3.748838902 -10.10858476
50.88730241 7.117500167 -15.56592918
55.24195095 7.515974704 -8.547715677
50.96496947 10.74383234 -14.11419746
47.99597168 -25.01931544 -15.46278732
53.73232254 -18.93264304 -11.7010169
48.19505168 -21.38464452 -17.04867328
50.71231779 -26.52360934 -11.57416537
58.34516502 -3.906072885 -2.414085805
57.09909439 -11.66095923 -7.206869146
57.52919421 -3.87006119 -6.403847003
47.7681452 -14.06999817 -19.74050256
53.5951127 -15.12442748 -13.30961722
48.11107308 -17.7037598 -18.48552194
50.33394342 -10.82234848 -18.03517279
51.18626611 -18.4174228 -15.29245391
53.79186276 -28.22336337 -2.510918067
55.65496564 -19.77957008 -7.308545162
52.72587178 -27.63465757 -7.180590108
53.51790716 -23.31171273 -9.522937972
53.97366406 -3.716839433 -13.80972403
55.4728614 -11.44660532 -11.06816021
56.02687906 -3.802038202 -10.25203441
52.40638363 -7.329970868 -16.0306013
56.73941285 -7.719712724 -8.779421443
53.17450147 -11.20961976 -14.72610347
45.08268823 23.50068054 14.52421933
50.58438176 17.82346264 11.01550571
45.39412744 20.14184537 16.05786529
47.42129883 24.80233717 10.82305007
57.66846002 3.860769062 2.386086503
54.99617487 11.2314943 6.94144522
56.80273748 3.821191533 6.322981665
57.16345744 7.701624172 0
45.62522105 13.43880476 18.85492496
50.8305134 14.3442634 12.62306659
45.57445402 16.77034278 17.51088711
48.33461432 10.39247085 17.31879248
48.2158636 17.34863691 14.40501384
50.42746995 26.45814321 2.353873594
52.52610895 18.66758592 6.897667352
49.32656361 25.85301387 6.717647766
52.32168459 22.90089271 0
50.13305901 21.83731637 8.920640523
53.16753959 3.661326522 13.60346869
53.25616522 10.98919884 10.62587641
55.24293356 3.748838902 10.10858476
50.88730241 7.117500167 15.56592918
55.24195095 7.515974704 8.547715677
50.96496947 10.74383234 14.11419746
54.62240284 15.09726084 -4.634113988
54.62240284 15.09726084 4.634113988
56.14267349 11.49222119 -2.36597208
53.7224503 19.06380495 -2.356415882
56.14267349 11.49222119 2.36597208
53.7224503 19.06380495 2.356415882
47.99597168 -25.01931544 15.46278732
53.73232254 -18.93264304 11.7010169
48.19505168 -21.38464452 17.04867328
50.71231779 -26.52360934 11.57416537
58.34516502 -3.906072885 2.414085805
57.09909439 -11.66095923 7.206869146
57.52919421 -3.87006119 6.403847003
58.48609044 -7.87982232 0
47.7681452 -14.06999817 19.74050256
53.5951127 -15.12442748 13.30961722
48.11107308 -17.7037598 18.48552194
50.33394342 -10.82234848 18.03517279
51.18626611 -18.4174228 15.29245391
53.79186276 -28.22336337 2.510918067
55.65496564 -19.77957008 7.308545162
52.72587178 -27.63465757 7.180590108
55.59833605 -24.33506373 0
53.51790716 -23.31171273 9.522937972
53.97366406 -3.716839433 13.80972403
55.4728614 -11.44660532 11.06816021
56.02687906 -3.802038202 10.25203441
52.40638363 -7.329970868 16.0306013
56.73941285 -7.719712724 8.779421443
53.17450147 -11.20961976 14.72610347
57.21812558 -15.81470096 -4.854332698
57.21812558 -15.81470096 4.854332698
58.11532681 -11.89601685 -2.449103901
56.72454486 -20.12912019 -2.488096088
58.11532681 -11.89601685 2.449103901
56.72454486 -20.12912019 2.488096088
-34.07068732 48.79064287 -2.420475539
-38.5397821 43.7336743 -7.11411813
-32.36425541 48.50657469 -6.245434153
-43.8068554 30.92905464 -15.26027794
-41.76037595 37.63270196 -11.43491866
-27.80259894 45.78678011 -13.08102055
-36.18596647 42.75544152 -10.68803035
-30.20756219 47.42988094 -9.84958894
-34.42616195 45.72657111 -8.530713166
-41.98745262 3.211024392 -24.72317064
-43.74471375 9.902895335 -23.25315049
-44.77134462 23.93362791 -18.52838031
-44.72164768 16.86333692 -21.19827676
-17.83712922 36.63126891 -22.63936924
-25.12850155 34.88177654 -21.55812349
-20.19664534 39.02388336 -20.75732052
-40.58996106 29.48959814 -18.22557397
-32.74387243 32.61237729 -20.15555762
-39.87595806 32.87249704 -16.56333139
-25.19252165 43.65207754 -16.07119609
-27.81152452 37.07615824 -19.43641398
-22.67286154 41.4033082 -18.56669615
-29.33005694 42.51265949 -15.08282457
-23.98074297 38.10240852 -20.13612852
-37.70567252 39.48143425 -12.83739341
-31.85926694 35.86499251 -18.60516355
-38.91428645 36.23167026 -14.75384465
-33.53193457 41.13429814 -14.00606048
-35.84310269 34.50127733 -17.66998597
-30.68071008 39.17740114 -16.93277516
-34.41665392 -49.28608144 -2.44505396
-37.87201696 -42.97591643 -6.990854327
-32.85847575 -49.2472973 -6.340805438
-41.61290811 -29.380057 -14.4960084
-40.15996311 -36.19047693 -10.99669007
-28.54163793 -47.00386833 -13.42873568
-35.80140389 -42.30106254 -10.57444442
-30.83219211 -48.41063281 -10.05325807
-34.47916872 -45.79697738 -8.543848104
-41.63913096 -3.184386211 -24.5180709
-42.5575262 -9.634140712 -22.62208337
-42.45857234 -22.69727837 -17.57125193
-42.78629471 -16.13356709 -20.28091011
-18.54482949 -38.0846395 -23.53760166
-25.76228464 -35.76155364 -22.10185564
-20.9968418 -40.57001999 -21.57973108
-39.02130244 -28.34992933 -17.52121991
-32.5874231 -32.45655624 -20.05925491
-38.47525154 -31.71779823 -15.981518
-26.01246464 -45.07282515 -16.59426658
-28.30120702 -37.72896481 -19.77863441
-23.51458052 -42.94038591 -19.25597573
-29.81635948 -43.21753416 -15.33290304
-24.72158511 -39.27951425 -20.75819818
-36.90545029 -38.64352528 -12.5649472
-31.87562922 -35.88341204 -18.61471878
-37.7749127 -35.17084098 -14.32186594
-33.45947567 -41.04541134 -13.97579489
-35.21609522 -33.89774256 -17.36088289
-30.92086203 -39.48406058 -17.06531573
-2.387267064 -18.38067974 -31.21597675
-7.133757407 -16.75089244 -31.51241785
-3.96072987 -20.52476576 -30.76190294
-2.337601281 -15.81790694 -31.71383067
-16.79321602 -13.00058204 -31.41416189
-11.91162375 -14.97366138 -31.5896814
-7.39601942 -25.04035842 -29.58637518
-8.868099208 -18.84839219 -31.04052217
-5.638121841 -22.75295064 -30.2216209
-6.423421392 -19.69989838 -30.93145447
-2.266131186 -10.8696761 -32.4671447
-7.002337436 -14.16603627 -31.95779668
-2.299861974 -13.30396466 -32.13121142
-4.680676602 -15.0054461 -31.8609177
-38.08321096 -1.889286043 -26.5936478
-32.51231933 -5.288750239 -28.65109604
-38.8144736 -4.997533647 -25.89755194
-21.8362937 -10.77394427 -30.92817972
-27.0763303 -8.227302812 -30.046148
-39.69635798 -11.34102187 -24.10437942
-33.1417702 -8.284799153 -28.04945856
-39.34804527 -8.17126385 -25.06033119
-35.95985264 -6.708641845 -27.07309297
-15.73555774 -35.04447527 -25.46066726
-17.19010334 -27.92631996 -27.81417148
-13.49421563 -32.48711048 -26.78136137
-19.30885521 -34.25816596 -25.01898381
-19.02213786 -14.98718129 -30.77846559
-18.26502165 -21.29000815 -29.55342584
-16.46758397 -16.02277869 -30.95915367
-9.363413092 -27.50198397 -28.79719945
-14.97020204 -25.63480089 -28.85791263
-11.3555287 -29.95099293 -27.88627516
-10.11255914 -24.21049603 -29.69950212
-14.28984551 -28.9865765 -27.90143263
-26.32811113 -31.91354381 -23.66027253
-20.55224111 -27.02557159 -27.42146795
-22.8701234 -33.20500455 -24.41435133
-19.97891399 -30.55522579 -26.313303
-11.44383021 -17.93886022 -31.08337182
-15.57026028 -22.27945319 -29.70123165
-13.92800595 -17.00828989 -31.05913504
-10.80676575 -21.01483401 -30.46010051
-16.05906762 -19.12524408 -30.3876266
-12.85348864 -23.2893991 -29.73914647
-2.217207003 -1.370309288 -33.11850861
-6.728283632 -4.158307971 -32.94573754
-2.223861807 -3.679856743 -33.05812789
-16.57374479 -10.2431376 -31.79435454
-11.46800045 -7.087614063 -32.54708272
-14.16716648 -11.29461808 -31.92885998
-2.254642849 -8.3770085 -32.7405415
-6.771828025 -6.547939363 -32.81782389
-2.234796297 -6.026033229 -32.93198417
-4.554759519 -9.961231115 -32.56472352
-4.484825213 -5.100470969 -32.96318897
-9.427843014 -13.2274615 -32.007863
-9.200471468 -8.096488525 -32.60290718
-11.7745386 -12.29447835 -31.99804411
-6.950127417 -11.58221334 -32.32452927
-11.62799339 -9.655018234 -32.31687573
-6.874712164 -9.03132531 -32.61122142
-39.49460821 -24.40901024 -19.23139577
-33.91268705 -20.95919325 -24.43037865
-39.75034225 -21.14373363 -20.57262106
-36.38091895 -26.56924551 -20.50529784
-22.11813729 -13.66976061 -30.44376282
-28.00527183 -17.30820985 -28.11819083
-24.77104227 -12.48128432 -30.04849438
-21.83664547 -16.85282779 -29.90063186
-39.8582516 -14.67443964 -23.00302581
-33.96228484 -17.80402984 -25.47574944
-39.8769969 -17.88224461 -21.83703836
-36.77423815 -13.04692272 -25.3710427
-36.90001113 -19.50069288 -23.22398286
-29.86794729 -30.30548149 -22.71379357
-30.74181552 -22.79156892 -25.36145594
-33.1515537 -28.54918774 -21.67655525
-26.92412293 -28.10508974 -25.01327849
-33.59493461 -24.70105177 -23.1386898
-30.24156595 -9.833049047 -28.88138701
-30.84456366 -16.00078827 -27.39956483
-27.49459861 -11.19603468 -29.5303164
-33.53216224 -11.41756426 -27.33481112
-27.80352878 -14.23970362 -28.88486498
-33.80244539 -14.6096778 -26.47146051
-21.06877763 -23.44440954 -28.41807326
-27.68294921 -20.74821989 -27.28327772
-21.48626944 -20.12724511 -29.22263487
-23.95460936 -25.78457868 -26.91556191
-24.75505508 -18.79578236 -28.74577538
-27.37698029 -24.36526759 -26.2266084
-2.376569747 18.29831612 -31.07609831
-7.051327713 16.55733792 -31.14829572
-3.928714257 20.35885873 -30.51324646
-2.328664778 15.75743607 -31.59259068
-16.52928524 12.79625824 -30.92044084
-11.72728179 14.74193193 -31.10080567
-7.270552017 24.61556928 -29.08446659
-8.731530188 18.55812633 -30.5624971
-5.568741712 22.47296332 -29.84972756
-6.345105158 19.45971145 -30.55432913
-2.260242114 10.84142871 -32.38277124
-6.93410372 14.02799646 -31.64638649
-2.292506585 13.26141609 -32.0284498
-4.64735618 14.89862654 -31.63410878
-38.20146734 1.895152673 -26.67622668
-32.56005755 5.296515773 -28.69316478
-39.17638906 5.044131849 -26.13902692
-35.44683572 0 -27.84047366
-21.57153786 10.64331475 -30.55318861
-26.92829205 8.182320514 -29.88187244
-40.64432385 11.61185028 -24.68000223
-33.2566097 8.313506798 -28.1466527
-39.9984073 8.306322141 -25.47453951
-36.22557631 6.758215043 -27.27314834
-29.97360555 -3.406442755 -29.62069322
-29.95072652 3.403842598 -29.59808358
-32.68009266 -1.772365507 -28.82054116
-32.69807337 1.773340669 -28.83639832
-15.17526154 33.7966462 -24.55408896
-16.66893678 27.07965464 -26.97090627
-13.06450021 31.45257741 -25.92852456
-18.63571345 33.06386408 -24.1467766
-18.68358673 14.72044328 -30.23067837
-17.82097086 20.77241529 -28.83493657
-16.15567424 15.71929395 -30.37276157
-9.155819317 26.8922447 -28.15874429
-14.55757326 24.92822014 -28.06249215
-11.0470223 29.13728593 -27.12866231
-9.89900801 23.69923288 -29.07232533
-13.86288283 28.12049392 -27.06777278
-25.78692206 31.25754305 -23.17392237
-19.9717278 26.26221426 -26.64692824
-22.18923058 32.21642007 -23.68748352
-19.34893617 29.59175427 -25.48358837
-11.24071683 17.62046836 -30.53168165
-15.18310902 21.72547927 -28.96271676
-13.66468556 16.68673421 -30.47193659
-10.59475829 20.60256436 -29.86253333
-15.70554538 18.70422344 -29.71867733
-12.54733121 22.73466857 -29.03078931
-2.216481255 1.369860751 -33.10766809
-6.709000353 4.146390249 -32.85131496
-2.22190636 3.676621036 -33.0290598
-4.456775743 0 -33.07934857
-16.36570152 10.11455979 -31.39525334
-11.3827848 7.034947892 -32.30523402
-13.98169217 11.14675072 -31.51085237
-2.250114512 8.360183699 -32.67478377
-6.74128725 6.51840832 -32.66981633
-2.231576632 6.017351539 -32.88453915
-4.533335103 9.914376048 -32.41154744
-4.474027167 5.088190642 -32.883824
-9.088040611 -2.78957995 -32.88083982
-9.065380142 2.782624304 -32.79885347
-6.756093506 -1.390917243 -33.00538213
-6.749558576 1.389571858 -32.9734572
-9.317520196 13.07267627 -31.63331311
-9.134305157 8.038261642 -32.36843941
-11.6237711 12.13705326 -31.58832402
-6.894450401 11.48942898 -32.06557958
-11.51048628 9.5574491 -31.99029638
-6.831736335 8.974867863 -32.40735917
-41.1350124 25.42283579 -20.03016968
-34.29960985 21.19832469 -24.70911418
-41.34239126 21.99056559 -21.39657927
-37.31331945 27.25018427 -21.0308247
-21.78845335 13.46600474 -29.9899805
-27.76136927 17.15746978 -27.87330484
-24.49186046 12.34061412 -29.70983309
-21.43901601 16.54595003 -29.35616307
-41.089151 15.12761454 -23.71340345
-34.31311166 17.98794359 -25.73891125
-41.32707612 18.53251101 -22.6311161
-37.39759485 13.26807989 -25.80110488
-37.79941439 19.97600403 -23.79004572
-29.65935985 30.09383846 -22.55516827
-30.69132558 22.75413635 -25.31980263
-33.4387102 28.79647886 -21.86431609
-26.47462704 27.63587772 -24.59568398
-33.95880768 24.96859351 -23.38930931
-30.19146951 9.816760181 -28.83354376
-30.81967182 15.98787549 -27.37745313
-27.31037937 11.12101903 -29.33245744
-33.72569725 11.48346214 -27.49257735
-27.58819775 14.12942085 -28.66115928
-34.07894967 14.72918508 -26.68799727
-20.54615945 22.862863 -27.7131533
-27.37744986 20.51924979 -26.98218901
-21.02372741 19.69395926 -28.59354955
-23.41300096 25.20159507 -26.30700703
-24.35361541 18.49098106 -28.27962029
-27.00647443 24.03552068 -25.87167108
-19.49151552 -8.900935766 -31.53793461
-19.68668859 -2.94708827 -31.85373126
-21.99574585 -7.68662557 -31.22988489
-16.75857705 -7.312976893 -32.04187916
-19.27943729 8.804088771 -31.19478482
-19.61444715 2.93627376 -31.73684217
-21.80392895 7.619593304 -30.95754042
-16.6060069 7.246399523 -31.75016977
-27.18388392 -4.970241922 -30.30254588
-22.11892852 -1.56615769 -31.47791589
-24.57558198 -6.373455652 -30.82013303
-27.29397193 -1.663272973 -30.40131646
-22.0909034 -4.605778271 -31.41357476
-11.61563428 -4.291973352 -32.68360859
-16.91100219 -1.504503215 -32.23125101
-14.11981241 -5.768005949 -32.41558517
-11.61576224 -1.435787173 -32.73361278
-16.87036225 -4.383595346 -32.18800721
-27.09496544 4.953984262 -30.20342626
-22.07916195 1.563341969 -31.42132323
-24.42675646 6.334859097 -30.63349158
-27.26464241 1.661485655 -30.36864785
-21.97469978 4.581550737 -31.24833159
-24.63741298 0 -30.99160039
-11.56242069 4.272310946 -32.5338783
-16.8787009 1.5016295 -32.16968688
-14.02317594 5.728529525 -32.19373183
-11.59783563 1.433571324 -32.68309501
-16.77719903 4.359387813 -32.01025534
-14.22472894 0 -32.49924754
-34.07068732 48.79064287 2.420475539
-38.5397821 43.7336743 7.11411813
-32.36425541 48.50657469 6.245434153
-36.95651132 47.05348773 0
-43.8068554 30.92905464 15.26027794
-41.76037595 37.63270196 11.43491866
-27.80259894 45.78678011 13.08102055
-36.18596647 42.75544152 10.68803035
-30.20756219 47.42988094 9.84958894
-34.42616195 45.72657111 8.530713166
-41.81172287 42.3098838 -4.808437107
-41.81172287 42.3098838 4.808437107
-39.56658384 44.86520983 -2.433210675
-39.56658384 44.86520983 2.433210675
-41.98745262 3.211024392 24.72317064
-43.74471375 9.902895335 23.25315049
-44.77134462 23.93362791 18.52838031
-44.72164768 16.86333692 21.19827676
-17.83712922 36.63126891 22.63936924
-25.12850155 34.88177654 21.55812349
-20.19664534 39.02388336 20.75732052
-40.58996106 29.48959814 18.22557397
-32.74387243 32.61237729 20.15555762
-39.87595806 32.87249704 16.56333139
-25.19252165 43.65207754 16.07119609
-27.81152452 37.07615824 19.43641398
-22.67286154 41.4033082 18.56669615
-29.33005694 42.51265949 15.08282457
-23.98074297 38.10240852 20.13612852
-37.70567252 39.48143425 12.83739341
-31.85926694 35.86499251 18.60516355
-38.91428645 36.23167026 14.75384465
-33.53193457 41.13429814 14.00606048
-35.84310269 34.50127733 17.66998597
-30.68071008 39.17740114 16.93277516
-47.37663656 29.28037167 -13.37108482
-51.32570358 31.72102931 -4.748623566
-46.51862754 32.76387064 -11.44965065
-47.37663656 29.28037167 13.37108482
-51.32570358 31.72102931 4.748623566
-46.51862754 32.76387064 11.44965065
-43.79761497 39.29007437 -7.183711326
-49.68772701 34.91461399 -2.472171793
-45.32197585 36.13916696 -9.372367177
-44.88446868 40.29678878 -2.455654305
-48.57465834 34.15905682 -7.121892608
-43.79761497 39.29007437 7.183711326
-49.68772701 34.91461399 2.472171793
-45.32197585 36.13916696 9.372367177
-44.88446868 40.29678878 2.455654305
-48.57465834 34.15905682 7.121892608
-47.55188471 37.80235312 0
-34.41665392 -49.28608144 2.44505396
-37.87201696 -42.97591643 6.990854327
-32.85847575 -49.2472973 6.340805438
-36.80591989 -46.86175285 0
-41.61290811 -29.380057 14.4960084
-40.15996311 -36.19047693 10.99669007
-28.54163793 -47.00386833 13.42873568
-35.80140389 -42.30106254 10.57444442
-30.83219211 -48.41063281 10.05325807
-34.47916872 -45.79697738 8.543848104
-40.53961968 -41.02262429 -4.662142534
-40.53961968 -41.02262429 4.662142534
-38.85831424 -44.06209111 -2.389654498
-38.85831424 -44.06209111 2.389654498
-41.63913096 -3.184386211 24.5180709
-42.5575262 -9.634140712 22.62208337
-42.45857234 -22.69727837 17.57125193
-42.78629471 -16.13356709 20.28091011
-18.54482949 -38.0846395 23.53760166
-25.76228464 -35.76155364 22.10185564
-20.9968418 -40.57001999 21.57973108
-39.02130244 -28.34992933 17.52121991
-32.5874231 -32.45655624 20.05925491
-38.47525154 -31.71779823 15.981518
-26.01246464 -45.07282515 16.59426658
-28.30120702 -37.72896481 19.77863441
-23.51458052 -42.94038591 19.25597573
-29.81635948 -43.21753416 15.33290304
-24.72158511 -39.27951425 20.75819818
-36.90545029 -38.64352528 12.5649472
-31.87562922 -35.88341204 18.61471878
-37.7749127 -35.17084098 14.32186594
-33.45947567 -41.04541134 13.97579489
-35.21609522 -33.89774256 17.36088289
-30.92086203 -39.48406058 17.06531573
-44.52916044 -27.52053464 -12.56744304
-48.1248049 -29.74276513 -4.452478325
-43.88678326 -30.91021738 -10.80187364
-44.52916044 -27.52053464 12.56744304
-48.1248049 -29.74276513 4.452478325
-43.88678326 -30.91021738 10.80187364
-41.96948351 -37.65008961 -6.883860096
-46.80420456 -32.88841799 -2.328704517
-43.04015566 -34.31967257 -8.900497709
-42.99654335 -38.60182991 -2.352364858
-45.73375713 -32.16125571 -6.705366913
-41.96948351 -37.65008961 6.883860096
-46.80420456 -32.88841799 2.328704517
-43.04015566 -34.31967257 8.900497709
-42.99654335 -38.60182991 2.352364858
-45.73375713 -32.16125571 6.705366913
-45.11141704 -35.86225292 0
-2.387267064 -18.38067974 31.21597675
-7.133757407 -16.75089244 31.51241785
-3.96072987 -20.52476576 30.76190294
-2.337601281 -15.81790694 31.71383067
-16.79321602 -13.00058204 31.41416189
-11.91162375 -14.97366138 31.5896814
-7.39601942 -25.04035842 29.58637518
-8.868099208 -18.84839219 31.04052217
-5.638121841 -22.75295064 30.2216209
-6.423421392 -19.69989838 30.93145447
-2.266131186 -10.8696761 32.4671447
-7.002337436 -14.16603627 31.95779668
-2.299861974 -13.30396466 32.13121142
-4.680676602 -15.0054461 31.8609177
-38.08321096 -1.889286043 26.5936478
-32.51231933 -5.288750239 28.65109604
-38.8144736 -4.997533647 25.89755194
-21.8362937 -10.77394427 30.92817972
-27.0763303 -8.227302812 30.046148
-39.69635798 -11.34102187 24.10437942
-33.1417702 -8.284799153 28.04945856
-39.34804527 -8.17126385 25.06033119
-35.95985264 -6.708641845 27.07309297
-15.73555774 -35.04447527 25.46066726
-17.19010334 -27.92631996 27.81417148
-13.49421563 -32.48711048 26.78136137
-19.30885521 -34.25816596 25.01898381
-19.02213786 -14.98718129 30.77846559
-18.26502165 -21.29000815 29.55342584
-16.46758397 -16.02277869 30.95915367
-9.363413092 -27.50198397 28.79719945
-14.97020204 -25.63480089 28.85791263
-11.3555287 -29.95099293 27.88627516
-10.11255914 -24.21049603 29.69950212
-14.28984551 -28.9865765 27.90143263
-26.32811113 -31.91354381 23.66027253
-20.55224111 -27.02557159 27.42146795
-22.8701234 -33.20500455 24.41435133
-19.97891399 -30.55522579 26.313303
-11.44383021 -17.93886022 31.08337182
-15.57026028 -22.27945319 29.70123165
-13.92800595 -17.00828989 31.05913504
-10.80676575 -21.01483401 30.46010051
-16.05906762 -19.12524408 30.3876266
-12.85348864 -23.2893991 29.73914647
-2.217207003 -1.370309288 33.11850861
-6.728283632 -4.158307971 32.94573754
-2.223861807 -3.679856743 33.05812789
-16.57374479 -10.2431376 31.79435454
-11.46800045 -7.087614063 32.54708272
-14.16716648 -11.29461808 31.92885998
-2.254642849 -8.3770085 32.7405415
-6.771828025 -6.547939363 32.81782389
-2.234796297 -6.026033229 32.93198417
-4.554759519 -9.961231115 32.56472352
-4.484825213 -5.100470969 32.96318897
-9.427843014 -13.2274615 32.007863
-9.200471468 -8.096488525 32.60290718
-11.7745386 -12.29447835 31.99804411
-6.950127417 -11.58221334 32.32452927
-11.62799339 -9.655018234 32.31687573
-6.874712164 -9.03132531 32.61122142
-39.49460821 -24.40901024 19.23139577
-33.91268705 -20.95919325 24.43037865
-39.75034225 -21.14373363 20.57262106
-36.38091895 -26.56924551 20.50529784
-22.11813729 -13.66976061 30.44376282
-28.00527183 -17.30820985 28.11819083
-24.77104227 -12.48128432 30.04849438
-21.83664547 -16.85282779 29.90063186
-39.8582516 -14.67443964 23.00302581
-33.96228484 -17.80402984 25.47574944
-39.8769969 -17.88224461 21.83703836
-36.77423815 -13.04692272 25.3710427
-36.90001113 -19.50069288 23.22398286
-29.86794729 -30.30548149 22.71379357
-30.74181552 -22.79156892 25.36145594
-33.1515537 -28.54918774 21.67655525
-26.92412293 -28.10508974 25.01327849
-33.59493461 -24.70105177 23.1386898
-30.24156595 -9.833049047 28.88138701
-30.84456366 -16.00078827 27.39956483
-27.49459861 -11.19603468 29.5303164
-33.53216224 -11.41756426 27.33481112
-27.80352878 -14.23970362 28.88486498
-33.80244539 -14.6096778 26.47146051
-21.06877763 -23.44440954 28.41807326
-27.68294921 -20.74821989 27.28327772
-21.48626944 -20.12724511 29.22263487
-23.95460936 -25.78457868 26.91556191
-24.75505508 -18.79578236 28.74577538
-27.37698029 -24.36526759 26.2266084
-2.376569747 18.29831612 31.07609831
-7.051327713 16.55733792 31.14829572
-3.928714257 20.35885873 30.51324646
-2.328664778 15.75743607 31.59259068
-16.52928524 12.79625824 30.92044084
-11.72728179 14.74193193 31.10080567
-7.270552017 24.61556928 29.08446659
-8.731530188 18.55812633 30.5624971
-5.568741712 22.47296332 29.84972756
-6.345105158 19.45971145 30.55432913
-2.260242114 10.84142871 32.38277124
-6.93410372 14.02799646 31.64638649
-2.292506585 13.26141609 32.0284498
-4.64735618 14.89862654 31.63410878
-38.20146734 1.895152673 26.67622668
-32.56005755 5.296515773 28.69316478
-39.17638906 5.044131849 26.13902692
-35.44683572 0 27.84047366
-21.57153786 10.64331475 30.55318861
-26.92829205 8.182320514 29.88187244
-40.64432385 11.61185028 24.68000223
-33.2566097 8.313506798 28.1466527
-39.9984073 8.306322141 25.47453951
-36.22557631 6.758215043 27.27314834
-29.97360555 -3.406442755 29.62069322
-29.95072652 3.403842598 29.59808358
-32.68009266 -1.772365507 28.82054116
-32.69807337 1.773340669 28.83639832
-15.17526154 33.7966462 24.55408896
-16.66893678 27.07965464 26.97090627
-13.06450021 31.45257741 25.92852456
-18.63571345 33.06386408 24.1467766
-18.68358673 14.72044328 30.23067837
-17.82097086 20.77241529 28.83493657
-16.15567424 15.71929395 30.37276157
-9.155819317 26.8922447 28.15874429
-14.55757326 24.92822014 28.06249215
-11.0470223 29.13728593 27.12866231
-9.89900801 23.69923288 29.07232533
-13.86288283 28.12049392 27.06777278
-25.78692206 31.25754305 23.17392237
-19.9717278 26.26221426 26.64692824
-22.18923058 32.21642007 23.68748352
-19.34893617 29.59175427 25.48358837
-11.24071683 17.62046836 30.53168165
-15.18310902 21.72547927 28.96271676
-13.66468556 16.68673421 30.47193659
-10.59475829 20.60256436 29.86253333
-15.70554538 18.70422344 29.71867733
-12.54733121 22.73466857 29.03078931
-2.216481255 1.369860751 33.10766809
-6.709000353 4.146390249 32.85131496
-2.22190636 3.676621036 33.0290598
-4.456775743 0 33.07934857
-16.36570152 10.11455979 31.39525334
-11.3827848 7.034947892 32.30523402
-13.98169217 11.14675072 31.51085237
-2.250114512 8.360183699 32.67478377
-6.74128725 6.51840832 32.66981633
-2.231576632 6.017351539 32.88453915
-4.533335103 9.914376048 32.41154744
-4.474027167 5.088190642 32.883824
-9.088040611 -2.78957995 32.88083982
-9.065380142 2.782624304 32.79885347
-6.756093506 -1.390917243 33.00538213
-6.749558576 1.389571858 32.9734572
-9.317520196 13.07267627 31.63331311
-9.134305157 8.038261642 32.36843941
-11.6237711 12.13705326 31.58832402
-6.894450401 11.48942898 32.06557958
-11.51048628 9.5574491 31.99029638
-6.831736335 8.974867863 32.40735917
-41.1350124 25.42283579 20.03016968
-34.29960985 21.19832469 24.70911418
-41.34239126 21.99056559 21.39657927
-37.31331945 27.25018427 21.0308247
-21.78845335 13.46600474 29.9899805
-27.76136927 17.15746978 27.87330484
-24.49186046 12.34061412 29.70983309
-21.43901601 16.54595003 29.35616307
-41.089151 15.12761454 23.71340345
-34.31311166 17.98794359 25.73891125
-41.32707612 18.53251101 22.6311161
-37.39759485 13.26807989 25.80110488
-37.79941439 19.97600403 23.79004572
-29.65935985 30.09383846 22.55516827
-30.69132558 22.75413635 25.31980263
-33.4387102 28.79647886 21.86431609
-26.47462704 27.63587772 24.59568398
-33.95880768 24.96859351 23.38930931
-30.19146951 9.816760181 28.83354376
-30.81967182 15.98787549 27.37745313
-27.31037937 11.12101903 29.33245744
-33.72569725 11.48346214 27.49257735
-27.58819775 14.12942085 28.66115928
-34.07894967 14.72918508 26.68799727
-20.54615945 22.862863 27.7131533
-27.37744986 20.51924979 26.98218901
-21.02372741 19.69395926 28.59354955
-23.41300096 25.20159507 26.30700703
-24.35361541 18.49098106 28.27962029
-27.00647443 24.03552068 25.87167108
-19.49151552 -8.900935766 31.53793461
-19.68668859 -2.94708827 31.85373126
-21.99574585 -7.68662557 31.22988489
-16.75857705 -7.312976893 32.04187916
-19.27943729 8.804088771 31.19478482
-19.61444715 2.93627376 31.73684217
-21.80392895 7.619593304 30.95754042
-16.6060069 7.246399523 31.75016977
-27.18388392 -4.970241922 30.30254588
-22.11892852 -1.56615769 31.47791589
-24.57558198 -6.373455652 30.82013303
-27.29397193 -1.663272973 30.40131646
-22.0909034 -4.605778271 31.41357476
-11.61563428 -4.291973352 32.68360859
-16.91100219 -1.504503215 32.23125101
-14.11981241 -5.768005949 32.41558517
-11.61576224 -1.435787173 32.73361278
-16.87036225 -4.383595346 32.18800721
-27.09496544 4.953984262 30.20342626
-22.07916195 1.563341969 31.42132323
-24.42675646 6.334859097 30.63349158
-27.26464241 1.661485655 30.36864785
-21.97469978 4.581550737 31.24833159
-24.63741298 0 30.99160039
-11.56242069 4.272310946 32.5338783
-16.8787009 1.5016295 32.16968688
-14.02317594 5.728529525 32.19373183
-11.59783563 1.433571324 32.68309501
-16.77719903 4.359387813 32.01025534
-14.22472894 0 32.49924754
-44.14411221 0 -23.22808575
-50.16715357 0 -18.0844556
-45.3044511 3.339355124 -22.59650053
-44.79776022 -3.302007341 -22.34377832
-57.86373093 0 -4.010387605
-55.00534133 0 -11.58548072
-47.12996945 10.32674289 -20.89145454
-51.34706117 3.583905443 -17.19048376
-46.31866431 6.804659249 -21.81457004
-48.47194968 3.469486176 -20.06986594
-45.50719402 -9.971173279 -20.17212161
-50.58889381 -3.530987125 -16.93665689
-45.24963335 -6.647608273 -21.31109156
-47.81742887 -3.422637413 -19.79886085
-44.14411221 0 23.22808575
-50.16715357 0 18.0844556
-45.3044511 3.339355124 22.59650053
-44.79776022 -3.302007341 22.34377832
-57.86373093 0 4.010387605
-55.00534133 0 11.58548072
-47.12996945 10.32674289 20.89145454
-51.34706117 3.583905443 17.19048376
-46.31866431 6.804659249 21.81457004
-48.47194968 3.469486176 20.06986594
-45.50719402 -9.971173279 20.17212161
-50.58889381 -3.530987125 16.93665689
-45.24963335 -6.647608273 21.31109156
-47.81742887 -3.422637413 19.79886085
-47.99597168 25.01931544 -15.46278732
-53.73232254 18.93264304 -11.7010169
-48.19505168 21.38464452 -17.04867328
-50.71231779 26.52360934 -11.57416537
-58.34516502 3.906072885 -2.414085805
-57.09909439 11.66095923 -7.206869146
-57.52919421 3.87006119 -6.403847003
-47.7681452 14.06999817 -19.74050256
-53.5951127 15.12442748 -13.30961722
-48.11107308 17.7037598 -18.48552194
-50.33394342 10.82234848 -18.03517279
-51.18626611 18.4174228 -15.29245391
-53.79186276 28.22336337 -2.510918067
-55.65496564 19.77957008 -7.308545162
-52.72587178 27.63465757 -7.180590108
-53.51790716 23.31171273 -9.522937972
-53.97366406 3.716839433 -13.80972403
-55.4728614 11.44660532 -11.06816021
-56.02687906 3.802038202 -10.25203441
-52.40638363 7.329970868 -16.0306013
-56.73941285 7.719712724 -8.779421443
-53.17450147 11.20961976 -14.72610347
-45.08268823 -23.50068054 -14.52421933
-50.58438176 -17.82346264 -11.01550571
-45.39412744 -20.14184537 -16.05786529
-47.42129883 -24.80233717 -10.82305007
-57.66846002 -3.860769062 -2.386086503
-54.99617487 -11.2314943 -6.94144522
-56.80273748 -3.821191533 -6.322981665
-45.62522105 -13.43880476 -18.85492496
-50.8305134 -14.3442634 -12.62306659
-45.57445402 -16.77034278 -17.51088711
-48.33461432 -10.39247085 -17.31879248
-48.2158636 -17.34863691 -14.40501384
-50.42746995 -26.45814321 -2.353873594
-52.52610895 -18.66758592 -6.897667352
-49.32656361 -25.85301387 -6.717647766
-50.13305901 -21.83731637 -8.920640523
-53.16753959 -3.661326522 -13.60346869
-53.25616522 -10.98919884 -10.62587641
-55.24293356 -3.748838902 -10.10858476
-50.88730241 -7.117500167 -15.56592918
-55.24195095 -7.515974704 -8.547715677
-50.96496947 -10.74383234 -14.11419746
-47.99597168 25.01931544 15.46278732
-53.73232254 18.93264304 11.7010169
-48.19505168 21.38464452 17.04867328
-50.71231779 26.52360934 11.57416537
-58.34516502 3.906072885 2.414085805
-57.09909439 11.66095923 7.206869146
-57.52919421 3.87006119 6.403847003
-58.48609044 7.87982232 0
-47.7681452 14.06999817 19.74050256
-53.5951127 15.12442748 13.30961722
-48.11107308 17.7037598 18.48552194
-50.33394342 10.82234848 18.03517279
-51.18626611 18.4174228 15.29245391
-53.79186276 28.22336337 2.510918067
-55.65496564 19.77957008 7.308545162
-52.72587178 27.63465757 7.180590108
-55.59833605 24.33506373 0
-53.51790716 23.31171273 9.522937972
-53.97366406 3.716839433 13.80972403
-55.4728614 11.44660532 11.06816021
-56.02687906 3.802038202 10.25203441
-52.40638363 7.329970868 16.0306013
-56.73941285 7.719712724 8.779421443
-53.17450147 11.20961976 14.72610347
-57.21812558 15.81470096 -4.854332698
-57.21812558 15.81470096 4.854332698
-58.11532681 11.89601685 -2.449103901
-56.72454486 20.12912019 -2.488096088
-58.11532681 11.89601685 2.449103901
-56.72454486 20.12912019 2.488096088
-45.08268823 -23.50068054 14.52421933
-50.58438176 -17.82346264 11.01550571
-45.39412744 -20.14184537 16.05786529
-47.42129883 -24.80233717 10.82305007
-57.66846002 -3.860769062 2.386086503
-54.99617487 -11.2314943 6.94144522
-56.80273748 -3.821191533 6.322981665
-57.16345744 -7.701624172 0
-45.62522105 -13.43880476 18.85492496
-50.8305134 -14.3442634 12.62306659
-45.57445402 -16.77034278 17.51088711
-48.33461432 -10.39247085 17.31879248
-48.2158636 -17.34863691 14.40501384
-50.42746995 -26.45814321 2.353873594
-52.52610895 -18.66758592 6.897667352
-49.32656361 -25.85301387 6.717647766
-52.32168459 -22.90089271 0
-50.13305901 -21.83731637 8.920640523
-53.16753959 -3.661326522 13.60346869
-53.25616522 -10.98919884 10.62587641
-55.24293356 -3.748838902 10.10858476
-50.88730241 -7.117500167 15.56592918
-55.24195095 -7.515974704 8.547715677
-50.96496947 -10.74383234 14.11419746
-54.62240284 -15.09726084 -4.634113988
-54.62240284 -15.09726084 4.634113988
-56.14267349 -11.49222119 -2.36597208
-53.7224503 -19.06380495 -2.356415882
-56.14267349 -11.49222119 2.36597208
-53.7224503 -19.06380495 2.356415882
