-22.62219027 36.60347276 0
30.15994201 48.79981127 0
-30.15994201 -48.79981127 0
22.62219027 -36.60347276 0
0 -30.90120333 49.99919728
0 30.90120333 49.99919728
0 -30.90120333 -49.99919728
0 30.90120333 -49.99919728
49.14816839 0 -30.37523855
49.14816839 0 30.37523855
-49.14816839 0 -30.37523855
-49.14816839 0 30.37523855
0 46.73399462 0
0 -46.73399462 0
-17.24094762 -45.13738687 27.89643925
14.51402726 -37.99821668 23.48418942
-14.51402726 37.99821668 23.48418942
17.24094762 45.13738687 27.89643925
0 0 66.64811341
-17.24094762 -45.13738687 -27.89643925
14.51402726 -37.99821668 -23.48418942
-14.51402726 37.99821668 -23.48418942
17.24094762 45.13738687 -27.89643925
0 0 -66.64811341
51.81271145 32.02201673 -19.79069472
37.82466923 -23.3769312 -14.44773803
28.22229393 -17.44233689 -45.66463083
32.80820747 20.27658733 -53.0847948
51.81271145 32.02201673 19.79069472
37.82466923 -23.3769312 14.44773803
28.22229393 -17.44233689 45.66463083
32.80820747 20.27658733 53.0847948
55.21614367 0 0
-37.82466923 23.3769312 -14.44773803
-51.81271145 -32.02201673 -19.79069472
-32.80820747 -20.27658733 -53.0847948
-28.22229393 17.44233689 -45.66463083
-37.82466923 23.3769312 14.44773803
-51.81271145 -32.02201673 19.79069472
-32.80820747 -20.27658733 53.0847948
-28.22229393 17.44233689 45.66463083
-55.21614367 0 0
-12.01141213 42.28193664 0
14.04159276 49.42847093 0
-14.04159276 -49.42847093 0
12.01141213 -42.28193664 0
-24.29929728 -48.31249213 14.55486816
-9.117259501 -39.38050359 39.84969804
-8.148030622 -47.69940208 13.18379049
19.09072295 -37.95666976 11.43502022
8.359001994 -36.10533494 36.53550777
7.421746953 -43.44766343 12.00863883
0 -42.88048851 26.50159935
-19.09072295 37.95666976 11.43502022
-8.359001994 36.10533494 36.53550777
-7.421746953 43.44766343 12.00863883
24.29929728 48.31249213 14.55486816
9.117259501 39.38050359 39.84969804
8.148030622 47.69940208 13.18379049
0 42.88048851 26.50159935
0 -17.54794617 61.77135044
0 17.54794617 61.77135044
-24.29929728 -48.31249213 -14.55486816
-9.117259501 -39.38050359 -39.84969804
-8.148030622 -47.69940208 -13.18379049
19.09072295 -37.95666976 -11.43502022
8.359001994 -36.10533494 -36.53550777
7.421746953 -43.44766343 -12.00863883
0 -42.88048851 -26.50159935
-19.09072295 37.95666976 -11.43502022
-8.359001994 36.10533494 -36.53550777
-7.421746953 43.44766343 -12.00863883
24.29929728 48.31249213 -14.55486816
9.117259501 39.38050359 -39.84969804
8.148030622 47.69940208 -13.18379049
0 42.88048851 -26.50159935
0 -17.54794617 -61.77135044
0 17.54794617 -61.77135044
42.96775814 43.47969252 -9.947770228
53.68785757 16.17427821 -27.00289623
36.17172203 42.35058982 -26.17410395
30.48336661 -30.84655715 -7.057420259
44.45245451 -13.39197351 -22.35784906
26.8924002 -31.48617058 -19.45952359
14.86504564 -24.81713741 -49.34207528
39.77021595 -9.0990747 -39.30195733
21.53249726 -29.75717936 -34.84031243
16.63656614 -10.28196333 -60.19166174
34.70345884 -21.44791709 -29.64029243
16.56651955 27.65774165 -54.98983819
44.22043113 10.11724469 -43.69977522
26.47364206 36.58567353 -42.83525267
17.44325948 10.78052723 -63.11030568
44.54874349 27.53263764 -38.04916941
33.01604886 0 -53.42108923
42.96775814 43.47969252 9.947770228
53.68785757 16.17427821 27.00289623
36.17172203 42.35058982 26.17410395
54.26010323 33.53458803 0
30.48336661 -30.84655715 7.057420259
44.45245451 -13.39197351 22.35784906
26.8924002 -31.48617058 19.45952359
38.7459994 -23.94634456 0
14.86504564 -24.81713741 49.34207528
39.77021595 -9.0990747 39.30195733
21.53249726 -29.75717936 34.84031243
16.63656614 -10.28196333 60.19166174
34.70345884 -21.44791709 29.64029243
16.56651955 27.65774165 54.98983819
44.22043113 10.11724469 43.69977522
26.47364206 36.58567353 42.83525267
17.44325948 10.78052723 63.11030568
44.54874349 27.53263764 38.04916941
33.01604886 0 53.42108923
53.74765168 0 -15.2685815
53.74765168 0 15.2685815
58.07043041 16.05027222 -9.91961376
47.53614249 -13.13866664 -8.120142553
58.07043041 16.05027222 9.91961376
47.53614249 -13.13866664 8.120142553
-30.48336661 30.84655715 -7.057420259
-44.45245451 13.39197351 -22.35784906
-26.8924002 31.48617058 -19.45952359
-42.96775814 -43.47969252 -9.947770228
-53.68785757 -16.17427821 -27.00289623
-36.17172203 -42.35058982 -26.17410395
-16.56651955 -27.65774165 -54.98983819
-44.22043113 -10.11724469 -43.69977522
-26.47364206 -36.58567353 -42.83525267
-17.44325948 -10.78052723 -63.11030568
-44.54874349 -27.53263764 -38.04916941
-14.86504564 24.81713741 -49.34207528
-39.77021595 9.0990747 -39.30195733
-21.53249726 29.75717936 -34.84031243
-16.63656614 10.28196333 -60.19166174
-34.70345884 21.44791709 -29.64029243
-33.01604886 0 -53.42108923
-30.48336661 30.84655715 7.057420259
-44.45245451 13.39197351 22.35784906
-26.8924002 31.48617058 19.45952359
-38.7459994 23.94634456 0
-42.96775814 -43.47969252 9.947770228
-53.68785757 -16.17427821 27.00289623
-36.17172203 -42.35058982 26.17410395
-54.26010323 -33.53458803 0
-16.56651955 -27.65774165 54.98983819
-44.22043113 -10.11724469 43.69977522
-26.47364206 -36.58567353 42.83525267
-17.44325948 -10.78052723 63.11030568
-44.54874349 -27.53263764 38.04916941
-14.86504564 24.81713741 49.34207528
-39.77021595 9.0990747 39.30195733
-21.53249726 29.75717936 34.84031243
-16.63656614 10.28196333 60.19166174
-34.70345884 21.44791709 29.64029243
-33.01604886 0 53.42108923
-53.74765168 0 -15.2685815
-53.74765168 0 15.2685815
-47.53614249 13.13866664 -8.120142553
-58.07043041 -16.05027222 -9.91961376
-47.53614249 13.13866664 8.120142553
-58.07043041 -16.05027222 9.91961376
-17.45143295 39.58995205 0
-6.222682058 44.67623117 0
21.8990497 49.67972144 0
6.736962655 48.36854883 0
-21.8990497 -49.67972144 0
-6.736962655 -48.36854883 0
17.45143295 -39.58995205 0
6.222682058 -44.67623117 0
-27.3947452 -48.91098682 7.419265058
-20.90799988 -47.04716405 21.38605619
-19.15599651 -49.42644485 7.040165057
-4.67507266 -35.49516272 45.19288059
-13.30862885 -42.58626841 34.06358708
-3.959604312 -47.5527454 6.406774359
-12.58659622 -46.98711071 20.36554048
-11.12774877 -48.85480312 6.713162258
-15.94556959 -48.49661296 13.97784488
20.96303501 -37.42771549 5.677377616
16.96094183 -38.16549729 17.34874962
15.64017577 -40.354898 5.748039206
4.482735567 -34.03485677 43.33360098
11.67525217 -37.35962798 29.88294087
0 -38.11402779 38.56813296
3.776265628 -45.35094515 6.110126137
10.9869401 -41.01542323 17.77724252
9.808235458 -43.06166701 5.917124608
0 -45.880268 12.68099419
13.43587433 -40.86366395 11.77785253
-8.276856295 -44.45332183 27.4736638
7.573557749 -40.67604752 25.1391799
-4.332552418 -41.65885133 33.11756449
-4.11635166 -45.65103946 19.98119069
4.139710083 -39.80461175 31.64349843
3.926108263 -43.54120786 19.05772984
-20.96303501 37.42771549 5.677377616
-16.96094183 38.16549729 17.34874962
-15.64017577 40.354898 5.748039206
-4.482735567 34.03485677 43.33360098
-11.67525217 37.35962798 29.88294087
-3.776265628 45.35094515 6.110126137
-10.9869401 41.01542323 17.77724252
-9.808235458 43.06166701 5.917124608
-13.43587433 40.86366395 11.77785253
27.3947452 48.91098682 7.419265058
20.90799988 47.04716405 21.38605619
19.15599651 49.42644485 7.040165057
4.67507266 35.49516272 45.19288059
13.30862885 42.58626841 34.06358708
0 38.11402779 38.56813296
3.959604312 47.5527454 6.406774359
12.58659622 46.98711071 20.36554048
11.12774877 48.85480312 6.713162258
0 45.880268 12.68099419
15.94556959 48.49661296 13.97784488
-7.573557749 40.67604752 25.1391799
8.276856295 44.45332183 27.4736638
-4.139710083 39.80461175 31.64349843
-3.926108263 43.54120786 19.05772984
4.332552418 41.65885133 33.11756449
4.11635166 45.65103946 19.98119069
0 -24.8724083 56.42501993
0 -9.105124865 65.37095413
0 24.8724083 56.42501993
0 9.105124865 65.37095413
-27.3947452 -48.91098682 -7.419265058
-20.90799988 -47.04716405 -21.38605619
-19.15599651 -49.42644485 -7.040165057
-4.67507266 -35.49516272 -45.19288059
-13.30862885 -42.58626841 -34.06358708
-3.959604312 -47.5527454 -6.406774359
-12.58659622 -46.98711071 -20.36554048
-11.12774877 -48.85480312 -6.713162258
-15.94556959 -48.49661296 -13.97784488
20.96303501 -37.42771549 -5.677377616
16.96094183 -38.16549729 -17.34874962
15.64017577 -40.354898 -5.748039206
4.482735567 -34.03485677 -43.33360098
11.67525217 -37.35962798 -29.88294087
0 -38.11402779 -38.56813296
3.776265628 -45.35094515 -6.110126137
10.9869401 -41.01542323 -17.77724252
9.808235458 -43.06166701 -5.917124608
0 -45.880268 -12.68099419
13.43587433 -40.86366395 -11.77785253
-8.276856295 -44.45332183 -27.4736638
7.573557749 -40.67604752 -25.1391799
-4.332552418 -41.65885133 -33.11756449
-4.11635166 -45.65103946 -19.98119069
4.139710083 -39.80461175 -31.64349843
3.926108263 -43.54120786 -19.05772984
-20.96303501 37.42771549 -5.677377616
-16.96094183 38.16549729 -17.34874962
-15.64017577 40.354898 -5.748039206
-4.482735567 34.03485677 -43.33360098
-11.67525217 37.35962798 -29.88294087
-3.776265628 45.35094515 -6.110126137
-10.9869401 41.01542323 -17.77724252
-9.808235458 43.06166701 -5.917124608
-13.43587433 40.86366395 -11.77785253
27.3947452 48.91098682 -7.419265058
20.90799988 47.04716405 -21.38605619
19.15599651 49.42644485 -7.040165057
4.67507266 35.49516272 -45.19288059
13.30862885 42.58626841 -34.06358708
0 38.11402779 -38.56813296
3.959604312 47.5527454 -6.406774359
12.58659622 46.98711071 -20.36554048
11.12774877 48.85480312 -6.713162258
0 45.880268 -12.68099419
15.94556959 48.49661296 -13.97784488
-7.573557749 40.67604752 -25.1391799
8.276856295 44.45332183 -27.4736638
-4.139710083 39.80461175 -31.64349843
-3.926108263 43.54120786 -19.05772984
4.332552418 41.65885133 -33.11756449
4.11635166 45.65103946 -19.98119069
0 -24.8724083 -56.42501993
0 -9.105124865 -65.37095413
0 24.8724083 -56.42501993
0 9.105124865 -65.37095413
36.81396594 46.87199718 -4.84877241
48.1310531 38.49870814 -15.04142875
33.81828789 46.92509755 -12.61102438
52.05147397 7.895642822 -29.15371288
53.68199406 24.40202644 -23.85655221
26.69846587 44.57298766 -27.54762136
44.86213265 38.16200941 -23.58541889
30.38180305 46.11834551 -20.37650103
39.92479015 43.31025351 -18.25409967
26.62748658 -33.90244555 -3.507109841
34.21584648 -27.36831635 -10.69278945
24.9431148 -34.61021147 -9.301423827
47.18157576 -7.156932198 -26.42611262
41.27022082 -18.76005237 -18.34069682
20.92088996 -34.92734657 -21.58628731
32.50947768 -27.65421347 -17.09124386
23.0316371 -34.96109154 -15.44688366
28.86315312 -31.31063367 -13.19658468
7.596387562 -28.04874877 -50.07865456
21.7528782 -21.26662208 -47.85413543
11.58895597 -31.07746347 -43.12202349
8.023726198 -21.8322255 -56.3316708
44.76207234 -4.630506794 -35.15679949
34.2404847 -13.37774267 -42.80742568
42.68009738 -11.47018923 -30.75897325
18.02957534 -34.29429022 -29.1724657
24.97334723 -24.20354375 -40.40772464
15.13894962 -33.11143236 -35.91915009
24.55238494 -30.92284041 -26.98568241
18.59230972 -27.72153528 -42.08016687
8.747647681 -5.406343588 -64.92731595
23.15908607 -14.31310234 -53.43234284
8.467648559 -14.03598814 -61.6230157
15.94121621 -18.18533363 -55.30859726
36.59099899 -22.61448106 -21.91738963
31.9891352 -19.77037282 -37.60548381
39.78511786 -17.5782866 -26.20960491
30.87402855 -26.94308537 -24.51362888
37.47790773 -15.79592378 -34.54834549
28.36482762 -25.80717271 -32.5032002
8.063698373 29.77423782 -53.15936845
25.02410777 24.46472775 -55.05051016
12.87852182 34.53562102 -47.92044443
8.422869702 22.91827838 -59.13391254
47.43394567 4.906904354 -37.25532867
39.32712904 15.36509243 -49.16674422
49.5673068 13.32111273 -35.72249263
42.72370411 0 -42.22067082
21.97097927 41.79128602 -35.54979123
30.26852679 29.33549939 -48.97550514
17.6557825 38.61616972 -41.89066728
31.72440588 39.95574126 -34.86849622
21.79420501 32.49563031 -49.3270496
8.858999792 5.475162978 -65.75380027
25.49873454 15.75908462 -58.83034942
8.746652934 14.49846626 -63.65346027
17.47428458 0 -63.22255554
17.32257572 19.76115339 -60.10127151
48.77026429 30.14168097 -29.21256359
39.19998271 24.22692167 -46.08234346
50.10106072 22.13618689 -33.00553267
41.23475138 35.98466021 -32.73992543
45.20671154 19.0534054 -41.67300639
36.21847666 32.95265866 -41.50268119
31.03101998 -9.34856359 -50.20924504
33.72205549 10.15927869 -54.56343196
37.09799556 -4.853285948 -46.66586766
25.1819804 -5.187773265 -57.53328713
38.99878027 5.101953069 -49.05688007
26.09854217 5.376595373 -59.6273564
36.81396594 46.87199718 4.84877241
48.1310531 38.49870814 15.04142875
33.81828789 46.92509755 12.61102438
43.45452391 43.97225781 0
52.05147397 7.895642822 29.15371288
53.68199406 24.40202644 23.85655221
26.69846587 44.57298766 27.54762136
44.86213265 38.16200941 23.58541889
30.38180305 46.11834551 20.37650103
39.92479015 43.31025351 18.25409967
53.6472565 33.15582792 -9.988694083
53.6472565 33.15582792 9.988694083
49.39664256 39.26888148 -5.137288628
49.39664256 39.26888148 5.137288628
26.62748658 -33.90244555 3.507109841
34.21584648 -27.36831635 10.69278945
24.9431148 -34.61021147 9.301423827
30.6557202 -31.02096423 0
47.18157576 -7.156932198 26.42611262
41.27022082 -18.76005237 18.34069682
20.92088996 -34.92734657 21.58628731
32.50947768 -27.65421347 17.09124386
23.0316371 -34.96109154 15.44688366
28.86315312 -31.31063367 13.19658468
38.52098967 -23.8072809 -7.172303054
38.52098967 -23.8072809 7.172303054
34.71580191 -27.59804391 -3.610469965
34.71580191 -27.59804391 3.610469965
7.596387562 -28.04874877 50.07865456
21.7528782 -21.26662208 47.85413543
11.58895597 -31.07746347 43.12202349
8.023726198 -21.8322255 56.3316708
44.76207234 -4.630506794 35.15679949
34.2404847 -13.37774267 42.80742568
42.68009738 -11.47018923 30.75897325
18.02957534 -34.29429022 29.1724657
24.97334723 -24.20354375 40.40772464
15.13894962 -33.11143236 35.91915009
24.55238494 -30.92284041 26.98568241
18.59230972 -27.72153528 42.08016687
8.747647681 -5.406343588 64.92731595
23.15908607 -14.31310234 53.43234284
8.467648559 -14.03598814 61.6230157
15.94121621 -18.18533363 55.30859726
36.59099899 -22.61448106 21.91738963
31.9891352 -19.77037282 37.60548381
39.78511786 -17.5782866 26.20960491
30.87402855 -26.94308537 24.51362888
37.47790773 -15.79592378 34.54834549
28.36482762 -25.80717271 32.5032002
8.063698373 29.77423782 53.15936845
25.02410777 24.46472775 55.05051016
12.87852182 34.53562102 47.92044443
8.422869702 22.91827838 59.13391254
47.43394567 4.906904354 37.25532867
39.32712904 15.36509243 49.16674422
49.5673068 13.32111273 35.72249263
42.72370411 0 42.22067082
21.97097927 41.79128602 35.54979123
30.26852679 29.33549939 48.97550514
17.6557825 38.61616972 41.89066728
31.72440588 39.95574126 34.86849622
21.79420501 32.49563031 49.3270496
8.858999792 5.475162978 65.75380027
25.49873454 15.75908462 58.83034942
8.746652934 14.49846626 63.65346027
17.47428458 0 63.22255554
17.32257572 19.76115339 60.10127151
48.77026429 30.14168097 29.21256359
39.19998271 24.22692167 46.08234346
50.10106072 22.13618689 33.00553267
41.23475138 35.98466021 32.73992543
45.20671154 19.0534054 41.67300639
36.21847666 32.95265866 41.50268119
31.03101998 -9.34856359 50.20924504
33.72205549 10.15927869 54.56343196
37.09799556 -4.853285948 46.66586766
25.1819804 -5.187773265 57.53328713
38.99878027 5.101953069 49.05688007
26.09854217 5.376595373 59.6273564
51.86576335 0 -22.86266703
54.85215844 0 -7.640025427
54.76009213 7.799874911 -21.22313545
49.46381722 -7.045488273 -19.17048076
51.86576335 0 22.86266703
54.85215844 0 7.640025427
54.76009213 7.799874911 21.22313545
49.46381722 -7.045488273 19.17048076
56.28184609 24.39414124 -15.07640841
57.51646013 7.749184173 -4.789259204
56.41107091 16.2589746 -18.54782431
57.54897314 25.18884608 -5.189187671
56.6112197 7.778975233 -12.89444211
42.84963847 -18.57224319 -11.47827754
51.74678233 -6.971836335 -4.308831819
46.29972376 -13.34465062 -15.22323771
43.30913902 -18.95615468 -3.905182629
50.99046549 -7.006624663 -11.61419254
56.28184609 24.39414124 15.07640841
57.51646013 7.749184173 4.789259204
56.41107091 16.2589746 18.54782431
57.54897314 25.18884608 5.189187671
56.6112197 7.778975233 12.89444211
58.72450691 16.23105452 0
42.84963847 -18.57224319 11.47827754
51.74678233 -6.971836335 4.308831819
46.29972376 -13.34465062 15.22323771
43.30913902 -18.95615468 3.905182629
50.99046549 -7.006624663 11.61419254
47.89293337 -13.23728122 0
-26.62748658 33.90244555 -3.507109841
-34.21584648 27.36831635 -10.69278945
-24.9431148 34.61021147 -9.301423827
-47.18157576 7.156932198 -26.42611262
-41.27022082 18.76005237 -18.34069682
-20.92088996 34.92734657 -21.58628731
-32.50947768 27.65421347 -17.09124386
-23.0316371 34.96109154 -15.44688366
-28.86315312 31.31063367 -13.19658468
-36.81396594 -46.87199718 -4.84877241
-48.1310531 -38.49870814 -15.04142875
-33.81828789 -46.92509755 -12.61102438
-52.05147397 -7.895642822 -29.15371288
-53.68199406 -24.40202644 -23.85655221
-26.69846587 -44.57298766 -27.54762136
-44.86213265 -38.16200941 -23.58541889
-30.38180305 -46.11834551 -20.37650103
-39.92479015 -43.31025351 -18.25409967
-8.063698373 -29.77423782 -53.15936845
-25.02410777 -24.46472775 -55.05051016
-12.87852182 -34.53562102 -47.92044443
-8.422869702 -22.91827838 -59.13391254
-47.43394567 -4.906904354 -37.25532867
-39.32712904 -15.36509243 -49.16674422
-49.5673068 -13.32111273 -35.72249263
-21.97097927 -41.79128602 -35.54979123
-30.26852679 -29.33549939 -48.97550514
-17.6557825 -38.61616972 -41.89066728
-31.72440588 -39.95574126 -34.86849622
-21.79420501 -32.49563031 -49.3270496
-8.858999792 -5.475162978 -65.75380027
-25.49873454 -15.75908462 -58.83034942
-8.746652934 -14.49846626 -63.65346027
-17.32257572 -19.76115339 -60.10127151
-48.77026429 -30.14168097 -29.21256359
-39.19998271 -24.22692167 -46.08234346
-50.10106072 -22.13618689 -33.00553267
-41.23475138 -35.98466021 -32.73992543
-45.20671154 -19.0534054 -41.67300639
-36.21847666 -32.95265866 -41.50268119
-7.596387562 28.04874877 -50.07865456
-21.7528782 21.26662208 -47.85413543
-11.58895597 31.07746347 -43.12202349
-8.023726198 21.8322255 -56.3316708
-44.76207234 4.630506794 -35.15679949
-34.2404847 13.37774267 -42.80742568
-42.68009738 11.47018923 -30.75897325
-42.72370411 0 -42.22067082
-18.02957534 34.29429022 -29.1724657
-24.97334723 24.20354375 -40.40772464
-15.13894962 33.11143236 -35.91915009
-24.55238494 30.92284041 -26.98568241
-18.59230972 27.72153528 -42.08016687
-8.747647681 5.406343588 -64.92731595
-23.15908607 14.31310234 -53.43234284
-8.467648559 14.03598814 -61.6230157
-17.47428458 0 -63.22255554
-15.94121621 18.18533363 -55.30859726
-36.59099899 22.61448106 -21.91738963
-31.9891352 19.77037282 -37.60548381
-39.78511786 17.5782866 -26.20960491
-30.87402855 26.94308537 -24.51362888
-37.47790773 15.79592378 -34.54834549
-28.36482762 25.80717271 -32.5032002
-33.72205549 -10.15927869 -54.56343196
-31.03101998 9.34856359 -50.20924504
-38.99878027 -5.101953069 -49.05688007
-26.09854217 -5.376595373 -59.6273564
-37.09799556 4.853285948 -46.66586766
-25.1819804 5.187773265 -57.53328713
-26.62748658 33.90244555 3.507109841
-34.21584648 27.36831635 10.69278945
-24.9431148 34.61021147 9.301423827
-30.6557202 31.02096423 0
-47.18157576 7.156932198 26.42611262
-41.27022082 18.76005237 18.34069682
-20.92088996 34.92734657 21.58628731
-32.50947768 27.65421347 17.09124386
-23.0316371 34.96109154 15.44688366
-28.86315312 31.31063367 13.19658468
-38.52098967 23.8072809 -7.172303054
-38.52098967 23.8072809 7.172303054
-34.71580191 27.59804391 -3.610469965
-34.71580191 27.59804391 3.610469965
-36.81396594 -46.87199718 4.84877241
-48.1310531 -38.49870814 15.04142875
-33.81828789 -46.92509755 12.61102438
-43.45452391 -43.97225781 0
-52.05147397 -7.895642822 29.15371288
-53.68199406 -24.40202644 23.85655221
-26.69846587 -44.57298766 27.54762136
-44.86213265 -38.16200941 23.58541889
-30.38180305 -46.11834551 20.37650103
-39.92479015 -43.31025351 18.25409967
-53.6472565 -33.15582792 -9.988694083
-53.6472565 -33.15582792 9.988694083
-49.39664256 -39.26888148 -5.137288628
-49.39664256 -39.26888148 5.137288628
-8.063698373 -29.77423782 53.15936845
-25.02410777 -24.46472775 55.05051016
-12.87852182 -34.53562102 47.92044443
-8.422869702 -22.91827838 59.13391254
-47.43394567 -4.906904354 37.25532867
-39.32712904 -15.36509243 49.16674422
-49.5673068 -13.32111273 35.72249263
-21.97097927 -41.79128602 35.54979123
-30.26852679 -29.33549939 48.97550514
-17.6557825 -38.61616972 41.89066728
-31.72440588 -39.95574126 34.86849622
-21.79420501 -32.49563031 49.3270496
-8.858999792 -5.475162978 65.75380027
-25.49873454 -15.75908462 58.83034942
-8.746652934 -14.49846626 63.65346027
-17.32257572 -19.76115339 60.10127151
-48.77026429 -30.14168097 29.21256359
-39.19998271 -24.22692167 46.08234346
-50.10106072 -22.13618689 33.00553267
-41.23475138 -35.98466021 32.73992543
-45.20671154 -19.0534054 41.67300639
-36.21847666 -32.95265866 41.50268119
-7.596387562 28.04874877 50.07865456
-21.7528782 21.26662208 47.85413543
-11.58895597 31.07746347 43.12202349
-8.023726198 21.8322255 56.3316708
-44.76207234 4.630506794 35.15679949
-34.2404847 13.37774267 42.80742568
-42.68009738 11.47018923 30.75897325
-42.72370411 0 42.22067082
-18.02957534 34.29429022 29.1724657
-24.97334723 24.20354375 40.40772464
-15.13894962 33.11143236 35.91915009
-24.55238494 30.92284041 26.98568241
-18.59230972 27.72153528 42.08016687
-8.747647681 5.406343588 64.92731595
-23.15908607 14.31310234 53.43234284
-8.467648559 14.03598814 61.6230157
-17.47428458 0 63.22255554
-15.94121621 18.18533363 55.30859726
-36.59099899 22.61448106 21.91738963
-31.9891352 19.77037282 37.60548381
-39.78511786 17.5782866 26.20960491
-30.87402855 26.94308537 24.51362888
-37.47790773 15.79592378 34.54834549
-28.36482762 25.80717271 32.5032002
-33.72205549 -10.15927869 54.56343196
-31.03101998 9.34856359 50.20924504
-38.99878027 -5.101953069 49.05688007
-26.09854217 -5.376595373 59.6273564
-37.09799556 4.853285948 46.66586766
-25.1819804 5.187773265 57.53328713
-51.86576335 0 -22.86266703
-54.85215844 0 -7.640025427
-49.46381722 7.045488273 -19.17048076
-54.76009213 -7.799874911 -21.22313545
-51.86576335 0 22.86266703
-54.85215844 0 7.640025427
-49.46381722 7.045488273 19.17048076
-54.76009213 -7.799874911 21.22313545
-42.84963847 18.57224319 -11.47827754
-51.74678233 6.971836335 -4.308831819
-46.29972376 13.34465062 -15.22323771
-43.30913902 18.95615468 -3.905182629
-50.99046549 7.006624663 -11.61419254
-56.28184609 -24.39414124 -15.07640841
-57.51646013 -7.749184173 -4.789259204
-56.41107091 -16.2589746 -18.54782431
-57.54897314 -25.18884608 -5.189187671
-56.6112197 -7.778975233 -12.89444211
-42.84963847 18.57224319 11.47827754
-51.74678233 6.971836335 4.308831819
-46.29972376 13.34465062 15.22323771
-43.30913902 18.95615468 3.905182629
-50.99046549 7.006624663 11.61419254
-47.89293337 13.23728122 0
-56.28184609 -24.39414124 15.07640841
-57.51646013 -7.749184173 4.789259204
-56.41107091 -16.2589746 18.54782431
-57.54897314 -25.18884608 5.189187671
-56.6112197 -7.778975233 12.89444211
-58.72450691 -16.23105452 0
-20.06589395 38.13448442 0
-14.76983248 40.97222889 0
-3.170905731 45.75129742 0
-9.165914915 43.51776942 0
25.995919 49.40427626 0
17.90645732 49.67337776 0
3.299859114 47.61189658 0
10.31699608 48.98285229 0
-25.995919 -49.40427626 0
-17.90645732 -49.67337776 0
-3.299859114 -47.61189658 0
-10.31699608 -48.98285229 0
20.06589395 -38.13448442 0
14.76983248 -40.97222889 0
3.170905731 -45.75129742 0
9.165914915 -43.51776942 0
-28.82145051 -48.94757656 3.743305498
-25.88576592 -48.69729032 11.02405589
-24.66404525 -49.44973804 3.644900933
-19.10812133 -46.17221099 24.68249562
-22.63909094 -47.76130911 18.00951193
-16.58879419 -49.54984641 3.458464033
-21.73205079 -49.02630824 10.74225351
-20.55174862 -49.63577374 3.552789438
-23.2286376 -49.32114019 7.245751961
-2.364903747 -33.28845708 47.6704566
-6.926725999 -37.52461033 42.58169084
-15.30752587 -43.94248747 31.02481526
-11.24494044 -41.06657461 37.00747725
-1.953729691 -47.21898492 3.161201045
-6.023033707 -47.71971896 9.745473254
-5.346078448 -48.02669163 3.230815901
-14.8923729 -46.22542453 24.09636553
-10.33639202 -47.46581899 16.72463361
-16.67930041 -47.15086811 20.92132944
-12.59271209 -49.21711762 3.389284881
-9.646505712 -48.34762634 9.976341273
-8.912252163 -48.70503298 3.305170645
-15.06706008 -49.25642625 6.889392941
-7.470409535 -48.27956529 6.568703407
-20.06326416 -48.54916498 14.30004577
-11.96986323 -48.20019674 13.6019936
-18.4160867 -47.93035848 17.63726102
-17.57296095 -49.04396718 10.54498947
-14.28548508 -47.81578189 17.20468279
-13.51517749 -48.80196766 10.28785388
21.81707051 -37.05201196 2.833582576
20.05594029 -37.72999995 8.541288957
19.23460989 -38.56408837 2.842528338
15.78146297 -38.13378749 20.38535783
18.0613794 -38.10378812 14.36791913
13.85202514 -41.37526273 2.887897106
17.38406823 -39.21749934 8.593025564
16.56734812 -40.01280661 2.864004446
18.33433049 -38.92910552 5.719061676
2.317215823 -32.61720041 46.7091891
6.495183513 -35.18678672 39.92880566
0 -34.86193131 44.38664253
13.1488144 -37.74559109 26.64960629
10.08231003 -36.82064296 33.18122145
-4.468509475 -38.85588511 39.31882906
4.276696855 -37.18798015 37.63105204
-2.272484978 -36.9530137 41.90163902
2.223701761 -36.1597469 41.00214055
1.907799518 -46.10891521 3.086884464
5.612073054 -44.46373072 9.080524948
5.016704358 -45.06774743 3.031764005
0 -46.52682533 6.2685523
12.75311198 -39.58523057 20.63496864
9.211476624 -42.30008703 14.90448226
14.01962822 -39.63221627 17.5852256
10.93005543 -42.7188218 2.941786595
8.640714939 -43.30667183 8.936160269
8.03824989 -43.92865224 2.981040829
12.7704625 -41.74851238 5.83927679
6.846645204 -44.24831766 6.020229744
-3.977256864 -46.88001356 12.95731707
3.794775014 -44.72909602 12.36281808
-1.971871925 -46.79098398 9.577961003
1.925509091 -45.69083005 9.352763103
16.30292232 -39.44987511 11.6198707
10.47912305 -42.19729021 11.90798607
15.20874362 -39.58281395 14.56555811
14.56724706 -40.65539031 8.741353678
12.24606174 -40.98950884 14.74850916
11.63894047 -42.02706157 8.859648267
-12.67965401 -44.92674809 27.76625732
-4.048594654 -43.75941075 27.04480317
-10.74812667 -43.66841543 30.75641716
-10.45821801 -45.82278359 23.96628006
11.11694172 -39.38972152 24.3441867
3.871496461 -41.84523725 25.86177889
9.621426293 -39.09076003 27.53229562
9.342411349 -40.9338659 21.40927323
-6.670935503 -40.67132592 36.48553514
-2.108736981 -42.38311745 29.78180477
-8.735475605 -42.24215792 33.68335932
-2.186934718 -39.97280996 35.8871549
-6.323944734 -43.13227842 30.3318232
-6.141020549 -46.76420273 16.61982565
-2.07056674 -44.35813474 23.27370147
-8.260926547 -46.42553604 20.222367
-2.012018585 -45.87075195 16.27757228
-6.153448196 -45.18374057 23.68167953
6.23884437 -38.03695488 34.12228696
2.060656966 -41.41676605 29.10276815
7.991313995 -38.64361405 30.81392622
2.138127272 -39.08070708 35.08623461
5.912348447 -40.32499809 28.35766525
0 -40.82020726 32.45086706
5.722321169 -43.57578437 15.48667349
2.022096942 -43.31975728 22.7288885
7.53306609 -42.33503703 18.44059819
1.964698471 -44.79193029 15.89474452
5.745963096 -42.19164565 22.11346424
0 -44.67714218 19.55492159
-21.81707051 37.05201196 2.833582576
-20.05594029 37.72999995 8.541288957
-19.23460989 38.56408837 2.842528338
-15.78146297 38.13378749 20.38535783
-18.0613794 38.10378812 14.36791913
-13.85202514 41.37526273 2.887897106
-17.38406823 39.21749934 8.593025564
-16.56734812 40.01280661 2.864004446
-18.33433049 38.92910552 5.719061676
-2.317215823 32.61720041 46.7091891
-6.495183513 35.18678672 39.92880566
-13.1488144 37.74559109 26.64960629
-10.08231003 36.82064296 33.18122145
-1.907799518 46.10891521 3.086884464
-5.612073054 44.46373072 9.080524948
-5.016704358 45.06774743 3.031764005
-12.75311198 39.58523057 20.63496864
-9.211476624 42.30008703 14.90448226
-14.01962822 39.63221627 17.5852256
-10.93005543 42.7188218 2.941786595
-8.640714939 43.30667183 8.936160269
-8.03824989 43.92865224 2.981040829
-12.7704625 41.74851238 5.83927679
-6.846645204 44.24831766 6.020229744
-16.30292232 39.44987511 11.6198707
-10.47912305 42.19729021 11.90798607
-15.20874362 39.58281395 14.56555811
-14.56724706 40.65539031 8.741353678
-12.24606174 40.98950884 14.74850916
-11.63894047 42.02706157 8.859648267
28.82145051 48.94757656 3.743305498
25.88576592 48.69729032 11.02405589
24.66404525 49.44973804 3.644900933
19.10812133 46.17221099 24.68249562
22.63909094 47.76130911 18.00951193
16.58879419 49.54984641 3.458464033
21.73205079 49.02630824 10.74225351
20.55174862 49.63577374 3.552789438
23.2286376 49.32114019 7.245751961
2.364903747 33.28845708 47.6704566
6.926725999 37.52461033 42.58169084
0 34.86193131 44.38664253
15.30752587 43.94248747 31.02481526
11.24494044 41.06657461 37.00747725
-4.276696855 37.18798015 37.63105204
4.468509475 38.85588511 39.31882906
-2.223701761 36.1597469 41.00214055
2.272484978 36.9530137 41.90163902
1.953729691 47.21898492 3.161201045
6.023033707 47.71971896 9.745473254
5.346078448 48.02669163 3.230815901
0 46.52682533 6.2685523
14.8923729 46.22542453 24.09636553
10.33639202 47.46581899 16.72463361
16.67930041 47.15086811 20.92132944
12.59271209 49.21711762 3.389284881
9.646505712 48.34762634 9.976341273
8.912252163 48.70503298 3.305170645
15.06706008 49.25642625 6.889392941
7.470409535 48.27956529 6.568703407
-3.794775014 44.72909602 12.36281808
3.977256864 46.88001356 12.95731707
-1.925509091 45.69083005 9.352763103
1.971871925 46.79098398 9.577961003
20.06326416 48.54916498 14.30004577
11.96986323 48.20019674 13.6019936
18.4160867 47.93035848 17.63726102
17.57296095 49.04396718 10.54498947
14.28548508 47.81578189 17.20468279
13.51517749 48.80196766 10.28785388
-11.11694172 39.38972152 24.3441867
-3.871496461 41.84523725 25.86177889
-9.621426293 39.09076003 27.53229562
-9.342411349 40.9338659 21.40927323
12.67965401 44.92674809 27.76625732
4.048594654 43.75941075 27.04480317
10.74812667 43.66841543 30.75641716
10.45821801 45.82278359 23.96628006
-6.23884437 38.03695488 34.12228696
-2.060656966 41.41676605 29.10276815
-7.991313995 38.64361405 30.81392622
-2.138127272 39.08070708 35.08623461
-5.912348447 40.32499809 28.35766525
-5.722321169 43.57578437 15.48667349
-2.022096942 43.31975728 22.7288885
-7.53306609 42.33503703 18.44059819
-1.964698471 44.79193029 15.89474452
-5.745963096 42.19164565 22.11346424
6.670935503 40.67132592 36.48553514
2.108736981 42.38311745 29.78180477
8.735475605 42.24215792 33.68335932
2.186934718 39.97280996 35.8871549
6.323944734 43.13227842 30.3318232
0 40.82020726 32.45086706
6.141020549 46.76420273 16.61982565
2.07056674 44.35813474 23.27370147
8.260926547 46.42553604 20.222367
2.012018585 45.87075195 16.27757228
6.153448196 45.18374057 23.68167953
0 44.67714218 19.55492159
0 -28.05007936 53.30813155
0 -21.3673355 59.27402102
0 -4.596811184 66.32492211
0 -13.44432271 63.83071861
0 28.05007936 53.30813155
0 21.3673355 59.27402102
0 4.596811184 66.32492211
0 13.44432271 63.83071861
-28.82145051 -48.94757656 -3.743305498
-25.88576592 -48.69729032 -11.02405589
-24.66404525 -49.44973804 -3.644900933
-19.10812133 -46.17221099 -24.68249562
-22.63909094 -47.76130911 -18.00951193
-16.58879419 -49.54984641 -3.458464033
-21.73205079 -49.02630824 -10.74225351
-20.55174862 -49.63577374 -3.552789438
-23.2286376 -49.32114019 -7.245751961
-2.364903747 -33.28845708 -47.6704566
-6.926725999 -37.52461033 -42.58169084
-15.30752587 -43.94248747 -31.02481526
-11.24494044 -41.06657461 -37.00747725
-1.953729691 -47.21898492 -3.161201045
-6.023033707 -47.71971896 -9.745473254
-5.346078448 -48.02669163 -3.230815901
-14.8923729 -46.22542453 -24.09636553
-10.33639202 -47.46581899 -16.72463361
-16.67930041 -47.15086811 -20.92132944
-12.59271209 -49.21711762 -3.389284881
-9.646505712 -48.34762634 -9.976341273
-8.912252163 -48.70503298 -3.305170645
-15.06706008 -49.25642625 -6.889392941
-7.470409535 -48.27956529 -6.568703407
-20.06326416 -48.54916498 -14.30004577
-11.96986323 -48.20019674 -13.6019936
-18.4160867 -47.93035848 -17.63726102
-17.57296095 -49.04396718 -10.54498947
-14.28548508 -47.81578189 -17.20468279
-13.51517749 -48.80196766 -10.28785388
21.81707051 -37.05201196 -2.833582576
20.05594029 -37.72999995 -8.541288957
19.23460989 -38.56408837 -2.842528338
15.78146297 -38.13378749 -20.38535783
18.0613794 -38.10378812 -14.36791913
13.85202514 -41.37526273 -2.887897106
17.38406823 -39.21749934 -8.593025564
16.56734812 -40.01280661 -2.864004446
18.33433049 -38.92910552 -5.719061676
2.317215823 -32.61720041 -46.7091891
6.495183513 -35.18678672 -39.92880566
0 -34.86193131 -44.38664253
13.1488144 -37.74559109 -26.64960629
10.08231003 -36.82064296 -33.18122145
-4.468509475 -38.85588511 -39.31882906
4.276696855 -37.18798015 -37.63105204
-2.272484978 -36.9530137 -41.90163902
2.223701761 -36.1597469 -41.00214055
1.907799518 -46.10891521 -3.086884464
5.612073054 -44.46373072 -9.080524948
5.016704358 -45.06774743 -3.031764005
0 -46.52682533 -6.2685523
12.75311198 -39.58523057 -20.63496864
9.211476624 -42.30008703 -14.90448226
14.01962822 -39.63221627 -17.5852256
10.93005543 -42.7188218 -2.941786595
8.640714939 -43.30667183 -8.936160269
8.03824989 -43.92865224 -2.981040829
12.7704625 -41.74851238 -5.83927679
6.846645204 -44.24831766 -6.020229744
-3.977256864 -46.88001356 -12.95731707
3.794775014 -44.72909602 -12.36281808
-1.971871925 -46.79098398 -9.577961003
1.925509091 -45.69083005 -9.352763103
16.30292232 -39.44987511 -11.6198707
10.47912305 -42.19729021 -11.90798607
15.20874362 -39.58281395 -14.56555811
14.56724706 -40.65539031 -8.741353678
12.24606174 -40.98950884 -14.74850916
11.63894047 -42.02706157 -8.859648267
-12.67965401 -44.92674809 -27.76625732
-4.048594654 -43.75941075 -27.04480317
-10.74812667 -43.66841543 -30.75641716
-10.45821801 -45.82278359 -23.96628006
11.11694172 -39.38972152 -24.3441867
3.871496461 -41.84523725 -25.86177889
9.621426293 -39.09076003 -27.53229562
9.342411349 -40.9338659 -21.40927323
-6.670935503 -40.67132592 -36.48553514
-2.108736981 -42.38311745 -29.78180477
-8.735475605 -42.24215792 -33.68335932
-2.186934718 -39.97280996 -35.8871549
-6.323944734 -43.13227842 -30.3318232
-6.141020549 -46.76420273 -16.61982565
-2.07056674 -44.35813474 -23.27370147
-8.260926547 -46.42553604 -20.222367
-2.012018585 -45.87075195 -16.27757228
-6.153448196 -45.18374057 -23.68167953
6.23884437 -38.03695488 -34.12228696
2.060656966 -41.41676605 -29.10276815
7.991313995 -38.64361405 -30.81392622
2.138127272 -39.08070708 -35.08623461
5.912348447 -40.32499809 -28.35766525
0 -40.82020726 -32.45086706
5.722321169 -43.57578437 -15.48667349
2.022096942 -43.31975728 -22.7288885
7.53306609 -42.33503703 -18.44059819
1.964698471 -44.79193029 -15.89474452
5.745963096 -42.19164565 -22.11346424
0 -44.67714218 -19.55492159
-21.81707051 37.05201196 -2.833582576
-20.05594029 37.72999995 -8.541288957
-19.23460989 38.56408837 -2.842528338
-15.78146297 38.13378749 -20.38535783
-18.0613794 38.10378812 -14.36791913
-13.85202514 41.37526273 -2.887897106
-17.38406823 39.21749934 -8.593025564
-16.56734812 40.01280661 -2.864004446
-18.33433049 38.92910552 -5.719061676
-2.317215823 32.61720041 -46.7091891
-6.495183513 35.18678672 -39.92880566
-13.1488144 37.74559109 -26.64960629
-10.08231003 36.82064296 -33.18122145
-1.907799518 46.10891521 -3.086884464
-5.612073054 44.46373072 -9.080524948
-5.016704358 45.06774743 -3.031764005
-12.75311198 39.58523057 -20.63496864
-9.211476624 42.30008703 -14.90448226
-14.01962822 39.63221627 -17.5852256
-10.93005543 42.7188218 -2.941786595
-8.640714939 43.30667183 -8.936160269
-8.03824989 43.92865224 -2.981040829
-12.7704625 41.74851238 -5.83927679
-6.846645204 44.24831766 -6.020229744
-16.30292232 39.44987511 -11.6198707
-10.47912305 42.19729021 -11.90798607
-15.20874362 39.58281395 -14.56555811
-14.56724706 40.65539031 -8.741353678
-12.24606174 40.98950884 -14.74850916
-11.63894047 42.02706157 -8.859648267
28.82145051 48.94757656 -3.743305498
25.88576592 48.69729032 -11.02405589
24.66404525 49.44973804 -3.644900933
19.10812133 46.17221099 -24.68249562
22.63909094 47.76130911 -18.00951193
16.58879419 49.54984641 -3.458464033
21.73205079 49.02630824 -10.74225351
20.55174862 49.63577374 -3.552789438
23.2286376 49.32114019 -7.245751961
2.364903747 33.28845708 -47.6704566
6.926725999 37.52461033 -42.58169084
0 34.86193131 -44.38664253
15.30752587 43.94248747 -31.02481526
11.24494044 41.06657461 -37.00747725
-4.276696855 37.18798015 -37.63105204
4.468509475 38.85588511 -39.31882906
-2.223701761 36.1597469 -41.00214055
2.272484978 36.9530137 -41.90163902
1.953729691 47.21898492 -3.161201045
6.023033707 47.71971896 -9.745473254
5.346078448 48.02669163 -3.230815901
0 46.52682533 -6.2685523
14.8923729 46.22542453 -24.09636553
10.33639202 47.46581899 -16.72463361
16.67930041 47.15086811 -20.92132944
12.59271209 49.21711762 -3.389284881
9.646505712 48.34762634 -9.976341273
8.912252163 48.70503298 -3.305170645
15.06706008 49.25642625 -6.889392941
7.470409535 48.27956529 -6.568703407
-3.794775014 44.72909602 -12.36281808
3.977256864 46.88001356 -12.95731707
-1.925509091 45.69083005 -9.352763103
1.971871925 46.79098398 -9.577961003
20.06326416 48.54916498 -14.30004577
11.96986323 48.20019674 -13.6019936
18.4160867 47.93035848 -17.63726102
17.57296095 49.04396718 -10.54498947
14.28548508 47.81578189 -17.20468279
13.51517749 48.80196766 -10.28785388
-11.11694172 39.38972152 -24.3441867
-3.871496461 41.84523725 -25.86177889
-9.621426293 39.09076003 -27.53229562
-9.342411349 40.9338659 -21.40927323
12.67965401 44.92674809 -27.76625732
4.048594654 43.75941075 -27.04480317
10.74812667 43.66841543 -30.75641716
10.45821801 45.82278359 -23.96628006
-6.23884437 38.03695488 -34.12228696
-2.060656966 41.41676605 -29.10276815
-7.991313995 38.64361405 -30.81392622
-2.138127272 39.08070708 -35.08623461
-5.912348447 40.32499809 -28.35766525
-5.722321169 43.57578437 -15.48667349
-2.022096942 43.31975728 -22.7288885
-7.53306609 42.33503703 -18.44059819
-1.964698471 44.79193029 -15.89474452
-5.745963096 42.19164565 -22.11346424
6.670935503 40.67132592 -36.48553514
2.108736981 42.38311745 -29.78180477
8.735475605 42.24215792 -33.68335932
2.186934718 39.97280996 -35.8871549
6.323944734 43.13227842 -30.3318232
0 40.82020726 -32.45086706
6.141020549 46.76420273 -16.61982565
2.07056674 44.35813474 -23.27370147
8.260926547 46.42553604 -20.222367
2.012018585 45.87075195 -16.27757228
6.153448196 45.18374057 -23.68167953
0 44.67714218 -19.55492159
0 -28.05007936 -53.30813155
0 -21.3673355 -59.27402102
0 -4.596811184 -66.32492211
0 -13.44432271 -63.83071861
0 28.05007936 -53.30813155
0 21.3673355 -59.27402102
0 4.596811184 -66.32492211
0 13.44432271 -63.83071861
33.52242632 48.00551029 -2.381525566
39.98233246 45.37063289 -7.380400736
32.12393103 48.14638372 -6.199057988
50.18340429 35.43110409 -17.48157202
45.70570349 41.18806591 -12.51523699
29.05379409 47.847314 -13.66970327
38.49630513 45.4852166 -11.37042113
30.62790586 48.08987628 -9.986647745
35.38188335 46.99600865 -8.767538435
50.73272394 3.879826088 -29.87258604
53.05334992 12.01017738 -28.20129392
52.98426675 28.32404825 -21.92725399
53.90936937 20.32778098 -25.55330117
21.93014393 45.0368997 -27.83433476
31.47615694 43.69318523 -27.00387355
23.80373328 45.99348533 -24.46454414
48.61130004 35.31729683 -21.82728983
40.67457608 40.51123227 -25.03731847
46.61153995 38.42510082 -19.36109927
27.35202313 47.39393107 -17.44881808
33.3411309 44.44779877 -23.30084503
25.61994621 46.78503095 -20.98004947
32.16365379 46.61983658 -16.53998656
28.59511591 45.43407139 -24.01072101
41.53891031 43.4951997 -14.14246976
38.13319483 42.92775315 -22.26900976
44.22156849 41.17308664 -16.76603148
36.95359494 45.33171769 -15.43526468
42.53549544 40.94313311 -20.96921168
35.22577717 44.98117543 -19.4412112
24.64593781 -35.29400914 -1.750915356
28.57197014 -32.42252986 -5.274144265
23.83172435 -35.71827321 -4.598884272
36.03706515 -25.4433318 -12.55364316
32.36431246 -29.16536303 -8.862067739
22.0618145 -36.33255479 -10.38000259
27.74684937 -32.78422304 -8.195419306
22.96946862 -36.0651136 -7.489509503
25.81642866 -34.29068749 -6.397243706
48.28468406 -3.692610259 -28.43112428
45.88991505 -10.38852439 -24.39346402
39.57238162 -21.15439384 -16.37681742
42.90362609 -16.17780962 -20.33652575
17.77775722 -36.50933945 -22.56401268
23.95546446 -33.25344158 -20.55175714
18.94743723 -36.61016808 -19.47343339
35.2029419 -25.57579714 -15.80671192
29.74116781 -29.62173114 -18.30723665
33.41297859 -27.54461819 -13.87879474
21.07286377 -36.51378357 -13.44312136
24.97072097 -33.28902022 -17.4510847
20.04782409 -36.60968149 -16.41706573
24.02655849 -34.82546597 -12.35552892
22.02066745 -34.98809308 -18.49029409
29.71351527 -31.11288358 -10.11635809
27.92555348 -31.43668585 -16.30795494
31.57281075 -29.39629047 -11.9704198
26.91648161 -33.01898903 -11.24283088
30.69810231 -29.54888561 -15.13359605
25.99030072 -33.18803359 -14.34412427
3.834914484 -29.52679071 -50.14545845
11.27550021 -26.47618646 -49.80801196
6.022352401 -31.20823092 -46.77395988
3.937000119 -26.64060035 -53.41259697
25.04193548 -19.38638413 -46.84459571
18.35914504 -23.07860178 -48.68853773
9.963677531 -33.73355888 -39.85780524
13.22695324 -28.11276648 -46.29758031
8.079578313 -32.60558245 -43.30838525
9.683309519 -29.69760223 -46.62917614
4.140171446 -19.85865731 -59.31675371
11.60493058 -23.4772844 -52.96345904
4.044955318 -23.39877055 -56.51178897
7.829910364 -25.10134921 -53.29745054
47.0359418 -2.333425835 -32.84537304
42.3371258 -6.88694282 -37.30909029
46.13584992 -5.940192946 -30.78247516
31.28991813 -15.43832662 -44.3179701
37.06912945 -11.26367383 -41.13498903
43.69238534 -12.48266398 -26.53084282
41.38428585 -10.34526805 -35.02549212
44.9964937 -9.344256361 -28.65776499
43.81892392 -8.174824005 -32.98995168
16.27247281 -36.24023249 -26.32941409
19.78425293 -32.14066642 -32.01159368
14.89996526 -35.87143044 -29.57128927
19.55219028 -34.68989601 -25.33427935
26.63413845 -20.98453204 -43.09494127
23.26646118 -27.11976791 -37.64592498
23.47833151 -22.84415921 -44.13939985
11.79897494 -34.65565563 -36.28777576
18.38226258 -31.4775739 -35.43530848
13.40201533 -35.34874305 -32.91192307
13.45173502 -32.204823 -39.5063037
16.65288066 -33.77993127 -32.51534296
25.79683925 -31.26956414 -23.18283465
23.13872339 -30.42671707 -30.87243666
22.7438663 -33.02169258 -24.27956915
21.35234453 -32.65571435 -28.1221848
16.83599241 -26.39138375 -45.72939327
20.15151361 -28.8347591 -38.44025488
20.19155734 -24.65707309 -45.02671153
15.14196791 -29.44506706 -42.67936171
21.8321853 -26.00062984 -41.31175675
16.86733463 -30.56213756 -39.02599124
4.432640989 -2.739522791 -66.2105336
12.84176674 -7.936648319 -62.88104063
4.395212268 -7.272822192 -65.33566466
25.86655683 -15.98641129 -49.62128288
20.08281367 -12.41186144 -56.99659679
22.51295759 -17.9482085 -50.73795608
4.260059295 -15.82802923 -61.86196994
12.60008185 -12.18350077 -61.0628719
4.333303435 -11.68456853 -63.8556097
8.275148454 -18.09769888 -59.16402838
8.644434597 -9.831082732 -63.53606163
15.44010975 -21.66279784 -52.41972283
16.34753575 -14.3859623 -57.92933467
19.01560191 -19.85529233 -51.67608593
12.03041093 -20.04837862 -55.95255265
19.60462381 -16.27821706 -54.48577155
12.37404537 -16.25581209 -58.69812782
37.2810197 -23.04093731 -18.15351708
35.73840671 -22.08755005 -25.74560981
38.97452488 -20.7310661 -20.17110007
34.57348641 -25.24926459 -19.48657859
30.25285611 -18.69729333 -41.64052171
33.46269616 -20.68108358 -33.59761984
33.17553791 -16.71602336 -40.24356157
28.55235204 -22.03579633 -39.09636068
42.17216685 -15.52634379 -24.33843441
37.29501785 -19.55114663 -27.97569523
40.62176722 -18.21622575 -22.24488196
41.29257464 -14.64995761 -28.48830396
38.21868114 -20.19757557 -24.05392217
28.89713969 -29.32045257 -21.97551976
32.81448048 -24.32821486 -27.071368
31.7621267 -27.3526522 -20.76806114
27.76813306 -28.98612051 -25.79738799
33.77716486 -24.8350386 -23.26420186
38.70257355 -12.58414675 -36.96184274
36.13471943 -18.74508589 -32.09886833
36.01036917 -14.66372896 -38.67660009
40.14132387 -13.66795679 -32.72247994
34.78740758 -17.81652888 -36.14036113
38.75677798 -16.75097858 -30.35131056
25.01254703 -27.83286276 -33.73752415
31.59412572 -23.67962542 -31.13798678
26.78742174 -25.09309514 -36.43252482
26.47220094 -28.49449714 -29.74434492
30.20558226 -22.9342067 -35.07497277
29.717753 -26.44853437 -28.4690226
3.955015178 30.45150183 -51.71589877
12.28569257 28.84823565 -54.27040137
6.345566502 32.8831479 -49.28427518
4.050808986 27.41071375 -54.95662211
29.04076922 22.48210838 -54.32499794
20.83854832 26.19536789 -55.26392673
10.98656387 37.19669749 -43.94966832
14.75515766 31.36083528 -51.64667059
8.708144371 35.14219533 -46.6776429
10.51477841 32.24762217 -50.63304582
4.233111445 20.3044513 -60.64831668
12.54248806 25.37400437 -57.2423547
4.150023409 24.00655579 -57.97968795
8.271003779 26.51541902 -56.2999312
48.46167742 2.404155754 -33.84096952
46.02985884 7.487636438 -40.56326751
49.88783242 6.423277142 -33.28584961
46.28092352 0 -36.34972787
36.25546027 17.88830623 -51.3509942
41.98727787 12.75808226 -46.59257555
51.78361099 14.79428075 -31.44398808
47.04417103 11.76012947 -39.81572251
51.0169795 10.5945085 -32.49214525
48.66405736 9.078728292 -36.63770712
41.38810216 -4.703678393 -40.90079438
43.69566734 4.965928747 -43.18119005
43.90545002 -2.381159257 -38.72017262
45.17037639 2.449761017 -39.83570993
19.61105554 43.67555076 -31.73135443
24.27709288 39.43954552 -39.28116143
17.58816161 42.34322059 -34.90643137
24.40725306 43.30384773 -31.62510995
31.72579337 24.99615029 -51.33341199
28.49463217 33.21380959 -46.10528335
27.73319097 26.98409082 -52.13856039
13.32548016 39.13926879 -40.98254623
22.06006578 37.77540158 -42.52497389
15.47778006 40.82371622 -38.00947054
15.31802614 36.67291393 -44.98740066
19.86344152 40.2924697 -38.78407746
34.05209086 41.27614352 -30.60157813
29.19569501 38.39145042 -38.95384502
29.2820619 42.51446228 -31.25923435
26.865453 41.0873175 -35.38324483
19.24520986 30.16797028 -52.27323394
24.20572638 34.63592375 -46.17391575
23.51960798 28.72114731 -52.44818841
17.31792489 33.67643246 -48.81254438
26.09150064 31.07318121 -49.37140797
19.77283904 35.82665786 -45.74846353
4.446925859 2.748351326 -66.42390726
13.20205584 8.159319232 -64.64523354
4.432794816 7.335010585 -65.89433637
8.863056045 0 -65.78390684
29.25856509 18.08278769 -56.12836471
21.55167619 13.3196684 -61.16534357
25.38429384 20.23734983 -57.20915081
4.338012474 16.11766022 -62.99395822
13.14426756 12.70969473 -63.70012004
4.392439408 11.84402617 -64.72703808
8.623250359 18.85899561 -61.65281889
8.845245206 10.05945923 -65.01200723
17.15205097 -5.264833151 -62.0567034
17.57636221 5.39507576 -63.59187587
13.15949197 -2.709223055 -64.28775162
13.28517926 2.735099047 -64.90176874
17.01628695 23.87420752 -57.77090061
17.46849658 15.37241679 -61.90158565
21.25256015 22.1910301 -57.75515967
12.87872703 21.46207616 -59.89800817
21.50033612 17.85227514 -59.75439334
13.08891991 17.19494443 -62.08924171
50.44110867 31.17431959 -24.56165457
46.80429507 28.92664517 -33.71737101
51.47822868 27.38195179 -26.64233895
47.09690155 34.39520431 -26.54512369
36.12768845 22.32813939 -49.72673619
42.01087468 25.96414845 -42.18026515
39.45357244 19.87931108 -47.85912668
34.94330037 26.96812679 -47.84740229
52.14252292 19.19708655 -30.09253423
47.56280643 24.93382377 -35.67775681
52.04780694 23.34006288 -28.50189445
50.05750887 17.75961875 -34.53535025
49.66155712 26.24483689 -31.25579413
38.87820933 39.44773444 -29.56586244
43.1501922 31.99097264 -35.59814799
43.17889845 37.18445565 -28.23305919
36.62447542 38.23092663 -34.02518275
45.26196762 33.2793684 -31.17442081
44.90780346 14.60177805 -42.8879792
45.09046241 23.39092717 -40.05435323
42.40689344 17.26844811 -45.54672714
47.6324514 16.21865511 -38.82911137
42.41682032 21.72396728 -44.06649737
47.81234743 20.66486559 -37.44293207
31.45617537 35.0030491 -42.4288448
40.62489943 30.4481412 -40.03837904
33.35566979 31.24589607 -45.36574215
34.13109495 36.73847859 -38.3499303
37.93271386 28.80118956 -44.0477821
38.85992963 34.58498979 -37.22704791
29.70266044 -13.56392592 -48.05991414
32.15486335 -4.813568324 -52.0276618
32.79076979 -11.45905082 -46.55681934
27.18229765 -11.86159863 -51.97170939
33.47769159 15.28782008 -54.16804286
33.55581881 5.023290715 -54.29445536
36.62635725 12.79943386 -52.00264308
29.84202166 13.02222821 -57.05701915
38.59497719 -7.056621276 -43.022773
35.24686181 -2.495697006 -50.16055593
35.77476814 -9.277863629 -44.86498485
39.99701548 -2.437386358 -44.550567
34.1355822 -7.116998337 -48.54127711
20.98661408 -7.754547552 -59.05129789
29.19907224 -2.597722924 -55.65149929
24.26206887 -9.911162667 -55.69968901
21.539385 -2.662414406 -60.69871904
28.31756661 -7.358037211 -54.02883617
41.71173516 7.626482491 -46.49709998
36.09541737 2.555780016 -51.36815333
39.39440444 10.21658367 -49.40435536
41.06839323 2.502675268 -45.7439182
36.56202935 7.622893337 -51.99171902
38.22984778 0 -48.0896337
21.95130775 8.111001571 -61.76571448
29.80219806 2.65138058 -56.8010172
25.96719502 10.60771426 -59.61423549
21.87321803 2.703678438 -61.63947186
30.01756907 7.799765892 -57.27237597
25.79310126 0 -58.92951536
33.52242632 48.00551029 2.381525566
39.98233246 45.37063289 7.380400736
32.12393103 48.14638372 6.199057988
36.91177941 46.99653451 0
50.18340429 35.43110409 17.48157202
45.70570349 41.18806591 12.51523699
29.05379409 47.847314 13.66970327
38.49630513 45.4852166 11.37042113
30.62790586 48.08987628 9.986647745
35.38188335 46.99600865 8.767538435
43.33288166 43.84916626 -4.983373605
43.33288166 43.84916626 4.983373605
40.2234838 45.61007966 -2.473607794
40.2234838 45.61007966 2.473607794
50.73272394 3.879826088 29.87258604
53.05334992 12.01017738 28.20129392
52.98426675 28.32404825 21.92725399
53.90936937 20.32778098 25.55330117
21.93014393 45.0368997 27.83433476
31.47615694 43.69318523 27.00387355
23.80373328 45.99348533 24.46454414
48.61130004 35.31729683 21.82728983
40.67457608 40.51123227 25.03731847
46.61153995 38.42510082 19.36109927
27.35202313 47.39393107 17.44881808
33.3411309 44.44779877 23.30084503
25.61994621 46.78503095 20.98004947
32.16365379 46.61983658 16.53998656
28.59511591 45.43407139 24.01072101
41.53891031 43.4951997 14.14246976
38.13319483 42.92775315 22.26900976
44.22156849 41.17308664 16.76603148
36.95359494 45.33171769 15.43526468
42.53549544 40.94313311 20.96921168
35.22577717 44.98117543 19.4412112
52.88210939 32.682941 -14.92489171
54.10683272 33.43986164 -5.005931981
51.1145527 36.0008599 -12.58084777
52.88210939 32.682941 14.92489171
54.10683272 33.43986164 5.005931981
51.1145527 36.0008599 12.58084777
46.34434723 41.57470334 -7.601427892
52.05486298 36.57795508 -2.589946687
48.9029832 38.99461666 -10.11290232
46.5946362 41.83215862 -2.549218524
51.74107005 36.38576599 -7.586143823
46.34434723 41.57470334 7.601427892
52.05486298 36.57795508 2.589946687
48.9029832 38.99461666 10.11290232
46.5946362 41.83215862 2.549218524
51.74107005 36.38576599 7.586143823
49.54404348 39.38606089 0
24.64593781 -35.29400914 1.750915356
28.57197014 -32.42252986 5.274144265
23.83172435 -35.71827321 4.598884272
26.66442907 -33.94948119 0
36.03706515 -25.4433318 12.55364316
32.36431246 -29.16536303 8.862067739
22.0618145 -36.33255479 10.38000259
27.74684937 -32.78422304 8.195419306
22.96946862 -36.0651136 7.489509503
25.81642866 -34.29068749 6.397243706
30.61292152 -30.97765563 -3.52055112
30.61292152 -30.97765563 3.52055112
28.66487454 -32.50357969 -1.762792538
28.66487454 -32.50357969 1.762792538
48.28468406 -3.692610259 28.43112428
45.88991505 -10.38852439 24.39346402
39.57238162 -21.15439384 16.37681742
42.90362609 -16.17780962 20.33652575
17.77775722 -36.50933945 22.56401268
23.95546446 -33.25344158 20.55175714
18.94743723 -36.61016808 19.47343339
35.2029419 -25.57579714 15.80671192
29.74116781 -29.62173114 18.30723665
33.41297859 -27.54461819 13.87879474
21.07286377 -36.51378357 13.44312136
24.97072097 -33.28902022 17.4510847
20.04782409 -36.60968149 16.41706573
24.02655849 -34.82546597 12.35552892
22.02066745 -34.98809308 18.49029409
29.71351527 -31.11288358 10.11635809
27.92555348 -31.43668585 16.30795494
31.57281075 -29.39629047 11.9704198
26.91648161 -33.01898903 11.24283088
30.69810231 -29.54888561 15.13359605
25.99030072 -33.18803359 14.34412427
38.23476798 -23.63038617 -10.79097975
38.69007523 -23.91178152 -3.579582748
36.39909782 -25.63651156 -8.958926267
38.23476798 -23.63038617 10.79097975
38.69007523 -23.91178152 3.579582748
36.39909782 -25.63651156 8.958926267
32.62602715 -29.26823833 -5.351340727
36.75551655 -25.82739741 -1.828740349
34.51685522 -27.52330123 -7.137920067
32.70646597 -29.36351014 -1.789388988
36.63744069 -25.76447186 -5.371688179
32.62602715 -29.26823833 5.351340727
36.75551655 -25.82739741 1.828740349
34.51685522 -27.52330123 7.137920067
32.70646597 -29.36351014 1.789388988
36.63744069 -25.76447186 5.371688179
34.76685313 -27.63862814 0
3.834914484 -29.52679071 50.14545845
11.27550021 -26.47618646 49.80801196
6.022352401 -31.20823092 46.77395988
3.937000119 -26.64060035 53.41259697
25.04193548 -19.38638413 46.84459571
18.35914504 -23.07860178 48.68853773
9.963677531 -33.73355888 39.85780524
13.22695324 -28.11276648 46.29758031
8.079578313 -32.60558245 43.30838525
9.683309519 -29.69760223 46.62917614
4.140171446 -19.85865731 59.31675371
11.60493058 -23.4772844 52.96345904
4.044955318 -23.39877055 56.51178897
7.829910364 -25.10134921 53.29745054
47.0359418 -2.333425835 32.84537304
42.3371258 -6.88694282 37.30909029
46.13584992 -5.940192946 30.78247516
31.28991813 -15.43832662 44.3179701
37.06912945 -11.26367383 41.13498903
43.69238534 -12.48266398 26.53084282
41.38428585 -10.34526805 35.02549212
44.9964937 -9.344256361 28.65776499
43.81892392 -8.174824005 32.98995168
16.27247281 -36.24023249 26.32941409
19.78425293 -32.14066642 32.01159368
14.89996526 -35.87143044 29.57128927
19.55219028 -34.68989601 25.33427935
26.63413845 -20.98453204 43.09494127
23.26646118 -27.11976791 37.64592498
23.47833151 -22.84415921 44.13939985
11.79897494 -34.65565563 36.28777576
18.38226258 -31.4775739 35.43530848
13.40201533 -35.34874305 32.91192307
13.45173502 -32.204823 39.5063037
16.65288066 -33.77993127 32.51534296
25.79683925 -31.26956414 23.18283465
23.13872339 -30.42671707 30.87243666
22.7438663 -33.02169258 24.27956915
21.35234453 -32.65571435 28.1221848
16.83599241 -26.39138375 45.72939327
20.15151361 -28.8347591 38.44025488
20.19155734 -24.65707309 45.02671153
15.14196791 -29.44506706 42.67936171
21.8321853 -26.00062984 41.31175675
16.86733463 -30.56213756 39.02599124
4.432640989 -2.739522791 66.2105336
12.84176674 -7.936648319 62.88104063
4.395212268 -7.272822192 65.33566466
25.86655683 -15.98641129 49.62128288
20.08281367 -12.41186144 56.99659679
22.51295759 -17.9482085 50.73795608
4.260059295 -15.82802923 61.86196994
12.60008185 -12.18350077 61.0628719
4.333303435 -11.68456853 63.8556097
8.275148454 -18.09769888 59.16402838
8.644434597 -9.831082732 63.53606163
15.44010975 -21.66279784 52.41972283
16.34753575 -14.3859623 57.92933467
19.01560191 -19.85529233 51.67608593
12.03041093 -20.04837862 55.95255265
19.60462381 -16.27821706 54.48577155
12.37404537 -16.25581209 58.69812782
37.2810197 -23.04093731 18.15351708
35.73840671 -22.08755005 25.74560981
38.97452488 -20.7310661 20.17110007
34.57348641 -25.24926459 19.48657859
30.25285611 -18.69729333 41.64052171
33.46269616 -20.68108358 33.59761984
33.17553791 -16.71602336 40.24356157
28.55235204 -22.03579633 39.09636068
42.17216685 -15.52634379 24.33843441
37.29501785 -19.55114663 27.97569523
40.62176722 -18.21622575 22.24488196
41.29257464 -14.64995761 28.48830396
38.21868114 -20.19757557 24.05392217
28.89713969 -29.32045257 21.97551976
32.81448048 -24.32821486 27.071368
31.7621267 -27.3526522 20.76806114
27.76813306 -28.98612051 25.79738799
33.77716486 -24.8350386 23.26420186
38.70257355 -12.58414675 36.96184274
36.13471943 -18.74508589 32.09886833
36.01036917 -14.66372896 38.67660009
40.14132387 -13.66795679 32.72247994
34.78740758 -17.81652888 36.14036113
38.75677798 -16.75097858 30.35131056
25.01254703 -27.83286276 33.73752415
31.59412572 -23.67962542 31.13798678
26.78742174 -25.09309514 36.43252482
26.47220094 -28.49449714 29.74434492
30.20558226 -22.9342067 35.07497277
29.717753 -26.44853437 28.4690226
3.955015178 30.45150183 51.71589877
12.28569257 28.84823565 54.27040137
6.345566502 32.8831479 49.28427518
4.050808986 27.41071375 54.95662211
29.04076922 22.48210838 54.32499794
20.83854832 26.19536789 55.26392673
10.98656387 37.19669749 43.94966832
14.75515766 31.36083528 51.64667059
8.708144371 35.14219533 46.6776429
10.51477841 32.24762217 50.63304582
4.233111445 20.3044513 60.64831668
12.54248806 25.37400437 57.2423547
4.150023409 24.00655579 57.97968795
8.271003779 26.51541902 56.2999312
48.46167742 2.404155754 33.84096952
46.02985884 7.487636438 40.56326751
49.88783242 6.423277142 33.28584961
46.28092352 0 36.34972787
36.25546027 17.88830623 51.3509942
41.98727787 12.75808226 46.59257555
51.78361099 14.79428075 31.44398808
47.04417103 11.76012947 39.81572251
51.0169795 10.5945085 32.49214525
48.66405736 9.078728292 36.63770712
41.38810216 -4.703678393 40.90079438
43.69566734 4.965928747 43.18119005
43.90545002 -2.381159257 38.72017262
45.17037639 2.449761017 39.83570993
19.61105554 43.67555076 31.73135443
24.27709288 39.43954552 39.28116143
17.58816161 42.34322059 34.90643137
24.40725306 43.30384773 31.62510995
31.72579337 24.99615029 51.33341199
28.49463217 33.21380959 46.10528335
27.73319097 26.98409082 52.13856039
13.32548016 39.13926879 40.98254623
22.06006578 37.77540158 42.52497389
15.47778006 40.82371622 38.00947054
15.31802614 36.67291393 44.98740066
19.86344152 40.2924697 38.78407746
34.05209086 41.27614352 30.60157813
29.19569501 38.39145042 38.95384502
29.2820619 42.51446228 31.25923435
26.865453 41.0873175 35.38324483
19.24520986 30.16797028 52.27323394
24.20572638 34.63592375 46.17391575
23.51960798 28.72114731 52.44818841
17.31792489 33.67643246 48.81254438
26.09150064 31.07318121 49.37140797
19.77283904 35.82665786 45.74846353
4.446925859 2.748351326 66.42390726
13.20205584 8.159319232 64.64523354
4.432794816 7.335010585 65.89433637
8.863056045 0 65.78390684
29.25856509 18.08278769 56.12836471
21.55167619 13.3196684 61.16534357
25.38429384 20.23734983 57.20915081
4.338012474 16.11766022 62.99395822
13.14426756 12.70969473 63.70012004
4.392439408 11.84402617 64.72703808
8.623250359 18.85899561 61.65281889
8.845245206 10.05945923 65.01200723
17.15205097 -5.264833151 62.0567034
17.57636221 5.39507576 63.59187587
13.15949197 -2.709223055 64.28775162
13.28517926 2.735099047 64.90176874
17.01628695 23.87420752 57.77090061
17.46849658 15.37241679 61.90158565
21.25256015 22.1910301 57.75515967
12.87872703 21.46207616 59.89800817
21.50033612 17.85227514 59.75439334
13.08891991 17.19494443 62.08924171
50.44110867 31.17431959 24.56165457
46.80429507 28.92664517 33.71737101
51.47822868 27.38195179 26.64233895
47.09690155 34.39520431 26.54512369
36.12768845 22.32813939 49.72673619
42.01087468 25.96414845 42.18026515
39.45357244 19.87931108 47.85912668
34.94330037 26.96812679 47.84740229
52.14252292 19.19708655 30.09253423
47.56280643 24.93382377 35.67775681
52.04780694 23.34006288 28.50189445
50.05750887 17.75961875 34.53535025
49.66155712 26.24483689 31.25579413
38.87820933 39.44773444 29.56586244
43.1501922 31.99097264 35.59814799
43.17889845 37.18445565 28.23305919
36.62447542 38.23092663 34.02518275
45.26196762 33.2793684 31.17442081
44.90780346 14.60177805 42.8879792
45.09046241 23.39092717 40.05435323
42.40689344 17.26844811 45.54672714
47.6324514 16.21865511 38.82911137
42.41682032 21.72396728 44.06649737
47.81234743 20.66486559 37.44293207
31.45617537 35.0030491 42.4288448
40.62489943 30.4481412 40.03837904
33.35566979 31.24589607 45.36574215
34.13109495 36.73847859 38.3499303
37.93271386 28.80118956 44.0477821
38.85992963 34.58498979 37.22704791
29.70266044 -13.56392592 48.05991414
32.15486335 -4.813568324 52.0276618
32.79076979 -11.45905082 46.55681934
27.18229765 -11.86159863 51.97170939
33.47769159 15.28782008 54.16804286
33.55581881 5.023290715 54.29445536
36.62635725 12.79943386 52.00264308
29.84202166 13.02222821 57.05701915
38.59497719 -7.056621276 43.022773
35.24686181 -2.495697006 50.16055593
35.77476814 -9.277863629 44.86498485
39.99701548 -2.437386358 44.550567
34.1355822 -7.116998337 48.54127711
20.98661408 -7.754547552 59.05129789
29.19907224 -2.597722924 55.65149929
24.26206887 -9.911162667 55.69968901
21.539385 -2.662414406 60.69871904
28.31756661 -7.358037211 54.02883617
41.71173516 7.626482491 46.49709998
36.09541737 2.555780016 51.36815333
39.39440444 10.21658367 49.40435536
41.06839323 2.502675268 45.7439182
36.56202935 7.622893337 51.99171902
38.22984778 0 48.0896337
21.95130775 8.111001571 61.76571448
29.80219806 2.65138058 56.8010172
25.96719502 10.60771426 59.61423549
21.87321803 2.703678438 61.63947186
30.01756907 7.799765892 57.27237597
25.79310126 0 58.92951536
50.61577346 0 -26.63339384
52.90707465 0 -19.07215327
52.19810597 3.847480951 -26.03484869
49.63191886 -3.658329337 -24.75491157
55.12534488 0 -3.820597052
54.39422516 0 -11.45676459
54.52661275 11.94743635 -24.17018862
54.47145229 3.801980676 -18.23649873
53.52782516 7.863754622 -25.20984809
53.44978466 3.825785639 -22.13094418
47.03179212 -10.30523105 -20.84793516
51.716156 -3.609667404 -17.31405303
48.4153789 -7.112686877 -22.80205377
50.77775137 -3.634528993 -21.02458575
50.61577346 0 26.63339384
52.90707465 0 19.07215327
52.19810597 3.847480951 26.03484869
49.63191886 -3.658329337 24.75491157
55.12534488 0 3.820597052
54.39422516 0 11.45676459
54.52661275 11.94743635 24.17018862
54.47145229 3.801980676 18.23649873
53.52782516 7.863754622 25.20984809
53.44978466 3.825785639 22.13094418
47.03179212 -10.30523105 20.84793516
51.716156 -3.609667404 17.31405303
48.4153789 -7.112686877 22.80205377
50.77775137 -3.634528993 21.02458575
54.38448526 28.34951651 -17.52096477
57.5000638 20.26021083 -12.52149891
55.12153305 24.45799618 -19.49886918
55.31392351 28.93034596 -12.62439829
56.54578119 3.785608329 -2.339634616
58.05119511 11.85540028 -7.327040321
56.33555455 3.789763551 -6.270977321
55.18433963 16.25442132 -22.80529406
57.37180063 16.19020083 -14.2475063
55.38124189 20.37901342 -21.27890933
55.79029338 11.99552341 -19.99023944
56.58325194 20.35932201 -16.90486215
56.25815703 29.51737172 -2.626040736
58.13897064 20.66237632 -7.634741801
55.94348951 29.32107377 -7.618788534
57.07724205 24.86211328 -10.15628347
55.3240709 3.809833776 -14.15523968
57.54779638 11.87475994 -11.48215928
55.92623307 3.795208268 -10.23361778
55.80784848 7.805726616 -17.0710762
57.17295197 7.778698134 -8.84650396
56.80233035 11.97439576 -15.73079147
40.37475606 -21.04653208 -13.00747217
45.24127523 -15.94081317 -9.851964345
42.12638873 -18.6919158 -14.90192484
40.71961977 -21.297218 -9.293513561
53.59681774 -3.588182096 -2.217618493
49.71404377 -10.15276063 -6.274751149
53.40467363 -3.592599508 -5.944727089
45.45650825 -13.38911079 -18.78520327
46.99074485 -13.26068883 -11.6695123
43.8354664 -16.13043564 -16.84272297
47.95452725 -10.31074797 -17.18260335
44.61460963 -16.05286322 -13.32910004
41.06161072 -21.54409051 -1.916690274
45.47468248 -16.16153489 -5.971682253
40.94888974 -21.46211163 -5.576715617
43.15164894 -18.79630384 -7.678373427
52.47973948 -3.613961893 -13.42748787
49.32934156 -10.17891432 -9.842381335
53.03234192 -3.598826015 -9.704081386
50.31816647 -7.037896317 -15.39183605
51.44845196 -6.999848066 -7.960738747
48.72053133 -10.27068643 -13.49262458
54.38448526 28.34951651 17.52096477
57.5000638 20.26021083 12.52149891
55.12153305 24.45799618 19.49886918
55.31392351 28.93034596 12.62439829
56.54578119 3.785608329 2.339634616
58.05119511 11.85540028 7.327040321
56.33555455 3.789763551 6.270977321
57.66553658 7.76926922 0
55.18433963 16.25442132 22.80529406
57.37180063 16.19020083 14.2475063
55.38124189 20.37901342 21.27890933
55.79029338 11.99552341 19.99023944
56.58325194 20.35932201 16.90486215
56.25815703 29.51737172 2.626040736
58.13897064 20.66237632 7.634741801
55.94348951 29.32107377 7.618788534
57.72420403 25.26554361 0
57.07724205 24.86211328 10.15628347
55.3240709 3.809833776 14.15523968
57.54779638 11.87475994 11.48215928
55.92623307 3.795208268 10.23361778
55.80784848 7.805726616 17.0710762
57.17295197 7.778698134 8.84650396
56.80233035 11.97439576 15.73079147
58.56111567 16.18589429 -4.968270731
58.56111567 16.18589429 4.968270731
58.36904241 11.9479516 -2.459796017
58.48415857 20.753532 -2.565277633
58.36904241 11.9479516 2.459796017
58.48415857 20.753532 2.565277633
40.37475606 -21.04653208 13.00747217
45.24127523 -15.94081317 9.851964345
42.12638873 -18.6919158 14.90192484
40.71961977 -21.297218 9.293513561
53.59681774 -3.588182096 2.217618493
49.71404377 -10.15276063 6.274751149
53.40467363 -3.592599508 5.944727089
51.85526509 -6.986452201 0
45.45650825 -13.38911079 18.78520327
46.99074485 -13.26068883 11.6695123
43.8354664 -16.13043564 16.84272297
47.95452725 -10.31074797 17.18260335
44.61460963 -16.05286322 13.32910004
41.06161072 -21.54409051 1.916690274
45.47468248 -16.16153489 5.971682253
40.94888974 -21.46211163 5.576715617
43.38367682 -18.98877943 0
43.15164894 -18.79630384 7.678373427
52.47973948 -3.613961893 13.42748787
49.32934156 -10.17891432 9.842381335
53.03234192 -3.598826015 9.704081386
50.31816647 -7.037896317 15.39183605
51.44845196 -6.999848066 7.960738747
48.72053133 -10.27068643 13.49262458
47.80417856 -13.21274999 -4.055662165
47.80417856 -13.21274999 4.055662165
49.89769093 -10.21389373 -2.102795187
45.65283314 -16.2002422 -2.002460061
49.89769093 -10.21389373 2.102795187
45.65283314 -16.2002422 2.002460061
-24.64593781 35.29400914 -1.750915356
-28.57197014 32.42252986 -5.274144265
-23.83172435 35.71827321 -4.598884272
-36.03706515 25.4433318 -12.55364316
-32.36431246 29.16536303 -8.862067739
-22.0618145 36.33255479 -10.38000259
-27.74684937 32.78422304 -8.195419306
-22.96946862 36.0651136 -7.489509503
-25.81642866 34.29068749 -6.397243706
-48.28468406 3.692610259 -28.43112428
-45.88991505 10.38852439 -24.39346402
-39.57238162 21.15439384 -16.37681742
-42.90362609 16.17780962 -20.33652575
-17.77775722 36.50933945 -22.56401268
-23.95546446 33.25344158 -20.55175714
-18.94743723 36.61016808 -19.47343339
-35.2029419 25.57579714 -15.80671192
-29.74116781 29.62173114 -18.30723665
-33.41297859 27.54461819 -13.87879474
-21.07286377 36.51378357 -13.44312136
-24.97072097 33.28902022 -17.4510847
-20.04782409 36.60968149 -16.41706573
-24.02655849 34.82546597 -12.35552892
-22.02066745 34.98809308 -18.49029409
-29.71351527 31.11288358 -10.11635809
-27.92555348 31.43668585 -16.30795494
-31.57281075 29.39629047 -11.9704198
-26.91648161 33.01898903 -11.24283088
-30.69810231 29.54888561 -15.13359605
-25.99030072 33.18803359 -14.34412427
-33.52242632 -48.00551029 -2.381525566
-39.98233246 -45.37063289 -7.380400736
-32.12393103 -48.14638372 -6.199057988
-50.18340429 -35.43110409 -17.48157202
-45.70570349 -41.18806591 -12.51523699
-29.05379409 -47.847314 -13.66970327
-38.49630513 -45.4852166 -11.37042113
-30.62790586 -48.08987628 -9.986647745
-35.38188335 -46.99600865 -8.767538435
-50.73272394 -3.879826088 -29.87258604
-53.05334992 -12.01017738 -28.20129392
-52.98426675 -28.32404825 -21.92725399
-53.90936937 -20.32778098 -25.55330117
-21.93014393 -45.0368997 -27.83433476
-31.47615694 -43.69318523 -27.00387355
-23.80373328 -45.99348533 -24.46454414
-48.61130004 -35.31729683 -21.82728983
-40.67457608 -40.51123227 -25.03731847
-46.61153995 -38.42510082 -19.36109927
-27.35202313 -47.39393107 -17.44881808
-33.3411309 -44.44779877 -23.30084503
-25.61994621 -46.78503095 -20.98004947
-32.16365379 -46.61983658 -16.53998656
-28.59511591 -45.43407139 -24.01072101
-41.53891031 -43.4951997 -14.14246976
-38.13319483 -42.92775315 -22.26900976
-44.22156849 -41.17308664 -16.76603148
-36.95359494 -45.33171769 -15.43526468
-42.53549544 -40.94313311 -20.96921168
-35.22577717 -44.98117543 -19.4412112
-3.955015178 -30.45150183 -51.71589877
-12.28569257 -28.84823565 -54.27040137
-6.345566502 -32.8831479 -49.28427518
-4.050808986 -27.41071375 -54.95662211
-29.04076922 -22.48210838 -54.32499794
-20.83854832 -26.19536789 -55.26392673
-10.98656387 -37.19669749 -43.94966832
-14.75515766 -31.36083528 -51.64667059
-8.708144371 -35.14219533 -46.6776429
-10.51477841 -32.24762217 -50.63304582
-4.233111445 -20.3044513 -60.64831668
-12.54248806 -25.37400437 -57.2423547
-4.150023409 -24.00655579 -57.97968795
-8.271003779 -26.51541902 -56.2999312
-48.46167742 -2.404155754 -33.84096952
-46.02985884 -7.487636438 -40.56326751
-49.88783242 -6.423277142 -33.28584961
-36.25546027 -17.88830623 -51.3509942
-41.98727787 -12.75808226 -46.59257555
-51.78361099 -14.79428075 -31.44398808
-47.04417103 -11.76012947 -39.81572251
-51.0169795 -10.5945085 -32.49214525
-48.66405736 -9.078728292 -36.63770712
-19.61105554 -43.67555076 -31.73135443
-24.27709288 -39.43954552 -39.28116143
-17.58816161 -42.34322059 -34.90643137
-24.40725306 -43.30384773 -31.62510995
-31.72579337 -24.99615029 -51.33341199
-28.49463217 -33.21380959 -46.10528335
-27.73319097 -26.98409082 -52.13856039
-13.32548016 -39.13926879 -40.98254623
-22.06006578 -37.77540158 -42.52497389
-15.47778006 -40.82371622 -38.00947054
-15.31802614 -36.67291393 -44.98740066
-19.86344152 -40.2924697 -38.78407746
-34.05209086 -41.27614352 -30.60157813
-29.19569501 -38.39145042 -38.95384502
-29.2820619 -42.51446228 -31.25923435
-26.865453 -41.0873175 -35.38324483
-19.24520986 -30.16797028 -52.27323394
-24.20572638 -34.63592375 -46.17391575
-23.51960798 -28.72114731 -52.44818841
-17.31792489 -33.67643246 -48.81254438
-26.09150064 -31.07318121 -49.37140797
-19.77283904 -35.82665786 -45.74846353
-4.446925859 -2.748351326 -66.42390726
-13.20205584 -8.159319232 -64.64523354
-4.432794816 -7.335010585 -65.89433637
-29.25856509 -18.08278769 -56.12836471
-21.55167619 -13.3196684 -61.16534357
-25.38429384 -20.23734983 -57.20915081
-4.338012474 -16.11766022 -62.99395822
-13.14426756 -12.70969473 -63.70012004
-4.392439408 -11.84402617 -64.72703808
-8.623250359 -18.85899561 -61.65281889
-8.845245206 -10.05945923 -65.01200723
-17.01628695 -23.87420752 -57.77090061
-17.46849658 -15.37241679 -61.90158565
-21.25256015 -22.1910301 -57.75515967
-12.87872703 -21.46207616 -59.89800817
-21.50033612 -17.85227514 -59.75439334
-13.08891991 -17.19494443 -62.08924171
-50.44110867 -31.17431959 -24.56165457
-46.80429507 -28.92664517 -33.71737101
-51.47822868 -27.38195179 -26.64233895
-47.09690155 -34.39520431 -26.54512369
-36.12768845 -22.32813939 -49.72673619
-42.01087468 -25.96414845 -42.18026515
-39.45357244 -19.87931108 -47.85912668
-34.94330037 -26.96812679 -47.84740229
-52.14252292 -19.19708655 -30.09253423
-47.56280643 -24.93382377 -35.67775681
-52.04780694 -23.34006288 -28.50189445
-50.05750887 -17.75961875 -34.53535025
-49.66155712 -26.24483689 -31.25579413
-38.87820933 -39.44773444 -29.56586244
-43.1501922 -31.99097264 -35.59814799
-43.17889845 -37.18445565 -28.23305919
-36.62447542 -38.23092663 -34.02518275
-45.26196762 -33.2793684 -31.17442081
-44.90780346 -14.60177805 -42.8879792
-45.09046241 -23.39092717 -40.05435323
-42.40689344 -17.26844811 -45.54672714
-47.6324514 -16.21865511 -38.82911137
-42.41682032 -21.72396728 -44.06649737
-47.81234743 -20.66486559 -37.44293207
-31.45617537 -35.0030491 -42.4288448
-40.62489943 -30.4481412 -40.03837904
-33.35566979 -31.24589607 -45.36574215
-34.13109495 -36.73847859 -38.3499303
-37.93271386 -28.80118956 -44.0477821
-38.85992963 -34.58498979 -37.22704791
-3.834914484 29.52679071 -50.14545845
-11.27550021 26.47618646 -49.80801196
-6.022352401 31.20823092 -46.77395988
-3.937000119 26.64060035 -53.41259697
-25.04193548 19.38638413 -46.84459571
-18.35914504 23.07860178 -48.68853773
-9.963677531 33.73355888 -39.85780524
-13.22695324 28.11276648 -46.29758031
-8.079578313 32.60558245 -43.30838525
-9.683309519 29.69760223 -46.62917614
-4.140171446 19.85865731 -59.31675371
-11.60493058 23.4772844 -52.96345904
-4.044955318 23.39877055 -56.51178897
-7.829910364 25.10134921 -53.29745054
-47.0359418 2.333425835 -32.84537304
-42.3371258 6.88694282 -37.30909029
-46.13584992 5.940192946 -30.78247516
-46.28092352 0 -36.34972787
-31.28991813 15.43832662 -44.3179701
-37.06912945 11.26367383 -41.13498903
-43.69238534 12.48266398 -26.53084282
-41.38428585 10.34526805 -35.02549212
-44.9964937 9.344256361 -28.65776499
-43.81892392 8.174824005 -32.98995168
-43.69566734 -4.965928747 -43.18119005
-41.38810216 4.703678393 -40.90079438
-45.17037639 -2.449761017 -39.83570993
-43.90545002 2.381159257 -38.72017262
-16.27247281 36.24023249 -26.32941409
-19.78425293 32.14066642 -32.01159368
-14.89996526 35.87143044 -29.57128927
-19.55219028 34.68989601 -25.33427935
-26.63413845 20.98453204 -43.09494127
-23.26646118 27.11976791 -37.64592498
-23.47833151 22.84415921 -44.13939985
-11.79897494 34.65565563 -36.28777576
-18.38226258 31.4775739 -35.43530848
-13.40201533 35.34874305 -32.91192307
-13.45173502 32.204823 -39.5063037
-16.65288066 33.77993127 -32.51534296
-25.79683925 31.26956414 -23.18283465
-23.13872339 30.42671707 -30.87243666
-22.7438663 33.02169258 -24.27956915
-21.35234453 32.65571435 -28.1221848
-16.83599241 26.39138375 -45.72939327
-20.15151361 28.8347591 -38.44025488
-20.19155734 24.65707309 -45.02671153
-15.14196791 29.44506706 -42.67936171
-21.8321853 26.00062984 -41.31175675
-16.86733463 30.56213756 -39.02599124
-4.432640989 2.739522791 -66.2105336
-12.84176674 7.936648319 -62.88104063
-4.395212268 7.272822192 -65.33566466
-8.863056045 0 -65.78390684
-25.86655683 15.98641129 -49.62128288
-20.08281367 12.41186144 -56.99659679
-22.51295759 17.9482085 -50.73795608
-4.260059295 15.82802923 -61.86196994
-12.60008185 12.18350077 -61.0628719
-4.333303435 11.68456853 -63.8556097
-8.275148454 18.09769888 -59.16402838
-8.644434597 9.831082732 -63.53606163
-17.57636221 -5.39507576 -63.59187587
-17.15205097 5.264833151 -62.0567034
-13.28517926 -2.735099047 -64.90176874
-13.15949197 2.709223055 -64.28775162
-15.44010975 21.66279784 -52.41972283
-16.34753575 14.3859623 -57.92933467
-19.01560191 19.85529233 -51.67608593
-12.03041093 20.04837862 -55.95255265
-19.60462381 16.27821706 -54.48577155
-12.37404537 16.25581209 -58.69812782
-37.2810197 23.04093731 -18.15351708
-35.73840671 22.08755005 -25.74560981
-38.97452488 20.7310661 -20.17110007
-34.57348641 25.24926459 -19.48657859
-30.25285611 18.69729333 -41.64052171
-33.46269616 20.68108358 -33.59761984
-33.17553791 16.71602336 -40.24356157
-28.55235204 22.03579633 -39.09636068
-42.17216685 15.52634379 -24.33843441
-37.29501785 19.55114663 -27.97569523
-40.62176722 18.21622575 -22.24488196
-41.29257464 14.64995761 -28.48830396
-38.21868114 20.19757557 -24.05392217
-28.89713969 29.32045257 -21.97551976
-32.81448048 24.32821486 -27.071368
-31.7621267 27.3526522 -20.76806114
-27.76813306 28.98612051 -25.79738799
-33.77716486 24.8350386 -23.26420186
-38.70257355 12.58414675 -36.96184274
-36.13471943 18.74508589 -32.09886833
-36.01036917 14.66372896 -38.67660009
-40.14132387 13.66795679 -32.72247994
-34.78740758 17.81652888 -36.14036113
-38.75677798 16.75097858 -30.35131056
-25.01254703 27.83286276 -33.73752415
-31.59412572 23.67962542 -31.13798678
-26.78742174 25.09309514 -36.43252482
-26.47220094 28.49449714 -29.74434492
-30.20558226 22.9342067 -35.07497277
-29.717753 26.44853437 -28.4690226
-33.47769159 -15.28782008 -54.16804286
-33.55581881 -5.023290715 -54.29445536
-36.62635725 -12.79943386 -52.00264308
-29.84202166 -13.02222821 -57.05701915
-29.70266044 13.56392592 -48.05991414
-32.15486335 4.813568324 -52.0276618
-32.79076979 11.45905082 -46.55681934
-27.18229765 11.86159863 -51.97170939
-41.71173516 -7.626482491 -46.49709998
-36.09541737 -2.555780016 -51.36815333
-39.39440444 -10.21658367 -49.40435536
-41.06839323 -2.502675268 -45.7439182
-36.56202935 -7.622893337 -51.99171902
-21.95130775 -8.111001571 -61.76571448
-29.80219806 -2.65138058 -56.8010172
-25.96719502 -10.60771426 -59.61423549
-21.87321803 -2.703678438 -61.63947186
-30.01756907 -7.799765892 -57.27237597
-38.59497719 7.056621276 -43.022773
-35.24686181 2.495697006 -50.16055593
-35.77476814 9.277863629 -44.86498485
-39.99701548 2.437386358 -44.550567
-34.1355822 7.116998337 -48.54127711
-38.22984778 0 -48.0896337
-20.98661408 7.754547552 -59.05129789
-29.19907224 2.597722924 -55.65149929
-24.26206887 9.911162667 -55.69968901
-21.539385 2.662414406 -60.69871904
-28.31756661 7.358037211 -54.02883617
-25.79310126 0 -58.92951536
-24.64593781 35.29400914 1.750915356
-28.57197014 32.42252986 5.274144265
-23.83172435 35.71827321 4.598884272
-26.66442907 33.94948119 0
-36.03706515 25.4433318 12.55364316
-32.36431246 29.16536303 8.862067739
-22.0618145 36.33255479 10.38000259
-27.74684937 32.78422304 8.195419306
-22.96946862 36.0651136 7.489509503
-25.81642866 34.29068749 6.397243706
-30.61292152 30.97765563 -3.52055112
-30.61292152 30.97765563 3.52055112
-28.66487454 32.50357969 -1.762792538
-28.66487454 32.50357969 1.762792538
-48.28468406 3.692610259 28.43112428
-45.88991505 10.38852439 24.39346402
-39.57238162 21.15439384 16.37681742
-42.90362609 16.17780962 20.33652575
-17.77775722 36.50933945 22.56401268
-23.95546446 33.25344158 20.55175714
-18.94743723 36.61016808 19.47343339
-35.2029419 25.57579714 15.80671192
-29.74116781 29.62173114 18.30723665
-33.41297859 27.54461819 13.87879474
-21.07286377 36.51378357 13.44312136
-24.97072097 33.28902022 17.4510847
-20.04782409 36.60968149 16.41706573
-24.02655849 34.82546597 12.35552892
-22.02066745 34.98809308 18.49029409
-29.71351527 31.11288358 10.11635809
-27.92555348 31.43668585 16.30795494
-31.57281075 29.39629047 11.9704198
-26.91648161 33.01898903 11.24283088
-30.69810231 29.54888561 15.13359605
-25.99030072 33.18803359 14.34412427
-38.23476798 23.63038617 -10.79097975
-38.69007523 23.91178152 -3.579582748
-36.39909782 25.63651156 -8.958926267
-38.23476798 23.63038617 10.79097975
-38.69007523 23.91178152 3.579582748
-36.39909782 25.63651156 8.958926267
-32.62602715 29.26823833 -5.351340727
-36.75551655 25.82739741 -1.828740349
-34.51685522 27.52330123 -7.137920067
-32.70646597 29.36351014 -1.789388988
-36.63744069 25.76447186 -5.371688179
-32.62602715 29.26823833 5.351340727
-36.75551655 25.82739741 1.828740349
-34.51685522 27.52330123 7.137920067
-32.70646597 29.36351014 1.789388988
-36.63744069 25.76447186 5.371688179
-34.76685313 27.63862814 0
-33.52242632 -48.00551029 2.381525566
-39.98233246 -45.37063289 7.380400736
-32.12393103 -48.14638372 6.199057988
-36.91177941 -46.99653451 0
-50.18340429 -35.43110409 17.48157202
-45.70570349 -41.18806591 12.51523699
-29.05379409 -47.847314 13.66970327
-38.49630513 -45.4852166 11.37042113
-30.62790586 -48.08987628 9.986647745
-35.38188335 -46.99600865 8.767538435
-43.33288166 -43.84916626 -4.983373605
-43.33288166 -43.84916626 4.983373605
-40.2234838 -45.61007966 -2.473607794
-40.2234838 -45.61007966 2.473607794
-50.73272394 -3.879826088 29.87258604
-53.05334992 -12.01017738 28.20129392
-52.98426675 -28.32404825 21.92725399
-53.90936937 -20.32778098 25.55330117
-21.93014393 -45.0368997 27.83433476
-31.47615694 -43.69318523 27.00387355
-23.80373328 -45.99348533 24.46454414
-48.61130004 -35.31729683 21.82728983
-40.67457608 -40.51123227 25.03731847
-46.61153995 -38.42510082 19.36109927
-27.35202313 -47.39393107 17.44881808
-33.3411309 -44.44779877 23.30084503
-25.61994621 -46.78503095 20.98004947
-32.16365379 -46.61983658 16.53998656
-28.59511591 -45.43407139 24.01072101
-41.53891031 -43.4951997 14.14246976
-38.13319483 -42.92775315 22.26900976
-44.22156849 -41.17308664 16.76603148
-36.95359494 -45.33171769 15.43526468
-42.53549544 -40.94313311 20.96921168
-35.22577717 -44.98117543 19.4412112
-52.88210939 -32.682941 -14.92489171
-54.10683272 -33.43986164 -5.005931981
-51.1145527 -36.0008599 -12.58084777
-52.88210939 -32.682941 14.92489171
-54.10683272 -33.43986164 5.005931981
-51.1145527 -36.0008599 12.58084777
-46.34434723 -41.57470334 -7.601427892
-52.05486298 -36.57795508 -2.589946687
-48.9029832 -38.99461666 -10.11290232
-46.5946362 -41.83215862 -2.549218524
-51.74107005 -36.38576599 -7.586143823
-46.34434723 -41.57470334 7.601427892
-52.05486298 -36.57795508 2.589946687
-48.9029832 -38.99461666 10.11290232
-46.5946362 -41.83215862 2.549218524
-51.74107005 -36.38576599 7.586143823
-49.54404348 -39.38606089 0
-3.955015178 -30.45150183 51.71589877
-12.28569257 -28.84823565 54.27040137
-6.345566502 -32.8831479 49.28427518
-4.050808986 -27.41071375 54.95662211
-29.04076922 -22.48210838 54.32499794
-20.83854832 -26.19536789 55.26392673
-10.98656387 -37.19669749 43.94966832
-14.75515766 -31.36083528 51.64667059
-8.708144371 -35.14219533 46.6776429
-10.51477841 -32.24762217 50.63304582
-4.233111445 -20.3044513 60.64831668
-12.54248806 -25.37400437 57.2423547
-4.150023409 -24.00655579 57.97968795
-8.271003779 -26.51541902 56.2999312
-48.46167742 -2.404155754 33.84096952
-46.02985884 -7.487636438 40.56326751
-49.88783242 -6.423277142 33.28584961
-36.25546027 -17.88830623 51.3509942
-41.98727787 -12.75808226 46.59257555
-51.78361099 -14.79428075 31.44398808
-47.04417103 -11.76012947 39.81572251
-51.0169795 -10.5945085 32.49214525
-48.66405736 -9.078728292 36.63770712
-19.61105554 -43.67555076 31.73135443
-24.27709288 -39.43954552 39.28116143
-17.58816161 -42.34322059 34.90643137
-24.40725306 -43.30384773 31.62510995
-31.72579337 -24.99615029 51.33341199
-28.49463217 -33.21380959 46.10528335
-27.73319097 -26.98409082 52.13856039
-13.32548016 -39.13926879 40.98254623
-22.06006578 -37.77540158 42.52497389
-15.47778006 -40.82371622 38.00947054
-15.31802614 -36.67291393 44.98740066
-19.86344152 -40.2924697 38.78407746
-34.05209086 -41.27614352 30.60157813
-29.19569501 -38.39145042 38.95384502
-29.2820619 -42.51446228 31.25923435
-26.865453 -41.0873175 35.38324483
-19.24520986 -30.16797028 52.27323394
-24.20572638 -34.63592375 46.17391575
-23.51960798 -28.72114731 52.44818841
-17.31792489 -33.67643246 48.81254438
-26.09150064 -31.07318121 49.37140797
-19.77283904 -35.82665786 45.74846353
-4.446925859 -2.748351326 66.42390726
-13.20205584 -8.159319232 64.64523354
-4.432794816 -7.335010585 65.89433637
-29.25856509 -18.08278769 56.12836471
-21.55167619 -13.3196684 61.16534357
-25.38429384 -20.23734983 57.20915081
-4.338012474 -16.11766022 62.99395822
-13.14426756 -12.70969473 63.70012004
-4.392439408 -11.84402617 64.72703808
-8.623250359 -18.85899561 61.65281889
-8.845245206 -10.05945923 65.01200723
-17.01628695 -23.87420752 57.77090061
-17.46849658 -15.37241679 61.90158565
-21.25256015 -22.1910301 57.75515967
-12.87872703 -21.46207616 59.89800817
-21.50033612 -17.85227514 59.75439334
-13.08891991 -17.19494443 62.08924171
-50.44110867 -31.17431959 24.56165457
-46.80429507 -28.92664517 33.71737101
-51.47822868 -27.38195179 26.64233895
-47.09690155 -34.39520431 26.54512369
-36.12768845 -22.32813939 49.72673619
-42.01087468 -25.96414845 42.18026515
-39.45357244 -19.87931108 47.85912668
-34.94330037 -26.96812679 47.84740229
-52.14252292 -19.19708655 30.09253423
-47.56280643 -24.93382377 35.67775681
-52.04780694 -23.34006288 28.50189445
-50.05750887 -17.75961875 34.53535025
-49.66155712 -26.24483689 31.25579413
-38.87820933 -39.44773444 29.56586244
-43.1501922 -31.99097264 35.59814799
-43.17889845 -37.18445565 28.23305919
-36.62447542 -38.23092663 34.02518275
-45.26196762 -33.2793684 31.17442081
-44.90780346 -14.60177805 42.8879792
-45.09046241 -23.39092717 40.05435323
-42.40689344 -17.26844811 45.54672714
-47.6324514 -16.21865511 38.82911137
-42.41682032 -21.72396728 44.06649737
-47.81234743 -20.66486559 37.44293207
-31.45617537 -35.0030491 42.4288448
-40.62489943 -30.4481412 40.03837904
-33.35566979 -31.24589607 45.36574215
-34.13109495 -36.73847859 38.3499303
-37.93271386 -28.80118956 44.0477821
-38.85992963 -34.58498979 37.22704791
-3.834914484 29.52679071 50.14545845
-11.27550021 26.47618646 49.80801196
-6.022352401 31.20823092 46.77395988
-3.937000119 26.64060035 53.41259697
-25.04193548 19.38638413 46.84459571
-18.35914504 23.07860178 48.68853773
-9.963677531 33.73355888 39.85780524
-13.22695324 28.11276648 46.29758031
-8.079578313 32.60558245 43.30838525
-9.683309519 29.69760223 46.62917614
-4.140171446 19.85865731 59.31675371
-11.60493058 23.4772844 52.96345904
-4.044955318 23.39877055 56.51178897
-7.829910364 25.10134921 53.29745054
-47.0359418 2.333425835 32.84537304
-42.3371258 6.88694282 37.30909029
-46.13584992 5.940192946 30.78247516
-46.28092352 0 36.34972787
-31.28991813 15.43832662 44.3179701
-37.06912945 11.26367383 41.13498903
-43.69238534 12.48266398 26.53084282
-41.38428585 10.34526805 35.02549212
-44.9964937 9.344256361 28.65776499
-43.81892392 8.174824005 32.98995168
-43.69566734 -4.965928747 43.18119005
-41.38810216 4.703678393 40.90079438
-45.17037639 -2.449761017 39.83570993
-43.90545002 2.381159257 38.72017262
-16.27247281 36.24023249 26.32941409
-19.78425293 32.14066642 32.01159368
-14.89996526 35.87143044 29.57128927
-19.55219028 34.68989601 25.33427935
-26.63413845 20.98453204 43.09494127
-23.26646118 27.11976791 37.64592498
-23.47833151 22.84415921 44.13939985
-11.79897494 34.65565563 36.28777576
-18.38226258 31.4775739 35.43530848
-13.40201533 35.34874305 32.91192307
-13.45173502 32.204823 39.5063037
-16.65288066 33.77993127 32.51534296
-25.79683925 31.26956414 23.18283465
-23.13872339 30.42671707 30.87243666
-22.7438663 33.02169258 24.27956915
-21.35234453 32.65571435 28.1221848
-16.83599241 26.39138375 45.72939327
-20.15151361 28.8347591 38.44025488
-20.19155734 24.65707309 45.02671153
-15.14196791 29.44506706 42.67936171
-21.8321853 26.00062984 41.31175675
-16.86733463 30.56213756 39.02599124
-4.432640989 2.739522791 66.2105336
-12.84176674 7.936648319 62.88104063
-4.395212268 7.272822192 65.33566466
-8.863056045 0 65.78390684
-25.86655683 15.98641129 49.62128288
-20.08281367 12.41186144 56.99659679
-22.51295759 17.9482085 50.73795608
-4.260059295 15.82802923 61.86196994
-12.60008185 12.18350077 61.0628719
-4.333303435 11.68456853 63.8556097
-8.275148454 18.09769888 59.16402838
-8.644434597 9.831082732 63.53606163
-17.57636221 -5.39507576 63.59187587
-17.15205097 5.264833151 62.0567034
-13.28517926 -2.735099047 64.90176874
-13.15949197 2.709223055 64.28775162
-15.44010975 21.66279784 52.41972283
-16.34753575 14.3859623 57.92933467
-19.01560191 19.85529233 51.67608593
-12.03041093 20.04837862 55.95255265
-19.60462381 16.27821706 54.48577155
-12.37404537 16.25581209 58.69812782
-37.2810197 23.04093731 18.15351708
-35.73840671 22.08755005 25.74560981
-38.97452488 20.7310661 20.17110007
-34.57348641 25.24926459 19.48657859
-30.25285611 18.69729333 41.64052171
-33.46269616 20.68108358 33.59761984
-33.17553791 16.71602336 40.24356157
-28.55235204 22.03579633 39.09636068
-42.17216685 15.52634379 24.33843441
-37.29501785 19.55114663 27.97569523
-40.62176722 18.21622575 22.24488196
-41.29257464 14.64995761 28.48830396
-38.21868114 20.19757557 24.05392217
-28.89713969 29.32045257 21.97551976
-32.81448048 24.32821486 27.071368
-31.7621267 27.3526522 20.76806114
-27.76813306 28.98612051 25.79738799
-33.77716486 24.8350386 23.26420186
-38.70257355 12.58414675 36.96184274
-36.13471943 18.74508589 32.09886833
-36.01036917 14.66372896 38.67660009
-40.14132387 13.66795679 32.72247994
-34.78740758 17.81652888 36.14036113
-38.75677798 16.75097858 30.35131056
-25.01254703 27.83286276 33.73752415
-31.59412572 23.67962542 31.13798678
-26.78742174 25.09309514 36.43252482
-26.47220094 28.49449714 29.74434492
-30.20558226 22.9342067 35.07497277
-29.717753 26.44853437 28.4690226
-33.47769159 -15.28782008 54.16804286
-33.55581881 -5.023290715 54.29445536
-36.62635725 -12.79943386 52.00264308
-29.84202166 -13.02222821 57.05701915
-29.70266044 13.56392592 48.05991414
-32.15486335 4.813568324 52.0276618
-32.79076979 11.45905082 46.55681934
-27.18229765 11.86159863 51.97170939
-41.71173516 -7.626482491 46.49709998
-36.09541737 -2.555780016 51.36815333
-39.39440444 -10.21658367 49.40435536
-41.06839323 -2.502675268 45.7439182
-36.56202935 -7.622893337 51.99171902
-21.95130775 -8.111001571 61.76571448
-29.80219806 -2.65138058 56.8010172
-25.96719502 -10.60771426 59.61423549
-21.87321803 -2.703678438 61.63947186
-30.01756907 -7.799765892 57.27237597
-38.59497719 7.056621276 43.022773
-35.24686181 2.495697006 50.16055593
-35.77476814 9.277863629 44.86498485
-39.99701548 2.437386358 44.550567
-34.1355822 7.116998337 48.54127711
-38.22984778 0 48.0896337
-20.98661408 7.754547552 59.05129789
-29.19907224 2.597722924 55.65149929
-24.26206887 9.911162667 55.69968901
-21.539385 2.662414406 60.69871904
-28.31756661 7.358037211 54.02883617
-25.79310126 0 58.92951536
-50.61577346 0 -26.63339384
-52.90707465 0 -19.07215327
-49.63191886 3.658329337 -24.75491157
-52.19810597 -3.847480951 -26.03484869
-55.12534488 0 -3.820597052
-54.39422516 0 -11.45676459
-47.03179212 10.30523105 -20.84793516
-51.716156 3.609667404 -17.31405303
-48.4153789 7.112686877 -22.80205377
-50.77775137 3.634528993 -21.02458575
-54.52661275 -11.94743635 -24.17018862
-54.47145229 -3.801980676 -18.23649873
-53.52782516 -7.863754622 -25.20984809
-53.44978466 -3.825785639 -22.13094418
-50.61577346 0 26.63339384
-52.90707465 0 19.07215327
-49.63191886 3.658329337 24.75491157
-52.19810597 -3.847480951 26.03484869
-55.12534488 0 3.820597052
-54.39422516 0 11.45676459
-47.03179212 10.30523105 20.84793516
-51.716156 3.609667404 17.31405303
-48.4153789 7.112686877 22.80205377
-50.77775137 3.634528993 21.02458575
-54.52661275 -11.94743635 24.17018862
-54.47145229 -3.801980676 18.23649873
-53.52782516 -7.863754622 25.20984809
-53.44978466 -3.825785639 22.13094418
-40.37475606 21.04653208 -13.00747217
-45.24127523 15.94081317 -9.851964345
-42.12638873 18.6919158 -14.90192484
-40.71961977 21.297218 -9.293513561
-53.59681774 3.588182096 -2.217618493
-49.71404377 10.15276063 -6.274751149
-53.40467363 3.592599508 -5.944727089
-45.45650825 13.38911079 -18.78520327
-46.99074485 13.26068883 -11.6695123
-43.8354664 16.13043564 -16.84272297
-47.95452725 10.31074797 -17.18260335
-44.61460963 16.05286322 -13.32910004
-41.06161072 21.54409051 -1.916690274
-45.47468248 16.16153489 -5.971682253
-40.94888974 21.46211163 -5.576715617
-43.15164894 18.79630384 -7.678373427
-52.47973948 3.613961893 -13.42748787
-49.32934156 10.17891432 -9.842381335
-53.03234192 3.598826015 -9.704081386
-50.31816647 7.037896317 -15.39183605
-51.44845196 6.999848066 -7.960738747
-48.72053133 10.27068643 -13.49262458
-54.38448526 -28.34951651 -17.52096477
-57.5000638 -20.26021083 -12.52149891
-55.12153305 -24.45799618 -19.49886918
-55.31392351 -28.93034596 -12.62439829
-56.54578119 -3.785608329 -2.339634616
-58.05119511 -11.85540028 -7.327040321
-56.33555455 -3.789763551 -6.270977321
-55.18433963 -16.25442132 -22.80529406
-57.37180063 -16.19020083 -14.2475063
-55.38124189 -20.37901342 -21.27890933
-55.79029338 -11.99552341 -19.99023944
-56.58325194 -20.35932201 -16.90486215
-56.25815703 -29.51737172 -2.626040736
-58.13897064 -20.66237632 -7.634741801
-55.94348951 -29.32107377 -7.618788534
-57.07724205 -24.86211328 -10.15628347
-55.3240709 -3.809833776 -14.15523968
-57.54779638 -11.87475994 -11.48215928
-55.92623307 -3.795208268 -10.23361778
-55.80784848 -7.805726616 -17.0710762
-57.17295197 -7.778698134 -8.84650396
-56.80233035 -11.97439576 -15.73079147
-40.37475606 21.04653208 13.00747217
-45.24127523 15.94081317 9.851964345
-42.12638873 18.6919158 14.90192484
-40.71961977 21.297218 9.293513561
-53.59681774 3.588182096 2.217618493
-49.71404377 10.15276063 6.274751149
-53.40467363 3.592599508 5.944727089
-51.85526509 6.986452201 0
-45.45650825 13.38911079 18.78520327
-46.99074485 13.26068883 11.6695123
-43.8354664 16.13043564 16.84272297
-47.95452725 10.31074797 17.18260335
-44.61460963 16.05286322 13.32910004
-41.06161072 21.54409051 1.916690274
-45.47468248 16.16153489 5.971682253
-40.94888974 21.46211163 5.576715617
-43.38367682 18.98877943 0
-43.15164894 18.79630384 7.678373427
-52.47973948 3.613961893 13.42748787
-49.32934156 10.17891432 9.842381335
-53.03234192 3.598826015 9.704081386
-50.31816647 7.037896317 15.39183605
-51.44845196 6.999848066 7.960738747
-48.72053133 10.27068643 13.49262458
-47.80417856 13.21274999 -4.055662165
-47.80417856 13.21274999 4.055662165
-49.89769093 10.21389373 -2.102795187
-45.65283314 16.2002422 -2.002460061
-49.89769093 10.21389373 2.102795187
-45.65283314 16.2002422 2.002460061
-54.38448526 -28.34951651 17.52096477
-57.5000638 -20.26021083 12.52149891
-55.12153305 -24.45799618 19.49886918
-55.31392351 -28.93034596 12.62439829
-56.54578119 -3.785608329 2.339634616
-58.05119511 -11.85540028 7.327040321
-56.33555455 -3.789763551 6.270977321
-57.66553658 -7.76926922 0
-55.18433963 -16.25442132 22.80529406
-57.37180063 -16.19020083 14.2475063
-55.38124189 -20.37901342 21.27890933
-55.79029338 -11.99552341 19.99023944
-56.58325194 -20.35932201 16.90486215
-56.25815703 -29.51737172 2.626040736
-58.13897064 -20.66237632 7.634741801
-55.94348951 -29.32107377 7.618788534
-57.72420403 -25.26554361 0
-57.07724205 -24.86211328 10.15628347
-55.3240709 -3.809833776 14.15523968
-57.54779638 -11.87475994 11.48215928
-55.92623307 -3.795208268 10.23361778
-55.80784848 -7.805726616 17.0710762
-57.17295197 -7.778698134 8.84650396
-56.80233035 -11.97439576 15.73079147
-58.56111567 -16.18589429 -4.968270731
-58.56111567 -16.18589429 4.968270731
-58.36904241 -11.9479516 -2.459796017
-58.48415857 -20.753532 -2.565277633
-58.36904241 -11.9479516 2.459796017
-58.48415857 -20.753532 2.565277633
