-5.4976221 8.8953394 0
10.517459 17.017606 0
-10.517459 -17.017606 0
5.4976221 -8.8953394 0
0 -6.201099 10.033589
0 6.201099 10.033589
0 -6.201099 -10.033589
0 6.201099 -10.033589
11.86887 0 -7.3353649
11.86887 0 7.3353649
-11.86887 0 -7.3353649
-11.86887 0 7.3353649
0 12.874791 0
0 -12.874791 0
-4.5254259 -11.847719 7.322293
3.3654741 -8.8109257 5.4454516
-3.3654741 8.8109257 5.4454516
4.5254259 11.847719 7.322293
0 0 11.939141
-4.5254259 -11.847719 -7.322293
3.3654741 -8.8109257 -5.4454516
-3.3654741 8.8109257 -5.4454516
4.5254259 11.847719 -7.322293
0 0 -11.939141
14.439209 8.9239221 -5.5152872
8.9197755 -5.5127244 -3.4070511
5.6962844 -3.5204974 -9.2167818
6.9540467 4.2978372 -11.251884
14.439209 8.9239221 5.5152872
8.9197755 -5.5127244 3.4070511
5.6962844 -3.5204974 9.2167818
6.9540467 4.2978372 11.251884
14.966243 0 0
-8.9197755 5.5127244 -3.4070511
-14.439209 -8.9239221 -5.5152872
-6.9540467 -4.2978372 -11.251884
-5.6962844 3.5204974 -9.2167818
-8.9197755 5.5127244 3.4070511
-14.439209 -8.9239221 5.5152872
-6.9540467 -4.2978372 11.251884
-5.6962844 3.5204974 9.2167818
-14.966243 0 0
-3.0534807 10.748701 0
4.3683557 15.377254 0
-4.3683557 -15.377254 0
3.0534807 -10.748701 0
-7.6020869 -15.114666 4.5535215
-2.0506273 -8.8573475 8.9628774
-2.2943692 -13.431471 3.7123673
4.606943 -9.1596434 2.759481
1.8119931 -7.8266064 7.9198556
1.8879083 -11.052007 3.0546997
0 -10.375342 6.4123139
-4.606943 9.1596434 2.759481
-1.8119931 7.8266064 7.9198556
-1.8879083 11.052007 3.0546997
7.6020869 15.114666 4.5535215
2.0506273 8.8573475 8.9628774
2.2943692 13.431471 3.7123673
0 10.375342 6.4123139
0 -3.2419438 11.412119
0 3.2419438 11.412119
-7.6020869 -15.114666 -4.5535215
-2.0506273 -8.8573475 -8.9628774
-2.2943692 -13.431471 -3.7123673
4.606943 -9.1596434 -2.759481
1.8119931 -7.8266064 -7.9198556
1.8879083 -11.052007 -3.0546997
0 -10.375342 -6.4123139
-4.606943 9.1596434 -2.759481
-1.8119931 7.8266064 -7.9198556
-1.8879083 11.052007 -3.0546997
7.6020869 15.114666 -4.5535215
2.0506273 8.8573475 -8.9628774
2.2943692 13.431471 -3.7123673
0 10.375342 -6.4123139
0 -3.2419438 -11.412119
0 3.2419438 -11.412119
13.71309 13.876473 -3.1748148
14.037164 4.2289077 -7.0601454
10.285164 12.04208 -7.4424146
7.2603839 -7.3468869 -1.6809029
10.530642 -3.1725151 -5.2965019
6.1869402 -7.2437958 -4.476912
2.921342 -4.8771693 -9.6969144
8.6193272 -1.9720261 -8.5178424
4.5958801 -6.3513501 -7.4362902
3.0876319 -1.9082615 -11.171157
7.666589 -4.7382126 -6.5480487
3.3414513 5.5785403 -11.091398
10.050264 2.2994117 -9.9319308
6.1814911 8.5426106 -10.001863
3.2642925 2.0174437 -11.810321
11.124273 6.8751786 -9.5012631
6.6268857 0 -10.722526
13.71309 13.876473 3.1748148
14.037164 4.2289077 7.0601454
10.285164 12.04208 7.4424146
15.629958 9.6598455 0
7.2603839 -7.3468869 1.6809029
10.530642 -3.1725151 5.2965019
6.1869402 -7.2437958 4.476912
9.3541405 -5.7811768 0
2.921342 -4.8771693 9.6969144
8.6193272 -1.9720261 8.5178424
4.5958801 -6.3513501 7.4362902
3.0876319 -1.9082615 11.171157
7.666589 -4.7382126 6.5480487
3.3414513 5.5785403 11.091398
10.050264 2.2994117 9.9319308
6.1814911 8.5426106 10.001863
3.2642925 2.0174437 11.810321
11.124273 6.8751786 9.5012631
6.6268857 0 10.722526
14.122481 0 -4.0119009
14.122481 0 4.0119009
16.00247 4.422974 -2.7335482
11.909567 -3.2917235 -2.034397
16.00247 4.422974 2.7335482
11.909567 -3.2917235 2.034397
-7.2603839 7.3468869 -1.6809029
-10.530642 3.1725151 -5.2965019
-6.1869402 7.2437958 -4.476912
-13.71309 -13.876473 -3.1748148
-14.037164 -4.2289077 -7.0601454
-10.285164 -12.04208 -7.4424146
-3.3414513 -5.5785403 -11.091398
-10.050264 -2.2994117 -9.9319308
-6.1814911 -8.5426106 -10.001863
-3.2642925 -2.0174437 -11.810321
-11.124273 -6.8751786 -9.5012631
-2.921342 4.8771693 -9.6969144
-8.6193272 1.9720261 -8.5178424
-4.5958801 6.3513501 -7.4362902
-3.0876319 1.9082615 -11.171157
-7.666589 4.7382126 -6.5480487
-6.6268857 0 -10.722526
-7.2603839 7.3468869 1.6809029
-10.530642 3.1725151 5.2965019
-6.1869402 7.2437958 4.476912
-9.3541405 5.7811768 0
-13.71309 -13.876473 3.1748148
-14.037164 -4.2289077 7.0601454
-10.285164 -12.04208 7.4424146
-15.629958 -9.6598455 0
-3.3414513 -5.5785403 11.091398
-10.050264 -2.2994117 9.9319308
-6.1814911 -8.5426106 10.001863
-3.2642925 -2.0174437 11.810321
-11.124273 -6.8751786 9.5012631
-2.921342 4.8771693 9.6969144
-8.6193272 1.9720261 8.5178424
-4.5958801 6.3513501 7.4362902
-3.0876319 1.9082615 11.171157
-7.666589 4.7382126 6.5480487
-6.6268857 0 10.722526
-14.122481 0 -4.0119009
-14.122481 0 4.0119009
-11.909567 3.2917235 -2.034397
-16.00247 -4.422974 -2.7335482
-11.909567 3.2917235 2.034397
-16.00247 -4.422974 2.7335482
-4.3205145 9.8014279 0
-1.6386408 11.76475 0
7.2935047 16.545891 0
1.9626431 14.090949 0
-7.2935047 -16.545891 0
-1.9626431 -14.090949 0
4.3205145 -9.8014279 0
1.6386408 -11.76475 0
-9.2270887 -16.474182 2.4989543
-5.991559 -13.482201 6.1285545
-6.1213488 -15.79435 2.2497032
-0.98771902 -7.4991877 9.5480586
-3.2193461 -10.301583 8.2399531
-1.1147047 -13.387011 1.80363
-3.4584091 -12.910611 5.5958235
-3.3249121 -14.597555 2.0058572
-4.74077 -14.418506 4.1557466
5.0974423 -9.1010496 1.3805303
4.0282158 -9.0642878 4.12032
3.88285 -10.018558 1.4270155
0.93452687 -7.09533 9.033862
2.6245485 -8.3982902 6.7175618
0 -8.3641791 8.4638331
1.0034889 -12.051369 1.6236792
2.6678901 -9.9595193 4.3167369
2.5089746 -11.015297 1.5136173
0 -12.20109 3.3722984
3.3141461 -10.079594 2.9051719
-2.0764157 -11.152009 6.8923204
1.7854428 -9.5892525 5.926484
-1.0132391 -9.7426119 7.7450906
-1.0730727 -11.900559 5.2088043
0.9444201 -9.0808957 7.2190456
0.98123503 -10.882063 4.7630149
-5.0974423 9.1010496 1.3805303
-4.0282158 9.0642878 4.12032
-3.88285 10.018558 1.4270155
-0.93452687 7.09533 9.033862
-2.6245485 8.3982902 6.7175618
-1.0034889 12.051369 1.6236792
-2.6678901 9.9595193 4.3167369
-2.5089746 11.015297 1.5136173
-3.3141461 10.079594 2.9051719
9.2270887 16.474182 2.4989543
5.991559 13.482201 6.1285545
6.1213488 15.79435 2.2497032
0.98771902 7.4991877 9.5480586
3.2193461 10.301583 8.2399531
0 8.3641791 8.4638331
1.1147047 13.387011 1.80363
3.4584091 12.910611 5.5958235
3.3249121 14.597555 2.0058572
0 12.20109 3.3722984
4.74077 14.418506 4.1557466
-1.7854428 9.5892525 5.926484
2.0764157 11.152009 6.8923204
-0.9444201 9.0808957 7.2190456
-0.98123503 10.882063 4.7630149
1.0132391 9.7426119 7.7450906
1.0730727 11.900559 5.2088043
0 -4.7643763 10.808363
0 -1.6439564 11.802913
0 4.7643763 10.808363
0 1.6439564 11.802913
-9.2270887 -16.474182 -2.4989543
-5.991559 -13.482201 -6.1285545
-6.1213488 -15.79435 -2.2497032
-0.98771902 -7.4991877 -9.5480586
-3.2193461 -10.301583 -8.2399531
-1.1147047 -13.387011 -1.80363
-3.4584091 -12.910611 -5.5958235
-3.3249121 -14.597555 -2.0058572
-4.74077 -14.418506 -4.1557466
5.0974423 -9.1010496 -1.3805303
4.0282158 -9.0642878 -4.12032
3.88285 -10.018558 -1.4270155
0.93452687 -7.09533 -9.033862
2.6245485 -8.3982902 -6.7175618
0 -8.3641791 -8.4638331
1.0034889 -12.051369 -1.6236792
2.6678901 -9.9595193 -4.3167369
2.5089746 -11.015297 -1.5136173
0 -12.20109 -3.3722984
3.3141461 -10.079594 -2.9051719
-2.0764157 -11.152009 -6.8923204
1.7854428 -9.5892525 -5.926484
-1.0132391 -9.7426119 -7.7450906
-1.0730727 -11.900559 -5.2088043
0.9444201 -9.0808957 -7.2190456
0.98123503 -10.882063 -4.7630149
-5.0974423 9.1010496 -1.3805303
-4.0282158 9.0642878 -4.12032
-3.88285 10.018558 -1.4270155
-0.93452687 7.09533 -9.033862
-2.6245485 8.3982902 -6.7175618
-1.0034889 12.051369 -1.6236792
-2.6678901 9.9595193 -4.3167369
-2.5089746 11.015297 -1.5136173
-3.3141461 10.079594 -2.9051719
9.2270887 16.474182 -2.4989543
5.991559 13.482201 -6.1285545
6.1213488 15.79435 -2.2497032
0.98771902 7.4991877 -9.5480586
3.2193461 10.301583 -8.2399531
0 8.3641791 -8.4638331
1.1147047 13.387011 -1.80363
3.4584091 12.910611 -5.5958235
3.3249121 14.597555 -2.0058572
0 12.20109 -3.3722984
4.74077 14.418506 -4.1557466
-1.7854428 9.5892525 -5.926484
2.0764157 11.152009 -6.8923204
-0.9444201 9.0808957 -7.2190456
-0.98123503 10.882063 -4.7630149
1.0132391 9.7426119 -7.7450906
1.0730727 11.900559 -5.2088043
0 -4.7643763 -10.808363
0 -1.6439564 -11.802913
0 4.7643763 -10.808363
0 1.6439564 -11.802913
12.606088 16.050228 -1.6603496
14.211576 11.36745 -4.4412577
11.067488 15.356867 -4.1271268
13.127051 1.991231 -7.3523812
14.435612 6.5619429 -6.4152595
7.3490027 12.269132 -7.5827406
12.759384 10.85378 -6.7080049
9.15743 13.900608 -6.1417152
12.190683 13.224404 -5.5737284
6.3995901 -8.1480373 -0.84289087
8.0965017 -6.4761695 -2.5302366
5.9570993 -8.2658668 -2.2214349
11.270372 -1.7095929 -6.3124664
9.7345045 -4.4249779 -4.3260635
4.8126181 -8.0346477 -4.9656854
7.5402728 -6.4141391 -3.964156
5.4184878 -8.2250448 -3.6340773
6.7824138 -7.3575355 -3.1010021
1.499156 -5.5354535 -9.8830812
4.3077415 -4.2114478 -9.4765963
2.380346 -6.3832425 -8.8571685
1.5199135 -4.1356213 -10.670761
10.206571 -1.0558402 -8.0163931
7.1227319 -2.7828483 -8.9048335
9.7097459 -2.6094744 -6.9976836
4.002185 -7.6126083 -6.4756714
5.1590894 -5.0000605 -8.3475821
3.2401652 -7.0867869 -7.6877183
5.4612209 -6.8782101 -6.0024626
3.8085915 -5.6786922 -8.6200246
1.5816284 -0.97750014 -11.739258
4.4671302 -2.7608383 -10.306505
1.5552242 -2.5779422 -11.31809
3.0269904 -3.4531136 -10.502247
8.389272 -5.1848552 -5.025032
6.7653327 -4.1812055 -7.9531255
9.0669975 -4.0060779 -5.9731486
6.9421292 -6.0582434 -5.511972
8.1753511 -3.4456892 -7.5363027
6.1243504 -5.572118 -7.017881
1.6131724 5.9564455 -10.634727
5.1494582 5.0343491 -11.328288
2.7330336 7.3290253 -10.169504
1.6091197 4.3783477 -11.297045
11.13869 1.1522653 -8.7484936
8.6294105 3.371507 -10.788482
12.173369 3.2715682 -8.7731839
9.4249959 0 -9.314025
5.443115 10.35342 -8.8071451
6.7030845 6.4964619 -10.845818
4.0322057 8.8191129 -9.5669386
8.1745132 10.295504 -8.9846595
4.7019888 7.0107668 -10.64206
1.6045107 0.99164214 -11.909096
5.0333238 3.1107652 -11.612819
1.6141072 2.6755468 -11.746609
3.2234327 0 -11.662489
3.3435884 3.8142805 -11.600695
13.008097 8.039446 -7.79163
9.0229264 5.5764752 -10.607086
12.831329 5.6692749 -8.4530113
10.914843 9.5251434 -8.6662617
10.75897 4.5346149 -9.9179664
8.7647034 7.9743906 -10.043456
6.1975661 -1.8671104 -10.027873
6.9106807 2.081947 -11.181716
7.7347596 -1.0118876 -9.7296164
4.8120643 -0.99133977 -10.994127
8.2858401 1.0839818 -10.422825
5.0284199 1.0359115 -11.488434
12.606088 16.050228 1.6603496
14.211576 11.36745 4.4412577
11.067488 15.356867 4.1271268
14.238365 14.408006 0
13.127051 1.991231 7.3523812
14.435612 6.5619429 6.4152595
7.3490027 12.269132 7.5827406
12.759384 10.85378 6.7080049
9.15743 13.900608 6.1417152
12.190683 13.224404 5.5737284
15.325965 9.4719671 -2.8535732
15.325965 9.4719671 2.8535732
14.995209 11.920751 -1.5595132
14.995209 11.920751 1.5595132
6.3995901 -8.1480373 0.84289087
8.0965017 -6.4761695 2.5302366
5.9570993 -8.2658668 2.2214349
7.3443767 -7.4318804 0
11.270372 -1.7095929 6.3124664
9.7345045 -4.4249779 4.3260635
4.8126181 -8.0346477 4.9656854
7.5402728 -6.4141391 3.964156
5.4184878 -8.2250448 3.6340773
6.7824138 -7.3575355 3.1010021
9.2446583 -5.713513 -1.7212821
9.2446583 -5.713513 1.7212821
8.3106294 -6.6067065 -0.86431182
8.3106294 -6.6067065 0.86431182
1.499156 -5.5354535 9.8830812
4.3077415 -4.2114478 9.4765963
2.380346 -6.3832425 8.8571685
1.5199135 -4.1356213 10.670761
10.206571 -1.0558402 8.0163931
7.1227319 -2.7828483 8.9048335
9.7097459 -2.6094744 6.9976836
4.002185 -7.6126083 6.4756714
5.1590894 -5.0000605 8.3475821
3.2401652 -7.0867869 7.6877183
5.4612209 -6.8782101 6.0024626
3.8085915 -5.6786922 8.6200246
1.5816284 -0.97750014 11.739258
4.4671302 -2.7608383 10.306505
1.5552242 -2.5779422 11.31809
3.0269904 -3.4531136 10.502247
8.389272 -5.1848552 5.025032
6.7653327 -4.1812055 7.9531255
9.0669975 -4.0060779 5.9731486
6.9421292 -6.0582434 5.511972
8.1753511 -3.4456892 7.5363027
6.1243504 -5.572118 7.017881
1.6131724 5.9564455 10.634727
5.1494582 5.0343491 11.328288
2.7330336 7.3290253 10.169504
1.6091197 4.3783477 11.297045
11.13869 1.1522653 8.7484936
8.6294105 3.371507 10.788482
12.173369 3.2715682 8.7731839
9.4249959 0 9.314025
5.443115 10.35342 8.8071451
6.7030845 6.4964619 10.845818
4.0322057 8.8191129 9.5669386
8.1745132 10.295504 8.9846595
4.7019888 7.0107668 10.64206
1.6045107 0.99164214 11.909096
5.0333238 3.1107652 11.612819
1.6141072 2.6755468 11.746609
3.2234327 0 11.662489
3.3435884 3.8142805 11.600695
13.008097 8.039446 7.79163
9.0229264 5.5764752 10.607086
12.831329 5.6692749 8.4530113
10.914843 9.5251434 8.6662617
10.75897 4.5346149 9.9179664
8.7647034 7.9743906 10.043456
6.1975661 -1.8671104 10.027873
6.9106807 2.081947 11.181716
7.7347596 -1.0118876 9.7296164
4.8120643 -0.99133977 10.994127
8.2858401 1.0839818 10.422825
5.0284199 1.0359115 11.488434
13.135357 0 -5.7901256
14.750667 0 -2.0545312
14.431787 2.0556236 -5.5932663
12.311881 -1.75367 -4.7716632
13.135357 0 5.7901256
14.750667 0 2.0545312
14.431787 2.0556236 5.5932663
12.311881 -1.75367 4.7716632
15.475642 6.70758 -4.1455124
15.881424 2.1397019 -1.3224085
15.256472 4.3972678 -5.0162912
16.013624 7.0090688 -1.4439476
15.392783 2.1151298 -3.5060426
10.367717 -4.4936612 -2.7772353
13.509063 -1.820074 -1.1248676
11.336933 -3.2675663 -3.7275564
10.618603 -4.6476999 -0.95747883
13.09363 -1.799202 -2.9823602
15.475642 6.70758 4.1455124
15.881424 2.1397019 1.3224085
15.256472 4.3972678 5.0162912
16.013624 7.0090688 1.4439476
15.392783 2.1151298 3.5060426
16.294516 4.5036936 0
10.367717 -4.4936612 2.7772353
13.509063 -1.820074 1.1248676
11.336933 -3.2675663 3.7275564
10.618603 -4.6476999 0.95747883
13.09363 -1.799202 2.9823602
12.101546 -3.3447849 0
-6.3995901 8.1480373 -0.84289087
-8.0965017 6.4761695 -2.5302366
-5.9570993 8.2658668 -2.2214349
-11.270372 1.7095929 -6.3124664
-9.7345045 4.4249779 -4.3260635
-4.8126181 8.0346477 -4.9656854
-7.5402728 6.4141391 -3.964156
-5.4184878 8.2250448 -3.6340773
-6.7824138 7.3575355 -3.1010021
-12.606088 -16.050228 -1.6603496
-14.211576 -11.36745 -4.4412577
-11.067488 -15.356867 -4.1271268
-13.127051 -1.991231 -7.3523812
-14.435612 -6.5619429 -6.4152595
-7.3490027 -12.269132 -7.5827406
-12.759384 -10.85378 -6.7080049
-9.15743 -13.900608 -6.1417152
-12.190683 -13.224404 -5.5737284
-1.6131724 -5.9564455 -10.634727
-5.1494582 -5.0343491 -11.328288
-2.7330336 -7.3290253 -10.169504
-1.6091197 -4.3783477 -11.297045
-11.13869 -1.1522653 -8.7484936
-8.6294105 -3.371507 -10.788482
-12.173369 -3.2715682 -8.7731839
-5.443115 -10.35342 -8.8071451
-6.7030845 -6.4964619 -10.845818
-4.0322057 -8.8191129 -9.5669386
-8.1745132 -10.295504 -8.9846595
-4.7019888 -7.0107668 -10.64206
-1.6045107 -0.99164214 -11.909096
-5.0333238 -3.1107652 -11.612819
-1.6141072 -2.6755468 -11.746609
-3.3435884 -3.8142805 -11.600695
-13.008097 -8.039446 -7.79163
-9.0229264 -5.5764752 -10.607086
-12.831329 -5.6692749 -8.4530113
-10.914843 -9.5251434 -8.6662617
-10.75897 -4.5346149 -9.9179664
-8.7647034 -7.9743906 -10.043456
-1.499156 5.5354535 -9.8830812
-4.3077415 4.2114478 -9.4765963
-2.380346 6.3832425 -8.8571685
-1.5199135 4.1356213 -10.670761
-10.206571 1.0558402 -8.0163931
-7.1227319 2.7828483 -8.9048335
-9.7097459 2.6094744 -6.9976836
-9.4249959 0 -9.314025
-4.002185 7.6126083 -6.4756714
-5.1590894 5.0000605 -8.3475821
-3.2401652 7.0867869 -7.6877183
-5.4612209 6.8782101 -6.0024626
-3.8085915 5.6786922 -8.6200246
-1.5816284 0.97750014 -11.739258
-4.4671302 2.7608383 -10.306505
-1.5552242 2.5779422 -11.31809
-3.2234327 0 -11.662489
-3.0269904 3.4531136 -10.502247
-8.389272 5.1848552 -5.025032
-6.7653327 4.1812055 -7.9531255
-9.0669975 4.0060779 -5.9731486
-6.9421292 6.0582434 -5.511972
-8.1753511 3.4456892 -7.5363027
-6.1243504 5.572118 -7.017881
-6.9106807 -2.081947 -11.181716
-6.1975661 1.8671104 -10.027873
-8.2858401 -1.0839818 -10.422825
-5.0284199 -1.0359115 -11.488434
-7.7347596 1.0118876 -9.7296164
-4.8120643 0.99133977 -10.994127
-6.3995901 8.1480373 0.84289087
-8.0965017 6.4761695 2.5302366
-5.9570993 8.2658668 2.2214349
-7.3443767 7.4318804 0
-11.270372 1.7095929 6.3124664
-9.7345045 4.4249779 4.3260635
-4.8126181 8.0346477 4.9656854
-7.5402728 6.4141391 3.964156
-5.4184878 8.2250448 3.6340773
-6.7824138 7.3575355 3.1010021
-9.2446583 5.713513 -1.7212821
-9.2446583 5.713513 1.7212821
-8.3106294 6.6067065 -0.86431182
-8.3106294 6.6067065 0.86431182
-12.606088 -16.050228 1.6603496
-14.211576 -11.36745 4.4412577
-11.067488 -15.356867 4.1271268
-14.238365 -14.408006 0
-13.127051 -1.991231 7.3523812
-14.435612 -6.5619429 6.4152595
-7.3490027 -12.269132 7.5827406
-12.759384 -10.85378 6.7080049
-9.15743 -13.900608 6.1417152
-12.190683 -13.224404 5.5737284
-15.325965 -9.4719671 -2.8535732
-15.325965 -9.4719671 2.8535732
-14.995209 -11.920751 -1.5595132
-14.995209 -11.920751 1.5595132
-1.6131724 -5.9564455 10.634727
-5.1494582 -5.0343491 11.328288
-2.7330336 -7.3290253 10.169504
-1.6091197 -4.3783477 11.297045
-11.13869 -1.1522653 8.7484936
-8.6294105 -3.371507 10.788482
-12.173369 -3.2715682 8.7731839
-5.443115 -10.35342 8.8071451
-6.7030845 -6.4964619 10.845818
-4.0322057 -8.8191129 9.5669386
-8.1745132 -10.295504 8.9846595
-4.7019888 -7.0107668 10.64206
-1.6045107 -0.99164214 11.909096
-5.0333238 -3.1107652 11.612819
-1.6141072 -2.6755468 11.746609
-3.3435884 -3.8142805 11.600695
-13.008097 -8.039446 7.79163
-9.0229264 -5.5764752 10.607086
-12.831329 -5.6692749 8.4530113
-10.914843 -9.5251434 8.6662617
-10.75897 -4.5346149 9.9179664
-8.7647034 -7.9743906 10.043456
-1.499156 5.5354535 9.8830812
-4.3077415 4.2114478 9.4765963
-2.380346 6.3832425 8.8571685
-1.5199135 4.1356213 10.670761
-10.206571 1.0558402 8.0163931
-7.1227319 2.7828483 8.9048335
-9.7097459 2.6094744 6.9976836
-9.4249959 0 9.314025
-4.002185 7.6126083 6.4756714
-5.1590894 5.0000605 8.3475821
-3.2401652 7.0867869 7.6877183
-5.4612209 6.8782101 6.0024626
-3.8085915 5.6786922 8.6200246
-1.5816284 0.97750014 11.739258
-4.4671302 2.7608383 10.306505
-1.5552242 2.5779422 11.31809
-3.2234327 0 11.662489
-3.0269904 3.4531136 10.502247
-8.389272 5.1848552 5.025032
-6.7653327 4.1812055 7.9531255
-9.0669975 4.0060779 5.9731486
-6.9421292 6.0582434 5.511972
-8.1753511 3.4456892 7.5363027
-6.1243504 5.572118 7.017881
-6.9106807 -2.081947 11.181716
-6.1975661 1.8671104 10.027873
-8.2858401 -1.0839818 10.422825
-5.0284199 -1.0359115 11.488434
-7.7347596 1.0118876 9.7296164
-4.8120643 0.99133977 10.994127
-13.135357 0 -5.7901256
-14.750667 0 -2.0545312
-12.311881 1.75367 -4.7716632
-14.431787 -2.0556236 -5.5932663
-13.135357 0 5.7901256
-14.750667 0 2.0545312
-12.311881 1.75367 4.7716632
-14.431787 -2.0556236 5.5932663
-10.367717 4.4936612 -2.7772353
-13.509063 1.820074 -1.1248676
-11.336933 3.2675663 -3.7275564
-10.618603 4.6476999 -0.95747883
-13.09363 1.799202 -2.9823602
-15.475642 -6.70758 -4.1455124
-15.881424 -2.1397019 -1.3224085
-15.256472 -4.3972678 -5.0162912
-16.013624 -7.0090688 -1.4439476
-15.392783 -2.1151298 -3.5060426
-10.367717 4.4936612 2.7772353
-13.509063 1.820074 1.1248676
-11.336933 3.2675663 3.7275564
-10.618603 4.6476999 0.95747883
-13.09363 1.799202 2.9823602
-12.101546 3.3447849 0
-15.475642 -6.70758 4.1455124
-15.881424 -2.1397019 1.3224085
-15.256472 -4.3972678 5.0162912
-16.013624 -7.0090688 1.4439476
-15.392783 -2.1151298 3.5060426
-16.294516 -4.5036936 0
-4.9172056 9.3449662 0
-3.701516 10.268184 0
-0.85294791 12.306728 0
-2.3687763 11.246435 0
8.9070122 16.927445 0
5.7676071 15.999621 0
0.93357278 13.470021 0
3.1028114 14.731473 0
-8.9070122 -16.927445 0
-5.7676071 -15.999621 0
-0.93357278 -13.470021 0
-3.1028114 -14.731473 0
4.9172056 -9.3449662 0
3.701516 -10.268184 0
0.85294791 -12.306728 0
2.3687763 -11.246435 0
-9.9439073 -16.887775 1.2915062
-8.4287832 -15.856548 3.5895935
-8.3317715 -16.704637 1.2312855
-5.2379884 -12.656896 6.7660563
-6.7828615 -14.309689 5.3958008
-5.258133 -15.705764 1.0962258
-6.9145685 -15.598885 3.4179033
-6.7366069 -16.269988 1.1645601
-7.6457525 -16.234152 2.3849538
-0.48624612 -6.8444152 9.8014875
-1.5079312 -8.1690152 9.2699292
-3.8533883 -11.061714 7.809927
-2.6197494 -9.5673368 8.6216833
-0.54532872 -13.179852 0.8823604
-1.7009346 -13.476285 2.75217
-1.534524 -13.785453 0.92736472
-4.0081124 -12.441046 6.4852621
-2.8839034 -13.243193 4.6662537
-4.6820056 -13.235605 5.8727752
-3.8518006 -15.054304 1.0366988
-2.8024128 -14.045501 2.8982336
-2.6382296 -14.417799 0.97840579
-4.6552626 -15.218735 2.1286126
-2.1641526 -13.986428 1.9029314
-6.128137 -14.82889 4.3678156
-3.4619028 -13.940376 3.9339447
-5.3956962 -14.04303 5.1675094
-5.4282109 -15.149467 3.2573012
-4.0841703 -13.670365 4.9187588
-4.0465783 -14.611794 3.0802856
5.3088695 -9.0160728 0.68951146
4.8634032 -9.1492196 2.0711934
4.7222883 -9.4678677 0.69786901
3.7070105 -8.9574933 4.7884493
4.3283914 -9.1315344 3.4432573
3.4824968 -10.402033 0.7260377
4.2568649 -9.6032524 2.104188
4.1120739 -9.9313189 0.71085595
4.5002764 -9.5553931 1.4037796
0.47377861 -6.6689221 9.5501742
1.3809381 -7.4810471 8.4892457
0 -7.3035259 9.2989395
3.004381 -8.6245143 6.0891856
2.2268088 -8.1323161 7.3285027
-0.99113989 -8.6184483 8.7211318
0.93144106 -8.0993376 8.1958362
-0.48928221 -7.9562472 9.0217215
0.47503793 -7.7246201 8.7590756
0.51688441 -12.492392 0.83633654
1.4599829 -11.567256 2.3623019
1.32942 -11.942893 0.80341341
0 -12.702391 1.7113912
3.0255732 -9.3912774 4.8954803
2.2896248 -10.514202 3.7046908
3.3630547 -9.5070503 4.2183769
2.7911279 -10.908792 0.75122243
2.2075629 -11.064154 2.2830444
2.0883745 -11.412867 0.77448818
3.2144712 -10.508577 1.4698126
1.7829 -11.522479 1.5676974
-1.0866642 -12.808535 3.5401919
0.98542703 -11.61525 3.2103761
-0.53996748 -12.813007 2.6227806
0.5129663 -12.17229 2.4916279
3.9733381 -9.6146992 2.8319877
2.6218467 -10.557642 2.9793441
3.6814516 -9.5814762 3.5257612
3.6095 -10.073669 2.1659491
3.000675 -10.043735 3.6138543
2.9250843 -10.56219 2.226596
-3.2507576 -11.518135 7.1185989
-0.99620009 -10.767472 6.6546636
-2.6501578 -10.767289 7.5835873
-2.7435124 -12.020726 6.2870928
2.5962685 -9.199139 5.6853806
0.92349445 -9.9816298 6.1689865
2.213192 -8.9919473 6.3331834
2.2386454 -9.8086466 5.1301286
-1.5304959 -9.3311199 8.3707844
-0.50206615 -10.090935 7.090707
-2.0750091 -10.034126 8.0010844
-0.49484183 -9.0447228 8.1202539
-1.5303011 -10.437373 7.3398524
-1.6639591 -12.671138 4.5032758
-0.51967651 -11.133126 5.8412973
-2.2082412 -12.410083 5.4056725
-0.53109319 -12.108061 4.2966341
-1.5766539 -11.577105 6.0677867
1.3859944 -8.4501236 7.5804581
0.48370267 -9.7218512 6.8313586
1.8074721 -8.7403969 6.9694813
0.4786386 -8.74856 7.8543622
1.3722759 -9.3595675 6.5819094
0 -9.4153906 7.4849593
1.4456177 -11.008456 3.9123649
0.4981061 -10.671019 5.5988403
1.8534728 -10.416321 4.5372158
0.5065447 -11.548395 4.0980327
1.3942777 -10.237948 5.3659083
0 -11.387024 4.984033
-5.3088695 9.0160728 0.68951146
-4.8634032 9.1492196 2.0711934
-4.7222883 9.4678677 0.69786901
-3.7070105 8.9574933 4.7884493
-4.3283914 9.1315344 3.4432573
-3.4824968 10.402033 0.7260377
-4.2568649 9.6032524 2.104188
-4.1120739 9.9313189 0.71085595
-4.5002764 9.5553931 1.4037796
-0.47377861 6.6689221 9.5501742
-1.3809381 7.4810471 8.4892457
-3.004381 8.6245143 6.0891856
-2.2268088 8.1323161 7.3285027
-0.51688441 12.492392 0.83633654
-1.4599829 11.567256 2.3623019
-1.32942 11.942893 0.80341341
-3.0255732 9.3912774 4.8954803
-2.2896248 10.514202 3.7046908
-3.3630547 9.5070503 4.2183769
-2.7911279 10.908792 0.75122243
-2.2075629 11.064154 2.2830444
-2.0883745 11.412867 0.77448818
-3.2144712 10.508577 1.4698126
-1.7829 11.522479 1.5676974
-3.9733381 9.6146992 2.8319877
-2.6218467 10.557642 2.9793441
-3.6814516 9.5814762 3.5257612
-3.6095 10.073669 2.1659491
-3.000675 10.043735 3.6138543
-2.9250843 10.56219 2.226596
9.9439073 16.887775 1.2915062
8.4287832 15.856548 3.5895935
8.3317715 16.704637 1.2312855
5.2379884 12.656896 6.7660563
6.7828615 14.309689 5.3958008
5.258133 15.705764 1.0962258
6.9145685 15.598885 3.4179033
6.7366069 16.269988 1.1645601
7.6457525 16.234152 2.3849538
0.48624612 6.8444152 9.8014875
1.5079312 8.1690152 9.2699292
0 7.3035259 9.2989395
3.8533883 11.061714 7.809927
2.6197494 9.5673368 8.6216833
-0.93144106 8.0993376 8.1958362
0.99113989 8.6184483 8.7211318
-0.47503793 7.7246201 8.7590756
0.48928221 7.9562472 9.0217215
0.54532872 13.179852 0.8823604
1.7009346 13.476285 2.75217
1.534524 13.785453 0.92736472
0 12.702391 1.7113912
4.0081124 12.441046 6.4852621
2.8839034 13.243193 4.6662537
4.6820056 13.235605 5.8727752
3.8518006 15.054304 1.0366988
2.8024128 14.045501 2.8982336
2.6382296 14.417799 0.97840579
4.6552626 15.218735 2.1286126
2.1641526 13.986428 1.9029314
-0.98542703 11.61525 3.2103761
1.0866642 12.808535 3.5401919
-0.5129663 12.17229 2.4916279
0.53996748 12.813007 2.6227806
6.128137 14.82889 4.3678156
3.4619028 13.940376 3.9339447
5.3956962 14.04303 5.1675094
5.4282109 15.149467 3.2573012
4.0841703 13.670365 4.9187588
4.0465783 14.611794 3.0802856
-2.5962685 9.199139 5.6853806
-0.92349445 9.9816298 6.1689865
-2.213192 8.9919473 6.3331834
-2.2386454 9.8086466 5.1301286
3.2507576 11.518135 7.1185989
0.99620009 10.767472 6.6546636
2.6501578 10.767289 7.5835873
2.7435124 12.020726 6.2870928
-1.3859944 8.4501236 7.5804581
-0.48370267 9.7218512 6.8313586
-1.8074721 8.7403969 6.9694813
-0.4786386 8.74856 7.8543622
-1.3722759 9.3595675 6.5819094
-1.4456177 11.008456 3.9123649
-0.4981061 10.671019 5.5988403
-1.8534728 10.416321 4.5372158
-0.5065447 11.548395 4.0980327
-1.3942777 10.237948 5.3659083
1.5304959 9.3311199 8.3707844
0.50206615 10.090935 7.090707
2.0750091 10.034126 8.0010844
0.49484183 9.0447228 8.1202539
1.5303011 10.437373 7.3398524
0 9.4153906 7.4849593
1.6639591 12.671138 4.5032758
0.51967651 11.133126 5.8412973
2.2082412 12.410083 5.4056725
0.53109319 12.108061 4.2966341
1.5766539 11.577105 6.0677867
0 11.387024 4.984033
0 -5.4935227 10.440235
0 -4.0136285 11.133999
0 -0.82508961 11.904775
0 -2.4510421 11.637015
0 5.4935227 10.440235
0 4.0136285 11.133999
0 0.82508961 11.904775
0 2.4510421 11.637015
-9.9439073 -16.887775 -1.2915062
-8.4287832 -15.856548 -3.5895935
-8.3317715 -16.704637 -1.2312855
-5.2379884 -12.656896 -6.7660563
-6.7828615 -14.309689 -5.3958008
-5.258133 -15.705764 -1.0962258
-6.9145685 -15.598885 -3.4179033
-6.7366069 -16.269988 -1.1645601
-7.6457525 -16.234152 -2.3849538
-0.48624612 -6.8444152 -9.8014875
-1.5079312 -8.1690152 -9.2699292
-3.8533883 -11.061714 -7.809927
-2.6197494 -9.5673368 -8.6216833
-0.54532872 -13.179852 -0.8823604
-1.7009346 -13.476285 -2.75217
-1.534524 -13.785453 -0.92736472
-4.0081124 -12.441046 -6.4852621
-2.8839034 -13.243193 -4.6662537
-4.6820056 -13.235605 -5.8727752
-3.8518006 -15.054304 -1.0366988
-2.8024128 -14.045501 -2.8982336
-2.6382296 -14.417799 -0.97840579
-4.6552626 -15.218735 -2.1286126
-2.1641526 -13.986428 -1.9029314
-6.128137 -14.82889 -4.3678156
-3.4619028 -13.940376 -3.9339447
-5.3956962 -14.04303 -5.1675094
-5.4282109 -15.149467 -3.2573012
-4.0841703 -13.670365 -4.9187588
-4.0465783 -14.611794 -3.0802856
5.3088695 -9.0160728 -0.68951146
4.8634032 -9.1492196 -2.0711934
4.7222883 -9.4678677 -0.69786901
3.7070105 -8.9574933 -4.7884493
4.3283914 -9.1315344 -3.4432573
3.4824968 -10.402033 -0.7260377
4.2568649 -9.6032524 -2.104188
4.1120739 -9.9313189 -0.71085595
4.5002764 -9.5553931 -1.4037796
0.47377861 -6.6689221 -9.5501742
1.3809381 -7.4810471 -8.4892457
0 -7.3035259 -9.2989395
3.004381 -8.6245143 -6.0891856
2.2268088 -8.1323161 -7.3285027
-0.99113989 -8.6184483 -8.7211318
0.93144106 -8.0993376 -8.1958362
-0.48928221 -7.9562472 -9.0217215
0.47503793 -7.7246201 -8.7590756
0.51688441 -12.492392 -0.83633654
1.4599829 -11.567256 -2.3623019
1.32942 -11.942893 -0.80341341
0 -12.702391 -1.7113912
3.0255732 -9.3912774 -4.8954803
2.2896248 -10.514202 -3.7046908
3.3630547 -9.5070503 -4.2183769
2.7911279 -10.908792 -0.75122243
2.2075629 -11.064154 -2.2830444
2.0883745 -11.412867 -0.77448818
3.2144712 -10.508577 -1.4698126
1.7829 -11.522479 -1.5676974
-1.0866642 -12.808535 -3.5401919
0.98542703 -11.61525 -3.2103761
-0.53996748 -12.813007 -2.6227806
0.5129663 -12.17229 -2.4916279
3.9733381 -9.6146992 -2.8319877
2.6218467 -10.557642 -2.9793441
3.6814516 -9.5814762 -3.5257612
3.6095 -10.073669 -2.1659491
3.000675 -10.043735 -3.6138543
2.9250843 -10.56219 -2.226596
-3.2507576 -11.518135 -7.1185989
-0.99620009 -10.767472 -6.6546636
-2.6501578 -10.767289 -7.5835873
-2.7435124 -12.020726 -6.2870928
2.5962685 -9.199139 -5.6853806
0.92349445 -9.9816298 -6.1689865
2.213192 -8.9919473 -6.3331834
2.2386454 -9.8086466 -5.1301286
-1.5304959 -9.3311199 -8.3707844
-0.50206615 -10.090935 -7.090707
-2.0750091 -10.034126 -8.0010844
-0.49484183 -9.0447228 -8.1202539
-1.5303011 -10.437373 -7.3398524
-1.6639591 -12.671138 -4.5032758
-0.51967651 -11.133126 -5.8412973
-2.2082412 -12.410083 -5.4056725
-0.53109319 -12.108061 -4.2966341
-1.5766539 -11.577105 -6.0677867
1.3859944 -8.4501236 -7.5804581
0.48370267 -9.7218512 -6.8313586
1.8074721 -8.7403969 -6.9694813
0.4786386 -8.74856 -7.8543622
1.3722759 -9.3595675 -6.5819094
0 -9.4153906 -7.4849593
1.4456177 -11.008456 -3.9123649
0.4981061 -10.671019 -5.5988403
1.8534728 -10.416321 -4.5372158
0.5065447 -11.548395 -4.0980327
1.3942777 -10.237948 -5.3659083
0 -11.387024 -4.984033
-5.3088695 9.0160728 -0.68951146
-4.8634032 9.1492196 -2.0711934
-4.7222883 9.4678677 -0.69786901
-3.7070105 8.9574933 -4.7884493
-4.3283914 9.1315344 -3.4432573
-3.4824968 10.402033 -0.7260377
-4.2568649 9.6032524 -2.104188
-4.1120739 9.9313189 -0.71085595
-4.5002764 9.5553931 -1.4037796
-0.47377861 6.6689221 -9.5501742
-1.3809381 7.4810471 -8.4892457
-3.004381 8.6245143 -6.0891856
-2.2268088 8.1323161 -7.3285027
-0.51688441 12.492392 -0.83633654
-1.4599829 11.567256 -2.3623019
-1.32942 11.942893 -0.80341341
-3.0255732 9.3912774 -4.8954803
-2.2896248 10.514202 -3.7046908
-3.3630547 9.5070503 -4.2183769
-2.7911279 10.908792 -0.75122243
-2.2075629 11.064154 -2.2830444
-2.0883745 11.412867 -0.77448818
-3.2144712 10.508577 -1.4698126
-1.7829 11.522479 -1.5676974
-3.9733381 9.6146992 -2.8319877
-2.6218467 10.557642 -2.9793441
-3.6814516 9.5814762 -3.5257612
-3.6095 10.073669 -2.1659491
-3.000675 10.043735 -3.6138543
-2.9250843 10.56219 -2.226596
9.9439073 16.887775 -1.2915062
8.4287832 15.856548 -3.5895935
8.3317715 16.704637 -1.2312855
5.2379884 12.656896 -6.7660563
6.7828615 14.309689 -5.3958008
5.258133 15.705764 -1.0962258
6.9145685 15.598885 -3.4179033
6.7366069 16.269988 -1.1645601
7.6457525 16.234152 -2.3849538
0.48624612 6.8444152 -9.8014875
1.5079312 8.1690152 -9.2699292
0 7.3035259 -9.2989395
3.8533883 11.061714 -7.809927
2.6197494 9.5673368 -8.6216833
-0.93144106 8.0993376 -8.1958362
0.99113989 8.6184483 -8.7211318
-0.47503793 7.7246201 -8.7590756
0.48928221 7.9562472 -9.0217215
0.54532872 13.179852 -0.8823604
1.7009346 13.476285 -2.75217
1.534524 13.785453 -0.92736472
0 12.702391 -1.7113912
4.0081124 12.441046 -6.4852621
2.8839034 13.243193 -4.6662537
4.6820056 13.235605 -5.8727752
3.8518006 15.054304 -1.0366988
2.8024128 14.045501 -2.8982336
2.6382296 14.417799 -0.97840579
4.6552626 15.218735 -2.1286126
2.1641526 13.986428 -1.9029314
-0.98542703 11.61525 -3.2103761
1.0866642 12.808535 -3.5401919
-0.5129663 12.17229 -2.4916279
0.53996748 12.813007 -2.6227806
6.128137 14.82889 -4.3678156
3.4619028 13.940376 -3.9339447
5.3956962 14.04303 -5.1675094
5.4282109 15.149467 -3.2573012
4.0841703 13.670365 -4.9187588
4.0465783 14.611794 -3.0802856
-2.5962685 9.199139 -5.6853806
-0.92349445 9.9816298 -6.1689865
-2.213192 8.9919473 -6.3331834
-2.2386454 9.8086466 -5.1301286
3.2507576 11.518135 -7.1185989
0.99620009 10.767472 -6.6546636
2.6501578 10.767289 -7.5835873
2.7435124 12.020726 -6.2870928
-1.3859944 8.4501236 -7.5804581
-0.48370267 9.7218512 -6.8313586
-1.8074721 8.7403969 -6.9694813
-0.4786386 8.74856 -7.8543622
-1.3722759 9.3595675 -6.5819094
-1.4456177 11.008456 -3.9123649
-0.4981061 10.671019 -5.5988403
-1.8534728 10.416321 -4.5372158
-0.5065447 11.548395 -4.0980327
-1.3942777 10.237948 -5.3659083
1.5304959 9.3311199 -8.3707844
0.50206615 10.090935 -7.090707
2.0750091 10.034126 -8.0010844
0.49484183 9.0447228 -8.1202539
1.5303011 10.437373 -7.3398524
0 9.4153906 -7.4849593
1.6639591 12.671138 -4.5032758
0.51967651 11.133126 -5.8412973
2.2082412 12.410083 -5.4056725
0.53109319 12.108061 -4.2966341
1.5766539 11.577105 -6.0677867
0 11.387024 -4.984033
0 -5.4935227 -10.440235
0 -4.0136285 -11.133999
0 -0.82508961 -11.904775
0 -2.4510421 -11.637015
0 5.4935227 -10.440235
0 4.0136285 -11.133999
0 0.82508961 -11.904775
0 2.4510421 -11.637015
11.684504 16.732696 -0.83009938
13.266902 15.054843 -2.448958
11.035261 16.539317 -2.1295096
14.35038 10.131832 -4.9990072
14.010065 12.625283 -3.8362669
9.3587621 15.412501 -4.4032632
12.558406 14.838354 -3.7093004
10.233452 16.067878 -3.3367571
11.913945 15.824705 -2.9522445
12.523218 0.95772321 -7.3739565
13.642349 3.0883447 -7.2517927
14.473703 7.7372754 -5.9898642
14.298337 5.3915202 -6.7774805
5.8978235 12.112081 -7.4856779
8.835155 12.264396 -7.5798138
6.6988337 12.943462 -6.8847987
13.695297 9.9499679 -6.1494184
11.615096 11.568451 -7.149696
13.549332 11.169647 -5.6280046
8.4312241 14.609115 -5.3785745
9.7739032 13.029806 -6.8306083
7.5505557 13.788202 -6.1831134
10.128409 14.680694 -5.20848
8.2398376 13.092074 -6.9188194
13.022286 13.635575 -4.433609
11.264317 12.680601 -6.5781321
13.332713 12.413602 -5.0549243
11.711801 14.367102 -4.8919396
12.518972 12.050311 -6.1716213
10.761821 13.742191 -5.9394808
5.9549333 -8.5277125 -0.42305488
6.8340102 -7.7550095 -1.2615005
5.7556628 -8.6264147 -1.1106887
8.5092447 -6.0078016 -2.9642264
7.6806581 -6.9214874 -2.1031348
5.2913566 -8.714084 -2.4895638
6.6112313 -7.8114844 -1.9527195
5.5337225 -8.6886786 -1.8043459
6.1910969 -8.2233284 -1.5341377
11.594862 -0.88672648 -6.8273197
10.911531 -2.4701441 -5.8001859
9.3283809 -4.9867164 -3.8605003
10.136398 -3.8221646 -4.8047016
4.1016574 -8.4233799 -5.2059351
5.5055004 -7.6423831 -4.7232525
4.4266546 -8.5531655 -4.5495421
8.2239462 -5.9748978 -3.6926899
6.8631995 -6.8356378 -4.2246565
7.835407 -6.4592653 -3.2546038
5.0193704 -8.6972614 -3.202033
5.8068943 -7.7412991 -4.058217
4.7342187 -8.6452395 -3.8768287
5.7011341 -8.2635493 -2.9317777
5.1274859 -8.1469353 -4.3054427
7.036467 -7.3678519 -2.395658
6.4989845 -7.316114 -3.7952747
7.4378637 -6.9251231 -2.8199691
6.3743304 -7.8195192 -2.6625143
7.1640328 -6.8958394 -3.5317355
6.1048504 -7.7955228 -3.3692851
0.76194316 -5.8665549 -9.963192
2.2172012 -5.2062464 -9.7941893
1.219796 -6.3210638 -9.4738208
0.76444942 -5.1728196 -10.371153
4.9994622 -3.8703675 -9.3522238
3.6165865 -4.546277 -9.591204
2.1002728 -7.1107958 -8.4017437
2.653675 -5.6401609 -9.2885132
1.6695142 -6.7374164 -8.9489776
1.9490151 -5.9774063 -9.385321
0.77308742 -3.7081745 -11.07612
2.2366681 -4.5248779 -10.207875
0.76912486 -4.4491409 -10.74539
1.512204 -4.8478667 -10.293428
11.031917 -0.54728704 -7.703629
9.4012948 -1.5293003 -8.2847796
10.78004 -1.3879774 -7.1925911
6.402626 -3.1590313 -9.0684605
7.8605284 -2.388468 -8.722696
10.155945 -2.9014954 -6.1668822
9.1961557 -2.2988604 -7.7831446
10.481252 -2.1766031 -6.6753927
9.9741191 -1.8607638 -7.5092147
3.6902167 -8.2184382 -5.9708961
4.3034806 -6.9912538 -6.9631778
3.3245187 -8.0037261 -6.5980223
4.4230493 -7.8474646 -5.7310596
5.4311103 -4.2790687 -8.7877211
4.8807773 -5.6891138 -7.8972635
4.7485401 -4.6202775 -8.927283
2.5381737 -7.4550608 -7.8061594
3.9241474 -6.7196646 -7.5645407
2.9375974 -7.7481164 -7.2139881
2.8209647 -6.7536765 -8.2848708
3.6317281 -7.3668651 -7.0910785
5.8419928 -7.0813547 -5.2500212
5.0455824 -6.6347873 -6.73198
5.142656 -7.4665935 -5.4898965
4.7392583 -7.2480971 -6.2418578
3.3773844 -5.2942437 -9.1735453
4.2148124 -6.0309663 -8.0400146
4.0613112 -4.959501 -9.0566313
3.1015657 -6.0313039 -8.7421163
4.4855498 -5.341981 -8.4877414
3.528163 -6.3927233 -8.1631189
0.79591532 -0.49190272 -11.888619
2.347991 -1.4511382 -11.497181
0.79235357 -1.3111191 -11.778486
5.1012685 -3.1527573 -9.7860526
3.7951926 -2.345558 -10.771054
4.3944193 -3.5034026 -9.9038011
0.78310499 -2.909586 -11.371771
2.3216702 -2.2449117 -11.251344
0.78741789 -2.1232389 -11.603399
1.5409498 -3.3700478 -11.01718
1.5723509 -1.7881924 -11.556683
2.9789927 -4.1795893 -10.113786
3.0638415 -2.6962051 -10.857068
3.6845699 -3.847273 -10.013049
2.2774183 -3.7952605 -10.592104
3.7456865 -3.1101387 -10.410127
2.3071142 -3.0308612 -10.94414
8.679433 -5.3641846 -4.2263392
8.0510643 -4.9758314 -5.7999105
9.0562128 -4.8171195 -4.6870045
7.9676975 -5.8188665 -4.4908159
6.2512568 -3.8634892 -8.6043313
7.2375196 -4.4730331 -7.2667018
6.9520535 -3.5029029 -8.4331833
5.9579762 -4.5981764 -8.1581786
9.7900461 -3.6043588 -5.6500392
8.3600781 -4.3825992 -6.2710521
9.4298465 -4.228674 -5.1638773
9.3959682 -3.3335421 -6.4824051
8.7314046 -4.6143194 -5.4953368
6.5689198 -6.6651476 -4.9954919
7.3078663 -5.4179538 -6.0288609
7.2616634 -6.2535407 -4.7481288
6.2023233 -6.4743744 -5.7621353
7.6596078 -5.6318124 -5.2755956
8.4078172 -2.7338028 -8.0296577
7.9271307 -4.112243 -7.0417573
7.6739295 -3.1248894 -8.2421121
8.9318046 -3.041243 -7.2810453
7.4630688 -3.8222446 -7.7533228
8.6493874 -3.738332 -6.7735312
5.3618924 -5.9664782 -7.2322493
6.8903102 -5.16425 -6.7908316
5.6598489 -5.3018588 -7.6977392
5.7969589 -6.2398071 -6.5135024
6.4477217 -4.8955647 -7.487148
6.5538949 -5.8329078 -6.2785023
0.79141882 6.0935016 -10.348617
2.4641779 5.7861764 -10.885176
1.3033332 6.7539592 -10.122631
0.79100497 5.3525138 -10.731427
6.0593802 4.6909103 -11.334955
4.2394446 5.3292489 -11.243027
2.3991181 8.1225823 -9.5972175
3.0487329 6.4798231 -10.671313
1.8417907 7.4326477 -9.8724189
2.1631159 6.6340288 -10.416306
0.79315718 3.8044407 -11.363662
2.4558624 4.9683175 -11.20825
0.79261105 4.585001 -11.073514
1.6147996 5.1767704 -10.991786
11.548745 0.57292656 -8.0645316
10.638627 1.730576 -9.3751637
12.155792 1.5651115 -8.1105122
10.697336 0 -8.4018473
7.8164147 3.8565893 -11.070902
9.3779247 2.8495378 -10.406525
13.158054 3.7591806 -7.9898193
11.124506 2.7809105 -9.415199
12.705959 2.6385997 -8.0922833
11.687421 2.1803962 -8.7991086
9.0339277 -1.0266885 -8.9275613
9.772549 1.1106314 -9.657486
9.8512378 -0.53427003 -8.6877968
10.274229 0.55721046 -9.0608325
5.0050063 11.146591 -8.0982703
5.8365507 9.4818151 -9.4437374
4.3039172 10.361613 -8.5417904
6.3678253 11.297926 -8.2509562
6.8654413 5.4091508 -11.108517
6.4726326 7.5446065 -10.47294
5.9120371 5.7523473 -11.114664
3.0172667 8.8622406 -9.2796109
5.0904533 8.7168333 -9.8128172
3.6382387 9.5961063 -8.9345839
3.3671327 8.0612585 -9.8889079
4.7192547 9.5728842 -9.214513
9.2245946 11.181566 -8.2898625
7.1560932 9.4100448 -9.5478921
7.8000237 11.324811 -8.326694
6.7911027 10.386134 -8.9442471
4.0080147 6.2827929 -10.886443
5.4259634 7.7639999 -10.35036
4.9488611 6.0433392 -11.035847
3.7005912 7.1961687 -10.430538
5.6975925 6.7854405 -10.781218
4.3850353 7.945301 -10.145666
0.79880335 0.49368762 -11.931757
2.424041 1.4981397 -11.869568
0.80000007 1.3237718 -11.892153
1.5994587 0 -11.871599
5.973213 3.6916487 -11.458753
4.1319911 2.553711 -11.726914
5.1086315 4.0728004 -11.513437
0.79947777 2.9704182 -11.609526
2.438153 2.3575433 -11.815846
0.79960218 2.1560933 -11.782947
1.616249 3.5347265 -11.555539
1.6140372 1.8356011 -11.863074
3.1655601 -0.97167072 -11.453104
3.257425 0.99986871 -11.785474
2.3968109 -0.49344574 -11.709083
2.4231392 0.49886611 -11.837704
3.3525134 4.7036466 -11.381902
3.3141265 2.9164578 -11.74398
4.2258394 4.4124439 -11.483982
2.4685534 4.1137825 -11.48106
4.1906408 3.4795955 -11.646757
2.4635166 3.2363275 -11.686058
13.788912 8.5220162 -6.7143348
12.111118 7.4850825 -8.7247346
13.790631 7.3354194 -7.1372826
12.931459 9.443937 -7.28853
7.9737 4.9280176 -10.97513
10.082844 6.2315405 -10.123499
8.8601921 4.464349 -10.747849
7.8864756 6.0865308 -10.798847
13.498255 4.9695939 -7.7901235
12.03775 6.3105428 -9.0297427
13.700961 6.1439917 -7.502782
12.561069 4.4564702 -8.6660508
12.968766 6.8536546 -8.1622308
10.651731 10.807768 -8.1003635
11.0755 8.2112271 -9.1370925
11.875716 10.227033 -7.7650845
9.5873411 10.007869 -8.9069135
12.044341 8.8557364 -8.2956038
10.440914 3.3948645 -9.9713114
10.98878 5.7004905 -9.761454
9.6922799 3.9467789 -10.409903
11.522691 3.9234292 -9.393089
9.9313497 5.0863859 -10.3176
11.831735 5.1137673 -9.2656999
7.4773081 8.3204198 -10.085573
9.996299 7.4921717 -9.8519778
7.7177346 7.2295815 -10.496589
8.5136393 9.1640235 -9.565983
8.9435042 6.7905387 -10.385271
9.8477987 8.7644528 -9.4339974
5.9528818 -2.7184248 -9.6319651
6.4248941 -0.9618037 -10.395697
6.6827232 -2.3353421 -9.4882291
5.3231219 -2.3228623 -10.177644
6.9676099 3.1818074 -11.27383
6.7929614 1.0169032 -10.991242
7.7567193 2.7106604 -11.013105
5.9946293 2.6158895 -11.461545
8.2052819 -1.5002358 -9.1466301
7.208172 -0.5103834 -10.258102
7.4368319 -1.9286753 -9.3264993
8.5658603 -0.52199672 -9.5410602
6.9549007 -1.4500417 -9.8899665
3.9421215 -1.4566127 -11.092184
5.7047744 -0.50753062 -10.872922
4.6479402 -1.8987042 -10.670517
4.0372391 -0.4990302 -11.377077
5.5275103 -1.4362684 -10.546279
9.1575468 1.6743458 -10.208143
7.4417697 0.52692357 -10.59054
8.495157 2.2031424 -10.65374
8.8919424 0.54186791 -9.9042659
7.6267089 1.5901084 -10.845287
8.0309356 0 -10.102179
4.1605014 1.537304 -11.706653
5.8543181 0.52083492 -11.157943
5.0540777 2.0646131 -11.602908
4.1122326 0.5082999 -11.588411
5.9515683 1.5464556 -11.355365
4.9371014 0 -11.279799
11.684504 16.732696 0.83009938
13.266902 15.054843 2.448958
11.035261 16.539317 2.1295096
12.763619 16.250797 0
14.35038 10.131832 4.9990072
14.010065 12.625283 3.8362669
9.3587621 15.412501 4.4032632
12.558406 14.838354 3.7093004
10.233452 16.067878 3.3367571
11.913945 15.824705 2.9522445
14.101048 14.269054 -1.6216506
14.101048 14.269054 1.6216506
13.565857 15.382552 -0.83425418
13.565857 15.382552 0.83425418
12.523218 0.95772321 7.3739565
13.642349 3.0883447 7.2517927
14.473703 7.7372754 5.9898642
14.298337 5.3915202 6.7774805
5.8978235 12.112081 7.4856779
8.835155 12.264396 7.5798138
6.6988337 12.943462 6.8847987
13.695297 9.9499679 6.1494184
11.615096 11.568451 7.149696
13.549332 11.169647 5.6280046
8.4312241 14.609115 5.3785745
9.7739032 13.029806 6.8306083
7.5505557 13.788202 6.1831134
10.128409 14.680694 5.20848
8.2398376 13.092074 6.9188194
13.022286 13.635575 4.433609
11.264317 12.680601 6.5781321
13.332713 12.413602 5.0549243
11.711801 14.367102 4.8919396
12.518972 12.050311 6.1716213
10.761821 13.742191 5.9394808
14.952875 9.2413853 -4.2201427
15.553394 9.6125263 -1.4389908
14.845363 10.455845 -3.653896
14.952875 9.2413853 4.2201427
15.553394 9.6125263 1.4389908
14.845363 10.455845 3.653896
14.464597 12.975937 -2.3724919
15.366075 10.797446 -0.76452635
14.689132 11.712927 -3.037642
14.699966 13.19747 -0.80424335
15.189597 10.681749 -2.22706
14.464597 12.975937 2.3724919
15.366075 10.797446 0.76452635
14.689132 11.712927 3.037642
14.699966 13.19747 0.80424335
15.189597 10.681749 2.22706
15.100983 12.004838 0
5.9549333 -8.5277125 0.42305488
6.8340102 -7.7550095 1.2615005
5.7556628 -8.6264147 1.1106887
6.4182492 -8.1717944 0
8.5092447 -6.0078016 2.9642264
7.6806581 -6.9214874 2.1031348
5.2913566 -8.714084 2.4895638
6.6112313 -7.8114844 1.9527195
5.5337225 -8.6886786 1.8043459
6.1910969 -8.2233284 1.5341377
7.3233508 -7.410604 -0.84220093
7.3233508 -7.410604 0.84220093
6.8765706 -7.7974581 -0.42288576
6.8765706 -7.7974581 0.42288576
11.594862 -0.88672648 6.8273197
10.911531 -2.4701441 5.8001859
9.3283809 -4.9867164 3.8605003
10.136398 -3.8221646 4.8047016
4.1016574 -8.4233799 5.2059351
5.5055004 -7.6423831 4.7232525
4.4266546 -8.5531655 4.5495421
8.2239462 -5.9748978 3.6926899
6.8631995 -6.8356378 4.2246565
7.835407 -6.4592653 3.2546038
5.0193704 -8.6972614 3.202033
5.8068943 -7.7412991 4.058217
4.7342187 -8.6452395 3.8768287
5.7011341 -8.2635493 2.9317777
5.1274859 -8.1469353 4.3054427
7.036467 -7.3678519 2.395658
6.4989845 -7.316114 3.7952747
7.4378637 -6.9251231 2.8199691
6.3743304 -7.8195192 2.6625143
7.1640328 -6.8958394 3.5317355
6.1048504 -7.7955228 3.3692851
9.1086535 -5.6294575 -2.5707308
9.3267125 -5.7642253 -0.86290189
8.6695302 -6.1060994 -2.1338354
9.1086535 -5.6294575 2.5707308
9.3267125 -5.7642253 0.86290189
8.6695302 -6.1060994 2.1338354
7.7873818 -6.985924 -1.2772911
8.8323066 -6.2062927 -0.43944412
8.2267121 -6.5598755 -1.7012446
7.8297188 -7.0294366 -0.42836828
8.7778673 -6.1728415 -1.2869885
7.7873818 -6.985924 1.2772911
8.8323066 -6.2062927 0.43944412
8.2267121 -6.5598755 1.7012446
7.8297188 -7.0294366 0.42836828
8.7778673 -6.1728415 1.2869885
8.3354383 -6.6264289 0
0.76194316 -5.8665549 9.963192
2.2172012 -5.2062464 9.7941893
1.219796 -6.3210638 9.4738208
0.76444942 -5.1728196 10.371153
4.9994622 -3.8703675 9.3522238
3.6165865 -4.546277 9.591204
2.1002728 -7.1107958 8.4017437
2.653675 -5.6401609 9.2885132
1.6695142 -6.7374164 8.9489776
1.9490151 -5.9774063 9.385321
0.77308742 -3.7081745 11.07612
2.2366681 -4.5248779 10.207875
0.76912486 -4.4491409 10.74539
1.512204 -4.8478667 10.293428
11.031917 -0.54728704 7.703629
9.4012948 -1.5293003 8.2847796
10.78004 -1.3879774 7.1925911
6.402626 -3.1590313 9.0684605
7.8605284 -2.388468 8.722696
10.155945 -2.9014954 6.1668822
9.1961557 -2.2988604 7.7831446
10.481252 -2.1766031 6.6753927
9.9741191 -1.8607638 7.5092147
3.6902167 -8.2184382 5.9708961
4.3034806 -6.9912538 6.9631778
3.3245187 -8.0037261 6.5980223
4.4230493 -7.8474646 5.7310596
5.4311103 -4.2790687 8.7877211
4.8807773 -5.6891138 7.8972635
4.7485401 -4.6202775 8.927283
2.5381737 -7.4550608 7.8061594
3.9241474 -6.7196646 7.5645407
2.9375974 -7.7481164 7.2139881
2.8209647 -6.7536765 8.2848708
3.6317281 -7.3668651 7.0910785
5.8419928 -7.0813547 5.2500212
5.0455824 -6.6347873 6.73198
5.142656 -7.4665935 5.4898965
4.7392583 -7.2480971 6.2418578
3.3773844 -5.2942437 9.1735453
4.2148124 -6.0309663 8.0400146
4.0613112 -4.959501 9.0566313
3.1015657 -6.0313039 8.7421163
4.4855498 -5.341981 8.4877414
3.528163 -6.3927233 8.1631189
0.79591532 -0.49190272 11.888619
2.347991 -1.4511382 11.497181
0.79235357 -1.3111191 11.778486
5.1012685 -3.1527573 9.7860526
3.7951926 -2.345558 10.771054
4.3944193 -3.5034026 9.9038011
0.78310499 -2.909586 11.371771
2.3216702 -2.2449117 11.251344
0.78741789 -2.1232389 11.603399
1.5409498 -3.3700478 11.01718
1.5723509 -1.7881924 11.556683
2.9789927 -4.1795893 10.113786
3.0638415 -2.6962051 10.857068
3.6845699 -3.847273 10.013049
2.2774183 -3.7952605 10.592104
3.7456865 -3.1101387 10.410127
2.3071142 -3.0308612 10.94414
8.679433 -5.3641846 4.2263392
8.0510643 -4.9758314 5.7999105
9.0562128 -4.8171195 4.6870045
7.9676975 -5.8188665 4.4908159
6.2512568 -3.8634892 8.6043313
7.2375196 -4.4730331 7.2667018
6.9520535 -3.5029029 8.4331833
5.9579762 -4.5981764 8.1581786
9.7900461 -3.6043588 5.6500392
8.3600781 -4.3825992 6.2710521
9.4298465 -4.228674 5.1638773
9.3959682 -3.3335421 6.4824051
8.7314046 -4.6143194 5.4953368
6.5689198 -6.6651476 4.9954919
7.3078663 -5.4179538 6.0288609
7.2616634 -6.2535407 4.7481288
6.2023233 -6.4743744 5.7621353
7.6596078 -5.6318124 5.2755956
8.4078172 -2.7338028 8.0296577
7.9271307 -4.112243 7.0417573
7.6739295 -3.1248894 8.2421121
8.9318046 -3.041243 7.2810453
7.4630688 -3.8222446 7.7533228
8.6493874 -3.738332 6.7735312
5.3618924 -5.9664782 7.2322493
6.8903102 -5.16425 6.7908316
5.6598489 -5.3018588 7.6977392
5.7969589 -6.2398071 6.5135024
6.4477217 -4.8955647 7.487148
6.5538949 -5.8329078 6.2785023
0.79141882 6.0935016 10.348617
2.4641779 5.7861764 10.885176
1.3033332 6.7539592 10.122631
0.79100497 5.3525138 10.731427
6.0593802 4.6909103 11.334955
4.2394446 5.3292489 11.243027
2.3991181 8.1225823 9.5972175
3.0487329 6.4798231 10.671313
1.8417907 7.4326477 9.8724189
2.1631159 6.6340288 10.416306
0.79315718 3.8044407 11.363662
2.4558624 4.9683175 11.20825
0.79261105 4.585001 11.073514
1.6147996 5.1767704 10.991786
11.548745 0.57292656 8.0645316
10.638627 1.730576 9.3751637
12.155792 1.5651115 8.1105122
10.697336 0 8.4018473
7.8164147 3.8565893 11.070902
9.3779247 2.8495378 10.406525
13.158054 3.7591806 7.9898193
11.124506 2.7809105 9.415199
12.705959 2.6385997 8.0922833
11.687421 2.1803962 8.7991086
9.0339277 -1.0266885 8.9275613
9.772549 1.1106314 9.657486
9.8512378 -0.53427003 8.6877968
10.274229 0.55721046 9.0608325
5.0050063 11.146591 8.0982703
5.8365507 9.4818151 9.4437374
4.3039172 10.361613 8.5417904
6.3678253 11.297926 8.2509562
6.8654413 5.4091508 11.108517
6.4726326 7.5446065 10.47294
5.9120371 5.7523473 11.114664
3.0172667 8.8622406 9.2796109
5.0904533 8.7168333 9.8128172
3.6382387 9.5961063 8.9345839
3.3671327 8.0612585 9.8889079
4.7192547 9.5728842 9.214513
9.2245946 11.181566 8.2898625
7.1560932 9.4100448 9.5478921
7.8000237 11.324811 8.326694
6.7911027 10.386134 8.9442471
4.0080147 6.2827929 10.886443
5.4259634 7.7639999 10.35036
4.9488611 6.0433392 11.035847
3.7005912 7.1961687 10.430538
5.6975925 6.7854405 10.781218
4.3850353 7.945301 10.145666
0.79880335 0.49368762 11.931757
2.424041 1.4981397 11.869568
0.80000007 1.3237718 11.892153
1.5994587 0 11.871599
5.973213 3.6916487 11.458753
4.1319911 2.553711 11.726914
5.1086315 4.0728004 11.513437
0.79947777 2.9704182 11.609526
2.438153 2.3575433 11.815846
0.79960218 2.1560933 11.782947
1.616249 3.5347265 11.555539
1.6140372 1.8356011 11.863074
3.1655601 -0.97167072 11.453104
3.257425 0.99986871 11.785474
2.3968109 -0.49344574 11.709083
2.4231392 0.49886611 11.837704
3.3525134 4.7036466 11.381902
3.3141265 2.9164578 11.74398
4.2258394 4.4124439 11.483982
2.4685534 4.1137825 11.48106
4.1906408 3.4795955 11.646757
2.4635166 3.2363275 11.686058
13.788912 8.5220162 6.7143348
12.111118 7.4850825 8.7247346
13.790631 7.3354194 7.1372826
12.931459 9.443937 7.28853
7.9737 4.9280176 10.97513
10.082844 6.2315405 10.123499
8.8601921 4.464349 10.747849
7.8864756 6.0865308 10.798847
13.498255 4.9695939 7.7901235
12.03775 6.3105428 9.0297427
13.700961 6.1439917 7.502782
12.561069 4.4564702 8.6660508
12.968766 6.8536546 8.1622308
10.651731 10.807768 8.1003635
11.0755 8.2112271 9.1370925
11.875716 10.227033 7.7650845
9.5873411 10.007869 8.9069135
12.044341 8.8557364 8.2956038
10.440914 3.3948645 9.9713114
10.98878 5.7004905 9.761454
9.6922799 3.9467789 10.409903
11.522691 3.9234292 9.393089
9.9313497 5.0863859 10.3176
11.831735 5.1137673 9.2656999
7.4773081 8.3204198 10.085573
9.996299 7.4921717 9.8519778
7.7177346 7.2295815 10.496589
8.5136393 9.1640235 9.565983
8.9435042 6.7905387 10.385271
9.8477987 8.7644528 9.4339974
5.9528818 -2.7184248 9.6319651
6.4248941 -0.9618037 10.395697
6.6827232 -2.3353421 9.4882291
5.3231219 -2.3228623 10.177644
6.9676099 3.1818074 11.27383
6.7929614 1.0169032 10.991242
7.7567193 2.7106604 11.013105
5.9946293 2.6158895 11.461545
8.2052819 -1.5002358 9.1466301
7.208172 -0.5103834 10.258102
7.4368319 -1.9286753 9.3264993
8.5658603 -0.52199672 9.5410602
6.9549007 -1.4500417 9.8899665
3.9421215 -1.4566127 11.092184
5.7047744 -0.50753062 10.872922
4.6479402 -1.8987042 10.670517
4.0372391 -0.4990302 11.377077
5.5275103 -1.4362684 10.546279
9.1575468 1.6743458 10.208143
7.4417697 0.52692357 10.59054
8.495157 2.2031424 10.65374
8.8919424 0.54186791 9.9042659
7.6267089 1.5901084 10.845287
8.0309356 0 10.102179
4.1605014 1.537304 11.706653
5.8543181 0.52083492 11.157943
5.0540777 2.0646131 11.602908
4.1122326 0.5082999 11.588411
5.9515683 1.5464556 11.355365
4.9371014 0 11.279799
12.531507 0 -6.5939241
13.669241 0 -4.9275423
13.206846 0.97346614 -6.5871784
12.200718 -0.89930524 -6.085352
14.912057 0 -1.0335167
14.485561 0 -3.0510162
14.324416 3.1386519 -6.3496306
14.36014 1.0023043 -4.8076315
13.822638 2.030679 -6.5100086
13.827163 0.98970955 -5.7251527
11.405681 -2.4991218 -5.0558331
13.230447 -0.92345441 -4.4294215
11.817936 -1.736169 -5.56586
12.751875 -0.91274346 -5.2799285
12.531507 0 6.5939241
13.669241 0 4.9275423
13.206846 0.97346614 6.5871784
12.200718 -0.89930524 6.085352
14.912057 0 1.0335167
14.485561 0 3.0510162
14.324416 3.1386519 6.3496306
14.36014 1.0023043 4.8076315
13.822638 2.030679 6.5100086
13.827163 0.98970955 5.7251527
11.405681 -2.4991218 5.0558331
13.230447 -0.92345441 4.4294215
11.817936 -1.736169 5.56586
12.751875 -0.91274346 5.2799285
15.023592 7.8314904 -4.8401273
15.805511 5.5690891 -3.4418863
15.017908 6.6636018 -5.3124834
15.437967 8.0743818 -3.5234356
15.517376 1.0388522 -0.64204594
16.038428 3.2754189 -2.0243202
15.395312 1.035662 -1.7137251
14.705179 4.331377 -6.0770127
15.688438 4.427244 -3.8960102
14.921536 5.4907793 -5.733241
14.928295 3.2097468 -5.3489627
15.425948 5.5504382 -4.6086698
15.858097 8.3203819 -0.7402306
16.077855 5.7140107 -2.1113252
15.717914 8.2380651 -2.140579
15.813182 6.8880188 -2.8137862
14.822835 1.0207589 -3.7925768
15.788816 3.2579598 -3.1502458
15.160804 1.0288268 -2.7741878
14.968931 2.0936729 -4.5788498
15.694093 2.1352687 -2.4283836
15.4208 3.2508307 -4.2706238
9.6329191 -5.0214431 -3.1034225
11.126818 -3.9205467 -2.4230311
10.075015 -4.4703885 -3.5639682
9.8052719 -5.1283635 -2.2378752
14.277448 -0.95584186 -0.59074276
12.709257 -2.5955249 -1.6041226
14.164858 -0.95288782 -1.5767574
10.960273 -3.2283233 -4.5294053
11.655124 -3.2890515 -2.8943916
10.520751 -3.8713924 -4.0423452
11.835019 -2.5446586 -4.2406099
10.85376 -3.905311 -3.2426789
9.9819267 -5.2372893 -0.46594036
11.26295 -4.002811 -1.4790375
9.9229378 -5.2008052 -1.3513774
10.527595 -4.5856851 -1.8732727
13.641702 -0.93942143 -3.4903716
12.508826 -2.5811467 -2.4958094
13.950408 -0.94668815 -2.5527044
12.741195 -1.7820842 -3.8974071
13.344005 -1.8155261 -2.064749
12.206475 -2.5732248 -3.3804514
15.023592 7.8314904 4.8401273
15.805511 5.5690891 3.4418863
15.017908 6.6636018 5.3124834
15.437967 8.0743818 3.5234356
15.517376 1.0388522 0.64204594
16.038428 3.2754189 2.0243202
15.395312 1.035662 1.7137251
15.961896 2.1505438 0
14.705179 4.331377 6.0770127
15.688438 4.427244 3.8960102
14.921536 5.4907793 5.733241
14.928295 3.2097468 5.3489627
15.425948 5.5504382 4.6086698
15.858097 8.3203819 0.7402306
16.077855 5.7140107 2.1113252
15.717914 8.2380651 2.140579
16.085204 7.0403988 0
15.813182 6.8880188 2.8137862
14.822835 1.0207589 3.7925768
15.788816 3.2579598 3.1502458
15.160804 1.0288268 2.7741878
14.968931 2.0936729 4.5788498
15.694093 2.1352687 2.4283836
15.4208 3.2508307 4.2706238
16.221956 4.4836383 -1.3762557
16.221956 4.4836383 1.3762557
16.193826 3.3148231 -0.68244239
16.220231 5.7558678 -0.71146439
16.193826 3.3148231 0.68244239
16.220231 5.7558678 0.71146439
9.6329191 -5.0214431 3.1034225
11.126818 -3.9205467 2.4230311
10.075015 -4.4703885 3.5639682
9.8052719 -5.1283635 2.2378752
14.277448 -0.95584186 0.59074276
12.709257 -2.5955249 1.6041226
14.164858 -0.95288782 1.5767574
13.572319 -1.8285965 0
10.960273 -3.2283233 4.5294053
11.655124 -3.2890515 2.8943916
10.520751 -3.8713924 4.0423452
11.835019 -2.5446586 4.2406099
10.85376 -3.905311 3.2426789
9.9819267 -5.2372893 0.46594036
11.26295 -4.002811 1.4790375
9.9229378 -5.2008052 1.3513774
10.656561 -4.6643141 0
10.527595 -4.5856851 1.8732727
13.641702 -0.93942143 3.4903716
12.508826 -2.5811467 2.4958094
13.950408 -0.94668815 2.5527044
12.741195 -1.7820842 3.8974071
13.344005 -1.8155261 2.064749
12.206475 -2.5732248 3.3804514
12.053266 -3.3314409 -1.0225879
12.053266 -3.3314409 1.0225879
12.814769 -2.6231412 -0.54004172
11.352894 -4.0286575 -0.49796946
12.814769 -2.6231412 0.54004172
11.352894 -4.0286575 0.49796946
-5.9549333 8.5277125 -0.42305488
-6.8340102 7.7550095 -1.2615005
-5.7556628 8.6264147 -1.1106887
-8.5092447 6.0078016 -2.9642264
-7.6806581 6.9214874 -2.1031348
-5.2913566 8.714084 -2.4895638
-6.6112313 7.8114844 -1.9527195
-5.5337225 8.6886786 -1.8043459
-6.1910969 8.2233284 -1.5341377
-11.594862 0.88672648 -6.8273197
-10.911531 2.4701441 -5.8001859
-9.3283809 4.9867164 -3.8605003
-10.136398 3.8221646 -4.8047016
-4.1016574 8.4233799 -5.2059351
-5.5055004 7.6423831 -4.7232525
-4.4266546 8.5531655 -4.5495421
-8.2239462 5.9748978 -3.6926899
-6.8631995 6.8356378 -4.2246565
-7.835407 6.4592653 -3.2546038
-5.0193704 8.6972614 -3.202033
-5.8068943 7.7412991 -4.058217
-4.7342187 8.6452395 -3.8768287
-5.7011341 8.2635493 -2.9317777
-5.1274859 8.1469353 -4.3054427
-7.036467 7.3678519 -2.395658
-6.4989845 7.316114 -3.7952747
-7.4378637 6.9251231 -2.8199691
-6.3743304 7.8195192 -2.6625143
-7.1640328 6.8958394 -3.5317355
-6.1048504 7.7955228 -3.3692851
-11.684504 -16.732696 -0.83009938
-13.266902 -15.054843 -2.448958
-11.035261 -16.539317 -2.1295096
-14.35038 -10.131832 -4.9990072
-14.010065 -12.625283 -3.8362669
-9.3587621 -15.412501 -4.4032632
-12.558406 -14.838354 -3.7093004
-10.233452 -16.067878 -3.3367571
-11.913945 -15.824705 -2.9522445
-12.523218 -0.95772321 -7.3739565
-13.642349 -3.0883447 -7.2517927
-14.473703 -7.7372754 -5.9898642
-14.298337 -5.3915202 -6.7774805
-5.8978235 -12.112081 -7.4856779
-8.835155 -12.264396 -7.5798138
-6.6988337 -12.943462 -6.8847987
-13.695297 -9.9499679 -6.1494184
-11.615096 -11.568451 -7.149696
-13.549332 -11.169647 -5.6280046
-8.4312241 -14.609115 -5.3785745
-9.7739032 -13.029806 -6.8306083
-7.5505557 -13.788202 -6.1831134
-10.128409 -14.680694 -5.20848
-8.2398376 -13.092074 -6.9188194
-13.022286 -13.635575 -4.433609
-11.264317 -12.680601 -6.5781321
-13.332713 -12.413602 -5.0549243
-11.711801 -14.367102 -4.8919396
-12.518972 -12.050311 -6.1716213
-10.761821 -13.742191 -5.9394808
-0.79141882 -6.0935016 -10.348617
-2.4641779 -5.7861764 -10.885176
-1.3033332 -6.7539592 -10.122631
-0.79100497 -5.3525138 -10.731427
-6.0593802 -4.6909103 -11.334955
-4.2394446 -5.3292489 -11.243027
-2.3991181 -8.1225823 -9.5972175
-3.0487329 -6.4798231 -10.671313
-1.8417907 -7.4326477 -9.8724189
-2.1631159 -6.6340288 -10.416306
-0.79315718 -3.8044407 -11.363662
-2.4558624 -4.9683175 -11.20825
-0.79261105 -4.585001 -11.073514
-1.6147996 -5.1767704 -10.991786
-11.548745 -0.57292656 -8.0645316
-10.638627 -1.730576 -9.3751637
-12.155792 -1.5651115 -8.1105122
-7.8164147 -3.8565893 -11.070902
-9.3779247 -2.8495378 -10.406525
-13.158054 -3.7591806 -7.9898193
-11.124506 -2.7809105 -9.415199
-12.705959 -2.6385997 -8.0922833
-11.687421 -2.1803962 -8.7991086
-5.0050063 -11.146591 -8.0982703
-5.8365507 -9.4818151 -9.4437374
-4.3039172 -10.361613 -8.5417904
-6.3678253 -11.297926 -8.2509562
-6.8654413 -5.4091508 -11.108517
-6.4726326 -7.5446065 -10.47294
-5.9120371 -5.7523473 -11.114664
-3.0172667 -8.8622406 -9.2796109
-5.0904533 -8.7168333 -9.8128172
-3.6382387 -9.5961063 -8.9345839
-3.3671327 -8.0612585 -9.8889079
-4.7192547 -9.5728842 -9.214513
-9.2245946 -11.181566 -8.2898625
-7.1560932 -9.4100448 -9.5478921
-7.8000237 -11.324811 -8.326694
-6.7911027 -10.386134 -8.9442471
-4.0080147 -6.2827929 -10.886443
-5.4259634 -7.7639999 -10.35036
-4.9488611 -6.0433392 -11.035847
-3.7005912 -7.1961687 -10.430538
-5.6975925 -6.7854405 -10.781218
-4.3850353 -7.945301 -10.145666
-0.79880335 -0.49368762 -11.931757
-2.424041 -1.4981397 -11.869568
-0.80000007 -1.3237718 -11.892153
-5.973213 -3.6916487 -11.458753
-4.1319911 -2.553711 -11.726914
-5.1086315 -4.0728004 -11.513437
-0.79947777 -2.9704182 -11.609526
-2.438153 -2.3575433 -11.815846
-0.79960218 -2.1560933 -11.782947
-1.616249 -3.5347265 -11.555539
-1.6140372 -1.8356011 -11.863074
-3.3525134 -4.7036466 -11.381902
-3.3141265 -2.9164578 -11.74398
-4.2258394 -4.4124439 -11.483982
-2.4685534 -4.1137825 -11.48106
-4.1906408 -3.4795955 -11.646757
-2.4635166 -3.2363275 -11.686058
-13.788912 -8.5220162 -6.7143348
-12.111118 -7.4850825 -8.7247346
-13.790631 -7.3354194 -7.1372826
-12.931459 -9.443937 -7.28853
-7.9737 -4.9280176 -10.97513
-10.082844 -6.2315405 -10.123499
-8.8601921 -4.464349 -10.747849
-7.8864756 -6.0865308 -10.798847
-13.498255 -4.9695939 -7.7901235
-12.03775 -6.3105428 -9.0297427
-13.700961 -6.1439917 -7.502782
-12.561069 -4.4564702 -8.6660508
-12.968766 -6.8536546 -8.1622308
-10.651731 -10.807768 -8.1003635
-11.0755 -8.2112271 -9.1370925
-11.875716 -10.227033 -7.7650845
-9.5873411 -10.007869 -8.9069135
-12.044341 -8.8557364 -8.2956038
-10.440914 -3.3948645 -9.9713114
-10.98878 -5.7004905 -9.761454
-9.6922799 -3.9467789 -10.409903
-11.522691 -3.9234292 -9.393089
-9.9313497 -5.0863859 -10.3176
-11.831735 -5.1137673 -9.2656999
-7.4773081 -8.3204198 -10.085573
-9.996299 -7.4921717 -9.8519778
-7.7177346 -7.2295815 -10.496589
-8.5136393 -9.1640235 -9.565983
-8.9435042 -6.7905387 -10.385271
-9.8477987 -8.7644528 -9.4339974
-0.76194316 5.8665549 -9.963192
-2.2172012 5.2062464 -9.7941893
-1.219796 6.3210638 -9.4738208
-0.76444942 5.1728196 -10.371153
-4.9994622 3.8703675 -9.3522238
-3.6165865 4.546277 -9.591204
-2.1002728 7.1107958 -8.4017437
-2.653675 5.6401609 -9.2885132
-1.6695142 6.7374164 -8.9489776
-1.9490151 5.9774063 -9.385321
-0.77308742 3.7081745 -11.07612
-2.2366681 4.5248779 -10.207875
-0.76912486 4.4491409 -10.74539
-1.512204 4.8478667 -10.293428
-11.031917 0.54728704 -7.703629
-9.4012948 1.5293003 -8.2847796
-10.78004 1.3879774 -7.1925911
-10.697336 0 -8.4018473
-6.402626 3.1590313 -9.0684605
-7.8605284 2.388468 -8.722696
-10.155945 2.9014954 -6.1668822
-9.1961557 2.2988604 -7.7831446
-10.481252 2.1766031 -6.6753927
-9.9741191 1.8607638 -7.5092147
-9.772549 -1.1106314 -9.657486
-9.0339277 1.0266885 -8.9275613
-10.274229 -0.55721046 -9.0608325
-9.8512378 0.53427003 -8.6877968
-3.6902167 8.2184382 -5.9708961
-4.3034806 6.9912538 -6.9631778
-3.3245187 8.0037261 -6.5980223
-4.4230493 7.8474646 -5.7310596
-5.4311103 4.2790687 -8.7877211
-4.8807773 5.6891138 -7.8972635
-4.7485401 4.6202775 -8.927283
-2.5381737 7.4550608 -7.8061594
-3.9241474 6.7196646 -7.5645407
-2.9375974 7.7481164 -7.2139881
-2.8209647 6.7536765 -8.2848708
-3.6317281 7.3668651 -7.0910785
-5.8419928 7.0813547 -5.2500212
-5.0455824 6.6347873 -6.73198
-5.142656 7.4665935 -5.4898965
-4.7392583 7.2480971 -6.2418578
-3.3773844 5.2942437 -9.1735453
-4.2148124 6.0309663 -8.0400146
-4.0613112 4.959501 -9.0566313
-3.1015657 6.0313039 -8.7421163
-4.4855498 5.341981 -8.4877414
-3.528163 6.3927233 -8.1631189
-0.79591532 0.49190272 -11.888619
-2.347991 1.4511382 -11.497181
-0.79235357 1.3111191 -11.778486
-1.5994587 0 -11.871599
-5.1012685 3.1527573 -9.7860526
-3.7951926 2.345558 -10.771054
-4.3944193 3.5034026 -9.9038011
-0.78310499 2.909586 -11.371771
-2.3216702 2.2449117 -11.251344
-0.78741789 2.1232389 -11.603399
-1.5409498 3.3700478 -11.01718
-1.5723509 1.7881924 -11.556683
-3.257425 -0.99986871 -11.785474
-3.1655601 0.97167072 -11.453104
-2.4231392 -0.49886611 -11.837704
-2.3968109 0.49344574 -11.709083
-2.9789927 4.1795893 -10.113786
-3.0638415 2.6962051 -10.857068
-3.6845699 3.847273 -10.013049
-2.2774183 3.7952605 -10.592104
-3.7456865 3.1101387 -10.410127
-2.3071142 3.0308612 -10.94414
-8.679433 5.3641846 -4.2263392
-8.0510643 4.9758314 -5.7999105
-9.0562128 4.8171195 -4.6870045
-7.9676975 5.8188665 -4.4908159
-6.2512568 3.8634892 -8.6043313
-7.2375196 4.4730331 -7.2667018
-6.9520535 3.5029029 -8.4331833
-5.9579762 4.5981764 -8.1581786
-9.7900461 3.6043588 -5.6500392
-8.3600781 4.3825992 -6.2710521
-9.4298465 4.228674 -5.1638773
-9.3959682 3.3335421 -6.4824051
-8.7314046 4.6143194 -5.4953368
-6.5689198 6.6651476 -4.9954919
-7.3078663 5.4179538 -6.0288609
-7.2616634 6.2535407 -4.7481288
-6.2023233 6.4743744 -5.7621353
-7.6596078 5.6318124 -5.2755956
-8.4078172 2.7338028 -8.0296577
-7.9271307 4.112243 -7.0417573
-7.6739295 3.1248894 -8.2421121
-8.9318046 3.041243 -7.2810453
-7.4630688 3.8222446 -7.7533228
-8.6493874 3.738332 -6.7735312
-5.3618924 5.9664782 -7.2322493
-6.8903102 5.16425 -6.7908316
-5.6598489 5.3018588 -7.6977392
-5.7969589 6.2398071 -6.5135024
-6.4477217 4.8955647 -7.487148
-6.5538949 5.8329078 -6.2785023
-6.9676099 -3.1818074 -11.27383
-6.7929614 -1.0169032 -10.991242
-7.7567193 -2.7106604 -11.013105
-5.9946293 -2.6158895 -11.461545
-5.9528818 2.7184248 -9.6319651
-6.4248941 0.9618037 -10.395697
-6.6827232 2.3353421 -9.4882291
-5.3231219 2.3228623 -10.177644
-9.1575468 -1.6743458 -10.208143
-7.4417697 -0.52692357 -10.59054
-8.495157 -2.2031424 -10.65374
-8.8919424 -0.54186791 -9.9042659
-7.6267089 -1.5901084 -10.845287
-4.1605014 -1.537304 -11.706653
-5.8543181 -0.52083492 -11.157943
-5.0540777 -2.0646131 -11.602908
-4.1122326 -0.5082999 -11.588411
-5.9515683 -1.5464556 -11.355365
-8.2052819 1.5002358 -9.1466301
-7.208172 0.5103834 -10.258102
-7.4368319 1.9286753 -9.3264993
-8.5658603 0.52199672 -9.5410602
-6.9549007 1.4500417 -9.8899665
-8.0309356 0 -10.102179
-3.9421215 1.4566127 -11.092184
-5.7047744 0.50753062 -10.872922
-4.6479402 1.8987042 -10.670517
-4.0372391 0.4990302 -11.377077
-5.5275103 1.4362684 -10.546279
-4.9371014 0 -11.279799
-5.9549333 8.5277125 0.42305488
-6.8340102 7.7550095 1.2615005
-5.7556628 8.6264147 1.1106887
-6.4182492 8.1717944 0
-8.5092447 6.0078016 2.9642264
-7.6806581 6.9214874 2.1031348
-5.2913566 8.714084 2.4895638
-6.6112313 7.8114844 1.9527195
-5.5337225 8.6886786 1.8043459
-6.1910969 8.2233284 1.5341377
-7.3233508 7.410604 -0.84220093
-7.3233508 7.410604 0.84220093
-6.8765706 7.7974581 -0.42288576
-6.8765706 7.7974581 0.42288576
-11.594862 0.88672648 6.8273197
-10.911531 2.4701441 5.8001859
-9.3283809 4.9867164 3.8605003
-10.136398 3.8221646 4.8047016
-4.1016574 8.4233799 5.2059351
-5.5055004 7.6423831 4.7232525
-4.4266546 8.5531655 4.5495421
-8.2239462 5.9748978 3.6926899
-6.8631995 6.8356378 4.2246565
-7.835407 6.4592653 3.2546038
-5.0193704 8.6972614 3.202033
-5.8068943 7.7412991 4.058217
-4.7342187 8.6452395 3.8768287
-5.7011341 8.2635493 2.9317777
-5.1274859 8.1469353 4.3054427
-7.036467 7.3678519 2.395658
-6.4989845 7.316114 3.7952747
-7.4378637 6.9251231 2.8199691
-6.3743304 7.8195192 2.6625143
-7.1640328 6.8958394 3.5317355
-6.1048504 7.7955228 3.3692851
-9.1086535 5.6294575 -2.5707308
-9.3267125 5.7642253 -0.86290189
-8.6695302 6.1060994 -2.1338354
-9.1086535 5.6294575 2.5707308
-9.3267125 5.7642253 0.86290189
-8.6695302 6.1060994 2.1338354
-7.7873818 6.985924 -1.2772911
-8.8323066 6.2062927 -0.43944412
-8.2267121 6.5598755 -1.7012446
-7.8297188 7.0294366 -0.42836828
-8.7778673 6.1728415 -1.2869885
-7.7873818 6.985924 1.2772911
-8.8323066 6.2062927 0.43944412
-8.2267121 6.5598755 1.7012446
-7.8297188 7.0294366 0.42836828
-8.7778673 6.1728415 1.2869885
-8.3354383 6.6264289 0
-11.684504 -16.732696 0.83009938
-13.266902 -15.054843 2.448958
-11.035261 -16.539317 2.1295096
-12.763619 -16.250797 0
-14.35038 -10.131832 4.9990072
-14.010065 -12.625283 3.8362669
-9.3587621 -15.412501 4.4032632
-12.558406 -14.838354 3.7093004
-10.233452 -16.067878 3.3367571
-11.913945 -15.824705 2.9522445
-14.101048 -14.269054 -1.6216506
-14.101048 -14.269054 1.6216506
-13.565857 -15.382552 -0.83425418
-13.565857 -15.382552 0.83425418
-12.523218 -0.95772321 7.3739565
-13.642349 -3.0883447 7.2517927
-14.473703 -7.7372754 5.9898642
-14.298337 -5.3915202 6.7774805
-5.8978235 -12.112081 7.4856779
-8.835155 -12.264396 7.5798138
-6.6988337 -12.943462 6.8847987
-13.695297 -9.9499679 6.1494184
-11.615096 -11.568451 7.149696
-13.549332 -11.169647 5.6280046
-8.4312241 -14.609115 5.3785745
-9.7739032 -13.029806 6.8306083
-7.5505557 -13.788202 6.1831134
-10.128409 -14.680694 5.20848
-8.2398376 -13.092074 6.9188194
-13.022286 -13.635575 4.433609
-11.264317 -12.680601 6.5781321
-13.332713 -12.413602 5.0549243
-11.711801 -14.367102 4.8919396
-12.518972 -12.050311 6.1716213
-10.761821 -13.742191 5.9394808
-14.952875 -9.2413853 -4.2201427
-15.553394 -9.6125263 -1.4389908
-14.845363 -10.455845 -3.653896
-14.952875 -9.2413853 4.2201427
-15.553394 -9.6125263 1.4389908
-14.845363 -10.455845 3.653896
-14.464597 -12.975937 -2.3724919
-15.366075 -10.797446 -0.76452635
-14.689132 -11.712927 -3.037642
-14.699966 -13.19747 -0.80424335
-15.189597 -10.681749 -2.22706
-14.464597 -12.975937 2.3724919
-15.366075 -10.797446 0.76452635
-14.689132 -11.712927 3.037642
-14.699966 -13.19747 0.80424335
-15.189597 -10.681749 2.22706
-15.100983 -12.004838 0
-0.79141882 -6.0935016 10.348617
-2.4641779 -5.7861764 10.885176
-1.3033332 -6.7539592 10.122631
-0.79100497 -5.3525138 10.731427
-6.0593802 -4.6909103 11.334955
-4.2394446 -5.3292489 11.243027
-2.3991181 -8.1225823 9.5972175
-3.0487329 -6.4798231 10.671313
-1.8417907 -7.4326477 9.8724189
-2.1631159 -6.6340288 10.416306
-0.79315718 -3.8044407 11.363662
-2.4558624 -4.9683175 11.20825
-0.79261105 -4.585001 11.073514
-1.6147996 -5.1767704 10.991786
-11.548745 -0.57292656 8.0645316
-10.638627 -1.730576 9.3751637
-12.155792 -1.5651115 8.1105122
-7.8164147 -3.8565893 11.070902
-9.3779247 -2.8495378 10.406525
-13.158054 -3.7591806 7.9898193
-11.124506 -2.7809105 9.415199
-12.705959 -2.6385997 8.0922833
-11.687421 -2.1803962 8.7991086
-5.0050063 -11.146591 8.0982703
-5.8365507 -9.4818151 9.4437374
-4.3039172 -10.361613 8.5417904
-6.3678253 -11.297926 8.2509562
-6.8654413 -5.4091508 11.108517
-6.4726326 -7.5446065 10.47294
-5.9120371 -5.7523473 11.114664
-3.0172667 -8.8622406 9.2796109
-5.0904533 -8.7168333 9.8128172
-3.6382387 -9.5961063 8.9345839
-3.3671327 -8.0612585 9.8889079
-4.7192547 -9.5728842 9.214513
-9.2245946 -11.181566 8.2898625
-7.1560932 -9.4100448 9.5478921
-7.8000237 -11.324811 8.326694
-6.7911027 -10.386134 8.9442471
-4.0080147 -6.2827929 10.886443
-5.4259634 -7.7639999 10.35036
-4.9488611 -6.0433392 11.035847
-3.7005912 -7.1961687 10.430538
-5.6975925 -6.7854405 10.781218
-4.3850353 -7.945301 10.145666
-0.79880335 -0.49368762 11.931757
-2.424041 -1.4981397 11.869568
-0.80000007 -1.3237718 11.892153
-5.973213 -3.6916487 11.458753
-4.1319911 -2.553711 11.726914
-5.1086315 -4.0728004 11.513437
-0.79947777 -2.9704182 11.609526
-2.438153 -2.3575433 11.815846
-0.79960218 -2.1560933 11.782947
-1.616249 -3.5347265 11.555539
-1.6140372 -1.8356011 11.863074
-3.3525134 -4.7036466 11.381902
-3.3141265 -2.9164578 11.74398
-4.2258394 -4.4124439 11.483982
-2.4685534 -4.1137825 11.48106
-4.1906408 -3.4795955 11.646757
-2.4635166 -3.2363275 11.686058
-13.788912 -8.5220162 6.7143348
-12.111118 -7.4850825 8.7247346
-13.790631 -7.3354194 7.1372826
-12.931459 -9.443937 7.28853
-7.9737 -4.9280176 10.97513
-10.082844 -6.2315405 10.123499
-8.8601921 -4.464349 10.747849
-7.8864756 -6.0865308 10.798847
-13.498255 -4.9695939 7.7901235
-12.03775 -6.3105428 9.0297427
-13.700961 -6.1439917 7.502782
-12.561069 -4.4564702 8.6660508
-12.968766 -6.8536546 8.1622308
-10.651731 -10.807768 8.1003635
-11.0755 -8.2112271 9.1370925
-11.875716 -10.227033 7.7650845
-9.5873411 -10.007869 8.9069135
-12.044341 -8.8557364 8.2956038
-10.440914 -3.3948645 9.9713114
-10.98878 -5.7004905 9.761454
-9.6922799 -3.9467789 10.409903
-11.522691 -3.9234292 9.393089
-9.9313497 -5.0863859 10.3176
-11.831735 -5.1137673 9.2656999
-7.4773081 -8.3204198 10.085573
-9.996299 -7.4921717 9.8519778
-7.7177346 -7.2295815 10.496589
-8.5136393 -9.1640235 9.565983
-8.9435042 -6.7905387 10.385271
-9.8477987 -8.7644528 9.4339974
-0.76194316 5.8665549 9.963192
-2.2172012 5.2062464 9.7941893
-1.219796 6.3210638 9.4738208
-0.76444942 5.1728196 10.371153
-4.9994622 3.8703675 9.3522238
-3.6165865 4.546277 9.591204
-2.1002728 7.1107958 8.4017437
-2.653675 5.6401609 9.2885132
-1.6695142 6.7374164 8.9489776
-1.9490151 5.9774063 9.385321
-0.77308742 3.7081745 11.07612
-2.2366681 4.5248779 10.207875
-0.76912486 4.4491409 10.74539
-1.512204 4.8478667 10.293428
-11.031917 0.54728704 7.703629
-9.4012948 1.5293003 8.2847796
-10.78004 1.3879774 7.1925911
-10.697336 0 8.4018473
-6.402626 3.1590313 9.0684605
-7.8605284 2.388468 8.722696
-10.155945 2.9014954 6.1668822
-9.1961557 2.2988604 7.7831446
-10.481252 2.1766031 6.6753927
-9.9741191 1.8607638 7.5092147
-9.772549 -1.1106314 9.657486
-9.0339277 1.0266885 8.9275613
-10.274229 -0.55721046 9.0608325
-9.8512378 0.53427003 8.6877968
-3.6902167 8.2184382 5.9708961
-4.3034806 6.9912538 6.9631778
-3.3245187 8.0037261 6.5980223
-4.4230493 7.8474646 5.7310596
-5.4311103 4.2790687 8.7877211
-4.8807773 5.6891138 7.8972635
-4.7485401 4.6202775 8.927283
-2.5381737 7.4550608 7.8061594
-3.9241474 6.7196646 7.5645407
-2.9375974 7.7481164 7.2139881
-2.8209647 6.7536765 8.2848708
-3.6317281 7.3668651 7.0910785
-5.8419928 7.0813547 5.2500212
-5.0455824 6.6347873 6.73198
-5.142656 7.4665935 5.4898965
-4.7392583 7.2480971 6.2418578
-3.3773844 5.2942437 9.1735453
-4.2148124 6.0309663 8.0400146
-4.0613112 4.959501 9.0566313
-3.1015657 6.0313039 8.7421163
-4.4855498 5.341981 8.4877414
-3.528163 6.3927233 8.1631189
-0.79591532 0.49190272 11.888619
-2.347991 1.4511382 11.497181
-0.79235357 1.3111191 11.778486
-1.5994587 0 11.871599
-5.1012685 3.1527573 9.7860526
-3.7951926 2.345558 10.771054
-4.3944193 3.5034026 9.9038011
-0.78310499 2.909586 11.371771
-2.3216702 2.2449117 11.251344
-0.78741789 2.1232389 11.603399
-1.5409498 3.3700478 11.01718
-1.5723509 1.7881924 11.556683
-3.257425 -0.99986871 11.785474
-3.1655601 0.97167072 11.453104
-2.4231392 -0.49886611 11.837704
-2.3968109 0.49344574 11.709083
-2.9789927 4.1795893 10.113786
-3.0638415 2.6962051 10.857068
-3.6845699 3.847273 10.013049
-2.2774183 3.7952605 10.592104
-3.7456865 3.1101387 10.410127
-2.3071142 3.0308612 10.94414
-8.679433 5.3641846 4.2263392
-8.0510643 4.9758314 5.7999105
-9.0562128 4.8171195 4.6870045
-7.9676975 5.8188665 4.4908159
-6.2512568 3.8634892 8.6043313
-7.2375196 4.4730331 7.2667018
-6.9520535 3.5029029 8.4331833
-5.9579762 4.5981764 8.1581786
-9.7900461 3.6043588 5.6500392
-8.3600781 4.3825992 6.2710521
-9.4298465 4.228674 5.1638773
-9.3959682 3.3335421 6.4824051
-8.7314046 4.6143194 5.4953368
-6.5689198 6.6651476 4.9954919
-7.3078663 5.4179538 6.0288609
-7.2616634 6.2535407 4.7481288
-6.2023233 6.4743744 5.7621353
-7.6596078 5.6318124 5.2755956
-8.4078172 2.7338028 8.0296577
-7.9271307 4.112243 7.0417573
-7.6739295 3.1248894 8.2421121
-8.9318046 3.041243 7.2810453
-7.4630688 3.8222446 7.7533228
-8.6493874 3.738332 6.7735312
-5.3618924 5.9664782 7.2322493
-6.8903102 5.16425 6.7908316
-5.6598489 5.3018588 7.6977392
-5.7969589 6.2398071 6.5135024
-6.4477217 4.8955647 7.487148
-6.5538949 5.8329078 6.2785023
-6.9676099 -3.1818074 11.27383
-6.7929614 -1.0169032 10.991242
-7.7567193 -2.7106604 11.013105
-5.9946293 -2.6158895 11.461545
-5.9528818 2.7184248 9.6319651
-6.4248941 0.9618037 10.395697
-6.6827232 2.3353421 9.4882291
-5.3231219 2.3228623 10.177644
-9.1575468 -1.6743458 10.208143
-7.4417697 -0.52692357 10.59054
-8.495157 -2.2031424 10.65374
-8.8919424 -0.54186791 9.9042659
-7.6267089 -1.5901084 10.845287
-4.1605014 -1.537304 11.706653
-5.8543181 -0.52083492 11.157943
-5.0540777 -2.0646131 11.602908
-4.1122326 -0.5082999 11.588411
-5.9515683 -1.5464556 11.355365
-8.2052819 1.5002358 9.1466301
-7.208172 0.5103834 10.258102
-7.4368319 1.9286753 9.3264993
-8.5658603 0.52199672 9.5410602
-6.9549007 1.4500417 9.8899665
-8.0309356 0 10.102179
-3.9421215 1.4566127 11.092184
-5.7047744 0.50753062 10.872922
-4.6479402 1.8987042 10.670517
-4.0372391 0.4990302 11.377077
-5.5275103 1.4362684 10.546279
-4.9371014 0 11.279799
-12.531507 0 -6.5939241
-13.669241 0 -4.9275423
-12.200718 0.89930524 -6.085352
-13.206846 -0.97346614 -6.5871784
-14.912057 0 -1.0335167
-14.485561 0 -3.0510162
-11.405681 2.4991218 -5.0558331
-13.230447 0.92345441 -4.4294215
-11.817936 1.736169 -5.56586
-12.751875 0.91274346 -5.2799285
-14.324416 -3.1386519 -6.3496306
-14.36014 -1.0023043 -4.8076315
-13.822638 -2.030679 -6.5100086
-13.827163 -0.98970955 -5.7251527
-12.531507 0 6.5939241
-13.669241 0 4.9275423
-12.200718 0.89930524 6.085352
-13.206846 -0.97346614 6.5871784
-14.912057 0 1.0335167
-14.485561 0 3.0510162
-11.405681 2.4991218 5.0558331
-13.230447 0.92345441 4.4294215
-11.817936 1.736169 5.56586
-12.751875 0.91274346 5.2799285
-14.324416 -3.1386519 6.3496306
-14.36014 -1.0023043 4.8076315
-13.822638 -2.030679 6.5100086
-13.827163 -0.98970955 5.7251527
-9.6329191 5.0214431 -3.1034225
-11.126818 3.9205467 -2.4230311
-10.075015 4.4703885 -3.5639682
-9.8052719 5.1283635 -2.2378752
-14.277448 0.95584186 -0.59074276
-12.709257 2.5955249 -1.6041226
-14.164858 0.95288782 -1.5767574
-10.960273 3.2283233 -4.5294053
-11.655124 3.2890515 -2.8943916
-10.520751 3.8713924 -4.0423452
-11.835019 2.5446586 -4.2406099
-10.85376 3.905311 -3.2426789
-9.9819267 5.2372893 -0.46594036
-11.26295 4.002811 -1.4790375
-9.9229378 5.2008052 -1.3513774
-10.527595 4.5856851 -1.8732727
-13.641702 0.93942143 -3.4903716
-12.508826 2.5811467 -2.4958094
-13.950408 0.94668815 -2.5527044
-12.741195 1.7820842 -3.8974071
-13.344005 1.8155261 -2.064749
-12.206475 2.5732248 -3.3804514
-15.023592 -7.8314904 -4.8401273
-15.805511 -5.5690891 -3.4418863
-15.017908 -6.6636018 -5.3124834
-15.437967 -8.0743818 -3.5234356
-15.517376 -1.0388522 -0.64204594
-16.038428 -3.2754189 -2.0243202
-15.395312 -1.035662 -1.7137251
-14.705179 -4.331377 -6.0770127
-15.688438 -4.427244 -3.8960102
-14.921536 -5.4907793 -5.733241
-14.928295 -3.2097468 -5.3489627
-15.425948 -5.5504382 -4.6086698
-15.858097 -8.3203819 -0.7402306
-16.077855 -5.7140107 -2.1113252
-15.717914 -8.2380651 -2.140579
-15.813182 -6.8880188 -2.8137862
-14.822835 -1.0207589 -3.7925768
-15.788816 -3.2579598 -3.1502458
-15.160804 -1.0288268 -2.7741878
-14.968931 -2.0936729 -4.5788498
-15.694093 -2.1352687 -2.4283836
-15.4208 -3.2508307 -4.2706238
-9.6329191 5.0214431 3.1034225
-11.126818 3.9205467 2.4230311
-10.075015 4.4703885 3.5639682
-9.8052719 5.1283635 2.2378752
-14.277448 0.95584186 0.59074276
-12.709257 2.5955249 1.6041226
-14.164858 0.95288782 1.5767574
-13.572319 1.8285965 0
-10.960273 3.2283233 4.5294053
-11.655124 3.2890515 2.8943916
-10.520751 3.8713924 4.0423452
-11.835019 2.5446586 4.2406099
-10.85376 3.905311 3.2426789
-9.9819267 5.2372893 0.46594036
-11.26295 4.002811 1.4790375
-9.9229378 5.2008052 1.3513774
-10.656561 4.6643141 0
-10.527595 4.5856851 1.8732727
-13.641702 0.93942143 3.4903716
-12.508826 2.5811467 2.4958094
-13.950408 0.94668815 2.5527044
-12.741195 1.7820842 3.8974071
-13.344005 1.8155261 2.064749
-12.206475 2.5732248 3.3804514
-12.053266 3.3314409 -1.0225879
-12.053266 3.3314409 1.0225879
-12.814769 2.6231412 -0.54004172
-11.352894 4.0286575 -0.49796946
-12.814769 2.6231412 0.54004172
-11.352894 4.0286575 0.49796946
-15.023592 -7.8314904 4.8401273
-15.805511 -5.5690891 3.4418863
-15.017908 -6.6636018 5.3124834
-15.437967 -8.0743818 3.5234356
-15.517376 -1.0388522 0.64204594
-16.038428 -3.2754189 2.0243202
-15.395312 -1.035662 1.7137251
-15.961896 -2.1505438 0
-14.705179 -4.331377 6.0770127
-15.688438 -4.427244 3.8960102
-14.921536 -5.4907793 5.733241
-14.928295 -3.2097468 5.3489627
-15.425948 -5.5504382 4.6086698
-15.858097 -8.3203819 0.7402306
-16.077855 -5.7140107 2.1113252
-15.717914 -8.2380651 2.140579
-16.085204 -7.0403988 0
-15.813182 -6.8880188 2.8137862
-14.822835 -1.0207589 3.7925768
-15.788816 -3.2579598 3.1502458
-15.160804 -1.0288268 2.7741878
-14.968931 -2.0936729 4.5788498
-15.694093 -2.1352687 2.4283836
-15.4208 -3.2508307 4.2706238
-16.221956 -4.4836383 -1.3762557
-16.221956 -4.4836383 1.3762557
-16.193826 -3.3148231 -0.68244239
-16.220231 -5.7558678 -0.71146439
-16.193826 -3.3148231 0.68244239
-16.220231 -5.7558678 0.71146439
