-17.76593512 28.74588686 0
37.21773867 60.21956616 0
-37.21773867 -60.21956616 0
17.76593512 -28.74588686 0
0 -19.38939516 31.3727004
0 19.38939516 31.3727004
0 -19.38939516 -31.3727004
0 19.38939516 -31.3727004
33.36216637 0 -20.61895275
33.36216637 0 20.61895275
-33.36216637 0 -20.61895275
-33.36216637 0 20.61895275
0 45.85277821 0
0 -45.85277821 0
-16.27905326 -42.61911474 26.34006148
10.93772065 -28.63532442 17.69760377
-10.93772065 28.63532442 17.69760377
16.27905326 42.61911474 26.34006148
0 0 35.0690066
-16.27905326 -42.61911474 -26.34006148
10.93772065 -28.63532442 -17.69760377
-10.93772065 28.63532442 -17.69760377
16.27905326 42.61911474 -26.34006148
0 0 -35.0690066
49.12280216 30.35956136 -18.7632408
26.85469771 -16.59711595 -10.25758177
16.98246627 -10.49574137 -27.47820765
20.88857066 12.90984664 -33.79841731
49.12280216 30.35956136 18.7632408
26.85469771 -16.59711595 10.25758177
16.98246627 -10.49574137 27.47820765
20.88857066 12.90984664 33.79841731
40.93346536 0 0
-26.85469771 16.59711595 -10.25758177
-49.12280216 -30.35956136 -18.7632408
-20.88857066 -12.90984664 -33.79841731
-16.98246627 10.49574137 -27.47820765
-26.85469771 16.59711595 10.25758177
-49.12280216 -30.35956136 18.7632408
-20.88857066 -12.90984664 33.79841731
-16.98246627 10.49574137 27.47820765
-40.93346536 0 0
-10.28812791 36.21572283 0
16.34037101 57.52050832 0
-16.34037101 -57.52050832 0
10.28812791 -36.21572283 0
-28.24579625 -56.15902358 16.91875431
-6.79680938 -29.35770076 29.70747969
-8.378604218 -49.04920343 13.5568664
15.00256094 -29.82848018 8.986280307
5.812528528 -25.10626143 25.40538707
6.430229908 -37.64322155 10.40433055
0 -35.19349648 21.75077701
-15.00256094 29.82848018 8.986280307
-5.812528528 25.10626143 25.40538707
-6.430229908 37.64322155 10.40433055
28.24579625 56.15902358 16.91875431
6.79680938 29.35770076 29.70747969
8.378604218 49.04920343 13.5568664
0 35.19349648 21.75077701
0 -9.702970546 34.15588287
0 9.702970546 34.15588287
-28.24579625 -56.15902358 -16.91875431
-6.79680938 -29.35770076 -29.70747969
-8.378604218 -49.04920343 -13.5568664
15.00256094 -29.82848018 -8.986280307
5.812528528 -25.10626143 -25.40538707
6.430229908 -37.64322155 -10.40433055
0 -35.19349648 -21.75077701
-15.00256094 29.82848018 -8.986280307
-5.812528528 25.10626143 -25.40538707
-6.430229908 37.64322155 -10.40433055
28.24579625 56.15902358 -16.91875431
6.79680938 29.35770076 -29.70747969
8.378604218 49.04920343 -13.5568664
0 35.19349648 -21.75077701
0 -9.702970546 -34.15588287
0 9.702970546 -34.15588287
52.84474245 53.47435502 -12.23446087
40.70103926 12.26180299 -20.47103366
37.7424319 44.18960896 -27.31068028
22.69898834 -22.96943281 -5.255203673
30.42703723 -9.166604661 -15.30361177
19.39828458 -22.71190718 -14.03673058
8.912795151 -14.87987775 -29.58455829
25.0032428 -5.720521464 -24.70885204
14.28216122 -19.73746137 -23.10902228
9.118209108 -5.635363145 -32.98999047
23.00814398 -14.219815 -19.65130102
10.34865062 17.27703302 -34.35064448
28.93595835 6.620292102 -28.5952634
20.6071557 28.47838876 -33.34307833
9.63139538 5.952529704 -34.84671584
34.91521699 21.57879082 -29.82115548
19.25545429 0 -31.1559795
52.84474245 53.47435502 12.23446087
40.70103926 12.26180299 20.47103366
37.7424319 44.18960896 27.31068028
57.68531224 35.65148362 0
22.69898834 -22.96943281 5.255203673
30.42703723 -9.166604661 15.30361177
19.39828458 -22.71190718 14.03673058
28.18850361 -17.42145332 0
8.912795151 -14.87987775 29.58455829
25.0032428 -5.720521464 24.70885204
14.28216122 -19.73746137 23.10902228
9.118209108 -5.635363145 32.98999047
23.00814398 -14.219815 19.65130102
10.34865062 17.27703302 34.35064448
28.93595835 6.620292102 28.5952634
20.6071557 28.47838876 33.34307833
9.63139538 5.952529704 34.84671584
34.91521699 21.57879082 29.82115548
19.25545429 0 31.1559795
38.90963935 0 -11.05341314
38.90963935 0 11.05341314
46.95686102 12.97855718 -8.021189465
34.00258031 -9.398082057 -5.80833414
46.95686102 12.97855718 8.021189465
34.00258031 -9.398082057 5.80833414
-22.69898834 22.96943281 -5.255203673
-30.42703723 9.166604661 -15.30361177
-19.39828458 22.71190718 -14.03673058
-52.84474245 -53.47435502 -12.23446087
-40.70103926 -12.26180299 -20.47103366
-37.7424319 -44.18960896 -27.31068028
-10.34865062 -17.27703302 -34.35064448
-28.93595835 -6.620292102 -28.5952634
-20.6071557 -28.47838876 -33.34307833
-9.63139538 -5.952529704 -34.84671584
-34.91521699 -21.57879082 -29.82115548
-8.912795151 14.87987775 -29.58455829
-25.0032428 5.720521464 -24.70885204
-14.28216122 19.73746137 -23.10902228
-9.118209108 5.635363145 -32.98999047
-23.00814398 14.219815 -19.65130102
-19.25545429 0 -31.1559795
-22.69898834 22.96943281 5.255203673
-30.42703723 9.166604661 15.30361177
-19.39828458 22.71190718 14.03673058
-28.18850361 17.42145332 0
-52.84474245 -53.47435502 12.23446087
-40.70103926 -12.26180299 20.47103366
-37.7424319 -44.18960896 27.31068028
-57.68531224 -35.65148362 0
-10.34865062 -17.27703302 34.35064448
-28.93595835 -6.620292102 28.5952634
-20.6071557 -28.47838876 33.34307833
-9.63139538 -5.952529704 34.84671584
-34.91521699 -21.57879082 29.82115548
-8.912795151 14.87987775 29.58455829
-25.0032428 5.720521464 24.70885204
-14.28216122 19.73746137 23.10902228
-9.118209108 5.635363145 32.98999047
-23.00814398 14.219815 19.65130102
-19.25545429 0 31.1559795
-38.90963935 0 -11.05341314
-38.90963935 0 11.05341314
-34.00258031 9.398082057 -5.80833414
-46.95686102 -12.97855718 -8.021189465
-34.00258031 9.398082057 5.80833414
-46.95686102 -12.97855718 8.021189465
-14.24325167 32.31193978 0
-5.662559833 40.65478998 0
26.57929129 60.29721863 0
7.220587397 51.84077038 0
-26.57929129 -60.29721863 0
-7.220587397 -51.84077038 0
14.24325167 -32.31193978 0
5.662559833 -40.65478998 0
-33.23592388 -59.33991439 9.001220011
-22.29427803 -50.166566 22.80403125
-22.73636099 -58.66452793 8.356011865
-3.170532899 -24.07204965 30.64883161
-11.09182058 -35.49270582 28.38964108
-4.03573623 -48.46704931 6.529958389
-12.61179211 -47.08116965 20.40630829
-12.38452049 -54.37248114 7.471349079
-17.71207226 -53.86922732 15.52635652
16.55473908 -29.55707816 4.483487483
13.1218081 -29.52668174 13.42183503
12.87032706 -33.20811373 4.730071171
2.964566771 -22.5082662 28.65780316
8.486649409 -27.15642113 21.72167579
0 -27.24327686 27.56786373
3.498603201 -42.01636683 5.660858893
8.874439806 -33.12923354 14.35914524
8.514947083 -37.38366778 5.136907972
0 -42.91937061 11.86262228
11.02092917 -33.51888643 9.660917874
-7.242292105 -38.89688672 24.03959805
5.918075723 -31.78478825 19.64407946
-3.408435763 -32.77317964 26.05371621
-3.7779609 -41.89822842 18.33860743
3.109715033 -29.90088606 23.77032709
3.345987958 -37.10757508 16.24176672
-16.55473908 29.55707816 4.483487483
-13.1218081 29.52668174 13.42183503
-12.87032706 33.20811373 4.730071171
-2.964566771 22.5082662 28.65780316
-8.486649409 27.15642113 21.72167579
-3.498603201 42.01636683 5.660858893
-8.874439806 33.12923354 14.35914524
-8.514947083 37.38366778 5.136907972
-11.02092917 33.51888643 9.660917874
33.23592388 59.33991439 9.001220011
22.29427803 50.166566 22.80403125
22.73636099 58.66452793 8.356011865
3.170532899 24.07204965 30.64883161
11.09182058 35.49270582 28.38964108
0 27.24327686 27.56786373
4.03573623 48.46704931 6.529958389
12.61179211 47.08116965 20.40630829
12.38452049 54.37248114 7.471349079
0 42.91937061 11.86262228
17.71207226 53.86922732 15.52635652
-5.918075723 31.78478825 19.64407946
7.242292105 38.89688672 24.03959805
-3.109715033 29.90088606 23.77032709
-3.345987958 37.10757508 16.24176672
3.408435763 32.77317964 26.05371621
3.7779609 41.89822842 18.33860743
0 -14.54909331 33.00576566
0 -4.852816637 34.84117554
0 14.54909331 33.00576566
0 4.852816637 34.84117554
-33.23592388 -59.33991439 -9.001220011
-22.29427803 -50.166566 -22.80403125
-22.73636099 -58.66452793 -8.356011865
-3.170532899 -24.07204965 -30.64883161
-11.09182058 -35.49270582 -28.38964108
-4.03573623 -48.46704931 -6.529958389
-12.61179211 -47.08116965 -20.40630829
-12.38452049 -54.37248114 -7.471349079
-17.71207226 -53.86922732 -15.52635652
16.55473908 -29.55707816 -4.483487483
13.1218081 -29.52668174 -13.42183503
12.87032706 -33.20811373 -4.730071171
2.964566771 -22.5082662 -28.65780316
8.486649409 -27.15642113 -21.72167579
0 -27.24327686 -27.56786373
3.498603201 -42.01636683 -5.660858893
8.874439806 -33.12923354 -14.35914524
8.514947083 -37.38366778 -5.136907972
0 -42.91937061 -11.86262228
11.02092917 -33.51888643 -9.660917874
-7.242292105 -38.89688672 -24.03959805
5.918075723 -31.78478825 -19.64407946
-3.408435763 -32.77317964 -26.05371621
-3.7779609 -41.89822842 -18.33860743
3.109715033 -29.90088606 -23.77032709
3.345987958 -37.10757508 -16.24176672
-16.55473908 29.55707816 -4.483487483
-13.1218081 29.52668174 -13.42183503
-12.87032706 33.20811373 -4.730071171
-2.964566771 22.5082662 -28.65780316
-8.486649409 27.15642113 -21.72167579
-3.498603201 42.01636683 -5.660858893
-8.874439806 33.12923354 -14.35914524
-8.514947083 37.38366778 -5.136907972
-11.02092917 33.51888643 -9.660917874
33.23592388 59.33991439 -9.001220011
22.29427803 50.166566 -22.80403125
22.73636099 58.66452793 -8.356011865
3.170532899 24.07204965 -30.64883161
11.09182058 35.49270582 -28.38964108
0 27.24327686 -27.56786373
4.03573623 48.46704931 -6.529958389
12.61179211 47.08116965 -20.40630829
12.38452049 54.37248114 -7.471349079
0 42.91937061 -11.86262228
17.71207226 53.86922732 -15.52635652
-5.918075723 31.78478825 -19.64407946
7.242292105 38.89688672 -24.03959805
-3.109715033 29.90088606 -23.77032709
-3.345987958 37.10757508 -16.24176672
3.408435763 32.77317964 -26.05371621
3.7779609 41.89822842 -18.33860743
0 -14.54909331 -33.00576566
0 -4.852816637 -34.84117554
0 14.54909331 -33.00576566
0 4.852816637 -34.84117554
46.09842801 58.69308922 -6.071630158
52.9969478 42.39080374 -16.56206882
40.52233231 56.22739989 -15.11099918
36.89509228 5.596584465 -20.66471601
44.79311595 20.36144184 -19.9062894
27.02940298 45.12548592 -27.88908406
45.67126772 38.8503008 -24.01080637
34.09959202 51.76179847 -22.86995182
45.4455203 49.29911962 -20.77824465
20.35057563 -25.91060482 -2.680377055
24.85667965 -19.88217572 -7.767957519
19.01335509 -26.38228006 -7.090184022
31.99022575 -4.852569526 -17.9175302
28.71046481 -13.05081031 -12.75907713
15.36145473 -25.6458905 -15.850032
23.19489413 -19.73075544 -12.19427749
17.31584941 -26.28475752 -11.6134129
21.25339137 -23.0555944 -9.717309046
4.62749004 -17.08645123 -30.50640496
12.99459517 -12.70411861 -28.58679719
7.438373286 -19.94707502 -27.67787784
4.597236655 -12.50888986 -32.27553078
29.13797936 -3.014239608 -22.88540374
20.96359096 -8.19046599 -26.20866409
28.09769563 -7.551198463 -20.24963206
12.715444 -24.18621174 -20.57402057
15.69230931 -15.20859385 -25.39068983
10.22479204 -22.36334214 -24.25966458
17.06724613 -21.49557893 -18.75871875
11.73730057 -17.50056861 -26.56515377
4.652728914 -2.875544609 -34.53376396
13.25629984 -8.192843867 -30.58476296
4.622894266 -7.66291712 -33.64295104
9.06784754 -10.34436963 -31.46120854
25.22594532 -15.5904916 -15.10991467
20.24636205 -12.5129399 -23.80102606
26.7369184 -11.81319146 -17.61372356
21.29990035 -18.58795436 -16.91187956
24.09203562 -10.15414097 -22.20881635
18.71952708 -17.03158837 -21.45066927
5.029706115 18.57158578 -33.15798635
15.75426301 15.40209781 -34.65778776
8.774136282 23.5291169 -32.64819643
4.885423488 13.29303426 -34.29878598
31.58244186 3.267112177 -24.80532107
25.35988459 9.908096025 -31.70490676
34.96864227 9.397751376 -25.20143107
26.99099145 0 -26.67319673
19.01266587 36.16423953 -30.76313959
21.13125999 20.47988886 -34.1910969
13.45512579 29.42862607 -31.92405648
28.79333579 36.26416455 -31.64693845
15.02567426 22.40360479 -34.00776395
4.717950226 2.915853597 -35.0178535
14.94946862 9.239279721 -34.49121999
4.798710539 7.954350464 -34.92244782
9.447713884 0 -34.18214995
10.05420346 11.46957935 -34.88340428
42.26875674 26.12352832 -25.31827051
27.59363569 17.05380473 -32.43826424
38.64996302 17.07674034 -25.46178861
37.43700294 32.67044871 -29.72455619
31.85993131 13.42809877 -29.36951342
28.71742547 26.12797683 -32.90724138
18.17141629 -5.474413693 -29.40196918
20.19519717 6.084108258 -32.67651543
22.42402771 -2.933587569 -28.20736522
14.09590054 -2.903915211 -32.2049132
23.92585283 3.130061439 -30.09652314
14.70477344 3.029349928 -33.59600552
46.09842801 58.69308922 6.071630158
52.9969478 42.39080374 16.56206882
40.52233231 56.22739989 15.11099918
56.40146119 57.07344987 0
36.89509228 5.596584465 20.66471601
44.79311595 20.36144184 19.9062894
27.02940298 45.12548592 27.88908406
45.67126772 38.8503008 24.01080637
34.09959202 51.76179847 22.86995182
45.4455203 49.29911962 20.77824465
54.98249367 33.98104987 -10.23730466
54.98249367 33.98104987 10.23730466
59.74524087 47.4957135 -6.213550772
59.74524087 47.4957135 6.213550772
20.35057563 -25.91060482 2.680377055
24.85667965 -19.88217572 7.767957519
19.01335509 -26.38228006 7.090184022
22.98465412 -23.25850212 0
31.99022575 -4.852569526 17.9175302
28.71046481 -13.05081031 12.75907713
15.36145473 -25.6458905 15.850032
23.19489413 -19.73075544 12.19427749
17.31584941 -26.28475752 11.6134129
21.25339137 -23.0555944 9.717309046
27.85229771 -17.21366665 -5.185877143
27.85229771 -17.21366665 5.185877143
25.53541881 -20.29990871 -2.655703097
25.53541881 -20.29990871 2.655703097
4.62749004 -17.08645123 30.50640496
12.99459517 -12.70411861 28.58679719
7.438373286 -19.94707502 27.67787784
4.597236655 -12.50888986 32.27553078
29.13797936 -3.014239608 22.88540374
20.96359096 -8.19046599 26.20866409
28.09769563 -7.551198463 20.24963206
12.715444 -24.18621174 20.57402057
15.69230931 -15.20859385 25.39068983
10.22479204 -22.36334214 24.25966458
17.06724613 -21.49557893 18.75871875
11.73730057 -17.50056861 26.56515377
4.652728914 -2.875544609 34.53376396
13.25629984 -8.192843867 30.58476296
4.622894266 -7.66291712 33.64295104
9.06784754 -10.34436963 31.46120854
25.22594532 -15.5904916 15.10991467
20.24636205 -12.5129399 23.80102606
26.7369184 -11.81319146 17.61372356
21.29990035 -18.58795436 16.91187956
24.09203562 -10.15414097 22.20881635
18.71952708 -17.03158837 21.45066927
5.029706115 18.57158578 33.15798635
15.75426301 15.40209781 34.65778776
8.774136282 23.5291169 32.64819643
4.885423488 13.29303426 34.29878598
31.58244186 3.267112177 24.80532107
25.35988459 9.908096025 31.70490676
34.96864227 9.397751376 25.20143107
26.99099145 0 26.67319673
19.01266587 36.16423953 30.76313959
21.13125999 20.47988886 34.1910969
13.45512579 29.42862607 31.92405648
28.79333579 36.26416455 31.64693845
15.02567426 22.40360479 34.00776395
4.717950226 2.915853597 35.0178535
14.94946862 9.239279721 34.49121999
4.798710539 7.954350464 34.92244782
9.447713884 0 34.18214995
10.05420346 11.46957935 34.88340428
42.26875674 26.12352832 25.31827051
27.59363569 17.05380473 32.43826424
38.64996302 17.07674034 25.46178861
37.43700294 32.67044871 29.72455619
31.85993131 13.42809877 29.36951342
28.71742547 26.12797683 32.90724138
18.17141629 -5.474413693 29.40196918
20.19519717 6.084108258 32.67651543
22.42402771 -2.933587569 28.20736522
14.09590054 -2.903915211 32.2049132
23.92585283 3.130061439 30.09652314
14.70477344 3.029349928 33.59600552
36.51237179 0 -16.09482141
40.41764771 0 -5.629529722
40.26637611 5.735430394 -15.60586772
34.61016453 -4.92977538 -13.41371391
36.51237179 0 16.09482141
40.41764771 0 5.629529722
40.26637611 5.735430394 15.60586772
34.61016453 -4.92977538 13.41371391
48.95298025 21.21760385 -13.11320034
44.14452047 5.947584718 -3.675809507
44.4818179 12.82068813 -14.62551464
52.10519305 22.80613564 -4.698322326
42.81141062 5.882736756 -9.751234099
30.44613901 -13.19621631 -8.155710201
37.51662565 -5.054609428 -3.123920426
32.5457233 -9.380429762 -10.70095547
31.17582904 -13.64547647 -2.811122751
36.52116029 -5.018390398 -8.318492158
48.95298025 21.21760385 13.11320034
44.14452047 5.947584718 3.675809507
44.4818179 12.82068813 14.62551464
52.10519305 22.80613564 4.698322326
42.81141062 5.882736756 9.751234099
48.11852657 13.29963365 0
30.44613901 -13.19621631 8.155710201
37.51662565 -5.054609428 3.123920426
32.5457233 -9.380429762 10.70095547
31.17582904 -13.64547647 2.811122751
36.52116029 -5.018390398 8.318492158
34.49928387 -9.535367545 0
-20.35057563 25.91060482 -2.680377055
-24.85667965 19.88217572 -7.767957519
-19.01335509 26.38228006 -7.090184022
-31.99022575 4.852569526 -17.9175302
-28.71046481 13.05081031 -12.75907713
-15.36145473 25.6458905 -15.850032
-23.19489413 19.73075544 -12.19427749
-17.31584941 26.28475752 -11.6134129
-21.25339137 23.0555944 -9.717309046
-46.09842801 -58.69308922 -6.071630158
-52.9969478 -42.39080374 -16.56206882
-40.52233231 -56.22739989 -15.11099918
-36.89509228 -5.596584465 -20.66471601
-44.79311595 -20.36144184 -19.9062894
-27.02940298 -45.12548592 -27.88908406
-45.67126772 -38.8503008 -24.01080637
-34.09959202 -51.76179847 -22.86995182
-45.4455203 -49.29911962 -20.77824465
-5.029706115 -18.57158578 -33.15798635
-15.75426301 -15.40209781 -34.65778776
-8.774136282 -23.5291169 -32.64819643
-4.885423488 -13.29303426 -34.29878598
-31.58244186 -3.267112177 -24.80532107
-25.35988459 -9.908096025 -31.70490676
-34.96864227 -9.397751376 -25.20143107
-19.01266587 -36.16423953 -30.76313959
-21.13125999 -20.47988886 -34.1910969
-13.45512579 -29.42862607 -31.92405648
-28.79333579 -36.26416455 -31.64693845
-15.02567426 -22.40360479 -34.00776395
-4.717950226 -2.915853597 -35.0178535
-14.94946862 -9.239279721 -34.49121999
-4.798710539 -7.954350464 -34.92244782
-10.05420346 -11.46957935 -34.88340428
-42.26875674 -26.12352832 -25.31827051
-27.59363569 -17.05380473 -32.43826424
-38.64996302 -17.07674034 -25.46178861
-37.43700294 -32.67044871 -29.72455619
-31.85993131 -13.42809877 -29.36951342
-28.71742547 -26.12797683 -32.90724138
-4.62749004 17.08645123 -30.50640496
-12.99459517 12.70411861 -28.58679719
-7.438373286 19.94707502 -27.67787784
-4.597236655 12.50888986 -32.27553078
-29.13797936 3.014239608 -22.88540374
-20.96359096 8.19046599 -26.20866409
-28.09769563 7.551198463 -20.24963206
-26.99099145 0 -26.67319673
-12.715444 24.18621174 -20.57402057
-15.69230931 15.20859385 -25.39068983
-10.22479204 22.36334214 -24.25966458
-17.06724613 21.49557893 -18.75871875
-11.73730057 17.50056861 -26.56515377
-4.652728914 2.875544609 -34.53376396
-13.25629984 8.192843867 -30.58476296
-4.622894266 7.66291712 -33.64295104
-9.447713884 0 -34.18214995
-9.06784754 10.34436963 -31.46120854
-25.22594532 15.5904916 -15.10991467
-20.24636205 12.5129399 -23.80102606
-26.7369184 11.81319146 -17.61372356
-21.29990035 18.58795436 -16.91187956
-24.09203562 10.15414097 -22.20881635
-18.71952708 17.03158837 -21.45066927
-20.19519717 -6.084108258 -32.67651543
-18.17141629 5.474413693 -29.40196918
-23.92585283 -3.130061439 -30.09652314
-14.70477344 -3.029349928 -33.59600552
-22.42402771 2.933587569 -28.20736522
-14.09590054 2.903915211 -32.2049132
-20.35057563 25.91060482 2.680377055
-24.85667965 19.88217572 7.767957519
-19.01335509 26.38228006 7.090184022
-22.98465412 23.25850212 0
-31.99022575 4.852569526 17.9175302
-28.71046481 13.05081031 12.75907713
-15.36145473 25.6458905 15.850032
-23.19489413 19.73075544 12.19427749
-17.31584941 26.28475752 11.6134129
-21.25339137 23.0555944 9.717309046
-27.85229771 17.21366665 -5.185877143
-27.85229771 17.21366665 5.185877143
-25.53541881 20.29990871 -2.655703097
-25.53541881 20.29990871 2.655703097
-46.09842801 -58.69308922 6.071630158
-52.9969478 -42.39080374 16.56206882
-40.52233231 -56.22739989 15.11099918
-56.40146119 -57.07344987 0
-36.89509228 -5.596584465 20.66471601
-44.79311595 -20.36144184 19.9062894
-27.02940298 -45.12548592 27.88908406
-45.67126772 -38.8503008 24.01080637
-34.09959202 -51.76179847 22.86995182
-45.4455203 -49.29911962 20.77824465
-54.98249367 -33.98104987 -10.23730466
-54.98249367 -33.98104987 10.23730466
-59.74524087 -47.4957135 -6.213550772
-59.74524087 -47.4957135 6.213550772
-5.029706115 -18.57158578 33.15798635
-15.75426301 -15.40209781 34.65778776
-8.774136282 -23.5291169 32.64819643
-4.885423488 -13.29303426 34.29878598
-31.58244186 -3.267112177 24.80532107
-25.35988459 -9.908096025 31.70490676
-34.96864227 -9.397751376 25.20143107
-19.01266587 -36.16423953 30.76313959
-21.13125999 -20.47988886 34.1910969
-13.45512579 -29.42862607 31.92405648
-28.79333579 -36.26416455 31.64693845
-15.02567426 -22.40360479 34.00776395
-4.717950226 -2.915853597 35.0178535
-14.94946862 -9.239279721 34.49121999
-4.798710539 -7.954350464 34.92244782
-10.05420346 -11.46957935 34.88340428
-42.26875674 -26.12352832 25.31827051
-27.59363569 -17.05380473 32.43826424
-38.64996302 -17.07674034 25.46178861
-37.43700294 -32.67044871 29.72455619
-31.85993131 -13.42809877 29.36951342
-28.71742547 -26.12797683 32.90724138
-4.62749004 17.08645123 30.50640496
-12.99459517 12.70411861 28.58679719
-7.438373286 19.94707502 27.67787784
-4.597236655 12.50888986 32.27553078
-29.13797936 3.014239608 22.88540374
-20.96359096 8.19046599 26.20866409
-28.09769563 7.551198463 20.24963206
-26.99099145 0 26.67319673
-12.715444 24.18621174 20.57402057
-15.69230931 15.20859385 25.39068983
-10.22479204 22.36334214 24.25966458
-17.06724613 21.49557893 18.75871875
-11.73730057 17.50056861 26.56515377
-4.652728914 2.875544609 34.53376396
-13.25629984 8.192843867 30.58476296
-4.622894266 7.66291712 33.64295104
-9.447713884 0 34.18214995
-9.06784754 10.34436963 31.46120854
-25.22594532 15.5904916 15.10991467
-20.24636205 12.5129399 23.80102606
-26.7369184 11.81319146 17.61372356
-21.29990035 18.58795436 16.91187956
-24.09203562 10.15414097 22.20881635
-18.71952708 17.03158837 21.45066927
-20.19519717 -6.084108258 32.67651543
-18.17141629 5.474413693 29.40196918
-23.92585283 -3.130061439 30.09652314
-14.70477344 -3.029349928 33.59600552
-22.42402771 2.933587569 28.20736522
-14.09590054 2.903915211 32.2049132
-36.51237179 0 -16.09482141
-40.41764771 0 -5.629529722
-34.61016453 4.92977538 -13.41371391
-40.26637611 -5.735430394 -15.60586772
-36.51237179 0 16.09482141
-40.41764771 0 5.629529722
-34.61016453 4.92977538 13.41371391
-40.26637611 -5.735430394 15.60586772
-30.44613901 13.19621631 -8.155710201
-37.51662565 5.054609428 -3.123920426
-32.5457233 9.380429762 -10.70095547
-31.17582904 13.64547647 -2.811122751
-36.52116029 5.018390398 -8.318492158
-48.95298025 -21.21760385 -13.11320034
-44.14452047 -5.947584718 -3.675809507
-44.4818179 -12.82068813 -14.62551464
-52.10519305 -22.80613564 -4.698322326
-42.81141062 -5.882736756 -9.751234099
-30.44613901 13.19621631 8.155710201
-37.51662565 5.054609428 3.123920426
-32.5457233 9.380429762 10.70095547
-31.17582904 13.64547647 2.811122751
-36.52116029 5.018390398 8.318492158
-34.49928387 9.535367545 0
-48.95298025 -21.21760385 13.11320034
-44.14452047 -5.947584718 3.675809507
-44.4818179 -12.82068813 14.62551464
-52.10519305 -22.80613564 4.698322326
-42.81141062 -5.882736756 9.751234099
-48.11852657 -13.29963365 0
-16.04727216 30.49724332 0
-12.3322929 34.21037633 0
-2.99038961 43.14672716 0
-8.07834453 38.3542219 0
31.81961816 60.47199969 0
21.40557765 59.3801066 0
3.380242927 48.77171149 0
11.55780141 54.87392601 0
-31.81961816 -60.47199969 0
-21.40557765 -59.3801066 0
-3.380242927 -48.77171149 0
-11.55780141 -54.87392601 0
16.04727216 -30.49724332 0
12.3322929 -34.21037633 0
2.99038961 -43.14672716 0
8.07834453 -38.3542219 0
-35.35923768 -60.05072481 4.592427739
-30.8707805 -58.07528991 13.14704037
-30.03398816 -60.2161094 4.438481618
-19.21668234 -46.43453411 24.82272693
-25.35861426 -53.49864168 20.17290655
-19.61026278 -58.57481245 4.088385672
-25.64171138 -57.84628694 12.67481687
-24.76891023 -59.82089637 4.281811942
-27.95819333 -59.36335985 8.721051042
-1.539473767 -21.66967958 31.03188343
-4.914647584 -26.62444502 30.21254255
-13.56439148 -38.93856574 27.49188492
-8.845572609 -32.30407217 29.111077
-1.959752716 -47.36455322 3.170946504
-6.191781163 -49.05668327 10.01851237
-5.606267134 -50.36410623 3.388056718
-14.54197682 -45.13780687 23.52941276
-10.53853225 -48.39406858 17.05170338
-17.28224348 -48.85533341 21.67761838
-14.40113662 -56.28512984 3.876016086
-10.35559 -51.90150825 10.70967073
-9.780488796 -53.44990477 3.627162234
-17.41865031 -56.94411914 7.964654408
-7.961203792 -51.45145744 7.000256978
-22.91537157 -55.45070564 16.33287882
-12.82035779 -51.62496481 14.56845591
-20.14000138 -52.41707978 19.28827047
-20.30127686 -56.65836046 12.18216733
-15.12002104 -50.60910597 18.20975377
-15.11006686 -54.56095527 11.50189556
17.20324203 -29.2163299 2.234342455
15.82079964 -29.76269181 6.737655744
15.45483476 -30.98589557 2.283945763
12.065632 -29.1549806 15.58551487
14.10197256 -29.75069416 11.21819086
11.64031755 -34.76900974 2.426796012
13.98779648 -31.55569755 6.914232683
13.59751592 -32.84018485 2.350608303
14.76242482 -31.34491299 4.604870526
1.492750787 -21.01200549 30.09006675
4.406968335 -23.87416068 27.09161055
0 -23.30355715 29.67037745
9.742946893 -27.96855125 19.74670041
7.174517684 -26.20137184 23.61157903
-3.255581751 -28.30888268 28.64616559
3.01009155 -26.17422479 26.48607456
-1.583043296 -25.74196141 29.1892397
1.526178681 -24.81728251 28.14073087
1.822117657 -44.03810137 2.948248301
5.031689332 -39.86542537 8.14144436
4.616964784 -41.47667231 2.790187869
0 -45.10034123 6.076362307
9.947277495 -30.87601473 16.09503308
7.706596741 -35.38951746 12.46953546
11.06683997 -31.28495195 13.8814578
9.442165819 -36.90358221 2.541326255
7.509257046 -37.63588232 7.766015305
7.153558949 -39.09385845 2.652947046
10.77662933 -35.23037971 4.927599256
6.129043697 -39.61062161 5.389245399
-3.893999144 -45.898653 12.68607568
3.408023717 -40.17045002 11.10283932
-1.92797155 -45.74926228 9.364723987
1.797740282 -42.6589758 8.732152478
13.07196686 -31.63159645 9.31701456
8.819406185 -35.51394908 10.02196134
12.11709326 -31.53637539 11.60465521
11.98834232 -33.4579852 7.193832841
9.984019988 -33.41809673 12.0242257
9.827707404 -35.48687831 7.480924152
-11.51504377 -40.8002829 25.21596158
-3.424415846 -37.01294705 22.8752593
-9.197684703 -37.36914618 26.31973333
-9.789076787 -42.89093485 22.43286148
8.518664205 -30.18346404 18.65440668
3.094924007 -33.45162023 20.67423828
7.243536373 -29.42966391 20.72781921
7.43807013 -32.58997639 17.04524344
-5.11497246 -31.18493829 27.97546272
-1.697210536 -34.11192298 23.96979486
-7.061357752 -34.14662267 27.2280825
-1.636872373 -29.91876609 26.86074344
-5.238777928 -35.73093024 25.12698839
-5.970615762 -45.46656109 16.15864858
-1.795214365 -38.45920981 20.17867012
-7.912695358 -44.46851348 19.36991312
-1.871105324 -42.65815873 15.13756005
-5.531779973 -40.61893482 21.28917582
4.502662595 -27.45181059 24.62653915
1.615746357 -32.4745894 22.81927191
5.896006648 -28.51133186 22.7345733
1.568399702 -28.66722207 25.73712081
4.535756921 -30.93599621 21.75505682
0 -31.32036055 24.89876766
4.930279022 -37.5443407 13.34312059
1.695527198 -36.32359318 19.05816078
6.238821905 -35.06152119 15.27234814
1.754270075 -39.99450505 14.19234303
4.686508465 -34.41224756 18.03612999
0 -39.42289337 17.25516788
-17.20324203 29.2163299 2.234342455
-15.82079964 29.76269181 6.737655744
-15.45483476 30.98589557 2.283945763
-12.065632 29.1549806 15.58551487
-14.10197256 29.75069416 11.21819086
-11.64031755 34.76900974 2.426796012
-13.98779648 31.55569755 6.914232683
-13.59751592 32.84018485 2.350608303
-14.76242482 31.34491299 4.604870526
-1.492750787 21.01200549 30.09006675
-4.406968335 23.87416068 27.09161055
-9.742946893 27.96855125 19.74670041
-7.174517684 26.20137184 23.61157903
-1.822117657 44.03810137 2.948248301
-5.031689332 39.86542537 8.14144436
-4.616964784 41.47667231 2.790187869
-9.947277495 30.87601473 16.09503308
-7.706596741 35.38951746 12.46953546
-11.06683997 31.28495195 13.8814578
-9.442165819 36.90358221 2.541326255
-7.509257046 37.63588232 7.766015305
-7.153558949 39.09385845 2.652947046
-10.77662933 35.23037971 4.927599256
-6.129043697 39.61062161 5.389245399
-13.07196686 31.63159645 9.31701456
-8.819406185 35.51394908 10.02196134
-12.11709326 31.53637539 11.60465521
-11.98834232 33.4579852 7.193832841
-9.984019988 33.41809673 12.0242257
-9.827707404 35.48687831 7.480924152
35.35923768 60.05072481 4.592427739
30.8707805 58.07528991 13.14704037
30.03398816 60.2161094 4.438481618
19.21668234 46.43453411 24.82272693
25.35861426 53.49864168 20.17290655
19.61026278 58.57481245 4.088385672
25.64171138 57.84628694 12.67481687
24.76891023 59.82089637 4.281811942
27.95819333 59.36335985 8.721051042
1.539473767 21.66967958 31.03188343
4.914647584 26.62444502 30.21254255
0 23.30355715 29.67037745
13.56439148 38.93856574 27.49188492
8.845572609 32.30407217 29.111077
-3.01009155 26.17422479 26.48607456
3.255581751 28.30888268 28.64616559
-1.526178681 24.81728251 28.14073087
1.583043296 25.74196141 29.1892397
1.959752716 47.36455322 3.170946504
6.191781163 49.05668327 10.01851237
5.606267134 50.36410623 3.388056718
0 45.10034123 6.076362307
14.54197682 45.13780687 23.52941276
10.53853225 48.39406858 17.05170338
17.28224348 48.85533341 21.67761838
14.40113662 56.28512984 3.876016086
10.35559 51.90150825 10.70967073
9.780488796 53.44990477 3.627162234
17.41865031 56.94411914 7.964654408
7.961203792 51.45145744 7.000256978
-3.408023717 40.17045002 11.10283932
3.893999144 45.898653 12.68607568
-1.797740282 42.6589758 8.732152478
1.92797155 45.74926228 9.364723987
22.91537157 55.45070564 16.33287882
12.82035779 51.62496481 14.56845591
20.14000138 52.41707978 19.28827047
20.30127686 56.65836046 12.18216733
15.12002104 50.60910597 18.20975377
15.11006686 54.56095527 11.50189556
-8.518664205 30.18346404 18.65440668
-3.094924007 33.45162023 20.67423828
-7.243536373 29.42966391 20.72781921
-7.43807013 32.58997639 17.04524344
11.51504377 40.8002829 25.21596158
3.424415846 37.01294705 22.8752593
9.197684703 37.36914618 26.31973333
9.789076787 42.89093485 22.43286148
-4.502662595 27.45181059 24.62653915
-1.615746357 32.4745894 22.81927191
-5.896006648 28.51133186 22.7345733
-1.568399702 28.66722207 25.73712081
-4.535756921 30.93599621 21.75505682
-4.930279022 37.5443407 13.34312059
-1.695527198 36.32359318 19.05816078
-6.238821905 35.06152119 15.27234814
-1.754270075 39.99450505 14.19234303
-4.686508465 34.41224756 18.03612999
5.11497246 31.18493829 27.97546272
1.697210536 34.11192298 23.96979486
7.061357752 34.14662267 27.2280825
1.636872373 29.91876609 26.86074344
5.238777928 35.73093024 25.12698839
0 31.32036055 24.89876766
5.970615762 45.46656109 16.15864858
1.795214365 38.45920981 20.17867012
7.912695358 44.46851348 19.36991312
1.871105324 42.65815873 15.13756005
5.531779973 40.61893482 21.28917582
0 39.42289337 17.25516788
0 -16.9702541 32.25133612
0 -12.12658465 33.63973171
0 -2.42659747 35.01207288
0 -7.278343913 34.55599306
0 16.9702541 32.25133612
0 12.12658465 33.63973171
0 2.42659747 35.01207288
0 7.278343913 34.55599306
-35.35923768 -60.05072481 -4.592427739
-30.8707805 -58.07528991 -13.14704037
-30.03398816 -60.2161094 -4.438481618
-19.21668234 -46.43453411 -24.82272693
-25.35861426 -53.49864168 -20.17290655
-19.61026278 -58.57481245 -4.088385672
-25.64171138 -57.84628694 -12.67481687
-24.76891023 -59.82089637 -4.281811942
-27.95819333 -59.36335985 -8.721051042
-1.539473767 -21.66967958 -31.03188343
-4.914647584 -26.62444502 -30.21254255
-13.56439148 -38.93856574 -27.49188492
-8.845572609 -32.30407217 -29.111077
-1.959752716 -47.36455322 -3.170946504
-6.191781163 -49.05668327 -10.01851237
-5.606267134 -50.36410623 -3.388056718
-14.54197682 -45.13780687 -23.52941276
-10.53853225 -48.39406858 -17.05170338
-17.28224348 -48.85533341 -21.67761838
-14.40113662 -56.28512984 -3.876016086
-10.35559 -51.90150825 -10.70967073
-9.780488796 -53.44990477 -3.627162234
-17.41865031 -56.94411914 -7.964654408
-7.961203792 -51.45145744 -7.000256978
-22.91537157 -55.45070564 -16.33287882
-12.82035779 -51.62496481 -14.56845591
-20.14000138 -52.41707978 -19.28827047
-20.30127686 -56.65836046 -12.18216733
-15.12002104 -50.60910597 -18.20975377
-15.11006686 -54.56095527 -11.50189556
17.20324203 -29.2163299 -2.234342455
15.82079964 -29.76269181 -6.737655744
15.45483476 -30.98589557 -2.283945763
12.065632 -29.1549806 -15.58551487
14.10197256 -29.75069416 -11.21819086
11.64031755 -34.76900974 -2.426796012
13.98779648 -31.55569755 -6.914232683
13.59751592 -32.84018485 -2.350608303
14.76242482 -31.34491299 -4.604870526
1.492750787 -21.01200549 -30.09006675
4.406968335 -23.87416068 -27.09161055
0 -23.30355715 -29.67037745
9.742946893 -27.96855125 -19.74670041
7.174517684 -26.20137184 -23.61157903
-3.255581751 -28.30888268 -28.64616559
3.01009155 -26.17422479 -26.48607456
-1.583043296 -25.74196141 -29.1892397
1.526178681 -24.81728251 -28.14073087
1.822117657 -44.03810137 -2.948248301
5.031689332 -39.86542537 -8.14144436
4.616964784 -41.47667231 -2.790187869
0 -45.10034123 -6.076362307
9.947277495 -30.87601473 -16.09503308
7.706596741 -35.38951746 -12.46953546
11.06683997 -31.28495195 -13.8814578
9.442165819 -36.90358221 -2.541326255
7.509257046 -37.63588232 -7.766015305
7.153558949 -39.09385845 -2.652947046
10.77662933 -35.23037971 -4.927599256
6.129043697 -39.61062161 -5.389245399
-3.893999144 -45.898653 -12.68607568
3.408023717 -40.17045002 -11.10283932
-1.92797155 -45.74926228 -9.364723987
1.797740282 -42.6589758 -8.732152478
13.07196686 -31.63159645 -9.31701456
8.819406185 -35.51394908 -10.02196134
12.11709326 -31.53637539 -11.60465521
11.98834232 -33.4579852 -7.193832841
9.984019988 -33.41809673 -12.0242257
9.827707404 -35.48687831 -7.480924152
-11.51504377 -40.8002829 -25.21596158
-3.424415846 -37.01294705 -22.8752593
-9.197684703 -37.36914618 -26.31973333
-9.789076787 -42.89093485 -22.43286148
8.518664205 -30.18346404 -18.65440668
3.094924007 -33.45162023 -20.67423828
7.243536373 -29.42966391 -20.72781921
7.43807013 -32.58997639 -17.04524344
-5.11497246 -31.18493829 -27.97546272
-1.697210536 -34.11192298 -23.96979486
-7.061357752 -34.14662267 -27.2280825
-1.636872373 -29.91876609 -26.86074344
-5.238777928 -35.73093024 -25.12698839
-5.970615762 -45.46656109 -16.15864858
-1.795214365 -38.45920981 -20.17867012
-7.912695358 -44.46851348 -19.36991312
-1.871105324 -42.65815873 -15.13756005
-5.531779973 -40.61893482 -21.28917582
4.502662595 -27.45181059 -24.62653915
1.615746357 -32.4745894 -22.81927191
5.896006648 -28.51133186 -22.7345733
1.568399702 -28.66722207 -25.73712081
4.535756921 -30.93599621 -21.75505682
0 -31.32036055 -24.89876766
4.930279022 -37.5443407 -13.34312059
1.695527198 -36.32359318 -19.05816078
6.238821905 -35.06152119 -15.27234814
1.754270075 -39.99450505 -14.19234303
4.686508465 -34.41224756 -18.03612999
0 -39.42289337 -17.25516788
-17.20324203 29.2163299 -2.234342455
-15.82079964 29.76269181 -6.737655744
-15.45483476 30.98589557 -2.283945763
-12.065632 29.1549806 -15.58551487
-14.10197256 29.75069416 -11.21819086
-11.64031755 34.76900974 -2.426796012
-13.98779648 31.55569755 -6.914232683
-13.59751592 32.84018485 -2.350608303
-14.76242482 31.34491299 -4.604870526
-1.492750787 21.01200549 -30.09006675
-4.406968335 23.87416068 -27.09161055
-9.742946893 27.96855125 -19.74670041
-7.174517684 26.20137184 -23.61157903
-1.822117657 44.03810137 -2.948248301
-5.031689332 39.86542537 -8.14144436
-4.616964784 41.47667231 -2.790187869
-9.947277495 30.87601473 -16.09503308
-7.706596741 35.38951746 -12.46953546
-11.06683997 31.28495195 -13.8814578
-9.442165819 36.90358221 -2.541326255
-7.509257046 37.63588232 -7.766015305
-7.153558949 39.09385845 -2.652947046
-10.77662933 35.23037971 -4.927599256
-6.129043697 39.61062161 -5.389245399
-13.07196686 31.63159645 -9.31701456
-8.819406185 35.51394908 -10.02196134
-12.11709326 31.53637539 -11.60465521
-11.98834232 33.4579852 -7.193832841
-9.984019988 33.41809673 -12.0242257
-9.827707404 35.48687831 -7.480924152
35.35923768 60.05072481 -4.592427739
30.8707805 58.07528991 -13.14704037
30.03398816 60.2161094 -4.438481618
19.21668234 46.43453411 -24.82272693
25.35861426 53.49864168 -20.17290655
19.61026278 58.57481245 -4.088385672
25.64171138 57.84628694 -12.67481687
24.76891023 59.82089637 -4.281811942
27.95819333 59.36335985 -8.721051042
1.539473767 21.66967958 -31.03188343
4.914647584 26.62444502 -30.21254255
0 23.30355715 -29.67037745
13.56439148 38.93856574 -27.49188492
8.845572609 32.30407217 -29.111077
-3.01009155 26.17422479 -26.48607456
3.255581751 28.30888268 -28.64616559
-1.526178681 24.81728251 -28.14073087
1.583043296 25.74196141 -29.1892397
1.959752716 47.36455322 -3.170946504
6.191781163 49.05668327 -10.01851237
5.606267134 50.36410623 -3.388056718
0 45.10034123 -6.076362307
14.54197682 45.13780687 -23.52941276
10.53853225 48.39406858 -17.05170338
17.28224348 48.85533341 -21.67761838
14.40113662 56.28512984 -3.876016086
10.35559 51.90150825 -10.70967073
9.780488796 53.44990477 -3.627162234
17.41865031 56.94411914 -7.964654408
7.961203792 51.45145744 -7.000256978
-3.408023717 40.17045002 -11.10283932
3.893999144 45.898653 -12.68607568
-1.797740282 42.6589758 -8.732152478
1.92797155 45.74926228 -9.364723987
22.91537157 55.45070564 -16.33287882
12.82035779 51.62496481 -14.56845591
20.14000138 52.41707978 -19.28827047
20.30127686 56.65836046 -12.18216733
15.12002104 50.60910597 -18.20975377
15.11006686 54.56095527 -11.50189556
-8.518664205 30.18346404 -18.65440668
-3.094924007 33.45162023 -20.67423828
-7.243536373 29.42966391 -20.72781921
-7.43807013 32.58997639 -17.04524344
11.51504377 40.8002829 -25.21596158
3.424415846 37.01294705 -22.8752593
9.197684703 37.36914618 -26.31973333
9.789076787 42.89093485 -22.43286148
-4.502662595 27.45181059 -24.62653915
-1.615746357 32.4745894 -22.81927191
-5.896006648 28.51133186 -22.7345733
-1.568399702 28.66722207 -25.73712081
-4.535756921 30.93599621 -21.75505682
-4.930279022 37.5443407 -13.34312059
-1.695527198 36.32359318 -19.05816078
-6.238821905 35.06152119 -15.27234814
-1.754270075 39.99450505 -14.19234303
-4.686508465 34.41224756 -18.03612999
5.11497246 31.18493829 -27.97546272
1.697210536 34.11192298 -23.96979486
7.061357752 34.14662267 -27.2280825
1.636872373 29.91876609 -26.86074344
5.238777928 35.73093024 -25.12698839
0 31.32036055 -24.89876766
5.970615762 45.46656109 -16.15864858
1.795214365 38.45920981 -20.17867012
7.912695358 44.46851348 -19.36991312
1.871105324 42.65815873 -15.13756005
5.531779973 40.61893482 -21.28917582
0 39.42289337 -17.25516788
0 -16.9702541 -32.25133612
0 -12.12658465 -33.63973171
0 -2.42659747 -35.01207288
0 -7.278343913 -34.55599306
0 16.9702541 -32.25133612
0 12.12658465 -33.63973171
0 2.42659747 -35.01207288
0 7.278343913 -34.55599306
41.69758341 59.71267564 -2.962311261
50.05217889 56.79756268 -9.239209301
39.48365898 59.17692309 -7.619288292
51.23769351 36.17546632 -17.84883752
53.78547001 48.46921314 -14.72765656
34.35576568 56.57887927 -16.1642614
46.79809091 55.29417159 -13.82246945
37.0149669 58.11840963 -12.06923638
43.42297385 57.67659213 -10.76009969
35.09591104 2.683988176 -20.66527363
38.76277754 8.77508837 -20.60492852
46.94032995 25.09311258 -19.42600323
42.71120095 16.10525125 -20.24531531
21.50226531 44.1581856 -27.29125958
32.56540629 45.20521142 -27.93835713
24.82975935 47.97596911 -25.51905352
47.96267492 34.84605484 -21.53604626
42.20864951 42.03914505 -25.9816205
49.38829886 40.71417433 -20.51448543
31.3571978 54.33385545 -20.00385994
36.29177498 48.38136763 -25.36293766
28.19264752 51.48308572 -23.08682207
37.43766073 54.26428343 -19.25211636
30.65199393 48.70219394 -25.73783849
49.1677594 51.48333209 -16.73981203
41.66820235 46.90722382 -24.33338221
49.96542833 46.52098467 -18.94374109
43.47553763 53.33231588 -18.15943568
46.09635106 44.37068424 -22.72464757
39.97924593 51.05106599 -22.06466475
19.09124247 -27.33945414 -1.356294488
21.5511084 -24.4554874 -3.978152513
18.49705146 -27.72282559 -3.569435337
25.87423951 -18.26804869 -9.013385757
23.79941138 -21.44703286 -6.51680755
17.05869063 -28.09314765 -8.026051207
20.88758986 -24.67968148 -6.169441252
17.81700883 -27.97506804 -5.809479495
19.72857929 -26.20449776 -4.888690506
32.70368893 -2.501041056 -19.25667864
31.22950541 -7.069711901 -16.60050614
27.79981369 -14.86107693 -11.50480346
29.58658039 -11.15630795 -14.02418185
13.20924501 -27.12720192 -16.76553281
17.41788624 -24.17839418 -14.9430694
14.2730595 -27.57835272 -14.66929116
25.03683363 -18.18987117 -11.24195863
21.31928307 -21.2336676 -13.12312828
24.08293519 -19.8532212 -10.00336182
16.1923922 -28.05719768 -10.3296968
18.38188611 -24.50529879 -12.84639926
15.27353752 -27.89127345 -12.50742566
18.21272801 -26.39856805 -9.365797756
16.38056695 -26.02667709 -13.75441961
22.02884867 -23.06630494 -7.500012008
20.37547248 -22.93731896 -11.89886128
23.07619943 -21.48540612 -8.749040326
20.16101679 -24.73192454 -8.421119271
22.24502722 -21.41226054 -10.96638654
19.32112275 -24.67189887 -10.66338512
2.366612062 -18.22164727 -30.94589131
6.803450301 -15.97529292 -30.05333045
3.815405787 -19.7716867 -29.63321063
2.348024483 -15.88843789 -31.85524044
14.99433708 -11.60796771 -28.04909624
10.97170879 -13.79212908 -29.09702257
6.647973038 -22.50773263 -26.59395727
8.191180117 -17.40965812 -28.67113933
5.255259978 -21.20789054 -28.16939386
6.054887503 -18.56964711 -29.15681001
2.326431122 -11.15890948 -33.33106942
6.796449105 -13.74951513 -31.01814795
2.337223589 -13.52008964 -32.65318795
4.619280795 -14.80862167 -31.44300231
31.24131855 -1.549863722 -21.81592889
27.05790175 -4.401484954 -23.8444552
30.67838789 -3.949976942 -20.46904338
18.96923665 -9.35934923 -26.86737816
22.97301089 -6.980484984 -25.49276352
29.36191025 -8.388529408 -17.82910728
26.6420708 -6.660000486 -22.5484534
30.04354785 -6.239033089 -19.13440055
28.64441467 -5.343879487 -21.56551945
11.85711683 -26.4068452 -19.18521804
13.5213355 -21.96619379 -21.87798041
10.65381189 -25.64888344 -21.14414013
14.09070463 -25.00001644 -18.25769095
16.35077082 -12.88246192 -26.45610293
15.00411916 -17.48904684 -24.27717477
14.38553647 -13.9969693 -27.04489227
8.073795302 -23.71415068 -24.83097684
12.28787431 -21.04161389 -23.68721559
9.382282913 -24.74642058 -23.04048801
8.86135176 -21.21497818 -26.02484016
11.50271619 -23.33295785 -22.4594633
18.29232539 -22.17298935 -16.43875634
15.72868419 -20.68274104 -20.98572157
16.24266068 -23.58262841 -17.33939155
14.93400398 -22.83967305 -19.6688855
10.3582462 -16.23714502 -28.13474266
13.04639448 -18.66805885 -24.886802
12.37986879 -15.11777048 -27.60682455
9.624233127 -18.71528137 -27.12699759
13.73390163 -16.35613144 -25.98785213
11.00071401 -19.93233324 -25.4523775
2.338758749 -1.445432398 -34.93413184
6.91905402 -4.276210554 -33.87986449
2.334833992 -3.863484044 -34.70775048
15.17450205 -9.378358032 -29.11010786
11.23458484 -6.943355279 -31.88463094
13.14255784 -10.47776008 -29.61967658
2.335598873 -8.677796407 -33.91613526
6.878586962 -6.65116866 -33.33520206
2.332140033 -6.288516476 -34.36644259
4.61750737 -10.09846028 -33.01334575
4.644999941 -5.282633375 -34.14046335
9.002951356 -12.63132959 -30.56534069
9.106708579 -8.013976433 -32.27064782
11.07802785 -11.56721109 -30.10523264
6.85500813 -11.42369943 -31.88213649
11.16832508 -9.273343962 -31.03935147
6.884926031 -9.04474329 -32.65967242
26.11675575 -16.14104273 -12.71722113
24.18783159 -14.94890203 -17.42468486
26.97928307 -14.35063807 -13.96301354
24.23564396 -17.69946426 -13.65988304
18.67472458 -11.54161452 -25.70419373
21.69252569 -13.40671818 -21.77999131
20.62607235 -10.39277519 -25.02044171
17.97972352 -13.87617822 -24.61939929
28.58641449 -10.52453626 -16.49781423
24.87830991 -13.04194268 -18.66168878
27.80878247 -12.47043381 -15.22836464
27.43867747 -9.734812259 -18.93031352
25.99928868 -13.73994555 -16.36332934
20.37587381 -20.67435905 -15.49531968
22.17593393 -16.44093942 -18.29475462
22.3132387 -19.21553501 -14.58978834
19.20974963 -20.05234261 -17.84640556
23.27340333 -17.11203034 -16.02968026
24.57059508 -7.98913214 -23.46548015
23.57067818 -12.22741988 -20.93809243
22.60086468 -9.203264548 -24.27424725
26.09109086 -8.883909852 -21.26898455
22.16890919 -11.35390758 -23.03110349
25.49762129 -11.02026872 -19.96776468
16.5274874 -18.39106141 -22.29267193
20.87506068 -15.64574446 -20.57367781
17.26131794 -16.16952529 -23.47644355
17.91641595 -19.28510834 -20.13100676
19.49886625 -14.80491338 -22.64224529
20.07492113 -17.86650025 -19.23137941
2.472030287 19.03331123 -32.32434322
7.661823497 17.99085306 -33.84507907
4.124638422 21.37415079 -32.03493572
2.438974522 16.50387187 -33.08914382
18.38155067 14.23020208 -34.38537371
13.05991509 16.41713593 -34.63495534
7.832210065 26.51714877 -31.33127325
9.614676558 20.43517898 -33.65372599
5.915257204 23.87134564 -31.70712975
6.837300552 20.9692184 -32.92445534
2.389588978 11.4618511 -34.23593992
7.524299005 15.22198745 -34.33996432
2.41423907 13.96559952 -33.72916586
4.965475162 15.91846142 -33.79951424
32.57558347 1.616055832 -22.74765105
30.37247204 4.940663172 -26.76538098
34.28421886 4.414243488 -22.87490351
30.35745396 0 -23.84319729
23.22691309 11.46007059 -32.89780547
27.26563586 8.284824423 -30.25621719
37.89941565 10.82764575 -23.01324205
31.96355061 7.99026713 -27.05227521
36.06705909 7.489913516 -22.97070768
33.24117882 6.201448193 -25.0262851
26.00012237 -2.954864017 -25.69399425
27.97240554 3.179010214 -27.64305555
28.15137202 -1.526755791 -24.82666693
29.26176857 1.586976812 -25.80592455
17.78044787 39.59862598 -28.76936899
19.95544409 32.41877639 -32.2885868
14.94239348 35.97357571 -29.65549465
22.87549709 40.58617495 -29.64037407
21.08391753 16.61161835 -34.11449518
20.98706597 24.46286756 -33.95778607
18.33378216 17.83856908 -34.46761714
10.03967648 29.48828797 -30.87704912
17.00365179 29.11685672 -32.77777389
12.35376848 32.58391944 -30.33769684
11.00755663 26.35321111 -32.32801378
16.09800656 32.65438373 -31.43193151
33.29002888 40.35241229 -29.91673621
24.51459646 32.23594829 -32.70817123
28.19369967 40.93427523 -30.09738413
23.89017036 36.53699845 -31.46463776
12.59285275 19.74001895 -34.20431071
17.68491585 25.30530947 -33.73506754
15.46398537 18.88396278 -34.48433404
11.86437896 23.0714684 -33.44110384
18.11046678 21.56831926 -34.26936825
14.33175201 25.96788326 -33.15940786
2.346949325 1.450494453 -35.0564748
7.137582281 4.411268447 -34.94991075
2.356784613 3.89980606 -35.03405064
4.695722039 0 -34.85287011
17.8288448 11.01883207 -34.20208408
12.22613068 7.556164309 -34.69871562
15.37130318 12.25460286 -34.6426498
2.385165721 8.861959457 -34.63591464
7.221621772 6.98286213 -34.99762703
2.367911763 6.384973425 -34.89357522
4.850734631 10.60852687 -34.68082814
4.76604143 5.420290602 -35.03011084
9.299237295 -2.854406908 -33.6449566
9.559988436 2.93444464 -34.58836309
7.036471209 -1.448640272 -34.37510463
7.11094801 1.463973255 -34.73894436
10.21985989 14.33867779 -34.69678852
9.856622935 8.673907067 -34.92805383
12.80613563 13.37162861 -34.80147348
7.461779902 12.43486939 -34.70418719
12.52722116 10.40166989 -34.81603711
7.361445795 9.67074841 -34.92011492
45.77531235 28.29069887 -22.28970455
38.63125397 23.87542798 -27.82958959
43.80512928 23.30052857 -22.67115889
44.19784612 32.27800338 -24.91113542
24.14422875 14.921954 -33.23250796
31.20588149 19.28629541 -31.33170555
26.4753965 13.34005036 -32.11596001
24.53358297 18.9342383 -33.59351296
39.86410017 14.67659289 -23.00640115
37.01443324 19.40405592 -27.76522344
41.81008113 18.7491074 -22.89561442
36.77924148 13.04869782 -25.37449456
40.46388527 21.38410736 -25.46699985
38.01774409 38.57466428 -28.91150111
36.31409819 26.9227844 -29.95849093
41.6089545 35.83246397 -27.20653183
33.48593032 34.95471623 -31.1093848
40.28455365 29.61966906 -27.74620048
30.374075 9.876134381 -29.00793618
33.38239337 17.31730149 -29.65394685
28.56701579 11.63273208 -30.68213603
33.58135068 11.43431272 -27.37490865
29.89257947 15.30962041 -31.05516313
35.27767446 15.24728319 -27.6267458
24.79803183 27.59415967 -33.44818089
32.13400535 24.08426226 -31.67007191
24.77552444 23.20845201 -33.69622197
28.98195814 31.19598273 -32.56432518
28.25484932 21.45307278 -32.80976549
33.02160521 29.38893328 -31.63404801
17.58919557 -8.032228165 -28.45991627
18.72793891 -2.803563882 -30.30244169
19.62811197 -6.859233071 -27.86828333
15.70376294 -6.852685354 -30.02510732
20.58258554 9.399180459 -33.30332298
19.7478406 2.956242698 -31.9526773
22.71216304 7.936984465 -32.24706459
17.65978432 7.706238676 -33.76495947
23.78762773 -4.349277863 -26.51665534
20.91267061 -1.480747129 -29.76126469
21.70427831 -5.628808929 -27.21924328
24.68132661 -1.504060442 -27.49122857
20.27946452 -4.228107623 -28.83768325
11.59429511 -4.284088537 -32.6235653
16.64347267 -1.480702199 -31.72135743
13.69001361 -5.592431235 -31.42887379
11.82594834 -1.461767605 -33.32592438
16.19713887 -4.208664966 -30.9035227
26.38711383 4.824562221 -29.41436661
21.55087712 1.525936118 -30.6695099
24.66420483 6.39643919 -30.93127457
25.55498061 1.557300223 -28.46434571
22.14589694 4.617243988 -31.49177635
23.18771196 0 -29.1680098
12.21818209 4.514614584 -34.37903358
17.05889111 1.517660292 -32.51311751
14.86032412 6.070508266 -34.11561629
12.03675856 1.487825181 -33.91999475
17.39425517 4.519723695 -33.1875749
14.42232227 0 -32.95068915
41.69758341 59.71267564 2.962311261
50.05217889 56.79756268 9.239209301
39.48365898 59.17692309 7.619288292
46.59434547 59.32449747 0
51.23769351 36.17546632 17.84883752
53.78547001 48.46921314 14.72765656
34.35576568 56.57887927 16.1642614
46.79809091 55.29417159 13.82246945
37.0149669 58.11840963 12.06923638
43.42297385 57.67659213 10.76009969
55.38800032 56.04791424 -6.369737905
55.38800032 56.04791424 6.369737905
51.43554104 58.3236185 -3.163111277
51.43554104 58.3236185 3.163111277
35.09591104 2.683988176 20.66527363
38.76277754 8.77508837 20.60492852
46.94032995 25.09311258 19.42600323
42.71120095 16.10525125 20.24531531
21.50226531 44.1581856 27.29125958
32.56540629 45.20521142 27.93835713
24.82975935 47.97596911 25.51905352
47.96267492 34.84605484 21.53604626
42.20864951 42.03914505 25.9816205
49.38829886 40.71417433 20.51448543
31.3571978 54.33385545 20.00385994
36.29177498 48.38136763 25.36293766
28.19264752 51.48308572 23.08682207
37.43766073 54.26428343 19.25211636
30.65199393 48.70219394 25.73783849
49.1677594 51.48333209 16.73981203
41.66820235 46.90722382 24.33338221
49.96542833 46.52098467 18.94374109
43.47553763 53.33231588 18.15943568
46.09635106 44.37068424 22.72464757
39.97924593 51.05106599 22.06466475
52.25132933 32.29309748 -14.74686697
56.95047972 35.19733214 -5.269024509
54.67805339 38.51069481 -13.45793379
52.25132933 32.29309748 14.74686697
56.95047972 35.19733214 5.269024509
54.67805339 38.51069481 13.45793379
57.34014363 51.43883997 -9.404965076
59.52356303 41.82606754 -2.961545685
56.70853587 45.21866505 -11.72705316
59.71395308 53.61053891 -3.266983665
57.66915455 40.55456063 -8.455304465
57.34014363 51.43883997 9.404965076
59.52356303 41.82606754 2.961545685
56.70853587 45.21866505 11.72705316
59.71395308 53.61053891 3.266983665
57.66915455 40.55456063 8.455304465
61.04386186 48.52807908 0
19.09124247 -27.33945414 1.356294488
21.5511084 -24.4554874 3.978152513
18.49705146 -27.72282559 3.569435337
20.41658168 -25.99464454 0
25.87423951 -18.26804869 9.013385757
23.79941138 -21.44703286 6.51680755
17.05869063 -28.09314765 8.026051207
20.88758986 -24.67968148 6.169441252
17.81700883 -27.97506804 5.809479495
19.72857929 -26.20449776 4.888690506
22.91308552 -23.18608083 -2.635053595
22.91308552 -23.18608083 2.635053595
21.69672287 -24.60227621 -1.33427485
21.69672287 -24.60227621 1.33427485
32.70368893 -2.501041056 19.25667864
31.22950541 -7.069711901 16.60050614
27.79981369 -14.86107693 11.50480346
29.58658039 -11.15630795 14.02418185
13.20924501 -27.12720192 16.76553281
17.41788624 -24.17839418 14.9430694
14.2730595 -27.57835272 14.66929116
25.03683363 -18.18987117 11.24195863
21.31928307 -21.2336676 13.12312828
24.08293519 -19.8532212 10.00336182
16.1923922 -28.05719768 10.3296968
18.38188611 -24.50529879 12.84639926
15.27353752 -27.89127345 12.50742566
18.21272801 -26.39856805 9.365797756
16.38056695 -26.02667709 13.75441961
22.02884867 -23.06630494 7.500012008
20.37547248 -22.93731896 11.89886128
23.07619943 -21.48540612 8.749040326
20.16101679 -24.73192454 8.421119271
22.24502722 -21.41226054 10.96638654
19.32112275 -24.67189887 10.66338512
27.43466285 -16.95555411 -7.742871396
28.10427415 -17.36939666 -2.600190728
26.37472995 -18.5761766 -6.491624108
27.43466285 -16.95555411 7.742871396
28.10427415 -17.36939666 2.600190728
26.37472995 -18.5761766 6.491624108
24.14193599 -21.65730853 -3.959774958
26.88337602 -18.89043337 -1.337560156
25.27105477 -20.15081757 -5.22593289
24.28492934 -21.80274596 -1.328642024
26.71326035 -18.78551099 -3.916630151
24.14193599 -21.65730853 3.959774958
26.88337602 -18.89043337 1.337560156
25.27105477 -20.15081757 5.22593289
24.28492934 -21.80274596 1.328642024
26.71326035 -18.78551099 3.916630151
25.61596972 -20.36394433 0
2.366612062 -18.22164727 30.94589131
6.803450301 -15.97529292 30.05333045
3.815405787 -19.7716867 29.63321063
2.348024483 -15.88843789 31.85524044
14.99433708 -11.60796771 28.04909624
10.97170879 -13.79212908 29.09702257
6.647973038 -22.50773263 26.59395727
8.191180117 -17.40965812 28.67113933
5.255259978 -21.20789054 28.16939386
6.054887503 -18.56964711 29.15681001
2.326431122 -11.15890948 33.33106942
6.796449105 -13.74951513 31.01814795
2.337223589 -13.52008964 32.65318795
4.619280795 -14.80862167 31.44300231
31.24131855 -1.549863722 21.81592889
27.05790175 -4.401484954 23.8444552
30.67838789 -3.949976942 20.46904338
18.96923665 -9.35934923 26.86737816
22.97301089 -6.980484984 25.49276352
29.36191025 -8.388529408 17.82910728
26.6420708 -6.660000486 22.5484534
30.04354785 -6.239033089 19.13440055
28.64441467 -5.343879487 21.56551945
11.85711683 -26.4068452 19.18521804
13.5213355 -21.96619379 21.87798041
10.65381189 -25.64888344 21.14414013
14.09070463 -25.00001644 18.25769095
16.35077082 -12.88246192 26.45610293
15.00411916 -17.48904684 24.27717477
14.38553647 -13.9969693 27.04489227
8.073795302 -23.71415068 24.83097684
12.28787431 -21.04161389 23.68721559
9.382282913 -24.74642058 23.04048801
8.86135176 -21.21497818 26.02484016
11.50271619 -23.33295785 22.4594633
18.29232539 -22.17298935 16.43875634
15.72868419 -20.68274104 20.98572157
16.24266068 -23.58262841 17.33939155
14.93400398 -22.83967305 19.6688855
10.3582462 -16.23714502 28.13474266
13.04639448 -18.66805885 24.886802
12.37986879 -15.11777048 27.60682455
9.624233127 -18.71528137 27.12699759
13.73390163 -16.35613144 25.98785213
11.00071401 -19.93233324 25.4523775
2.338758749 -1.445432398 34.93413184
6.91905402 -4.276210554 33.87986449
2.334833992 -3.863484044 34.70775048
15.17450205 -9.378358032 29.11010786
11.23458484 -6.943355279 31.88463094
13.14255784 -10.47776008 29.61967658
2.335598873 -8.677796407 33.91613526
6.878586962 -6.65116866 33.33520206
2.332140033 -6.288516476 34.36644259
4.61750737 -10.09846028 33.01334575
4.644999941 -5.282633375 34.14046335
9.002951356 -12.63132959 30.56534069
9.106708579 -8.013976433 32.27064782
11.07802785 -11.56721109 30.10523264
6.85500813 -11.42369943 31.88213649
11.16832508 -9.273343962 31.03935147
6.884926031 -9.04474329 32.65967242
26.11675575 -16.14104273 12.71722113
24.18783159 -14.94890203 17.42468486
26.97928307 -14.35063807 13.96301354
24.23564396 -17.69946426 13.65988304
18.67472458 -11.54161452 25.70419373
21.69252569 -13.40671818 21.77999131
20.62607235 -10.39277519 25.02044171
17.97972352 -13.87617822 24.61939929
28.58641449 -10.52453626 16.49781423
24.87830991 -13.04194268 18.66168878
27.80878247 -12.47043381 15.22836464
27.43867747 -9.734812259 18.93031352
25.99928868 -13.73994555 16.36332934
20.37587381 -20.67435905 15.49531968
22.17593393 -16.44093942 18.29475462
22.3132387 -19.21553501 14.58978834
19.20974963 -20.05234261 17.84640556
23.27340333 -17.11203034 16.02968026
24.57059508 -7.98913214 23.46548015
23.57067818 -12.22741988 20.93809243
22.60086468 -9.203264548 24.27424725
26.09109086 -8.883909852 21.26898455
22.16890919 -11.35390758 23.03110349
25.49762129 -11.02026872 19.96776468
16.5274874 -18.39106141 22.29267193
20.87506068 -15.64574446 20.57367781
17.26131794 -16.16952529 23.47644355
17.91641595 -19.28510834 20.13100676
19.49886625 -14.80491338 22.64224529
20.07492113 -17.86650025 19.23137941
2.472030287 19.03331123 32.32434322
7.661823497 17.99085306 33.84507907
4.124638422 21.37415079 32.03493572
2.438974522 16.50387187 33.08914382
18.38155067 14.23020208 34.38537371
13.05991509 16.41713593 34.63495534
7.832210065 26.51714877 31.33127325
9.614676558 20.43517898 33.65372599
5.915257204 23.87134564 31.70712975
6.837300552 20.9692184 32.92445534
2.389588978 11.4618511 34.23593992
7.524299005 15.22198745 34.33996432
2.41423907 13.96559952 33.72916586
4.965475162 15.91846142 33.79951424
32.57558347 1.616055832 22.74765105
30.37247204 4.940663172 26.76538098
34.28421886 4.414243488 22.87490351
30.35745396 0 23.84319729
23.22691309 11.46007059 32.89780547
27.26563586 8.284824423 30.25621719
37.89941565 10.82764575 23.01324205
31.96355061 7.99026713 27.05227521
36.06705909 7.489913516 22.97070768
33.24117882 6.201448193 25.0262851
26.00012237 -2.954864017 25.69399425
27.97240554 3.179010214 27.64305555
28.15137202 -1.526755791 24.82666693
29.26176857 1.586976812 25.80592455
17.78044787 39.59862598 28.76936899
19.95544409 32.41877639 32.2885868
14.94239348 35.97357571 29.65549465
22.87549709 40.58617495 29.64037407
21.08391753 16.61161835 34.11449518
20.98706597 24.46286756 33.95778607
18.33378216 17.83856908 34.46761714
10.03967648 29.48828797 30.87704912
17.00365179 29.11685672 32.77777389
12.35376848 32.58391944 30.33769684
11.00755663 26.35321111 32.32801378
16.09800656 32.65438373 31.43193151
33.29002888 40.35241229 29.91673621
24.51459646 32.23594829 32.70817123
28.19369967 40.93427523 30.09738413
23.89017036 36.53699845 31.46463776
12.59285275 19.74001895 34.20431071
17.68491585 25.30530947 33.73506754
15.46398537 18.88396278 34.48433404
11.86437896 23.0714684 33.44110384
18.11046678 21.56831926 34.26936825
14.33175201 25.96788326 33.15940786
2.346949325 1.450494453 35.0564748
7.137582281 4.411268447 34.94991075
2.356784613 3.89980606 35.03405064
4.695722039 0 34.85287011
17.8288448 11.01883207 34.20208408
12.22613068 7.556164309 34.69871562
15.37130318 12.25460286 34.6426498
2.385165721 8.861959457 34.63591464
7.221621772 6.98286213 34.99762703
2.367911763 6.384973425 34.89357522
4.850734631 10.60852687 34.68082814
4.76604143 5.420290602 35.03011084
9.299237295 -2.854406908 33.6449566
9.559988436 2.93444464 34.58836309
7.036471209 -1.448640272 34.37510463
7.11094801 1.463973255 34.73894436
10.21985989 14.33867779 34.69678852
9.856622935 8.673907067 34.92805383
12.80613563 13.37162861 34.80147348
7.461779902 12.43486939 34.70418719
12.52722116 10.40166989 34.81603711
7.361445795 9.67074841 34.92011492
45.77531235 28.29069887 22.28970455
38.63125397 23.87542798 27.82958959
43.80512928 23.30052857 22.67115889
44.19784612 32.27800338 24.91113542
24.14422875 14.921954 33.23250796
31.20588149 19.28629541 31.33170555
26.4753965 13.34005036 32.11596001
24.53358297 18.9342383 33.59351296
39.86410017 14.67659289 23.00640115
37.01443324 19.40405592 27.76522344
41.81008113 18.7491074 22.89561442
36.77924148 13.04869782 25.37449456
40.46388527 21.38410736 25.46699985
38.01774409 38.57466428 28.91150111
36.31409819 26.9227844 29.95849093
41.6089545 35.83246397 27.20653183
33.48593032 34.95471623 31.1093848
40.28455365 29.61966906 27.74620048
30.374075 9.876134381 29.00793618
33.38239337 17.31730149 29.65394685
28.56701579 11.63273208 30.68213603
33.58135068 11.43431272 27.37490865
29.89257947 15.30962041 31.05516313
35.27767446 15.24728319 27.6267458
24.79803183 27.59415967 33.44818089
32.13400535 24.08426226 31.67007191
24.77552444 23.20845201 33.69622197
28.98195814 31.19598273 32.56432518
28.25484932 21.45307278 32.80976549
33.02160521 29.38893328 31.63404801
17.58919557 -8.032228165 28.45991627
18.72793891 -2.803563882 30.30244169
19.62811197 -6.859233071 27.86828333
15.70376294 -6.852685354 30.02510732
20.58258554 9.399180459 33.30332298
19.7478406 2.956242698 31.9526773
22.71216304 7.936984465 32.24706459
17.65978432 7.706238676 33.76495947
23.78762773 -4.349277863 26.51665534
20.91267061 -1.480747129 29.76126469
21.70427831 -5.628808929 27.21924328
24.68132661 -1.504060442 27.49122857
20.27946452 -4.228107623 28.83768325
11.59429511 -4.284088537 32.6235653
16.64347267 -1.480702199 31.72135743
13.69001361 -5.592431235 31.42887379
11.82594834 -1.461767605 33.32592438
16.19713887 -4.208664966 30.9035227
26.38711383 4.824562221 29.41436661
21.55087712 1.525936118 30.6695099
24.66420483 6.39643919 30.93127457
25.55498061 1.557300223 28.46434571
22.14589694 4.617243988 31.49177635
23.18771196 0 29.1680098
12.21818209 4.514614584 34.37903358
17.05889111 1.517660292 32.51311751
14.86032412 6.070508266 34.11561629
12.03675856 1.487825181 33.91999475
17.39425517 4.519723695 33.1875749
14.42232227 0 32.95068915
35.02223737 0 -18.42826805
37.81410293 0 -13.63137864
36.81252097 2.713421695 -18.36098064
34.22396021 -2.522620937 -17.06988422
40.80385752 0 -2.828011291
39.78236706 0 -8.379147104
40.62322267 8.901036445 -18.00718778
39.68182517 2.769699102 -13.28507914
38.69018339 5.683961707 -18.22180601
38.35830537 2.745579889 -15.8823
32.5030259 -7.121803714 -14.4077218
36.74727179 -2.564874102 -12.30261995
33.37925557 -4.903735103 -15.72053338
35.5838254 -2.546990396 -14.73352341
35.02223737 0 18.42826805
37.81410293 0 13.63137864
36.81252097 2.713421695 18.36098064
34.22396021 -2.522620937 17.06988422
40.80385752 0 2.828011291
39.78236706 0 8.379147104
40.62322267 8.901036445 18.00718778
39.68182517 2.769699102 13.28507914
38.69018339 5.683961707 18.22180601
38.35830537 2.745579889 15.8823
32.5030259 -7.121803714 14.4077218
36.74727179 -2.564874102 12.30261995
33.37925557 -4.903735103 15.72053338
35.5838254 -2.546990396 14.73352341
49.36587793 25.73341946 -15.90412787
48.10018892 16.94815456 -10.47453556
47.05470717 20.87866183 -16.64528413
51.85983963 27.12378741 -11.83606639
42.57400486 2.850230451 -1.761539294
45.61836188 9.316327407 -5.757806988
42.26652676 2.843322371 -4.704887222
42.73312961 12.58694582 -17.659749
45.90465521 12.95419663 -11.39979671
44.8342174 16.49795286 -17.22646901
42.33347839 9.102160974 -15.16852338
46.66043746 16.78897623 -13.94031336
54.88745811 28.79819726 -2.562058704
49.46516284 17.57973693 -6.495707479
53.8039892 28.19971993 -7.327415927
50.83304356 22.14222065 -9.04519527
40.83434091 2.812013806 -10.44789137
44.84787099 9.254180613 -8.948220965
41.6778959 2.828302327 -7.626397011
41.68094985 5.829826959 -12.74979578
43.63234972 5.936423879 -6.75133505
43.76382119 9.225771398 -12.11991728
28.65600773 -14.93778897 -9.232061302
32.2281552 -11.35562599 -7.018162825
29.65082503 -13.15637873 -10.48877864
29.17271789 -15.25794534 -6.65814295
39.24260829 -2.62720121 -1.623699643
35.7671545 -7.304482407 -4.514418398
38.97729268 -2.622051461 -4.338747003
31.56428918 -9.297189355 -13.04415168
33.36150025 -9.414544828 -8.284874796
30.62513779 -11.2693409 -11.76697214
33.59781679 -7.223898163 -12.03844543
31.5122947 -11.33849564 -9.414640897
29.70176383 -15.58383797 -1.386430802
32.61037698 -11.58960804 -4.282356663
29.52509145 -15.47467618 -4.020940241
30.90885349 -13.46349945 -5.499899197
37.73540013 -2.598608519 -9.654995098
35.27495753 -7.278847822 -7.038196185
38.47006163 -2.610615591 -7.039413979
35.66626438 -4.98856553 -10.9099622
37.1233182 -5.050833936 -5.744177451
34.52947645 -7.279096011 -9.562565307
49.36587793 25.73341946 15.90412787
48.10018892 16.94815456 10.47453556
47.05470717 20.87866183 16.64528413
51.85983963 27.12378741 11.83606639
42.57400486 2.850230451 1.761539294
45.61836188 9.316327407 5.757806988
42.26652676 2.843322371 4.704887222
44.37304291 5.978373513 0
42.73312961 12.58694582 17.659749
45.90465521 12.95419663 11.39979671
44.8342174 16.49795286 17.22646901
42.33347839 9.102160974 15.16852338
46.66043746 16.78897623 13.94031336
54.88745811 28.79819726 2.562058704
49.46516284 17.57973693 6.495707479
53.8039892 28.19971993 7.327415927
52.55672024 23.00376643 0
50.83304356 22.14222065 9.04519527
40.83434091 2.812013806 10.44789137
44.84787099 9.254180613 8.948220965
41.6778959 2.828302327 7.626397011
41.68094985 5.829826959 12.74979578
43.63234972 5.936423879 6.75133505
43.76382119 9.225771398 12.11991728
47.82261147 13.21784472 -4.057225996
47.82261147 13.21784472 4.057225996
46.14217062 9.445151037 -1.944529546
50.15867183 17.79917206 -2.200098661
46.14217062 9.445151037 1.944529546
50.15867183 17.79917206 2.200098661
28.65600773 -14.93778897 9.232061302
32.2281552 -11.35562599 7.018162825
29.65082503 -13.15637873 10.48877864
29.17271789 -15.25794534 6.65814295
39.24260829 -2.62720121 1.623699643
35.7671545 -7.304482407 4.514418398
38.97729268 -2.622051461 4.338747003
37.66794554 -5.074996735 0
31.56428918 -9.297189355 13.04415168
33.36150025 -9.414544828 8.284874796
30.62513779 -11.2693409 11.76697214
33.59781679 -7.223898163 12.03844543
31.5122947 -11.33849564 9.414640897
29.70176383 -15.58383797 1.386430802
32.61037698 -11.58960804 4.282356663
29.52509145 -15.47467618 4.020940241
31.28338957 -13.69255508 0
30.90885349 -13.46349945 5.499899197
37.73540013 -2.598608519 9.654995098
35.27495753 -7.278847822 7.038196185
38.47006163 -2.610615591 7.039413979
35.66626438 -4.98856553 10.9099622
37.1233182 -5.050833936 5.744177451
34.52947645 -7.279096011 9.562565307
34.37464261 -9.500917546 -2.916312792
34.37464261 -9.500917546 2.916312792
36.03018252 -7.375260228 -1.518388787
32.85171642 -11.65767217 -1.440967527
36.03018252 -7.375260228 1.518388787
32.85171642 -11.65767217 1.440967527
-19.09124247 27.33945414 -1.356294488
-21.5511084 24.4554874 -3.978152513
-18.49705146 27.72282559 -3.569435337
-25.87423951 18.26804869 -9.013385757
-23.79941138 21.44703286 -6.51680755
-17.05869063 28.09314765 -8.026051207
-20.88758986 24.67968148 -6.169441252
-17.81700883 27.97506804 -5.809479495
-19.72857929 26.20449776 -4.888690506
-32.70368893 2.501041056 -19.25667864
-31.22950541 7.069711901 -16.60050614
-27.79981369 14.86107693 -11.50480346
-29.58658039 11.15630795 -14.02418185
-13.20924501 27.12720192 -16.76553281
-17.41788624 24.17839418 -14.9430694
-14.2730595 27.57835272 -14.66929116
-25.03683363 18.18987117 -11.24195863
-21.31928307 21.2336676 -13.12312828
-24.08293519 19.8532212 -10.00336182
-16.1923922 28.05719768 -10.3296968
-18.38188611 24.50529879 -12.84639926
-15.27353752 27.89127345 -12.50742566
-18.21272801 26.39856805 -9.365797756
-16.38056695 26.02667709 -13.75441961
-22.02884867 23.06630494 -7.500012008
-20.37547248 22.93731896 -11.89886128
-23.07619943 21.48540612 -8.749040326
-20.16101679 24.73192454 -8.421119271
-22.24502722 21.41226054 -10.96638654
-19.32112275 24.67189887 -10.66338512
-41.69758341 -59.71267564 -2.962311261
-50.05217889 -56.79756268 -9.239209301
-39.48365898 -59.17692309 -7.619288292
-51.23769351 -36.17546632 -17.84883752
-53.78547001 -48.46921314 -14.72765656
-34.35576568 -56.57887927 -16.1642614
-46.79809091 -55.29417159 -13.82246945
-37.0149669 -58.11840963 -12.06923638
-43.42297385 -57.67659213 -10.76009969
-35.09591104 -2.683988176 -20.66527363
-38.76277754 -8.77508837 -20.60492852
-46.94032995 -25.09311258 -19.42600323
-42.71120095 -16.10525125 -20.24531531
-21.50226531 -44.1581856 -27.29125958
-32.56540629 -45.20521142 -27.93835713
-24.82975935 -47.97596911 -25.51905352
-47.96267492 -34.84605484 -21.53604626
-42.20864951 -42.03914505 -25.9816205
-49.38829886 -40.71417433 -20.51448543
-31.3571978 -54.33385545 -20.00385994
-36.29177498 -48.38136763 -25.36293766
-28.19264752 -51.48308572 -23.08682207
-37.43766073 -54.26428343 -19.25211636
-30.65199393 -48.70219394 -25.73783849
-49.1677594 -51.48333209 -16.73981203
-41.66820235 -46.90722382 -24.33338221
-49.96542833 -46.52098467 -18.94374109
-43.47553763 -53.33231588 -18.15943568
-46.09635106 -44.37068424 -22.72464757
-39.97924593 -51.05106599 -22.06466475
-2.472030287 -19.03331123 -32.32434322
-7.661823497 -17.99085306 -33.84507907
-4.124638422 -21.37415079 -32.03493572
-2.438974522 -16.50387187 -33.08914382
-18.38155067 -14.23020208 -34.38537371
-13.05991509 -16.41713593 -34.63495534
-7.832210065 -26.51714877 -31.33127325
-9.614676558 -20.43517898 -33.65372599
-5.915257204 -23.87134564 -31.70712975
-6.837300552 -20.9692184 -32.92445534
-2.389588978 -11.4618511 -34.23593992
-7.524299005 -15.22198745 -34.33996432
-2.41423907 -13.96559952 -33.72916586
-4.965475162 -15.91846142 -33.79951424
-32.57558347 -1.616055832 -22.74765105
-30.37247204 -4.940663172 -26.76538098
-34.28421886 -4.414243488 -22.87490351
-23.22691309 -11.46007059 -32.89780547
-27.26563586 -8.284824423 -30.25621719
-37.89941565 -10.82764575 -23.01324205
-31.96355061 -7.99026713 -27.05227521
-36.06705909 -7.489913516 -22.97070768
-33.24117882 -6.201448193 -25.0262851
-17.78044787 -39.59862598 -28.76936899
-19.95544409 -32.41877639 -32.2885868
-14.94239348 -35.97357571 -29.65549465
-22.87549709 -40.58617495 -29.64037407
-21.08391753 -16.61161835 -34.11449518
-20.98706597 -24.46286756 -33.95778607
-18.33378216 -17.83856908 -34.46761714
-10.03967648 -29.48828797 -30.87704912
-17.00365179 -29.11685672 -32.77777389
-12.35376848 -32.58391944 -30.33769684
-11.00755663 -26.35321111 -32.32801378
-16.09800656 -32.65438373 -31.43193151
-33.29002888 -40.35241229 -29.91673621
-24.51459646 -32.23594829 -32.70817123
-28.19369967 -40.93427523 -30.09738413
-23.89017036 -36.53699845 -31.46463776
-12.59285275 -19.74001895 -34.20431071
-17.68491585 -25.30530947 -33.73506754
-15.46398537 -18.88396278 -34.48433404
-11.86437896 -23.0714684 -33.44110384
-18.11046678 -21.56831926 -34.26936825
-14.33175201 -25.96788326 -33.15940786
-2.346949325 -1.450494453 -35.0564748
-7.137582281 -4.411268447 -34.94991075
-2.356784613 -3.89980606 -35.03405064
-17.8288448 -11.01883207 -34.20208408
-12.22613068 -7.556164309 -34.69871562
-15.37130318 -12.25460286 -34.6426498
-2.385165721 -8.861959457 -34.63591464
-7.221621772 -6.98286213 -34.99762703
-2.367911763 -6.384973425 -34.89357522
-4.850734631 -10.60852687 -34.68082814
-4.76604143 -5.420290602 -35.03011084
-10.21985989 -14.33867779 -34.69678852
-9.856622935 -8.673907067 -34.92805383
-12.80613563 -13.37162861 -34.80147348
-7.461779902 -12.43486939 -34.70418719
-12.52722116 -10.40166989 -34.81603711
-7.361445795 -9.67074841 -34.92011492
-45.77531235 -28.29069887 -22.28970455
-38.63125397 -23.87542798 -27.82958959
-43.80512928 -23.30052857 -22.67115889
-44.19784612 -32.27800338 -24.91113542
-24.14422875 -14.921954 -33.23250796
-31.20588149 -19.28629541 -31.33170555
-26.4753965 -13.34005036 -32.11596001
-24.53358297 -18.9342383 -33.59351296
-39.86410017 -14.67659289 -23.00640115
-37.01443324 -19.40405592 -27.76522344
-41.81008113 -18.7491074 -22.89561442
-36.77924148 -13.04869782 -25.37449456
-40.46388527 -21.38410736 -25.46699985
-38.01774409 -38.57466428 -28.91150111
-36.31409819 -26.9227844 -29.95849093
-41.6089545 -35.83246397 -27.20653183
-33.48593032 -34.95471623 -31.1093848
-40.28455365 -29.61966906 -27.74620048
-30.374075 -9.876134381 -29.00793618
-33.38239337 -17.31730149 -29.65394685
-28.56701579 -11.63273208 -30.68213603
-33.58135068 -11.43431272 -27.37490865
-29.89257947 -15.30962041 -31.05516313
-35.27767446 -15.24728319 -27.6267458
-24.79803183 -27.59415967 -33.44818089
-32.13400535 -24.08426226 -31.67007191
-24.77552444 -23.20845201 -33.69622197
-28.98195814 -31.19598273 -32.56432518
-28.25484932 -21.45307278 -32.80976549
-33.02160521 -29.38893328 -31.63404801
-2.366612062 18.22164727 -30.94589131
-6.803450301 15.97529292 -30.05333045
-3.815405787 19.7716867 -29.63321063
-2.348024483 15.88843789 -31.85524044
-14.99433708 11.60796771 -28.04909624
-10.97170879 13.79212908 -29.09702257
-6.647973038 22.50773263 -26.59395727
-8.191180117 17.40965812 -28.67113933
-5.255259978 21.20789054 -28.16939386
-6.054887503 18.56964711 -29.15681001
-2.326431122 11.15890948 -33.33106942
-6.796449105 13.74951513 -31.01814795
-2.337223589 13.52008964 -32.65318795
-4.619280795 14.80862167 -31.44300231
-31.24131855 1.549863722 -21.81592889
-27.05790175 4.401484954 -23.8444552
-30.67838789 3.949976942 -20.46904338
-30.35745396 0 -23.84319729
-18.96923665 9.35934923 -26.86737816
-22.97301089 6.980484984 -25.49276352
-29.36191025 8.388529408 -17.82910728
-26.6420708 6.660000486 -22.5484534
-30.04354785 6.239033089 -19.13440055
-28.64441467 5.343879487 -21.56551945
-27.97240554 -3.179010214 -27.64305555
-26.00012237 2.954864017 -25.69399425
-29.26176857 -1.586976812 -25.80592455
-28.15137202 1.526755791 -24.82666693
-11.85711683 26.4068452 -19.18521804
-13.5213355 21.96619379 -21.87798041
-10.65381189 25.64888344 -21.14414013
-14.09070463 25.00001644 -18.25769095
-16.35077082 12.88246192 -26.45610293
-15.00411916 17.48904684 -24.27717477
-14.38553647 13.9969693 -27.04489227
-8.073795302 23.71415068 -24.83097684
-12.28787431 21.04161389 -23.68721559
-9.382282913 24.74642058 -23.04048801
-8.86135176 21.21497818 -26.02484016
-11.50271619 23.33295785 -22.4594633
-18.29232539 22.17298935 -16.43875634
-15.72868419 20.68274104 -20.98572157
-16.24266068 23.58262841 -17.33939155
-14.93400398 22.83967305 -19.6688855
-10.3582462 16.23714502 -28.13474266
-13.04639448 18.66805885 -24.886802
-12.37986879 15.11777048 -27.60682455
-9.624233127 18.71528137 -27.12699759
-13.73390163 16.35613144 -25.98785213
-11.00071401 19.93233324 -25.4523775
-2.338758749 1.445432398 -34.93413184
-6.91905402 4.276210554 -33.87986449
-2.334833992 3.863484044 -34.70775048
-4.695722039 0 -34.85287011
-15.17450205 9.378358032 -29.11010786
-11.23458484 6.943355279 -31.88463094
-13.14255784 10.47776008 -29.61967658
-2.335598873 8.677796407 -33.91613526
-6.878586962 6.65116866 -33.33520206
-2.332140033 6.288516476 -34.36644259
-4.61750737 10.09846028 -33.01334575
-4.644999941 5.282633375 -34.14046335
-9.559988436 -2.93444464 -34.58836309
-9.299237295 2.854406908 -33.6449566
-7.11094801 -1.463973255 -34.73894436
-7.036471209 1.448640272 -34.37510463
-9.002951356 12.63132959 -30.56534069
-9.106708579 8.013976433 -32.27064782
-11.07802785 11.56721109 -30.10523264
-6.85500813 11.42369943 -31.88213649
-11.16832508 9.273343962 -31.03935147
-6.884926031 9.04474329 -32.65967242
-26.11675575 16.14104273 -12.71722113
-24.18783159 14.94890203 -17.42468486
-26.97928307 14.35063807 -13.96301354
-24.23564396 17.69946426 -13.65988304
-18.67472458 11.54161452 -25.70419373
-21.69252569 13.40671818 -21.77999131
-20.62607235 10.39277519 -25.02044171
-17.97972352 13.87617822 -24.61939929
-28.58641449 10.52453626 -16.49781423
-24.87830991 13.04194268 -18.66168878
-27.80878247 12.47043381 -15.22836464
-27.43867747 9.734812259 -18.93031352
-25.99928868 13.73994555 -16.36332934
-20.37587381 20.67435905 -15.49531968
-22.17593393 16.44093942 -18.29475462
-22.3132387 19.21553501 -14.58978834
-19.20974963 20.05234261 -17.84640556
-23.27340333 17.11203034 -16.02968026
-24.57059508 7.98913214 -23.46548015
-23.57067818 12.22741988 -20.93809243
-22.60086468 9.203264548 -24.27424725
-26.09109086 8.883909852 -21.26898455
-22.16890919 11.35390758 -23.03110349
-25.49762129 11.02026872 -19.96776468
-16.5274874 18.39106141 -22.29267193
-20.87506068 15.64574446 -20.57367781
-17.26131794 16.16952529 -23.47644355
-17.91641595 19.28510834 -20.13100676
-19.49886625 14.80491338 -22.64224529
-20.07492113 17.86650025 -19.23137941
-20.58258554 -9.399180459 -33.30332298
-19.7478406 -2.956242698 -31.9526773
-22.71216304 -7.936984465 -32.24706459
-17.65978432 -7.706238676 -33.76495947
-17.58919557 8.032228165 -28.45991627
-18.72793891 2.803563882 -30.30244169
-19.62811197 6.859233071 -27.86828333
-15.70376294 6.852685354 -30.02510732
-26.38711383 -4.824562221 -29.41436661
-21.55087712 -1.525936118 -30.6695099
-24.66420483 -6.39643919 -30.93127457
-25.55498061 -1.557300223 -28.46434571
-22.14589694 -4.617243988 -31.49177635
-12.21818209 -4.514614584 -34.37903358
-17.05889111 -1.517660292 -32.51311751
-14.86032412 -6.070508266 -34.11561629
-12.03675856 -1.487825181 -33.91999475
-17.39425517 -4.519723695 -33.1875749
-23.78762773 4.349277863 -26.51665534
-20.91267061 1.480747129 -29.76126469
-21.70427831 5.628808929 -27.21924328
-24.68132661 1.504060442 -27.49122857
-20.27946452 4.228107623 -28.83768325
-23.18771196 0 -29.1680098
-11.59429511 4.284088537 -32.6235653
-16.64347267 1.480702199 -31.72135743
-13.69001361 5.592431235 -31.42887379
-11.82594834 1.461767605 -33.32592438
-16.19713887 4.208664966 -30.9035227
-14.42232227 0 -32.95068915
-19.09124247 27.33945414 1.356294488
-21.5511084 24.4554874 3.978152513
-18.49705146 27.72282559 3.569435337
-20.41658168 25.99464454 0
-25.87423951 18.26804869 9.013385757
-23.79941138 21.44703286 6.51680755
-17.05869063 28.09314765 8.026051207
-20.88758986 24.67968148 6.169441252
-17.81700883 27.97506804 5.809479495
-19.72857929 26.20449776 4.888690506
-22.91308552 23.18608083 -2.635053595
-22.91308552 23.18608083 2.635053595
-21.69672287 24.60227621 -1.33427485
-21.69672287 24.60227621 1.33427485
-32.70368893 2.501041056 19.25667864
-31.22950541 7.069711901 16.60050614
-27.79981369 14.86107693 11.50480346
-29.58658039 11.15630795 14.02418185
-13.20924501 27.12720192 16.76553281
-17.41788624 24.17839418 14.9430694
-14.2730595 27.57835272 14.66929116
-25.03683363 18.18987117 11.24195863
-21.31928307 21.2336676 13.12312828
-24.08293519 19.8532212 10.00336182
-16.1923922 28.05719768 10.3296968
-18.38188611 24.50529879 12.84639926
-15.27353752 27.89127345 12.50742566
-18.21272801 26.39856805 9.365797756
-16.38056695 26.02667709 13.75441961
-22.02884867 23.06630494 7.500012008
-20.37547248 22.93731896 11.89886128
-23.07619943 21.48540612 8.749040326
-20.16101679 24.73192454 8.421119271
-22.24502722 21.41226054 10.96638654
-19.32112275 24.67189887 10.66338512
-27.43466285 16.95555411 -7.742871396
-28.10427415 17.36939666 -2.600190728
-26.37472995 18.5761766 -6.491624108
-27.43466285 16.95555411 7.742871396
-28.10427415 17.36939666 2.600190728
-26.37472995 18.5761766 6.491624108
-24.14193599 21.65730853 -3.959774958
-26.88337602 18.89043337 -1.337560156
-25.27105477 20.15081757 -5.22593289
-24.28492934 21.80274596 -1.328642024
-26.71326035 18.78551099 -3.916630151
-24.14193599 21.65730853 3.959774958
-26.88337602 18.89043337 1.337560156
-25.27105477 20.15081757 5.22593289
-24.28492934 21.80274596 1.328642024
-26.71326035 18.78551099 3.916630151
-25.61596972 20.36394433 0
-41.69758341 -59.71267564 2.962311261
-50.05217889 -56.79756268 9.239209301
-39.48365898 -59.17692309 7.619288292
-46.59434547 -59.32449747 0
-51.23769351 -36.17546632 17.84883752
-53.78547001 -48.46921314 14.72765656
-34.35576568 -56.57887927 16.1642614
-46.79809091 -55.29417159 13.82246945
-37.0149669 -58.11840963 12.06923638
-43.42297385 -57.67659213 10.76009969
-55.38800032 -56.04791424 -6.369737905
-55.38800032 -56.04791424 6.369737905
-51.43554104 -58.3236185 -3.163111277
-51.43554104 -58.3236185 3.163111277
-35.09591104 -2.683988176 20.66527363
-38.76277754 -8.77508837 20.60492852
-46.94032995 -25.09311258 19.42600323
-42.71120095 -16.10525125 20.24531531
-21.50226531 -44.1581856 27.29125958
-32.56540629 -45.20521142 27.93835713
-24.82975935 -47.97596911 25.51905352
-47.96267492 -34.84605484 21.53604626
-42.20864951 -42.03914505 25.9816205
-49.38829886 -40.71417433 20.51448543
-31.3571978 -54.33385545 20.00385994
-36.29177498 -48.38136763 25.36293766
-28.19264752 -51.48308572 23.08682207
-37.43766073 -54.26428343 19.25211636
-30.65199393 -48.70219394 25.73783849
-49.1677594 -51.48333209 16.73981203
-41.66820235 -46.90722382 24.33338221
-49.96542833 -46.52098467 18.94374109
-43.47553763 -53.33231588 18.15943568
-46.09635106 -44.37068424 22.72464757
-39.97924593 -51.05106599 22.06466475
-52.25132933 -32.29309748 -14.74686697
-56.95047972 -35.19733214 -5.269024509
-54.67805339 -38.51069481 -13.45793379
-52.25132933 -32.29309748 14.74686697
-56.95047972 -35.19733214 5.269024509
-54.67805339 -38.51069481 13.45793379
-57.34014363 -51.43883997 -9.404965076
-59.52356303 -41.82606754 -2.961545685
-56.70853587 -45.21866505 -11.72705316
-59.71395308 -53.61053891 -3.266983665
-57.66915455 -40.55456063 -8.455304465
-57.34014363 -51.43883997 9.404965076
-59.52356303 -41.82606754 2.961545685
-56.70853587 -45.21866505 11.72705316
-59.71395308 -53.61053891 3.266983665
-57.66915455 -40.55456063 8.455304465
-61.04386186 -48.52807908 0
-2.472030287 -19.03331123 32.32434322
-7.661823497 -17.99085306 33.84507907
-4.124638422 -21.37415079 32.03493572
-2.438974522 -16.50387187 33.08914382
-18.38155067 -14.23020208 34.38537371
-13.05991509 -16.41713593 34.63495534
-7.832210065 -26.51714877 31.33127325
-9.614676558 -20.43517898 33.65372599
-5.915257204 -23.87134564 31.70712975
-6.837300552 -20.9692184 32.92445534
-2.389588978 -11.4618511 34.23593992
-7.524299005 -15.22198745 34.33996432
-2.41423907 -13.96559952 33.72916586
-4.965475162 -15.91846142 33.79951424
-32.57558347 -1.616055832 22.74765105
-30.37247204 -4.940663172 26.76538098
-34.28421886 -4.414243488 22.87490351
-23.22691309 -11.46007059 32.89780547
-27.26563586 -8.284824423 30.25621719
-37.89941565 -10.82764575 23.01324205
-31.96355061 -7.99026713 27.05227521
-36.06705909 -7.489913516 22.97070768
-33.24117882 -6.201448193 25.0262851
-17.78044787 -39.59862598 28.76936899
-19.95544409 -32.41877639 32.2885868
-14.94239348 -35.97357571 29.65549465
-22.87549709 -40.58617495 29.64037407
-21.08391753 -16.61161835 34.11449518
-20.98706597 -24.46286756 33.95778607
-18.33378216 -17.83856908 34.46761714
-10.03967648 -29.48828797 30.87704912
-17.00365179 -29.11685672 32.77777389
-12.35376848 -32.58391944 30.33769684
-11.00755663 -26.35321111 32.32801378
-16.09800656 -32.65438373 31.43193151
-33.29002888 -40.35241229 29.91673621
-24.51459646 -32.23594829 32.70817123
-28.19369967 -40.93427523 30.09738413
-23.89017036 -36.53699845 31.46463776
-12.59285275 -19.74001895 34.20431071
-17.68491585 -25.30530947 33.73506754
-15.46398537 -18.88396278 34.48433404
-11.86437896 -23.0714684 33.44110384
-18.11046678 -21.56831926 34.26936825
-14.33175201 -25.96788326 33.15940786
-2.346949325 -1.450494453 35.0564748
-7.137582281 -4.411268447 34.94991075
-2.356784613 -3.89980606 35.03405064
-17.8288448 -11.01883207 34.20208408
-12.22613068 -7.556164309 34.69871562
-15.37130318 -12.25460286 34.6426498
-2.385165721 -8.861959457 34.63591464
-7.221621772 -6.98286213 34.99762703
-2.367911763 -6.384973425 34.89357522
-4.850734631 -10.60852687 34.68082814
-4.76604143 -5.420290602 35.03011084
-10.21985989 -14.33867779 34.69678852
-9.856622935 -8.673907067 34.92805383
-12.80613563 -13.37162861 34.80147348
-7.461779902 -12.43486939 34.70418719
-12.52722116 -10.40166989 34.81603711
-7.361445795 -9.67074841 34.92011492
-45.77531235 -28.29069887 22.28970455
-38.63125397 -23.87542798 27.82958959
-43.80512928 -23.30052857 22.67115889
-44.19784612 -32.27800338 24.91113542
-24.14422875 -14.921954 33.23250796
-31.20588149 -19.28629541 31.33170555
-26.4753965 -13.34005036 32.11596001
-24.53358297 -18.9342383 33.59351296
-39.86410017 -14.67659289 23.00640115
-37.01443324 -19.40405592 27.76522344
-41.81008113 -18.7491074 22.89561442
-36.77924148 -13.04869782 25.37449456
-40.46388527 -21.38410736 25.46699985
-38.01774409 -38.57466428 28.91150111
-36.31409819 -26.9227844 29.95849093
-41.6089545 -35.83246397 27.20653183
-33.48593032 -34.95471623 31.1093848
-40.28455365 -29.61966906 27.74620048
-30.374075 -9.876134381 29.00793618
-33.38239337 -17.31730149 29.65394685
-28.56701579 -11.63273208 30.68213603
-33.58135068 -11.43431272 27.37490865
-29.89257947 -15.30962041 31.05516313
-35.27767446 -15.24728319 27.6267458
-24.79803183 -27.59415967 33.44818089
-32.13400535 -24.08426226 31.67007191
-24.77552444 -23.20845201 33.69622197
-28.98195814 -31.19598273 32.56432518
-28.25484932 -21.45307278 32.80976549
-33.02160521 -29.38893328 31.63404801
-2.366612062 18.22164727 30.94589131
-6.803450301 15.97529292 30.05333045
-3.815405787 19.7716867 29.63321063
-2.348024483 15.88843789 31.85524044
-14.99433708 11.60796771 28.04909624
-10.97170879 13.79212908 29.09702257
-6.647973038 22.50773263 26.59395727
-8.191180117 17.40965812 28.67113933
-5.255259978 21.20789054 28.16939386
-6.054887503 18.56964711 29.15681001
-2.326431122 11.15890948 33.33106942
-6.796449105 13.74951513 31.01814795
-2.337223589 13.52008964 32.65318795
-4.619280795 14.80862167 31.44300231
-31.24131855 1.549863722 21.81592889
-27.05790175 4.401484954 23.8444552
-30.67838789 3.949976942 20.46904338
-30.35745396 0 23.84319729
-18.96923665 9.35934923 26.86737816
-22.97301089 6.980484984 25.49276352
-29.36191025 8.388529408 17.82910728
-26.6420708 6.660000486 22.5484534
-30.04354785 6.239033089 19.13440055
-28.64441467 5.343879487 21.56551945
-27.97240554 -3.179010214 27.64305555
-26.00012237 2.954864017 25.69399425
-29.26176857 -1.586976812 25.80592455
-28.15137202 1.526755791 24.82666693
-11.85711683 26.4068452 19.18521804
-13.5213355 21.96619379 21.87798041
-10.65381189 25.64888344 21.14414013
-14.09070463 25.00001644 18.25769095
-16.35077082 12.88246192 26.45610293
-15.00411916 17.48904684 24.27717477
-14.38553647 13.9969693 27.04489227
-8.073795302 23.71415068 24.83097684
-12.28787431 21.04161389 23.68721559
-9.382282913 24.74642058 23.04048801
-8.86135176 21.21497818 26.02484016
-11.50271619 23.33295785 22.4594633
-18.29232539 22.17298935 16.43875634
-15.72868419 20.68274104 20.98572157
-16.24266068 23.58262841 17.33939155
-14.93400398 22.83967305 19.6688855
-10.3582462 16.23714502 28.13474266
-13.04639448 18.66805885 24.886802
-12.37986879 15.11777048 27.60682455
-9.624233127 18.71528137 27.12699759
-13.73390163 16.35613144 25.98785213
-11.00071401 19.93233324 25.4523775
-2.338758749 1.445432398 34.93413184
-6.91905402 4.276210554 33.87986449
-2.334833992 3.863484044 34.70775048
-4.695722039 0 34.85287011
-15.17450205 9.378358032 29.11010786
-11.23458484 6.943355279 31.88463094
-13.14255784 10.47776008 29.61967658
-2.335598873 8.677796407 33.91613526
-6.878586962 6.65116866 33.33520206
-2.332140033 6.288516476 34.36644259
-4.61750737 10.09846028 33.01334575
-4.644999941 5.282633375 34.14046335
-9.559988436 -2.93444464 34.58836309
-9.299237295 2.854406908 33.6449566
-7.11094801 -1.463973255 34.73894436
-7.036471209 1.448640272 34.37510463
-9.002951356 12.63132959 30.56534069
-9.106708579 8.013976433 32.27064782
-11.07802785 11.56721109 30.10523264
-6.85500813 11.42369943 31.88213649
-11.16832508 9.273343962 31.03935147
-6.884926031 9.04474329 32.65967242
-26.11675575 16.14104273 12.71722113
-24.18783159 14.94890203 17.42468486
-26.97928307 14.35063807 13.96301354
-24.23564396 17.69946426 13.65988304
-18.67472458 11.54161452 25.70419373
-21.69252569 13.40671818 21.77999131
-20.62607235 10.39277519 25.02044171
-17.97972352 13.87617822 24.61939929
-28.58641449 10.52453626 16.49781423
-24.87830991 13.04194268 18.66168878
-27.80878247 12.47043381 15.22836464
-27.43867747 9.734812259 18.93031352
-25.99928868 13.73994555 16.36332934
-20.37587381 20.67435905 15.49531968
-22.17593393 16.44093942 18.29475462
-22.3132387 19.21553501 14.58978834
-19.20974963 20.05234261 17.84640556
-23.27340333 17.11203034 16.02968026
-24.57059508 7.98913214 23.46548015
-23.57067818 12.22741988 20.93809243
-22.60086468 9.203264548 24.27424725
-26.09109086 8.883909852 21.26898455
-22.16890919 11.35390758 23.03110349
-25.49762129 11.02026872 19.96776468
-16.5274874 18.39106141 22.29267193
-20.87506068 15.64574446 20.57367781
-17.26131794 16.16952529 23.47644355
-17.91641595 19.28510834 20.13100676
-19.49886625 14.80491338 22.64224529
-20.07492113 17.86650025 19.23137941
-20.58258554 -9.399180459 33.30332298
-19.7478406 -2.956242698 31.9526773
-22.71216304 -7.936984465 32.24706459
-17.65978432 -7.706238676 33.76495947
-17.58919557 8.032228165 28.45991627
-18.72793891 2.803563882 30.30244169
-19.62811197 6.859233071 27.86828333
-15.70376294 6.852685354 30.02510732
-26.38711383 -4.824562221 29.41436661
-21.55087712 -1.525936118 30.6695099
-24.66420483 -6.39643919 30.93127457
-25.55498061 -1.557300223 28.46434571
-22.14589694 -4.617243988 31.49177635
-12.21818209 -4.514614584 34.37903358
-17.05889111 -1.517660292 32.51311751
-14.86032412 -6.070508266 34.11561629
-12.03675856 -1.487825181 33.91999475
-17.39425517 -4.519723695 33.1875749
-23.78762773 4.349277863 26.51665534
-20.91267061 1.480747129 29.76126469
-21.70427831 5.628808929 27.21924328
-24.68132661 1.504060442 27.49122857
-20.27946452 4.228107623 28.83768325
-23.18771196 0 29.1680098
-11.59429511 4.284088537 32.6235653
-16.64347267 1.480702199 31.72135743
-13.69001361 5.592431235 31.42887379
-11.82594834 1.461767605 33.32592438
-16.19713887 4.208664966 30.9035227
-14.42232227 0 32.95068915
-35.02223737 0 -18.42826805
-37.81410293 0 -13.63137864
-34.22396021 2.522620937 -17.06988422
-36.81252097 -2.713421695 -18.36098064
-40.80385752 0 -2.828011291
-39.78236706 0 -8.379147104
-32.5030259 7.121803714 -14.4077218
-36.74727179 2.564874102 -12.30261995
-33.37925557 4.903735103 -15.72053338
-35.5838254 2.546990396 -14.73352341
-40.62322267 -8.901036445 -18.00718778
-39.68182517 -2.769699102 -13.28507914
-38.69018339 -5.683961707 -18.22180601
-38.35830537 -2.745579889 -15.8823
-35.02223737 0 18.42826805
-37.81410293 0 13.63137864
-34.22396021 2.522620937 17.06988422
-36.81252097 -2.713421695 18.36098064
-40.80385752 0 2.828011291
-39.78236706 0 8.379147104
-32.5030259 7.121803714 14.4077218
-36.74727179 2.564874102 12.30261995
-33.37925557 4.903735103 15.72053338
-35.5838254 2.546990396 14.73352341
-40.62322267 -8.901036445 18.00718778
-39.68182517 -2.769699102 13.28507914
-38.69018339 -5.683961707 18.22180601
-38.35830537 -2.745579889 15.8823
-28.65600773 14.93778897 -9.232061302
-32.2281552 11.35562599 -7.018162825
-29.65082503 13.15637873 -10.48877864
-29.17271789 15.25794534 -6.65814295
-39.24260829 2.62720121 -1.623699643
-35.7671545 7.304482407 -4.514418398
-38.97729268 2.622051461 -4.338747003
-31.56428918 9.297189355 -13.04415168
-33.36150025 9.414544828 -8.284874796
-30.62513779 11.2693409 -11.76697214
-33.59781679 7.223898163 -12.03844543
-31.5122947 11.33849564 -9.414640897
-29.70176383 15.58383797 -1.386430802
-32.61037698 11.58960804 -4.282356663
-29.52509145 15.47467618 -4.020940241
-30.90885349 13.46349945 -5.499899197
-37.73540013 2.598608519 -9.654995098
-35.27495753 7.278847822 -7.038196185
-38.47006163 2.610615591 -7.039413979
-35.66626438 4.98856553 -10.9099622
-37.1233182 5.050833936 -5.744177451
-34.52947645 7.279096011 -9.562565307
-49.36587793 -25.73341946 -15.90412787
-48.10018892 -16.94815456 -10.47453556
-47.05470717 -20.87866183 -16.64528413
-51.85983963 -27.12378741 -11.83606639
-42.57400486 -2.850230451 -1.761539294
-45.61836188 -9.316327407 -5.757806988
-42.26652676 -2.843322371 -4.704887222
-42.73312961 -12.58694582 -17.659749
-45.90465521 -12.95419663 -11.39979671
-44.8342174 -16.49795286 -17.22646901
-42.33347839 -9.102160974 -15.16852338
-46.66043746 -16.78897623 -13.94031336
-54.88745811 -28.79819726 -2.562058704
-49.46516284 -17.57973693 -6.495707479
-53.8039892 -28.19971993 -7.327415927
-50.83304356 -22.14222065 -9.04519527
-40.83434091 -2.812013806 -10.44789137
-44.84787099 -9.254180613 -8.948220965
-41.6778959 -2.828302327 -7.626397011
-41.68094985 -5.829826959 -12.74979578
-43.63234972 -5.936423879 -6.75133505
-43.76382119 -9.225771398 -12.11991728
-28.65600773 14.93778897 9.232061302
-32.2281552 11.35562599 7.018162825
-29.65082503 13.15637873 10.48877864
-29.17271789 15.25794534 6.65814295
-39.24260829 2.62720121 1.623699643
-35.7671545 7.304482407 4.514418398
-38.97729268 2.622051461 4.338747003
-37.66794554 5.074996735 0
-31.56428918 9.297189355 13.04415168
-33.36150025 9.414544828 8.284874796
-30.62513779 11.2693409 11.76697214
-33.59781679 7.223898163 12.03844543
-31.5122947 11.33849564 9.414640897
-29.70176383 15.58383797 1.386430802
-32.61037698 11.58960804 4.282356663
-29.52509145 15.47467618 4.020940241
-31.28338957 13.69255508 0
-30.90885349 13.46349945 5.499899197
-37.73540013 2.598608519 9.654995098
-35.27495753 7.278847822 7.038196185
-38.47006163 2.610615591 7.039413979
-35.66626438 4.98856553 10.9099622
-37.1233182 5.050833936 5.744177451
-34.52947645 7.279096011 9.562565307
-34.37464261 9.500917546 -2.916312792
-34.37464261 9.500917546 2.916312792
-36.03018252 7.375260228 -1.518388787
-32.85171642 11.65767217 -1.440967527
-36.03018252 7.375260228 1.518388787
-32.85171642 11.65767217 1.440967527
-49.36587793 -25.73341946 15.90412787
-48.10018892 -16.94815456 10.47453556
-47.05470717 -20.87866183 16.64528413
-51.85983963 -27.12378741 11.83606639
-42.57400486 -2.850230451 1.761539294
-45.61836188 -9.316327407 5.757806988
-42.26652676 -2.843322371 4.704887222
-44.37304291 -5.978373513 0
-42.73312961 -12.58694582 17.659749
-45.90465521 -12.95419663 11.39979671
-44.8342174 -16.49795286 17.22646901
-42.33347839 -9.102160974 15.16852338
-46.66043746 -16.78897623 13.94031336
-54.88745811 -28.79819726 2.562058704
-49.46516284 -17.57973693 6.495707479
-53.8039892 -28.19971993 7.327415927
-52.55672024 -23.00376643 0
-50.83304356 -22.14222065 9.04519527
-40.83434091 -2.812013806 10.44789137
-44.84787099 -9.254180613 8.948220965
-41.6778959 -2.828302327 7.626397011
-41.68094985 -5.829826959 12.74979578
-43.63234972 -5.936423879 6.75133505
-43.76382119 -9.225771398 12.11991728
-47.82261147 -13.21784472 -4.057225996
-47.82261147 -13.21784472 4.057225996
-46.14217062 -9.445151037 -1.944529546
-50.15867183 -17.79917206 -2.200098661
-46.14217062 -9.445151037 1.944529546
-50.15867183 -17.79917206 2.200098661
