-31.953579 51.701977 0.000000
35.240009 57.019532 0.000000
-35.240009 -57.019532 0.000000
31.953579 -51.701977 0.000000
0.000000 -19.200304 31.066744
0.000000 19.200304 31.066744
0.000000 -19.200304 -31.066744
0.000000 19.200304 -31.066744
44.440725 0.000000 -27.465878
44.440725 0.000000 27.465878
-44.440725 0.000000 -27.465878
-44.440725 0.000000 27.465878
0.000000 62.654487 0.000000
0.000000 -62.654487 0.000000
-14.793172 -38.729026 23.935855
13.376297 -35.019601 21.643304
-13.376297 35.019601 21.643304
14.793172 38.729026 23.935855
0.000000 0.000000 34.678811
-14.793172 -38.729026 -23.935855
13.376297 -35.019601 -21.643304
-13.376297 35.019601 -21.643304
14.793172 38.729026 -23.935855
0.000000 0.000000 -34.678811
45.662584 28.221029 -17.441555
45.680657 -28.232198 -17.448458
19.315282 -11.937501 -31.252783
20.369434 12.589003 -32.958437
45.662584 28.221029 17.441555
45.680657 -28.232198 17.448458
19.315282 -11.937501 31.252783
20.369434 12.589003 32.958437
70.713103 0.000000 0.000000
-45.680657 28.232198 -17.448458
-45.662584 -28.221029 -17.441555
-20.369434 -12.589003 -32.958437
-19.315282 11.937501 -31.252783
-45.680657 28.232198 17.448458
-45.662584 -28.221029 17.441555
-20.369434 -12.589003 32.958437
-19.315282 11.937501 31.252783
-70.713103 0.000000 0.000000
-16.500700 58.084890 0.000000
17.861761 62.876025 0.000000
-17.861761 -62.876025 0.000000
16.500700 -58.084890 0.000000
-25.763084 -51.222831 15.431652
-6.480245 -27.990351 28.323839
-9.061896 -53.049265 14.662456
22.315568 -44.368390 13.366648
6.220287 -26.867505 27.187615
8.436724 -49.389445 13.650907
0.000000 -37.286572 23.044369
-22.315568 44.368390 13.366648
-6.220287 26.867505 27.187615
-8.436724 49.389445 13.650907
25.763084 51.222831 15.431652
6.480245 27.990351 28.323839
9.061896 53.049265 14.662456
0.000000 37.286572 23.044369
0.000000 -9.577238 33.713286
0.000000 9.577238 33.713286
-25.763084 -51.222831 -15.431652
-6.480245 -27.990351 -28.323839
-9.061896 -53.049265 -14.662456
22.315568 -44.368390 -13.366648
6.220287 -26.867505 -27.187615
8.436724 -49.389445 -13.650907
0.000000 -37.286572 -23.044369
-22.315568 44.368390 -13.366648
-6.220287 26.867505 -27.187615
-8.436724 49.389445 -13.650907
25.763084 51.222831 -15.431652
6.480245 27.990351 -28.323839
9.061896 53.049265 -14.662456
0.000000 37.286572 -23.044369
0.000000 -9.577238 -33.713286
0.000000 9.577238 -33.713286
43.788091 44.309799 -10.137691
46.024725 13.865644 -23.148640
30.942529 36.228144 -22.390224
40.830030 -41.316494 -9.452850
47.716837 -14.375418 -23.999706
27.559823 -32.267603 -19.942475
9.413370 -15.715585 -31.246133
31.105992 -7.116777 -30.739747
16.768998 -23.174186 -27.132809
9.354817 -5.781595 -33.846047
30.879484 -19.084571 -26.374228
9.798687 16.358870 -32.525130
31.893905 7.297044 -31.518383
18.290940 25.277458 -29.595363
9.504835 5.874311 -34.388817
32.829377 20.289671 -28.039635
20.772109 0.000000 -33.609978
43.788091 44.309799 10.137691
46.024725 13.865644 23.148640
30.942529 36.228144 22.390224
56.938454 35.189900 0.000000
40.830030 -41.316494 9.452850
47.716837 -14.375418 23.999706
27.559823 -32.267603 19.942475
59.875063 -37.004824 0.000000
9.413370 -15.715585 31.246133
31.105992 -7.116777 30.739747
16.768998 -23.174186 27.132809
9.354817 -5.781595 33.846047
30.879484 -19.084571 26.374228
9.798687 16.358870 32.525130
31.893905 7.297044 31.518383
18.290940 25.277458 29.595363
9.504835 5.874311 34.388817
32.829377 20.289671 28.039635
20.772109 0.000000 33.609978
60.390523 0.000000 -17.155682
60.390523 0.000000 17.155682
60.394055 16.692506 -10.316536
67.271915 -18.593500 -11.491415
60.394055 16.692506 10.316536
67.271915 -18.593500 11.491415
-40.830030 41.316494 -9.452850
-47.716837 14.375418 -23.999706
-27.559823 32.267603 -19.942475
-43.788091 -44.309799 -10.137691
-46.024725 -13.865644 -23.148640
-30.942529 -36.228144 -22.390224
-9.798687 -16.358870 -32.525130
-31.893905 -7.297044 -31.518383
-18.290940 -25.277458 -29.595363
-9.504835 -5.874311 -34.388817
-32.829377 -20.289671 -28.039635
-9.413370 15.715585 -31.246133
-31.105992 7.116777 -30.739747
-16.768998 23.174186 -27.132809
-9.354817 5.781595 -33.846047
-30.879484 19.084571 -26.374228
-20.772109 0.000000 -33.609978
-40.830030 41.316494 9.452850
-47.716837 14.375418 23.999706
-27.559823 32.267603 19.942475
-59.875063 37.004824 0.000000
-43.788091 -44.309799 10.137691
-46.024725 -13.865644 23.148640
-30.942529 -36.228144 22.390224
-56.938454 -35.189900 0.000000
-9.798687 -16.358870 32.525130
-31.893905 -7.297044 31.518383
-18.290940 -25.277458 29.595363
-9.504835 -5.874311 34.388817
-32.829377 -20.289671 28.039635
-9.413370 15.715585 31.246133
-31.105992 7.116777 30.739747
-16.768998 23.174186 27.132809
-9.354817 5.781595 33.846047
-30.879484 19.084571 26.374228
-20.772109 0.000000 33.609978
-60.390523 0.000000 -17.155682
-60.390523 0.000000 17.155682
-67.271915 18.593500 -11.491415
-60.394055 -16.692506 -10.316536
-67.271915 18.593500 11.491415
-60.394055 -16.692506 10.316536
-24.262480 55.041350 0.000000
-8.456854 60.716642 0.000000
26.759986 60.707138 0.000000
8.843042 63.489309 0.000000
-26.759986 -60.707138 0.000000
-8.843042 -63.489309 0.000000
24.262480 -55.041350 0.000000
8.456854 -60.716642 0.000000
-31.314465 -55.909313 8.480835
-19.995225 -44.993238 20.452410
-22.866961 -59.001503 8.404010
-3.085622 -23.427373 29.828022
-10.327255 -33.046174 26.432728
-4.963856 -59.613276 8.031688
-12.287526 -45.870649 19.881634
-13.697140 -60.135351 8.263228
-17.412752 -52.958879 15.263973
27.647147 -49.361629 7.487623
17.554818 -39.501837 17.956205
20.322350 -52.435878 7.468820
3.031163 -23.013892 29.301573
9.637906 -30.840326 24.668330
0.000000 -27.486083 27.813562
4.798534 -57.627848 7.764191
11.186142 -41.759064 18.099557
12.586820 -55.260648 7.593393
0.000000 -51.433321 14.215820
15.427610 -46.921298 13.523803
-7.115053 -38.213512 23.617249
6.740154 -36.200004 22.372833
-3.391495 -32.610293 25.924226
-4.025923 -44.648172 19.542242
3.309568 -31.822538 25.297984
3.892407 -43.167456 18.894141
-27.647147 49.361629 7.487623
-17.554818 39.501837 17.956205
-20.322350 52.435878 7.468820
-3.031163 23.013892 29.301573
-9.637906 30.840326 24.668330
-4.798534 57.627848 7.764191
-11.186142 41.759064 18.099557
-12.586820 55.260648 7.593393
-15.427610 46.921298 13.523803
31.314465 55.909313 8.480835
19.995225 44.993238 20.452410
22.866961 59.001503 8.404010
3.085622 23.427373 29.828022
10.327255 33.046174 26.432728
0.000000 27.486083 27.813562
4.963856 59.613276 8.031688
12.287526 45.870649 19.881634
13.697140 60.135351 8.263228
0.000000 51.433321 14.215820
17.412752 52.958879 15.263973
-6.740154 36.200004 22.372833
7.115053 38.213512 23.617249
-3.309568 31.822538 25.297984
-3.892407 43.167456 18.894141
3.391495 32.610293 25.924226
4.025923 44.648172 19.542242
0.000000 -14.359712 32.576139
0.000000 -4.795776 34.431650
0.000000 14.359712 32.576139
0.000000 4.795776 34.431650
-31.314465 -55.909313 -8.480835
-19.995225 -44.993238 -20.452410
-22.866961 -59.001503 -8.404010
-3.085622 -23.427373 -29.828022
-10.327255 -33.046174 -26.432728
-4.963856 -59.613276 -8.031688
-12.287526 -45.870649 -19.881634
-13.697140 -60.135351 -8.263228
-17.412752 -52.958879 -15.263973
27.647147 -49.361629 -7.487623
17.554818 -39.501837 -17.956205
20.322350 -52.435878 -7.468820
3.031163 -23.013892 -29.301573
9.637906 -30.840326 -24.668330
0.000000 -27.486083 -27.813562
4.798534 -57.627848 -7.764191
11.186142 -41.759064 -18.099557
12.586820 -55.260648 -7.593393
0.000000 -51.433321 -14.215820
15.427610 -46.921298 -13.523803
-7.115053 -38.213512 -23.617249
6.740154 -36.200004 -22.372833
-3.391495 -32.610293 -25.924226
-4.025923 -44.648172 -19.542242
3.309568 -31.822538 -25.297984
3.892407 -43.167456 -18.894141
-27.647147 49.361629 -7.487623
-17.554818 39.501837 -17.956205
-20.322350 52.435878 -7.468820
-3.031163 23.013892 -29.301573
-9.637906 30.840326 -24.668330
-4.798534 57.627848 -7.764191
-11.186142 41.759064 -18.099557
-12.586820 55.260648 -7.593393
-15.427610 46.921298 -13.523803
31.314465 55.909313 -8.480835
19.995225 44.993238 -20.452410
22.866961 59.001503 -8.404010
3.085622 23.427373 -29.828022
10.327255 33.046174 -26.432728
0.000000 27.486083 -27.813562
4.963856 59.613276 -8.031688
12.287526 45.870649 -19.881634
13.697140 60.135351 -8.263228
0.000000 51.433321 -14.215820
17.412752 52.958879 -15.263973
-6.740154 36.200004 -22.372833
7.115053 38.213512 -23.617249
-3.309568 31.822538 -25.297984
-3.892407 43.167456 -18.894141
3.391495 32.610293 -25.924226
4.025923 44.648172 -19.542242
0.000000 -14.359712 -32.576139
0.000000 -4.795776 -34.431650
0.000000 14.359712 -32.576139
0.000000 4.795776 -34.431650
40.760819 51.897179 -5.368613
45.090464 36.066624 -14.091215
35.161712 48.789186 -13.111994
45.723728 6.935793 -25.609581
45.942779 20.884040 -20.417205
22.921961 38.268128 -23.651004
38.444543 32.702881 -20.211492
28.827089 43.758352 -19.333783
37.312111 40.476029 -17.059551
37.219608 -47.388466 -4.902200
43.534336 -34.821921 -13.604909
31.049763 -43.083587 -11.578626
46.768631 -7.094293 -26.194825
47.205491 -21.458026 -20.978361
20.203430 -33.729551 -20.846009
35.874066 -30.516303 -18.860113
25.127430 -38.142421 -16.852493
33.755218 -36.617526 -15.433296
4.729517 -17.463174 -31.179011
14.216776 -13.898979 -31.275471
7.899642 -21.184034 -29.394240
4.653556 -12.662131 -32.670925
37.851366 -3.915614 -29.729027
24.895487 -9.726656 -31.124317
38.857477 -10.442868 -28.004062
15.199861 -28.911854 -24.593892
18.140090 -17.580921 -29.351282
11.452967 -25.049567 -27.173671
21.829017 -27.492857 -23.992412
12.991448 -19.370529 -29.403679
4.644357 -2.870371 -34.471628
14.210429 -8.782528 -32.786118
4.646140 -7.701449 -33.812121
9.438885 -10.767639 -32.748535
37.758673 -23.336143 -22.616807
24.809610 -15.333182 -29.165446
38.716492 -17.106135 -25.505617
29.394891 -25.652275 -23.339210
31.252816 -13.172216 -28.809855
23.399128 -21.289230 -26.813015
4.837021 17.860121 -31.887727
14.962280 14.627819 -32.915505
8.248862 22.120519 -30.693674
4.732937 12.878125 -33.228233
38.004540 3.931460 -29.849333
26.020081 10.166034 -32.530284
39.124820 10.514716 -28.196732
32.049911 0.000000 -31.672552
16.747434 31.855512 -27.097917
19.499988 18.898901 -31.551644
12.275140 26.847798 -29.124384
24.348850 30.666496 -26.761976
13.835723 20.629362 -31.314536
4.663411 2.882147 -34.613051
14.697232 9.083389 -33.909262
4.696311 7.784613 -34.177240
9.529014 0.000000 -34.476296
9.715742 11.083471 -33.709102
39.146136 24.193643 -23.447874
26.498489 16.376967 -31.150842
39.359050 17.390037 -25.928920
32.086830 28.001470 -25.476579
32.624413 13.750307 -30.074238
25.555145 23.250839 -29.283591
20.232621 -6.095383 -32.737069
20.821361 6.272750 -33.689670
25.821307 -3.378031 -32.480830
14.816022 -3.052268 -33.850175
26.230362 3.431545 -32.995384
14.999575 3.090082 -34.269539
40.760819 51.897179 5.368613
45.090464 36.066624 14.091215
35.161712 48.789186 13.111994
47.329958 47.893865 0.000000
45.723728 6.935793 25.609581
45.942779 20.884040 20.417205
22.921961 38.268128 23.651004
38.444543 32.702881 20.211492
28.827089 43.758352 19.333783
37.312111 40.476029 17.059551
52.602539 32.510157 -9.794176
52.602539 32.510157 9.794176
51.278903 40.765223 -5.333045
51.278903 40.765223 5.333045
37.219608 -47.388466 4.902200
43.534336 -34.821921 13.604909
31.049763 -43.083587 11.578626
44.982205 -45.518140 0.000000
46.768631 -7.094293 26.194825
47.205491 -21.458026 20.978361
20.203430 -33.729551 20.846009
35.874066 -30.516303 18.860113
25.127430 -38.142421 16.852493
33.755218 -36.617526 15.433296
54.438450 -33.644812 -10.136008
54.438450 -33.644812 10.136008
50.821421 -40.401538 -5.285467
50.821421 -40.401538 5.285467
4.729517 -17.463174 31.179011
14.216776 -13.898979 31.275471
7.899642 -21.184034 29.394240
4.653556 -12.662131 32.670925
37.851366 -3.915614 29.729027
24.895487 -9.726656 31.124317
38.857477 -10.442868 28.004062
15.199861 -28.911854 24.593892
18.140090 -17.580921 29.351282
11.452967 -25.049567 27.173671
21.829017 -27.492857 23.992412
12.991448 -19.370529 29.403679
4.644357 -2.870371 34.471628
14.210429 -8.782528 32.786118
4.646140 -7.701449 33.812121
9.438885 -10.767639 32.748535
37.758673 -23.336143 22.616807
24.809610 -15.333182 29.165446
38.716492 -17.106135 25.505617
29.394891 -25.652275 23.339210
31.252816 -13.172216 28.809855
23.399128 -21.289230 26.813015
4.837021 17.860121 31.887727
14.962280 14.627819 32.915505
8.248862 22.120519 30.693674
4.732937 12.878125 33.228233
38.004540 3.931460 29.849333
26.020081 10.166034 32.530284
39.124820 10.514716 28.196732
32.049911 0.000000 31.672552
16.747434 31.855512 27.097917
19.499988 18.898901 31.551644
12.275140 26.847798 29.124384
24.348850 30.666496 26.761976
13.835723 20.629362 31.314536
4.663411 2.882147 34.613051
14.697232 9.083389 33.909262
4.696311 7.784613 34.177240
9.529014 0.000000 34.476296
9.715742 11.083471 33.709102
39.146136 24.193643 23.447874
26.498489 16.376967 31.150842
39.359050 17.390037 25.928920
32.086830 28.001470 25.476579
32.624413 13.750307 30.074238
25.555145 23.250839 29.283591
20.232621 -6.095383 32.737069
20.821361 6.272750 33.689670
25.821307 -3.378031 32.480830
14.816022 -3.052268 33.850175
26.230362 3.431545 32.995384
14.999575 3.090082 34.269539
52.429911 0.000000 -23.111346
67.465617 0.000000 -9.396878
53.011943 7.550873 -20.545613
55.880483 -7.959460 -21.657361
52.429911 0.000000 23.111346
67.465617 0.000000 9.396878
53.011943 7.550873 20.545613
55.880483 -7.959460 21.657361
52.984831 22.965122 -14.193226
66.908795 9.014612 -5.571337
53.075206 15.297501 -17.451000
59.894438 26.215442 -5.400678
60.652278 8.334259 -13.814882
57.142148 -24.767020 -15.306860
71.169511 -9.588658 -5.926116
57.717424 -16.635496 -18.977350
66.112078 -28.936867 -5.961322
65.003844 -8.932210 -14.806046
52.984831 22.965122 14.193226
66.908795 9.014612 5.571337
53.075206 15.297501 17.451000
59.894438 26.215442 5.400678
60.652278 8.334259 13.814882
65.198442 18.020406 0.000000
57.142148 -24.767020 15.306860
71.169511 -9.588658 5.926116
57.717424 -16.635496 18.977350
66.112078 -28.936867 5.961322
65.003844 -8.932210 14.806046
72.074384 -19.920870 0.000000
-37.219608 47.388466 -4.902200
-43.534336 34.821921 -13.604909
-31.049763 43.083587 -11.578626
-46.768631 7.094293 -26.194825
-47.205491 21.458026 -20.978361
-20.203430 33.729551 -20.846009
-35.874066 30.516303 -18.860113
-25.127430 38.142421 -16.852493
-33.755218 36.617526 -15.433296
-40.760819 -51.897179 -5.368613
-45.090464 -36.066624 -14.091215
-35.161712 -48.789186 -13.111994
-45.723728 -6.935793 -25.609581
-45.942779 -20.884040 -20.417205
-22.921961 -38.268128 -23.651004
-38.444543 -32.702881 -20.211492
-28.827089 -43.758352 -19.333783
-37.312111 -40.476029 -17.059551
-4.837021 -17.860121 -31.887727
-14.962280 -14.627819 -32.915505
-8.248862 -22.120519 -30.693674
-4.732937 -12.878125 -33.228233
-38.004540 -3.931460 -29.849333
-26.020081 -10.166034 -32.530284
-39.124820 -10.514716 -28.196732
-16.747434 -31.855512 -27.097917
-19.499988 -18.898901 -31.551644
-12.275140 -26.847798 -29.124384
-24.348850 -30.666496 -26.761976
-13.835723 -20.629362 -31.314536
-4.663411 -2.882147 -34.613051
-14.697232 -9.083389 -33.909262
-4.696311 -7.784613 -34.177240
-9.715742 -11.083471 -33.709102
-39.146136 -24.193643 -23.447874
-26.498489 -16.376967 -31.150842
-39.359050 -17.390037 -25.928920
-32.086830 -28.001470 -25.476579
-32.624413 -13.750307 -30.074238
-25.555145 -23.250839 -29.283591
-4.729517 17.463174 -31.179011
-14.216776 13.898979 -31.275471
-7.899642 21.184034 -29.394240
-4.653556 12.662131 -32.670925
-37.851366 3.915614 -29.729027
-24.895487 9.726656 -31.124317
-38.857477 10.442868 -28.004062
-32.049911 0.000000 -31.672552
-15.199861 28.911854 -24.593892
-18.140090 17.580921 -29.351282
-11.452967 25.049567 -27.173671
-21.829017 27.492857 -23.992412
-12.991448 19.370529 -29.403679
-4.644357 2.870371 -34.471628
-14.210429 8.782528 -32.786118
-4.646140 7.701449 -33.812121
-9.529014 0.000000 -34.476296
-9.438885 10.767639 -32.748535
-37.758673 23.336143 -22.616807
-24.809610 15.333182 -29.165446
-38.716492 17.106135 -25.505617
-29.394891 25.652275 -23.339210
-31.252816 13.172216 -28.809855
-23.399128 21.289230 -26.813015
-20.821361 -6.272750 -33.689670
-20.232621 6.095383 -32.737069
-26.230362 -3.431545 -32.995384
-14.999575 -3.090082 -34.269539
-25.821307 3.378031 -32.480830
-14.816022 3.052268 -33.850175
-37.219608 47.388466 4.902200
-43.534336 34.821921 13.604909
-31.049763 43.083587 11.578626
-44.982205 45.518140 0.000000
-46.768631 7.094293 26.194825
-47.205491 21.458026 20.978361
-20.203430 33.729551 20.846009
-35.874066 30.516303 18.860113
-25.127430 38.142421 16.852493
-33.755218 36.617526 15.433296
-54.438450 33.644812 -10.136008
-54.438450 33.644812 10.136008
-50.821421 40.401538 -5.285467
-50.821421 40.401538 5.285467
-40.760819 -51.897179 5.368613
-45.090464 -36.066624 14.091215
-35.161712 -48.789186 13.111994
-47.329958 -47.893865 0.000000
-45.723728 -6.935793 25.609581
-45.942779 -20.884040 20.417205
-22.921961 -38.268128 23.651004
-38.444543 -32.702881 20.211492
-28.827089 -43.758352 19.333783
-37.312111 -40.476029 17.059551
-52.602539 -32.510157 -9.794176
-52.602539 -32.510157 9.794176
-51.278903 -40.765223 -5.333045
-51.278903 -40.765223 5.333045
-4.837021 -17.860121 31.887727
-14.962280 -14.627819 32.915505
-8.248862 -22.120519 30.693674
-4.732937 -12.878125 33.228233
-38.004540 -3.931460 29.849333
-26.020081 -10.166034 32.530284
-39.124820 -10.514716 28.196732
-16.747434 -31.855512 27.097917
-19.499988 -18.898901 31.551644
-12.275140 -26.847798 29.124384
-24.348850 -30.666496 26.761976
-13.835723 -20.629362 31.314536
-4.663411 -2.882147 34.613051
-14.697232 -9.083389 33.909262
-4.696311 -7.784613 34.177240
-9.715742 -11.083471 33.709102
-39.146136 -24.193643 23.447874
-26.498489 -16.376967 31.150842
-39.359050 -17.390037 25.928920
-32.086830 -28.001470 25.476579
-32.624413 -13.750307 30.074238
-25.555145 -23.250839 29.283591
-4.729517 17.463174 31.179011
-14.216776 13.898979 31.275471
-7.899642 21.184034 29.394240
-4.653556 12.662131 32.670925
-37.851366 3.915614 29.729027
-24.895487 9.726656 31.124317
-38.857477 10.442868 28.004062
-32.049911 0.000000 31.672552
-15.199861 28.911854 24.593892
-18.140090 17.580921 29.351282
-11.452967 25.049567 27.173671
-21.829017 27.492857 23.992412
-12.991448 19.370529 29.403679
-4.644357 2.870371 34.471628
-14.210429 8.782528 32.786118
-4.646140 7.701449 33.812121
-9.529014 0.000000 34.476296
-9.438885 10.767639 32.748535
-37.758673 23.336143 22.616807
-24.809610 15.333182 29.165446
-38.716492 17.106135 25.505617
-29.394891 25.652275 23.339210
-31.252816 13.172216 28.809855
-23.399128 21.289230 26.813015
-20.821361 -6.272750 33.689670
-20.232621 6.095383 32.737069
-26.230362 -3.431545 32.995384
-14.999575 -3.090082 34.269539
-25.821307 3.378031 32.480830
-14.816022 3.052268 33.850175
-52.429911 0.000000 -23.111346
-67.465617 0.000000 -9.396878
-55.880483 7.959460 -21.657361
-53.011943 -7.550873 -20.545613
-52.429911 0.000000 23.111346
-67.465617 0.000000 9.396878
-55.880483 7.959460 21.657361
-53.011943 -7.550873 20.545613
-57.142148 24.767020 -15.306860
-71.169511 9.588658 -5.926116
-57.717424 16.635496 -18.977350
-66.112078 28.936867 -5.961322
-65.003844 8.932210 -14.806046
-52.984831 -22.965122 -14.193226
-66.908795 -9.014612 -5.571337
-53.075206 -15.297501 -17.451000
-59.894438 -26.215442 -5.400678
-60.652278 -8.334259 -13.814882
-57.142148 24.767020 15.306860
-71.169511 9.588658 5.926116
-57.717424 16.635496 18.977350
-66.112078 28.936867 5.961322
-65.003844 8.932210 14.806046
-72.074384 19.920870 0.000000
-52.984831 -22.965122 14.193226
-66.908795 -9.014612 5.571337
-53.075206 -15.297501 17.451000
-59.894438 -26.215442 5.400678
-60.652278 -8.334259 13.814882
-65.198442 -18.020406 0.000000
-28.102103 53.407000 0.000000
-20.404755 56.603776 0.000000
-4.282952 61.796409 0.000000
-12.524958 59.465775 0.000000
31.071754 59.050712 0.000000
22.344428 61.984521 0.000000
4.382716 63.235861 0.000000
13.348601 63.376251 0.000000
-31.071754 -59.050712 0.000000
-22.344428 -61.984521 0.000000
-4.382716 -63.235861 0.000000
-13.348601 -63.376251 0.000000
28.102103 -53.407000 0.000000
20.404755 -56.603776 0.000000
4.282952 -61.796409 0.000000
12.524958 -59.465775 0.000000
-33.590221 -57.046396 4.362669
-28.640811 -53.880187 12.197356
-29.416055 -58.977194 4.347162
-17.301777 -41.807423 22.349190
-22.840748 -48.186742 18.169931
-20.625867 -61.608369 4.300121
-24.566149 -55.419878 12.143161
-25.053371 -60.507914 4.330987
-27.169691 -57.689140 8.475092
-1.511872 -21.281150 30.475493
-4.736116 -25.657276 29.115031
-12.472659 -35.804589 25.279196
-8.337008 -30.446792 27.437374
-2.563553 -61.957578 4.147915
-7.130026 -56.490274 11.536624
-6.948828 -62.425054 4.199412
-13.619729 -42.275182 22.037185
-10.774982 -49.479871 17.434287
-16.126898 -45.589276 20.228435
-15.940071 -62.299873 4.290215
-11.342585 -56.848261 11.730414
-11.446638 -62.555332 4.245065
-18.293133 -59.802932 8.364510
-9.288578 -60.029978 8.167412
-21.629897 -52.340110 15.416660
-13.201695 -53.160531 15.001790
-18.834190 -49.018530 18.037683
-20.190460 -56.349083 12.115669
-14.763926 -49.417201 17.780892
-15.728832 -56.795254 11.972904
30.176417 -51.248721 3.919287
24.937177 -46.912769 10.620077
26.388444 -52.907041 3.899736
15.401888 -37.216596 19.895050
19.854027 -41.885707 15.793979
18.753667 -56.016207 3.909801
21.447204 -48.383709 10.601452
22.567357 -54.503792 3.901229
23.982678 -50.922188 7.480961
1.499483 -21.106774 30.225779
4.602036 -24.930912 28.290777
0.000000 -23.232069 29.579357
11.460251 -32.898324 23.227279
7.895329 -28.833778 25.983793
-3.192135 -27.757185 28.087895
3.126646 -27.187724 27.511648
-1.565479 -25.456345 28.865374
1.550376 -25.210759 28.586900
2.525362 -61.034550 4.086121
6.755817 -53.525468 10.931142
6.680522 -60.014714 4.037265
0.000000 -58.741253 7.914200
12.336690 -38.292670 19.961183
9.897928 -45.452345 16.015184
14.374928 -40.636617 18.030889
14.709840 -57.491659 3.959102
10.452434 -52.386882 10.809826
10.762197 -58.814895 3.991236
16.480310 -53.876548 7.535600
8.740474 -56.487705 7.685467
-4.439250 -52.325535 14.462422
4.279467 -50.442167 13.941872
-2.345191 -55.649563 11.391283
2.302309 -54.631999 11.182991
18.868481 -45.658024 13.448467
11.960962 -48.164353 13.591879
16.561677 -43.104005 15.861275
17.819616 -49.732351 10.692999
13.233575 -44.294873 15.937818
14.143622 -51.071219 10.766231
-10.879992 -38.550156 23.825307
-3.495342 -37.779554 23.349048
-8.769271 -35.628550 25.093801
-9.564320 -41.906163 21.917805
10.053374 -35.621272 22.015157
3.400682 -36.756415 22.716714
8.235450 -33.459694 23.566239
8.884651 -38.928183 20.360259
-4.969361 -30.297176 27.179066
-1.738284 -34.937457 24.549882
-6.796655 -32.866599 26.207408
-1.640258 -29.980652 26.916304
-5.179056 -35.323597 24.840540
-6.402148 -48.752700 17.326530
-1.905727 -40.826736 21.420857
-8.066968 -45.335509 19.747565
-2.106352 -48.021402 17.040746
-5.638171 -41.400147 21.698624
4.804915 -29.294580 26.279655
1.715391 -34.477336 24.226564
6.481205 -31.341175 24.991054
1.621731 -29.642004 26.612270
4.983292 -33.988396 23.901589
0.000000 -32.233024 25.624308
6.071417 -46.234168 16.431453
1.875950 -40.188832 21.086163
7.558504 -42.477996 18.502869
2.068674 -47.162412 16.735927
5.388350 -39.565757 20.737185
0.000000 -43.935420 19.230274
-30.176417 51.248721 3.919287
-24.937177 46.912769 10.620077
-26.388444 52.907041 3.899736
-15.401888 37.216596 19.895050
-19.854027 41.885707 15.793979
-18.753667 56.016207 3.909801
-21.447204 48.383709 10.601452
-22.567357 54.503792 3.901229
-23.982678 50.922188 7.480961
-1.499483 21.106774 30.225779
-4.602036 24.930912 28.290777
-11.460251 32.898324 23.227279
-7.895329 28.833778 25.983793
-2.525362 61.034550 4.086121
-6.755817 53.525468 10.931142
-6.680522 60.014714 4.037265
-12.336690 38.292670 19.961183
-9.897928 45.452345 16.015184
-14.374928 40.636617 18.030889
-14.709840 57.491659 3.959102
-10.452434 52.386882 10.809826
-10.762197 58.814895 3.991236
-16.480310 53.876548 7.535600
-8.740474 56.487705 7.685467
-18.868481 45.658024 13.448467
-11.960962 48.164353 13.591879
-16.561677 43.104005 15.861275
-17.819616 49.732351 10.692999
-13.233575 44.294873 15.937818
-14.143622 51.071219 10.766231
33.590221 57.046396 4.362669
28.640811 53.880187 12.197356
29.416055 58.977194 4.347162
17.301777 41.807423 22.349190
22.840748 48.186742 18.169931
20.625867 61.608369 4.300121
24.566149 55.419878 12.143161
25.053371 60.507914 4.330987
27.169691 57.689140 8.475092
1.511872 21.281150 30.475493
4.736116 25.657276 29.115031
0.000000 23.232069 29.579357
12.472659 35.804589 25.279196
8.337008 30.446792 27.437374
-3.126646 27.187724 27.511648
3.192135 27.757185 28.087895
-1.550376 25.210759 28.586900
1.565479 25.456345 28.865374
2.563553 61.957578 4.147915
7.130026 56.490274 11.536624
6.948828 62.425054 4.199412
0.000000 58.741253 7.914200
13.619729 42.275182 22.037185
10.774982 49.479871 17.434287
16.126898 45.589276 20.228435
15.940071 62.299873 4.290215
11.342585 56.848261 11.730414
11.446638 62.555332 4.245065
18.293133 59.802932 8.364510
9.288578 60.029978 8.167412
-4.279467 50.442167 13.941872
4.439250 52.325535 14.462422
-2.302309 54.631999 11.182991
2.345191 55.649563 11.391283
21.629897 52.340110 15.416660
13.201695 53.160531 15.001790
18.834190 49.018530 18.037683
20.190460 56.349083 12.115669
14.763926 49.417201 17.780892
15.728832 56.795254 11.972904
-10.053374 35.621272 22.015157
-3.400682 36.756415 22.716714
-8.235450 33.459694 23.566239
-8.884651 38.928183 20.360259
10.879992 38.550156 23.825307
3.495342 37.779554 23.349048
8.769271 35.628550 25.093801
9.564320 41.906163 21.917805
-4.804915 29.294580 26.279655
-1.715391 34.477336 24.226564
-6.481205 31.341175 24.991054
-1.621731 29.642004 26.612270
-4.983292 33.988396 23.901589
-6.071417 46.234168 16.431453
-1.875950 40.188832 21.086163
-7.558504 42.477996 18.502869
-2.068674 47.162412 16.735927
-5.388350 39.565757 20.737185
4.969361 30.297176 27.179066
1.738284 34.937457 24.549882
6.796655 32.866599 26.207408
1.640258 29.980652 26.916304
5.179056 35.323597 24.840540
0.000000 32.233024 25.624308
6.402148 48.752700 17.326530
1.905727 40.826736 21.420857
8.066968 45.335509 19.747565
2.106352 48.021402 17.040746
5.638171 41.400147 21.698624
0.000000 43.935420 19.230274
0.000000 -16.767591 31.866183
0.000000 -11.965763 33.193605
0.000000 -2.399190 34.616620
0.000000 -7.188279 34.128384
0.000000 16.767591 31.866183
0.000000 11.965763 33.193605
0.000000 2.399190 34.616620
0.000000 7.188279 34.128384
-33.590221 -57.046396 -4.362669
-28.640811 -53.880187 -12.197356
-29.416055 -58.977194 -4.347162
-17.301777 -41.807423 -22.349190
-22.840748 -48.186742 -18.169931
-20.625867 -61.608369 -4.300121
-24.566149 -55.419878 -12.143161
-25.053371 -60.507914 -4.330987
-27.169691 -57.689140 -8.475092
-1.511872 -21.281150 -30.475493
-4.736116 -25.657276 -29.115031
-12.472659 -35.804589 -25.279196
-8.337008 -30.446792 -27.437374
-2.563553 -61.957578 -4.147915
-7.130026 -56.490274 -11.536624
-6.948828 -62.425054 -4.199412
-13.619729 -42.275182 -22.037185
-10.774982 -49.479871 -17.434287
-16.126898 -45.589276 -20.228435
-15.940071 -62.299873 -4.290215
-11.342585 -56.848261 -11.730414
-11.446638 -62.555332 -4.245065
-18.293133 -59.802932 -8.364510
-9.288578 -60.029978 -8.167412
-21.629897 -52.340110 -15.416660
-13.201695 -53.160531 -15.001790
-18.834190 -49.018530 -18.037683
-20.190460 -56.349083 -12.115669
-14.763926 -49.417201 -17.780892
-15.728832 -56.795254 -11.972904
30.176417 -51.248721 -3.919287
24.937177 -46.912769 -10.620077
26.388444 -52.907041 -3.899736
15.401888 -37.216596 -19.895050
19.854027 -41.885707 -15.793979
18.753667 -56.016207 -3.909801
21.447204 -48.383709 -10.601452
22.567357 -54.503792 -3.901229
23.982678 -50.922188 -7.480961
1.499483 -21.106774 -30.225779
4.602036 -24.930912 -28.290777
0.000000 -23.232069 -29.579357
11.460251 -32.898324 -23.227279
7.895329 -28.833778 -25.983793
-3.192135 -27.757185 -28.087895
3.126646 -27.187724 -27.511648
-1.565479 -25.456345 -28.865374
1.550376 -25.210759 -28.586900
2.525362 -61.034550 -4.086121
6.755817 -53.525468 -10.931142
6.680522 -60.014714 -4.037265
0.000000 -58.741253 -7.914200
12.336690 -38.292670 -19.961183
9.897928 -45.452345 -16.015184
14.374928 -40.636617 -18.030889
14.709840 -57.491659 -3.959102
10.452434 -52.386882 -10.809826
10.762197 -58.814895 -3.991236
16.480310 -53.876548 -7.535600
8.740474 -56.487705 -7.685467
-4.439250 -52.325535 -14.462422
4.279467 -50.442167 -13.941872
-2.345191 -55.649563 -11.391283
2.302309 -54.631999 -11.182991
18.868481 -45.658024 -13.448467
11.960962 -48.164353 -13.591879
16.561677 -43.104005 -15.861275
17.819616 -49.732351 -10.692999
13.233575 -44.294873 -15.937818
14.143622 -51.071219 -10.766231
-10.879992 -38.550156 -23.825307
-3.495342 -37.779554 -23.349048
-8.769271 -35.628550 -25.093801
-9.564320 -41.906163 -21.917805
10.053374 -35.621272 -22.015157
3.400682 -36.756415 -22.716714
8.235450 -33.459694 -23.566239
8.884651 -38.928183 -20.360259
-4.969361 -30.297176 -27.179066
-1.738284 -34.937457 -24.549882
-6.796655 -32.866599 -26.207408
-1.640258 -29.980652 -26.916304
-5.179056 -35.323597 -24.840540
-6.402148 -48.752700 -17.326530
-1.905727 -40.826736 -21.420857
-8.066968 -45.335509 -19.747565
-2.106352 -48.021402 -17.040746
-5.638171 -41.400147 -21.698624
4.804915 -29.294580 -26.279655
1.715391 -34.477336 -24.226564
6.481205 -31.341175 -24.991054
1.621731 -29.642004 -26.612270
4.983292 -33.988396 -23.901589
0.000000 -32.233024 -25.624308
6.071417 -46.234168 -16.431453
1.875950 -40.188832 -21.086163
7.558504 -42.477996 -18.502869
2.068674 -47.162412 -16.735927
5.388350 -39.565757 -20.737185
0.000000 -43.935420 -19.230274
-30.176417 51.248721 -3.919287
-24.937177 46.912769 -10.620077
-26.388444 52.907041 -3.899736
-15.401888 37.216596 -19.895050
-19.854027 41.885707 -15.793979
-18.753667 56.016207 -3.909801
-21.447204 48.383709 -10.601452
-22.567357 54.503792 -3.901229
-23.982678 50.922188 -7.480961
-1.499483 21.106774 -30.225779
-4.602036 24.930912 -28.290777
-11.460251 32.898324 -23.227279
-7.895329 28.833778 -25.983793
-2.525362 61.034550 -4.086121
-6.755817 53.525468 -10.931142
-6.680522 60.014714 -4.037265
-12.336690 38.292670 -19.961183
-9.897928 45.452345 -16.015184
-14.374928 40.636617 -18.030889
-14.709840 57.491659 -3.959102
-10.452434 52.386882 -10.809826
-10.762197 58.814895 -3.991236
-16.480310 53.876548 -7.535600
-8.740474 56.487705 -7.685467
-18.868481 45.658024 -13.448467
-11.960962 48.164353 -13.591879
-16.561677 43.104005 -15.861275
-17.819616 49.732351 -10.692999
-13.233575 44.294873 -15.937818
-14.143622 51.071219 -10.766231
33.590221 57.046396 -4.362669
28.640811 53.880187 -12.197356
29.416055 58.977194 -4.347162
17.301777 41.807423 -22.349190
22.840748 48.186742 -18.169931
20.625867 61.608369 -4.300121
24.566149 55.419878 -12.143161
25.053371 60.507914 -4.330987
27.169691 57.689140 -8.475092
1.511872 21.281150 -30.475493
4.736116 25.657276 -29.115031
0.000000 23.232069 -29.579357
12.472659 35.804589 -25.279196
8.337008 30.446792 -27.437374
-3.126646 27.187724 -27.511648
3.192135 27.757185 -28.087895
-1.550376 25.210759 -28.586900
1.565479 25.456345 -28.865374
2.563553 61.957578 -4.147915
7.130026 56.490274 -11.536624
6.948828 62.425054 -4.199412
0.000000 58.741253 -7.914200
13.619729 42.275182 -22.037185
10.774982 49.479871 -17.434287
16.126898 45.589276 -20.228435
15.940071 62.299873 -4.290215
11.342585 56.848261 -11.730414
11.446638 62.555332 -4.245065
18.293133 59.802932 -8.364510
9.288578 60.029978 -8.167412
-4.279467 50.442167 -13.941872
4.439250 52.325535 -14.462422
-2.302309 54.631999 -11.182991
2.345191 55.649563 -11.391283
21.629897 52.340110 -15.416660
13.201695 53.160531 -15.001790
18.834190 49.018530 -18.037683
20.190460 56.349083 -12.115669
14.763926 49.417201 -17.780892
15.728832 56.795254 -11.972904
-10.053374 35.621272 -22.015157
-3.400682 36.756415 -22.716714
-8.235450 33.459694 -23.566239
-8.884651 38.928183 -20.360259
10.879992 38.550156 -23.825307
3.495342 37.779554 -23.349048
8.769271 35.628550 -25.093801
9.564320 41.906163 -21.917805
-4.804915 29.294580 -26.279655
-1.715391 34.477336 -24.226564
-6.481205 31.341175 -24.991054
-1.621731 29.642004 -26.612270
-4.983292 33.988396 -23.901589
-6.071417 46.234168 -16.431453
-1.875950 40.188832 -21.086163
-7.558504 42.477996 -18.502869
-2.068674 47.162412 -16.735927
-5.388350 39.565757 -20.737185
4.969361 30.297176 -27.179066
1.738284 34.937457 -24.549882
6.796655 32.866599 -26.207408
1.640258 29.980652 -26.916304
5.179056 35.323597 -24.840540
0.000000 32.233024 -25.624308
6.402148 48.752700 -17.326530
1.905727 40.826736 -21.420857
8.066968 45.335509 -19.747565
2.106352 48.021402 -17.040746
5.638171 41.400147 -21.698624
0.000000 43.935420 -19.230274
0.000000 -16.767591 -31.866183
0.000000 -11.965763 -33.193605
0.000000 -2.399190 -34.616620
0.000000 -7.188279 -34.128384
0.000000 16.767591 -31.866183
0.000000 11.965763 -33.193605
0.000000 2.399190 -34.616620
0.000000 7.188279 -34.128384
38.296319 54.841924 -2.720676
42.566884 48.303496 -7.857487
36.151088 54.182165 -6.976191
45.429432 32.074646 -15.825508
44.579227 40.172933 -12.206783
30.562954 50.332678 -14.379757
39.558153 46.739840 -11.684053
33.475936 52.561662 -10.915287
38.135291 50.653224 -9.449826
45.258306 3.461165 -26.649124
45.948457 10.401777 -24.424583
45.827520 24.498232 -18.965473
46.012287 17.350002 -21.810046
18.828127 38.666435 -23.897171
26.986505 37.460937 -23.152133
21.549466 41.637798 -22.147696
42.060729 30.558147 -18.885973
34.755665 34.616091 -21.393921
41.716682 34.389933 -17.327915
27.441283 47.548595 -17.505760
29.976237 39.961984 -20.949249
24.453863 44.655627 -20.025150
32.009147 46.395886 -16.460532
25.827072 41.035996 -21.686453
40.560322 42.470525 -13.809297
34.104357 38.392362 -19.916251
41.238160 38.395344 -15.634911
36.394604 44.645992 -15.201778
37.945586 36.525052 -18.706471
33.166445 42.351533 -18.304659
34.835829 -49.886358 -2.474833
39.179926 -44.460089 -7.232283
32.358822 -48.498431 -6.244386
44.672852 -31.540476 -15.561951
42.262396 -38.085102 -11.572383
26.578191 -43.770361 -12.504941
35.783681 -42.280123 -10.569210
29.446508 -46.234925 -9.601437
34.203839 -45.431271 -8.475622
45.745441 -3.498420 -26.935960
47.437665 -10.738903 -25.216193
46.538537 -24.878324 -19.259723
47.621181 -17.956673 -22.572669
16.746342 -34.391171 -21.254912
23.791421 -33.025728 -20.411022
18.923572 -36.564056 -19.448906
40.557197 -29.465794 -18.210862
31.565563 -31.438800 -19.430247
39.562798 -32.614338 -16.433254
23.778676 -41.202251 -15.169254
26.382774 -35.171459 -18.437914
21.272839 -38.846702 -17.420224
27.987004 -40.565961 -14.392167
22.584105 -35.883325 -18.963401
37.204937 -38.957116 -12.666911
30.543169 -34.383419 -17.836589
38.443927 -35.793736 -14.575514
32.463115 -39.823156 -13.559622
34.856394 -33.551507 -17.183557
29.306181 -37.422211 -16.174168
2.380673 -18.329908 -31.129751
7.066951 -16.594023 -31.217308
3.899570 -20.207833 -30.286893
2.352948 -15.921753 -31.922035
16.717576 -12.942025 -31.272667
11.789503 -14.820148 -31.265817
7.084230 -23.984747 -28.339121
8.674256 -18.436395 -30.362023
5.476050 -22.098901 -29.352879
6.298673 -19.317309 -30.330738
2.320099 -11.128539 -33.240354
7.013030 -14.187667 -32.006594
2.335610 -13.510757 -32.630648
4.696580 -15.056429 -31.969170
41.232303 -2.045511 -28.792670
34.438181 -5.602028 -30.348239
42.177045 -5.430479 -28.141106
22.033721 -10.871354 -31.207809
27.918038 -8.483061 -30.980177
43.135229 -12.323488 -26.192527
34.858941 -8.714059 -29.502782
42.818656 -8.891993 -27.270725
38.476332 -7.178114 -28.967674
14.325438 -31.904015 -23.179046
16.011507 -26.011621 -25.907162
12.412279 -29.882366 -24.634091
17.622023 -31.265354 -22.833312
18.754427 -14.776257 -30.345300
17.477799 -20.372408 -28.279672
16.154640 -15.718287 -30.370817
8.839009 -25.961717 -27.184393
14.087556 -24.123369 -27.156445
10.575943 -27.894780 -25.971811
9.648632 -23.099807 -28.336998
13.287756 -26.953864 -25.944817
24.594558 -29.812222 -22.102381
19.230244 -25.287185 -25.657616
21.052648 -30.566222 -22.474157
18.453148 -28.221759 -24.303787
11.182932 -17.529888 -30.374729
14.849487 -21.248101 -28.326313
13.623611 -16.636576 -30.380342
10.431698 -20.285478 -29.402931
15.527781 -18.492519 -29.382305
12.245080 -22.187016 -28.331470
2.318202 -1.432727 -34.627071
6.986834 -4.318101 -34.211758
2.318226 -3.836003 -34.460874
16.723907 -10.335943 -32.082420
11.758695 -7.267273 -33.372097
14.234748 -11.348497 -32.081171
2.325595 -8.640628 -33.770868
6.982258 -6.751412 -33.837615
2.318922 -6.252875 -34.171666
4.656885 -10.184580 -33.294884
4.653110 -5.291856 -34.200068
9.438341 -13.242190 -32.043504
9.412122 -8.282743 -33.352915
11.799676 -12.320726 -32.066357
7.034332 -11.722539 -32.716160
11.792967 -9.792000 -32.775376
7.026918 -9.231279 -33.333234
41.579563 -25.697583 -20.246638
34.201924 -21.137952 -24.638742
42.280696 -22.489662 -21.882195
36.879193 -26.933139 -20.786139
22.003300 -13.598787 -30.285699
27.759003 -17.156007 -27.870929
24.895910 -12.544201 -30.199965
21.378263 -16.499063 -29.272975
43.097575 -15.867047 -24.872507
34.645189 -18.162028 -25.988009
42.808251 -19.196722 -23.442222
38.899596 -13.800966 -26.837355
38.306668 -20.244074 -24.109299
28.520073 -28.937862 -21.688770
30.184288 -22.378225 -24.901505
32.518856 -28.004326 -21.262858
25.492635 -26.610813 -23.683385
33.405869 -24.562039 -23.008470
31.255265 -10.162654 -29.849493
31.120535 -16.143950 -27.644713
27.991169 -11.398242 -30.063653
34.943701 -11.898187 -28.485472
27.929119 -14.304025 -29.015339
34.858634 -15.066170 -27.298585
20.004729 -22.260383 -26.982859
27.004854 -20.239991 -26.614972
20.706833 -19.397109 -28.162554
22.647005 -24.377082 -25.446328
24.137956 -18.327238 -28.029195
26.301880 -23.408438 -25.196683
2.408809 18.546539 -31.497656
7.296759 17.133638 -32.232454
3.981481 20.632301 -30.923074
2.377493 16.087846 -32.255040
17.634500 13.651868 -32.987906
12.351659 15.526814 -32.756658
7.393960 25.033387 -29.578138
9.049724 19.234420 -31.676253
5.649717 22.799744 -30.283774
6.505526 19.951705 -31.326824
2.337669 11.212812 -33.492072
7.211254 14.588684 -32.911267
2.356696 13.632731 -32.925235
4.790388 15.357162 -32.607712
41.173819 2.042609 -28.751831
34.915894 5.679738 -30.769218
41.932952 5.399051 -27.978244
38.128370 0.000000 -29.946591
23.165643 11.429840 -32.811024
28.929767 8.790481 -32.102876
42.605226 12.172069 -25.870699
35.544955 8.885549 -30.083388
42.380135 8.800927 -26.991435
38.686055 7.217240 -29.125569
31.709774 -3.603755 -31.336420
32.106085 3.648795 -31.728065
34.913887 -1.893513 -30.790522
35.069468 1.901950 -30.927729
15.829244 35.253123 -25.612255
17.563977 28.533700 -28.419112
13.510722 32.526849 -26.814121
19.725548 34.997471 -25.558903
19.980744 15.742449 -32.329523
18.935596 22.071641 -30.638438
17.185991 16.721781 -32.309763
9.349870 27.462206 -28.755548
15.257530 26.126818 -29.411791
11.342986 29.917911 -27.855474
10.202719 24.426347 -29.964291
14.438491 29.288100 -28.191668
27.595142 33.449372 -24.798915
21.238938 27.928557 -28.337681
23.698816 34.408178 -25.298998
20.529464 31.397222 -27.038407
11.770734 18.451300 -31.971297
16.005877 22.902776 -30.532197
14.432609 17.624489 -32.184388
11.012488 21.414882 -31.039952
16.638558 19.815377 -31.484162
13.091316 23.720322 -30.289409
2.320591 1.434204 -34.662763
7.050753 4.357605 -34.524744
2.324592 3.846536 -34.555500
4.665872 0.000000 -34.631319
17.469509 10.796750 -33.512749
12.047192 7.445574 -34.190873
14.856370 11.844078 -33.482133
2.339615 8.692719 -33.974458
7.081239 6.847121 -34.317301
2.329185 6.280547 -34.322889
4.722302 10.327646 -33.762589
4.688135 5.331689 -34.457500
9.465291 -2.905377 -34.245744
9.542651 2.929123 -34.525637
7.060429 -1.453573 -34.492147
7.082413 1.458099 -34.599544
9.772085 13.710440 -33.176576
9.627318 8.472117 -34.115488
12.277456 12.819604 -33.364754
7.202879 12.003418 -33.500059
12.178952 10.112494 -33.848118
7.161980 9.408710 -33.973920
42.351811 26.174859 -20.622674
35.987114 22.241260 -25.924776
42.520279 22.617100 -22.006190
38.839914 28.365067 -21.891256
23.388039 14.454603 -32.191676
29.659465 18.330558 -29.779054
26.313855 13.258655 -31.920002
22.970021 17.727531 -31.452548
42.657236 15.704930 -24.618378
36.093053 18.921041 -27.074079
42.627970 19.115877 -23.343498
39.306173 13.945213 -27.117859
39.282637 20.759848 -24.723550
31.574347 32.036878 -24.011466
32.503236 24.097463 -26.814597
35.239789 30.347517 -23.041974
28.258491 29.497986 -26.252944
35.646982 26.209843 -24.552049
32.341920 10.515980 -30.887273
32.776492 17.002987 -29.115718
29.316078 11.937757 -31.486659
35.854296 12.208241 -29.227773
29.549403 15.133861 -30.698640
36.020314 15.568258 -28.208324
21.905091 24.375022 -29.546113
29.204499 21.888613 -28.782860
22.470594 21.049310 -30.561376
25.003146 26.913217 -28.093705
26.076553 19.799157 -30.280310
28.794220 25.626598 -27.584296
19.812718 -9.047615 -32.057651
20.558060 -3.077532 -33.263640
22.538882 -7.876430 -32.001038
17.147262 -7.482588 -32.785032
20.653961 9.431775 -33.418811
20.861749 3.122994 -33.755020
23.392786 8.174835 -33.213423
17.716137 7.730829 -33.872705
28.430646 -5.198197 -31.692343
23.270450 -1.647693 -33.116670
25.427799 -6.594470 -31.888894
28.889861 -1.760525 -32.178894
22.960939 -4.787174 -32.650778
12.036507 -4.447486 -33.867844
17.720695 -1.576538 -33.774471
14.544237 -5.941385 -33.389958
12.146105 -1.501341 -34.228136
17.485346 -4.543393 -33.361373
29.061045 5.313458 -32.395063
23.456072 1.660836 -33.380834
26.213258 6.798172 -32.873935
29.104426 1.773601 -32.417886
23.494408 4.898398 -33.409378
26.123240 0.000000 -32.860634
12.221936 4.516002 -34.389597
17.846714 1.587750 -34.014657
14.890307 6.082757 -34.184450
12.209512 1.509179 -34.406821
17.843129 4.636359 -34.044010
14.951197 0.000000 -34.159009
38.296319 54.841924 2.720676
42.566884 48.303496 7.857487
36.151088 54.182165 6.976191
41.581992 52.942707 0.000000
45.429432 32.074646 15.825508
44.579227 40.172933 12.206783
30.562954 50.332678 14.379757
39.558153 46.739840 11.684053
33.475936 52.561662 10.915287
38.135291 50.653224 9.449826
46.278315 46.829693 -5.322105
46.278315 46.829693 5.322105
44.305877 50.239174 -2.724661
44.305877 50.239174 2.724661
45.258306 3.461165 26.649124
45.948457 10.401777 24.424583
45.827520 24.498232 18.965473
46.012287 17.350002 21.810046
18.828127 38.666435 23.897171
26.986505 37.460937 23.152133
21.549466 41.637798 22.147696
42.060729 30.558147 18.885973
34.755665 34.616091 21.393921
41.716682 34.389933 17.327915
27.441283 47.548595 17.505760
29.976237 39.961984 20.949249
24.453863 44.655627 20.025150
32.009147 46.395886 16.460532
25.827072 41.035996 21.686453
40.560322 42.470525 13.809297
34.104357 38.392362 19.916251
41.238160 38.395344 15.634911
36.394604 44.645992 15.201778
37.945586 36.525052 18.706471
33.166445 42.351533 18.304659
49.111327 30.352469 -13.860666
55.626037 34.378781 -5.146488
48.849294 34.405399 -12.023299
49.111327 30.352469 13.860666
55.626037 34.378781 5.146488
48.849294 34.405399 12.023299
47.636167 42.733572 -7.813313
54.476325 38.279470 -2.710424
48.397847 38.591828 -10.008443
49.728580 44.645780 -2.720678
52.157350 36.678506 -7.647178
47.636167 42.733572 7.813313
54.476325 38.279470 2.710424
48.397847 38.591828 10.008443
49.728580 44.645780 2.720678
52.157350 36.678506 7.647178
52.552857 41.777979 0.000000
34.835829 -49.886358 2.474833
39.179926 -44.460089 7.232283
32.358822 -48.498431 6.244386
38.303580 -48.768592 0.000000
44.672852 -31.540476 15.561951
42.262396 -38.085102 11.572383
26.578191 -43.770361 12.504941
35.783681 -42.280123 10.569210
29.446508 -46.234925 9.601437
34.203839 -45.431271 8.475622
43.697434 -44.218062 -5.025298
43.697434 -44.218062 5.025298
41.290384 -46.819855 -2.539219
41.290384 -46.819855 2.539219
45.745441 -3.498420 26.935960
47.437665 -10.738903 25.216193
46.538537 -24.878324 19.259723
47.621181 -17.956673 22.572669
16.746342 -34.391171 21.254912
23.791421 -33.025728 20.411022
18.923572 -36.564056 19.448906
40.557197 -29.465794 18.210862
31.565563 -31.438800 19.430247
39.562798 -32.614338 16.433254
23.778676 -41.202251 15.169254
26.382774 -35.171459 18.437914
21.272839 -38.846702 17.420224
27.987004 -40.565961 14.392167
22.584105 -35.883325 18.963401
37.204937 -38.957116 12.666911
30.543169 -34.383419 17.836589
38.443927 -35.793736 14.575514
32.463115 -39.823156 13.559622
34.856394 -33.551507 17.183557
29.306181 -37.422211 16.174168
50.030270 -30.920407 -14.120018
58.233032 -35.989993 -5.387685
48.803450 -34.373110 -12.012015
50.030270 -30.920407 14.120018
58.233032 -35.989993 5.387685
48.803450 -34.373110 12.012015
45.761319 -41.051679 -7.505799
55.685353 -39.129031 -2.770579
47.384581 -37.783862 -9.798904
48.239916 -43.309273 -2.639233
52.831625 -37.152675 -7.746038
45.761319 -41.051679 7.505799
55.685353 -39.129031 2.770579
47.384581 -37.783862 9.798904
48.239916 -43.309273 2.639233
52.831625 -37.152675 7.746038
52.369285 -41.632045 0.000000
2.380673 -18.329908 31.129751
7.066951 -16.594023 31.217308
3.899570 -20.207833 30.286893
2.352948 -15.921753 31.922035
16.717576 -12.942025 31.272667
11.789503 -14.820148 31.265817
7.084230 -23.984747 28.339121
8.674256 -18.436395 30.362023
5.476050 -22.098901 29.352879
6.298673 -19.317309 30.330738
2.320099 -11.128539 33.240354
7.013030 -14.187667 32.006594
2.335610 -13.510757 32.630648
4.696580 -15.056429 31.969170
41.232303 -2.045511 28.792670
34.438181 -5.602028 30.348239
42.177045 -5.430479 28.141106
22.033721 -10.871354 31.207809
27.918038 -8.483061 30.980177
43.135229 -12.323488 26.192527
34.858941 -8.714059 29.502782
42.818656 -8.891993 27.270725
38.476332 -7.178114 28.967674
14.325438 -31.904015 23.179046
16.011507 -26.011621 25.907162
12.412279 -29.882366 24.634091
17.622023 -31.265354 22.833312
18.754427 -14.776257 30.345300
17.477799 -20.372408 28.279672
16.154640 -15.718287 30.370817
8.839009 -25.961717 27.184393
14.087556 -24.123369 27.156445
10.575943 -27.894780 25.971811
9.648632 -23.099807 28.336998
13.287756 -26.953864 25.944817
24.594558 -29.812222 22.102381
19.230244 -25.287185 25.657616
21.052648 -30.566222 22.474157
18.453148 -28.221759 24.303787
11.182932 -17.529888 30.374729
14.849487 -21.248101 28.326313
13.623611 -16.636576 30.380342
10.431698 -20.285478 29.402931
15.527781 -18.492519 29.382305
12.245080 -22.187016 28.331470
2.318202 -1.432727 34.627071
6.986834 -4.318101 34.211758
2.318226 -3.836003 34.460874
16.723907 -10.335943 32.082420
11.758695 -7.267273 33.372097
14.234748 -11.348497 32.081171
2.325595 -8.640628 33.770868
6.982258 -6.751412 33.837615
2.318922 -6.252875 34.171666
4.656885 -10.184580 33.294884
4.653110 -5.291856 34.200068
9.438341 -13.242190 32.043504
9.412122 -8.282743 33.352915
11.799676 -12.320726 32.066357
7.034332 -11.722539 32.716160
11.792967 -9.792000 32.775376
7.026918 -9.231279 33.333234
41.579563 -25.697583 20.246638
34.201924 -21.137952 24.638742
42.280696 -22.489662 21.882195
36.879193 -26.933139 20.786139
22.003300 -13.598787 30.285699
27.759003 -17.156007 27.870929
24.895910 -12.544201 30.199965
21.378263 -16.499063 29.272975
43.097575 -15.867047 24.872507
34.645189 -18.162028 25.988009
42.808251 -19.196722 23.442222
38.899596 -13.800966 26.837355
38.306668 -20.244074 24.109299
28.520073 -28.937862 21.688770
30.184288 -22.378225 24.901505
32.518856 -28.004326 21.262858
25.492635 -26.610813 23.683385
33.405869 -24.562039 23.008470
31.255265 -10.162654 29.849493
31.120535 -16.143950 27.644713
27.991169 -11.398242 30.063653
34.943701 -11.898187 28.485472
27.929119 -14.304025 29.015339
34.858634 -15.066170 27.298585
20.004729 -22.260383 26.982859
27.004854 -20.239991 26.614972
20.706833 -19.397109 28.162554
22.647005 -24.377082 25.446328
24.137956 -18.327238 28.029195
26.301880 -23.408438 25.196683
2.408809 18.546539 31.497656
7.296759 17.133638 32.232454
3.981481 20.632301 30.923074
2.377493 16.087846 32.255040
17.634500 13.651868 32.987906
12.351659 15.526814 32.756658
7.393960 25.033387 29.578138
9.049724 19.234420 31.676253
5.649717 22.799744 30.283774
6.505526 19.951705 31.326824
2.337669 11.212812 33.492072
7.211254 14.588684 32.911267
2.356696 13.632731 32.925235
4.790388 15.357162 32.607712
41.173819 2.042609 28.751831
34.915894 5.679738 30.769218
41.932952 5.399051 27.978244
38.128370 0.000000 29.946591
23.165643 11.429840 32.811024
28.929767 8.790481 32.102876
42.605226 12.172069 25.870699
35.544955 8.885549 30.083388
42.380135 8.800927 26.991435
38.686055 7.217240 29.125569
31.709774 -3.603755 31.336420
32.106085 3.648795 31.728065
34.913887 -1.893513 30.790522
35.069468 1.901950 30.927729
15.829244 35.253123 25.612255
17.563977 28.533700 28.419112
13.510722 32.526849 26.814121
19.725548 34.997471 25.558903
19.980744 15.742449 32.329523
18.935596 22.071641 30.638438
17.185991 16.721781 32.309763
9.349870 27.462206 28.755548
15.257530 26.126818 29.411791
11.342986 29.917911 27.855474
10.202719 24.426347 29.964291
14.438491 29.288100 28.191668
27.595142 33.449372 24.798915
21.238938 27.928557 28.337681
23.698816 34.408178 25.298998
20.529464 31.397222 27.038407
11.770734 18.451300 31.971297
16.005877 22.902776 30.532197
14.432609 17.624489 32.184388
11.012488 21.414882 31.039952
16.638558 19.815377 31.484162
13.091316 23.720322 30.289409
2.320591 1.434204 34.662763
7.050753 4.357605 34.524744
2.324592 3.846536 34.555500
4.665872 0.000000 34.631319
17.469509 10.796750 33.512749
12.047192 7.445574 34.190873
14.856370 11.844078 33.482133
2.339615 8.692719 33.974458
7.081239 6.847121 34.317301
2.329185 6.280547 34.322889
4.722302 10.327646 33.762589
4.688135 5.331689 34.457500
9.465291 -2.905377 34.245744
9.542651 2.929123 34.525637
7.060429 -1.453573 34.492147
7.082413 1.458099 34.599544
9.772085 13.710440 33.176576
9.627318 8.472117 34.115488
12.277456 12.819604 33.364754
7.202879 12.003418 33.500059
12.178952 10.112494 33.848118
7.161980 9.408710 33.973920
42.351811 26.174859 20.622674
35.987114 22.241260 25.924776
42.520279 22.617100 22.006190
38.839914 28.365067 21.891256
23.388039 14.454603 32.191676
29.659465 18.330558 29.779054
26.313855 13.258655 31.920002
22.970021 17.727531 31.452548
42.657236 15.704930 24.618378
36.093053 18.921041 27.074079
42.627970 19.115877 23.343498
39.306173 13.945213 27.117859
39.282637 20.759848 24.723550
31.574347 32.036878 24.011466
32.503236 24.097463 26.814597
35.239789 30.347517 23.041974
28.258491 29.497986 26.252944
35.646982 26.209843 24.552049
32.341920 10.515980 30.887273
32.776492 17.002987 29.115718
29.316078 11.937757 31.486659
35.854296 12.208241 29.227773
29.549403 15.133861 30.698640
36.020314 15.568258 28.208324
21.905091 24.375022 29.546113
29.204499 21.888613 28.782860
22.470594 21.049310 30.561376
25.003146 26.913217 28.093705
26.076553 19.799157 30.280310
28.794220 25.626598 27.584296
19.812718 -9.047615 32.057651
20.558060 -3.077532 33.263640
22.538882 -7.876430 32.001038
17.147262 -7.482588 32.785032
20.653961 9.431775 33.418811
20.861749 3.122994 33.755020
23.392786 8.174835 33.213423
17.716137 7.730829 33.872705
28.430646 -5.198197 31.692343
23.270450 -1.647693 33.116670
25.427799 -6.594470 31.888894
28.889861 -1.760525 32.178894
22.960939 -4.787174 32.650778
12.036507 -4.447486 33.867844
17.720695 -1.576538 33.774471
14.544237 -5.941385 33.389958
12.146105 -1.501341 34.228136
17.485346 -4.543393 33.361373
29.061045 5.313458 32.395063
23.456072 1.660836 33.380834
26.213258 6.798172 32.873935
29.104426 1.773601 32.417886
23.494408 4.898398 33.409378
26.123240 0.000000 32.860634
12.221936 4.516002 34.389597
17.846714 1.587750 34.014657
14.890307 6.082757 34.184450
12.209512 1.509179 34.406821
17.843129 4.636359 34.044010
14.951197 0.000000 34.159009
48.421082 0.000000 -25.478574
56.437627 0.000000 -20.344861
49.038834 3.614613 -24.459099
49.981685 -3.684110 -24.929365
69.834701 0.000000 -4.840065
64.159252 0.000000 -13.513520
49.458859 10.837031 -21.923789
56.677838 3.955981 -18.975175
49.346636 7.249498 -23.240645
52.867101 3.784079 -21.889683
52.159249 -11.428719 -23.120800
58.570630 -4.088094 -19.608863
51.278160 -7.533257 -24.150330
54.307215 -3.887158 -22.485964
48.421082 0.000000 25.478574
56.437627 0.000000 20.344861
49.038834 3.614613 24.459099
49.981685 -3.684110 24.929365
69.834701 0.000000 4.840065
64.159252 0.000000 13.513520
49.458859 10.837031 21.923789
56.677838 3.955981 18.975175
49.346636 7.249498 23.240645
52.867101 3.784079 21.889683
52.159249 -11.428719 23.120800
58.570630 -4.088094 19.608863
51.278160 -7.533257 24.150330
54.307215 -3.887158 22.485964
49.296652 25.697333 -15.881826
56.709892 19.981793 -12.349427
49.395359 21.917233 -17.473274
52.887356 27.661200 -12.070578
69.236850 4.635246 -2.864740
63.875307 13.044819 -8.062141
67.312622 4.528205 -7.492887
49.497675 14.579427 -20.455242
56.752814 16.015524 -14.093789
49.460033 18.200146 -19.003827
53.089273 11.414774 -19.022436
53.056316 19.090289 -15.851152
58.854908 30.879828 -2.747253
60.324704 21.439178 -7.921770
56.393956 29.557172 -7.680136
56.689202 24.693088 -10.087236
60.618341 4.174418 -15.509834
60.573408 12.499083 -12.085841
64.220141 4.358041 -11.751272
56.831468 7.948898 -17.384191
64.120580 8.723962 -9.921527
56.842602 11.982885 -15.741944
51.260183 -26.720882 -16.514413
62.790047 -22.124142 -13.673472
52.049944 -23.095100 -18.412315
56.028838 -29.304261 -12.787565
71.347955 -4.776579 -2.952088
69.978036 -14.291138 -8.832409
69.594645 -4.681719 -7.746910
52.611734 -15.496666 -21.742148
62.770604 -17.713732 -15.588226
52.531559 -19.330396 -20.183987
57.121884 -12.281830 -20.467362
57.712079 -20.765487 -17.242112
63.655962 -33.398831 -2.971358
67.303595 -23.919450 -8.838230
60.575037 -31.748558 -8.249546
62.121896 -27.059500 -11.053926
62.867441 -4.329300 -16.085290
66.550450 -13.732422 -13.278404
66.592646 -4.519041 -12.185403
60.592356 -8.474926 -18.534610
68.622032 -9.336409 -10.618047
62.078897 -13.086739 -17.192080
49.296652 25.697333 15.881826
56.709892 19.981793 12.349427
49.395359 21.917233 17.473274
52.887356 27.661200 12.070578
69.236850 4.635246 2.864740
63.875307 13.044819 8.062141
67.312622 4.528205 7.492887
68.269316 9.197915 0.000000
49.497675 14.579427 20.455242
56.752814 16.015524 14.093789
49.460033 18.200146 19.003827
53.089273 11.414774 19.022436
53.056316 19.090289 15.851152
58.854908 30.879828 2.747253
60.324704 21.439178 7.921770
56.393956 29.557172 7.680136
61.378730 26.865108 0.000000
56.689202 24.693088 10.087236
60.618341 4.174418 15.509834
60.573408 12.499083 12.085841
64.220141 4.358041 11.751272
56.831468 7.948898 17.384191
64.120580 8.723962 9.921527
56.842602 11.982885 15.741944
63.772007 17.626149 -5.410358
63.772007 17.626149 5.410358
66.426797 13.597348 -2.799367
62.975165 22.347198 -2.762266
66.426797 13.597348 2.799367
62.975165 22.347198 2.762266
51.260183 -26.720882 16.514413
62.790047 -22.124142 13.673472
52.049944 -23.095100 18.412315
56.028838 -29.304261 12.787565
71.347955 -4.776579 2.952088
69.978036 -14.291138 8.832409
69.594645 -4.681719 7.746910
72.302309 -9.741279 0.000000
52.611734 -15.496666 21.742148
62.770604 -17.713732 15.588226
52.531559 -19.330396 20.183987
57.121884 -12.281830 20.467362
57.712079 -20.765487 17.242112
63.655962 -33.398831 2.971358
67.303595 -23.919450 8.838230
60.575037 -31.748558 8.249546
67.837035 -29.691870 0.000000
62.121896 -27.059500 11.053926
62.867441 -4.329300 16.085290
66.550450 -13.732422 13.278404
66.592646 -4.519041 12.185403
60.592356 -8.474926 18.534610
68.622032 -9.336409 10.618047
62.078897 -13.086739 17.192080
70.808890 -19.571096 -6.007361
70.808890 -19.571096 6.007361
72.232381 -14.785732 -3.044027
70.176896 -24.902786 -3.078154
72.232381 -14.785732 3.044027
70.176896 -24.902786 3.078154
-34.835829 49.886358 -2.474833
-39.179926 44.460089 -7.232283
-32.358822 48.498431 -6.244386
-44.672852 31.540476 -15.561951
-42.262396 38.085102 -11.572383
-26.578191 43.770361 -12.504941
-35.783681 42.280123 -10.569210
-29.446508 46.234925 -9.601437
-34.203839 45.431271 -8.475622
-45.745441 3.498420 -26.935960
-47.437665 10.738903 -25.216193
-46.538537 24.878324 -19.259723
-47.621181 17.956673 -22.572669
-16.746342 34.391171 -21.254912
-23.791421 33.025728 -20.411022
-18.923572 36.564056 -19.448906
-40.557197 29.465794 -18.210862
-31.565563 31.438800 -19.430247
-39.562798 32.614338 -16.433254
-23.778676 41.202251 -15.169254
-26.382774 35.171459 -18.437914
-21.272839 38.846702 -17.420224
-27.987004 40.565961 -14.392167
-22.584105 35.883325 -18.963401
-37.204937 38.957116 -12.666911
-30.543169 34.383419 -17.836589
-38.443927 35.793736 -14.575514
-32.463115 39.823156 -13.559622
-34.856394 33.551507 -17.183557
-29.306181 37.422211 -16.174168
-38.296319 -54.841924 -2.720676
-42.566884 -48.303496 -7.857487
-36.151088 -54.182165 -6.976191
-45.429432 -32.074646 -15.825508
-44.579227 -40.172933 -12.206783
-30.562954 -50.332678 -14.379757
-39.558153 -46.739840 -11.684053
-33.475936 -52.561662 -10.915287
-38.135291 -50.653224 -9.449826
-45.258306 -3.461165 -26.649124
-45.948457 -10.401777 -24.424583
-45.827520 -24.498232 -18.965473
-46.012287 -17.350002 -21.810046
-18.828127 -38.666435 -23.897171
-26.986505 -37.460937 -23.152133
-21.549466 -41.637798 -22.147696
-42.060729 -30.558147 -18.885973
-34.755665 -34.616091 -21.393921
-41.716682 -34.389933 -17.327915
-27.441283 -47.548595 -17.505760
-29.976237 -39.961984 -20.949249
-24.453863 -44.655627 -20.025150
-32.009147 -46.395886 -16.460532
-25.827072 -41.035996 -21.686453
-40.560322 -42.470525 -13.809297
-34.104357 -38.392362 -19.916251
-41.238160 -38.395344 -15.634911
-36.394604 -44.645992 -15.201778
-37.945586 -36.525052 -18.706471
-33.166445 -42.351533 -18.304659
-2.408809 -18.546539 -31.497656
-7.296759 -17.133638 -32.232454
-3.981481 -20.632301 -30.923074
-2.377493 -16.087846 -32.255040
-17.634500 -13.651868 -32.987906
-12.351659 -15.526814 -32.756658
-7.393960 -25.033387 -29.578138
-9.049724 -19.234420 -31.676253
-5.649717 -22.799744 -30.283774
-6.505526 -19.951705 -31.326824
-2.337669 -11.212812 -33.492072
-7.211254 -14.588684 -32.911267
-2.356696 -13.632731 -32.925235
-4.790388 -15.357162 -32.607712
-41.173819 -2.042609 -28.751831
-34.915894 -5.679738 -30.769218
-41.932952 -5.399051 -27.978244
-23.165643 -11.429840 -32.811024
-28.929767 -8.790481 -32.102876
-42.605226 -12.172069 -25.870699
-35.544955 -8.885549 -30.083388
-42.380135 -8.800927 -26.991435
-38.686055 -7.217240 -29.125569
-15.829244 -35.253123 -25.612255
-17.563977 -28.533700 -28.419112
-13.510722 -32.526849 -26.814121
-19.725548 -34.997471 -25.558903
-19.980744 -15.742449 -32.329523
-18.935596 -22.071641 -30.638438
-17.185991 -16.721781 -32.309763
-9.349870 -27.462206 -28.755548
-15.257530 -26.126818 -29.411791
-11.342986 -29.917911 -27.855474
-10.202719 -24.426347 -29.964291
-14.438491 -29.288100 -28.191668
-27.595142 -33.449372 -24.798915
-21.238938 -27.928557 -28.337681
-23.698816 -34.408178 -25.298998
-20.529464 -31.397222 -27.038407
-11.770734 -18.451300 -31.971297
-16.005877 -22.902776 -30.532197
-14.432609 -17.624489 -32.184388
-11.012488 -21.414882 -31.039952
-16.638558 -19.815377 -31.484162
-13.091316 -23.720322 -30.289409
-2.320591 -1.434204 -34.662763
-7.050753 -4.357605 -34.524744
-2.324592 -3.846536 -34.555500
-17.469509 -10.796750 -33.512749
-12.047192 -7.445574 -34.190873
-14.856370 -11.844078 -33.482133
-2.339615 -8.692719 -33.974458
-7.081239 -6.847121 -34.317301
-2.329185 -6.280547 -34.322889
-4.722302 -10.327646 -33.762589
-4.688135 -5.331689 -34.457500
-9.772085 -13.710440 -33.176576
-9.627318 -8.472117 -34.115488
-12.277456 -12.819604 -33.364754
-7.202879 -12.003418 -33.500059
-12.178952 -10.112494 -33.848118
-7.161980 -9.408710 -33.973920
-42.351811 -26.174859 -20.622674
-35.987114 -22.241260 -25.924776
-42.520279 -22.617100 -22.006190
-38.839914 -28.365067 -21.891256
-23.388039 -14.454603 -32.191676
-29.659465 -18.330558 -29.779054
-26.313855 -13.258655 -31.920002
-22.970021 -17.727531 -31.452548
-42.657236 -15.704930 -24.618378
-36.093053 -18.921041 -27.074079
-42.627970 -19.115877 -23.343498
-39.306173 -13.945213 -27.117859
-39.282637 -20.759848 -24.723550
-31.574347 -32.036878 -24.011466
-32.503236 -24.097463 -26.814597
-35.239789 -30.347517 -23.041974
-28.258491 -29.497986 -26.252944
-35.646982 -26.209843 -24.552049
-32.341920 -10.515980 -30.887273
-32.776492 -17.002987 -29.115718
-29.316078 -11.937757 -31.486659
-35.854296 -12.208241 -29.227773
-29.549403 -15.133861 -30.698640
-36.020314 -15.568258 -28.208324
-21.905091 -24.375022 -29.546113
-29.204499 -21.888613 -28.782860
-22.470594 -21.049310 -30.561376
-25.003146 -26.913217 -28.093705
-26.076553 -19.799157 -30.280310
-28.794220 -25.626598 -27.584296
-2.380673 18.329908 -31.129751
-7.066951 16.594023 -31.217308
-3.899570 20.207833 -30.286893
-2.352948 15.921753 -31.922035
-16.717576 12.942025 -31.272667
-11.789503 14.820148 -31.265817
-7.084230 23.984747 -28.339121
-8.674256 18.436395 -30.362023
-5.476050 22.098901 -29.352879
-6.298673 19.317309 -30.330738
-2.320099 11.128539 -33.240354
-7.013030 14.187667 -32.006594
-2.335610 13.510757 -32.630648
-4.696580 15.056429 -31.969170
-41.232303 2.045511 -28.792670
-34.438181 5.602028 -30.348239
-42.177045 5.430479 -28.141106
-38.128370 0.000000 -29.946591
-22.033721 10.871354 -31.207809
-27.918038 8.483061 -30.980177
-43.135229 12.323488 -26.192527
-34.858941 8.714059 -29.502782
-42.818656 8.891993 -27.270725
-38.476332 7.178114 -28.967674
-32.106085 -3.648795 -31.728065
-31.709774 3.603755 -31.336420
-35.069468 -1.901950 -30.927729
-34.913887 1.893513 -30.790522
-14.325438 31.904015 -23.179046
-16.011507 26.011621 -25.907162
-12.412279 29.882366 -24.634091
-17.622023 31.265354 -22.833312
-18.754427 14.776257 -30.345300
-17.477799 20.372408 -28.279672
-16.154640 15.718287 -30.370817
-8.839009 25.961717 -27.184393
-14.087556 24.123369 -27.156445
-10.575943 27.894780 -25.971811
-9.648632 23.099807 -28.336998
-13.287756 26.953864 -25.944817
-24.594558 29.812222 -22.102381
-19.230244 25.287185 -25.657616
-21.052648 30.566222 -22.474157
-18.453148 28.221759 -24.303787
-11.182932 17.529888 -30.374729
-14.849487 21.248101 -28.326313
-13.623611 16.636576 -30.380342
-10.431698 20.285478 -29.402931
-15.527781 18.492519 -29.382305
-12.245080 22.187016 -28.331470
-2.318202 1.432727 -34.627071
-6.986834 4.318101 -34.211758
-2.318226 3.836003 -34.460874
-4.665872 0.000000 -34.631319
-16.723907 10.335943 -32.082420
-11.758695 7.267273 -33.372097
-14.234748 11.348497 -32.081171
-2.325595 8.640628 -33.770868
-6.982258 6.751412 -33.837615
-2.318922 6.252875 -34.171666
-4.656885 10.184580 -33.294884
-4.653110 5.291856 -34.200068
-9.542651 -2.929123 -34.525637
-9.465291 2.905377 -34.245744
-7.082413 -1.458099 -34.599544
-7.060429 1.453573 -34.492147
-9.438341 13.242190 -32.043504
-9.412122 8.282743 -33.352915
-11.799676 12.320726 -32.066357
-7.034332 11.722539 -32.716160
-11.792967 9.792000 -32.775376
-7.026918 9.231279 -33.333234
-41.579563 25.697583 -20.246638
-34.201924 21.137952 -24.638742
-42.280696 22.489662 -21.882195
-36.879193 26.933139 -20.786139
-22.003300 13.598787 -30.285699
-27.759003 17.156007 -27.870929
-24.895910 12.544201 -30.199965
-21.378263 16.499063 -29.272975
-43.097575 15.867047 -24.872507
-34.645189 18.162028 -25.988009
-42.808251 19.196722 -23.442222
-38.899596 13.800966 -26.837355
-38.306668 20.244074 -24.109299
-28.520073 28.937862 -21.688770
-30.184288 22.378225 -24.901505
-32.518856 28.004326 -21.262858
-25.492635 26.610813 -23.683385
-33.405869 24.562039 -23.008470
-31.255265 10.162654 -29.849493
-31.120535 16.143950 -27.644713
-27.991169 11.398242 -30.063653
-34.943701 11.898187 -28.485472
-27.929119 14.304025 -29.015339
-34.858634 15.066170 -27.298585
-20.004729 22.260383 -26.982859
-27.004854 20.239991 -26.614972
-20.706833 19.397109 -28.162554
-22.647005 24.377082 -25.446328
-24.137956 18.327238 -28.029195
-26.301880 23.408438 -25.196683
-20.653961 -9.431775 -33.418811
-20.861749 -3.122994 -33.755020
-23.392786 -8.174835 -33.213423
-17.716137 -7.730829 -33.872705
-19.812718 9.047615 -32.057651
-20.558060 3.077532 -33.263640
-22.538882 7.876430 -32.001038
-17.147262 7.482588 -32.785032
-29.061045 -5.313458 -32.395063
-23.456072 -1.660836 -33.380834
-26.213258 -6.798172 -32.873935
-29.104426 -1.773601 -32.417886
-23.494408 -4.898398 -33.409378
-12.221936 -4.516002 -34.389597
-17.846714 -1.587750 -34.014657
-14.890307 -6.082757 -34.184450
-12.209512 -1.509179 -34.406821
-17.843129 -4.636359 -34.044010
-28.430646 5.198197 -31.692343
-23.270450 1.647693 -33.116670
-25.427799 6.594470 -31.888894
-28.889861 1.760525 -32.178894
-22.960939 4.787174 -32.650778
-26.123240 0.000000 -32.860634
-12.036507 4.447486 -33.867844
-17.720695 1.576538 -33.774471
-14.544237 5.941385 -33.389958
-12.146105 1.501341 -34.228136
-17.485346 4.543393 -33.361373
-14.951197 0.000000 -34.159009
-34.835829 49.886358 2.474833
-39.179926 44.460089 7.232283
-32.358822 48.498431 6.244386
-38.303580 48.768592 0.000000
-44.672852 31.540476 15.561951
-42.262396 38.085102 11.572383
-26.578191 43.770361 12.504941
-35.783681 42.280123 10.569210
-29.446508 46.234925 9.601437
-34.203839 45.431271 8.475622
-43.697434 44.218062 -5.025298
-43.697434 44.218062 5.025298
-41.290384 46.819855 -2.539219
-41.290384 46.819855 2.539219
-45.745441 3.498420 26.935960
-47.437665 10.738903 25.216193
-46.538537 24.878324 19.259723
-47.621181 17.956673 22.572669
-16.746342 34.391171 21.254912
-23.791421 33.025728 20.411022
-18.923572 36.564056 19.448906
-40.557197 29.465794 18.210862
-31.565563 31.438800 19.430247
-39.562798 32.614338 16.433254
-23.778676 41.202251 15.169254
-26.382774 35.171459 18.437914
-21.272839 38.846702 17.420224
-27.987004 40.565961 14.392167
-22.584105 35.883325 18.963401
-37.204937 38.957116 12.666911
-30.543169 34.383419 17.836589
-38.443927 35.793736 14.575514
-32.463115 39.823156 13.559622
-34.856394 33.551507 17.183557
-29.306181 37.422211 16.174168
-50.030270 30.920407 -14.120018
-58.233032 35.989993 -5.387685
-48.803450 34.373110 -12.012015
-50.030270 30.920407 14.120018
-58.233032 35.989993 5.387685
-48.803450 34.373110 12.012015
-45.761319 41.051679 -7.505799
-55.685353 39.129031 -2.770579
-47.384581 37.783862 -9.798904
-48.239916 43.309273 -2.639233
-52.831625 37.152675 -7.746038
-45.761319 41.051679 7.505799
-55.685353 39.129031 2.770579
-47.384581 37.783862 9.798904
-48.239916 43.309273 2.639233
-52.831625 37.152675 7.746038
-52.369285 41.632045 0.000000
-38.296319 -54.841924 2.720676
-42.566884 -48.303496 7.857487
-36.151088 -54.182165 6.976191
-41.581992 -52.942707 0.000000
-45.429432 -32.074646 15.825508
-44.579227 -40.172933 12.206783
-30.562954 -50.332678 14.379757
-39.558153 -46.739840 11.684053
-33.475936 -52.561662 10.915287
-38.135291 -50.653224 9.449826
-46.278315 -46.829693 -5.322105
-46.278315 -46.829693 5.322105
-44.305877 -50.239174 -2.724661
-44.305877 -50.239174 2.724661
-45.258306 -3.461165 26.649124
-45.948457 -10.401777 24.424583
-45.827520 -24.498232 18.965473
-46.012287 -17.350002 21.810046
-18.828127 -38.666435 23.897171
-26.986505 -37.460937 23.152133
-21.549466 -41.637798 22.147696
-42.060729 -30.558147 18.885973
-34.755665 -34.616091 21.393921
-41.716682 -34.389933 17.327915
-27.441283 -47.548595 17.505760
-29.976237 -39.961984 20.949249
-24.453863 -44.655627 20.025150
-32.009147 -46.395886 16.460532
-25.827072 -41.035996 21.686453
-40.560322 -42.470525 13.809297
-34.104357 -38.392362 19.916251
-41.238160 -38.395344 15.634911
-36.394604 -44.645992 15.201778
-37.945586 -36.525052 18.706471
-33.166445 -42.351533 18.304659
-49.111327 -30.352469 -13.860666
-55.626037 -34.378781 -5.146488
-48.849294 -34.405399 -12.023299
-49.111327 -30.352469 13.860666
-55.626037 -34.378781 5.146488
-48.849294 -34.405399 12.023299
-47.636167 -42.733572 -7.813313
-54.476325 -38.279470 -2.710424
-48.397847 -38.591828 -10.008443
-49.728580 -44.645780 -2.720678
-52.157350 -36.678506 -7.647178
-47.636167 -42.733572 7.813313
-54.476325 -38.279470 2.710424
-48.397847 -38.591828 10.008443
-49.728580 -44.645780 2.720678
-52.157350 -36.678506 7.647178
-52.552857 -41.777979 0.000000
-2.408809 -18.546539 31.497656
-7.296759 -17.133638 32.232454
-3.981481 -20.632301 30.923074
-2.377493 -16.087846 32.255040
-17.634500 -13.651868 32.987906
-12.351659 -15.526814 32.756658
-7.393960 -25.033387 29.578138
-9.049724 -19.234420 31.676253
-5.649717 -22.799744 30.283774
-6.505526 -19.951705 31.326824
-2.337669 -11.212812 33.492072
-7.211254 -14.588684 32.911267
-2.356696 -13.632731 32.925235
-4.790388 -15.357162 32.607712
-41.173819 -2.042609 28.751831
-34.915894 -5.679738 30.769218
-41.932952 -5.399051 27.978244
-23.165643 -11.429840 32.811024
-28.929767 -8.790481 32.102876
-42.605226 -12.172069 25.870699
-35.544955 -8.885549 30.083388
-42.380135 -8.800927 26.991435
-38.686055 -7.217240 29.125569
-15.829244 -35.253123 25.612255
-17.563977 -28.533700 28.419112
-13.510722 -32.526849 26.814121
-19.725548 -34.997471 25.558903
-19.980744 -15.742449 32.329523
-18.935596 -22.071641 30.638438
-17.185991 -16.721781 32.309763
-9.349870 -27.462206 28.755548
-15.257530 -26.126818 29.411791
-11.342986 -29.917911 27.855474
-10.202719 -24.426347 29.964291
-14.438491 -29.288100 28.191668
-27.595142 -33.449372 24.798915
-21.238938 -27.928557 28.337681
-23.698816 -34.408178 25.298998
-20.529464 -31.397222 27.038407
-11.770734 -18.451300 31.971297
-16.005877 -22.902776 30.532197
-14.432609 -17.624489 32.184388
-11.012488 -21.414882 31.039952
-16.638558 -19.815377 31.484162
-13.091316 -23.720322 30.289409
-2.320591 -1.434204 34.662763
-7.050753 -4.357605 34.524744
-2.324592 -3.846536 34.555500
-17.469509 -10.796750 33.512749
-12.047192 -7.445574 34.190873
-14.856370 -11.844078 33.482133
-2.339615 -8.692719 33.974458
-7.081239 -6.847121 34.317301
-2.329185 -6.280547 34.322889
-4.722302 -10.327646 33.762589
-4.688135 -5.331689 34.457500
-9.772085 -13.710440 33.176576
-9.627318 -8.472117 34.115488
-12.277456 -12.819604 33.364754
-7.202879 -12.003418 33.500059
-12.178952 -10.112494 33.848118
-7.161980 -9.408710 33.973920
-42.351811 -26.174859 20.622674
-35.987114 -22.241260 25.924776
-42.520279 -22.617100 22.006190
-38.839914 -28.365067 21.891256
-23.388039 -14.454603 32.191676
-29.659465 -18.330558 29.779054
-26.313855 -13.258655 31.920002
-22.970021 -17.727531 31.452548
-42.657236 -15.704930 24.618378
-36.093053 -18.921041 27.074079
-42.627970 -19.115877 23.343498
-39.306173 -13.945213 27.117859
-39.282637 -20.759848 24.723550
-31.574347 -32.036878 24.011466
-32.503236 -24.097463 26.814597
-35.239789 -30.347517 23.041974
-28.258491 -29.497986 26.252944
-35.646982 -26.209843 24.552049
-32.341920 -10.515980 30.887273
-32.776492 -17.002987 29.115718
-29.316078 -11.937757 31.486659
-35.854296 -12.208241 29.227773
-29.549403 -15.133861 30.698640
-36.020314 -15.568258 28.208324
-21.905091 -24.375022 29.546113
-29.204499 -21.888613 28.782860
-22.470594 -21.049310 30.561376
-25.003146 -26.913217 28.093705
-26.076553 -19.799157 30.280310
-28.794220 -25.626598 27.584296
-2.380673 18.329908 31.129751
-7.066951 16.594023 31.217308
-3.899570 20.207833 30.286893
-2.352948 15.921753 31.922035
-16.717576 12.942025 31.272667
-11.789503 14.820148 31.265817
-7.084230 23.984747 28.339121
-8.674256 18.436395 30.362023
-5.476050 22.098901 29.352879
-6.298673 19.317309 30.330738
-2.320099 11.128539 33.240354
-7.013030 14.187667 32.006594
-2.335610 13.510757 32.630648
-4.696580 15.056429 31.969170
-41.232303 2.045511 28.792670
-34.438181 5.602028 30.348239
-42.177045 5.430479 28.141106
-38.128370 0.000000 29.946591
-22.033721 10.871354 31.207809
-27.918038 8.483061 30.980177
-43.135229 12.323488 26.192527
-34.858941 8.714059 29.502782
-42.818656 8.891993 27.270725
-38.476332 7.178114 28.967674
-32.106085 -3.648795 31.728065
-31.709774 3.603755 31.336420
-35.069468 -1.901950 30.927729
-34.913887 1.893513 30.790522
-14.325438 31.904015 23.179046
-16.011507 26.011621 25.907162
-12.412279 29.882366 24.634091
-17.622023 31.265354 22.833312
-18.754427 14.776257 30.345300
-17.477799 20.372408 28.279672
-16.154640 15.718287 30.370817
-8.839009 25.961717 27.184393
-14.087556 24.123369 27.156445
-10.575943 27.894780 25.971811
-9.648632 23.099807 28.336998
-13.287756 26.953864 25.944817
-24.594558 29.812222 22.102381
-19.230244 25.287185 25.657616
-21.052648 30.566222 22.474157
-18.453148 28.221759 24.303787
-11.182932 17.529888 30.374729
-14.849487 21.248101 28.326313
-13.623611 16.636576 30.380342
-10.431698 20.285478 29.402931
-15.527781 18.492519 29.382305
-12.245080 22.187016 28.331470
-2.318202 1.432727 34.627071
-6.986834 4.318101 34.211758
-2.318226 3.836003 34.460874
-4.665872 0.000000 34.631319
-16.723907 10.335943 32.082420
-11.758695 7.267273 33.372097
-14.234748 11.348497 32.081171
-2.325595 8.640628 33.770868
-6.982258 6.751412 33.837615
-2.318922 6.252875 34.171666
-4.656885 10.184580 33.294884
-4.653110 5.291856 34.200068
-9.542651 -2.929123 34.525637
-9.465291 2.905377 34.245744
-7.082413 -1.458099 34.599544
-7.060429 1.453573 34.492147
-9.438341 13.242190 32.043504
-9.412122 8.282743 33.352915
-11.799676 12.320726 32.066357
-7.034332 11.722539 32.716160
-11.792967 9.792000 32.775376
-7.026918 9.231279 33.333234
-41.579563 25.697583 20.246638
-34.201924 21.137952 24.638742
-42.280696 22.489662 21.882195
-36.879193 26.933139 20.786139
-22.003300 13.598787 30.285699
-27.759003 17.156007 27.870929
-24.895910 12.544201 30.199965
-21.378263 16.499063 29.272975
-43.097575 15.867047 24.872507
-34.645189 18.162028 25.988009
-42.808251 19.196722 23.442222
-38.899596 13.800966 26.837355
-38.306668 20.244074 24.109299
-28.520073 28.937862 21.688770
-30.184288 22.378225 24.901505
-32.518856 28.004326 21.262858
-25.492635 26.610813 23.683385
-33.405869 24.562039 23.008470
-31.255265 10.162654 29.849493
-31.120535 16.143950 27.644713
-27.991169 11.398242 30.063653
-34.943701 11.898187 28.485472
-27.929119 14.304025 29.015339
-34.858634 15.066170 27.298585
-20.004729 22.260383 26.982859
-27.004854 20.239991 26.614972
-20.706833 19.397109 28.162554
-22.647005 24.377082 25.446328
-24.137956 18.327238 28.029195
-26.301880 23.408438 25.196683
-20.653961 -9.431775 33.418811
-20.861749 -3.122994 33.755020
-23.392786 -8.174835 33.213423
-17.716137 -7.730829 33.872705
-19.812718 9.047615 32.057651
-20.558060 3.077532 33.263640
-22.538882 7.876430 32.001038
-17.147262 7.482588 32.785032
-29.061045 -5.313458 32.395063
-23.456072 -1.660836 33.380834
-26.213258 -6.798172 32.873935
-29.104426 -1.773601 32.417886
-23.494408 -4.898398 33.409378
-12.221936 -4.516002 34.389597
-17.846714 -1.587750 34.014657
-14.890307 -6.082757 34.184450
-12.209512 -1.509179 34.406821
-17.843129 -4.636359 34.044010
-28.430646 5.198197 31.692343
-23.270450 1.647693 33.116670
-25.427799 6.594470 31.888894
-28.889861 1.760525 32.178894
-22.960939 4.787174 32.650778
-26.123240 0.000000 32.860634
-12.036507 4.447486 33.867844
-17.720695 1.576538 33.774471
-14.544237 5.941385 33.389958
-12.146105 1.501341 34.228136
-17.485346 4.543393 33.361373
-14.951197 0.000000 34.159009
-48.421082 0.000000 -25.478574
-56.437627 0.000000 -20.344861
-49.981685 3.684110 -24.929365
-49.038834 -3.614613 -24.459099
-69.834701 0.000000 -4.840065
-64.159252 0.000000 -13.513520
-52.159249 11.428719 -23.120800
-58.570630 4.088094 -19.608863
-51.278160 7.533257 -24.150330
-54.307215 3.887158 -22.485964
-49.458859 -10.837031 -21.923789
-56.677838 -3.955981 -18.975175
-49.346636 -7.249498 -23.240645
-52.867101 -3.784079 -21.889683
-48.421082 0.000000 25.478574
-56.437627 0.000000 20.344861
-49.981685 3.684110 24.929365
-49.038834 -3.614613 24.459099
-69.834701 0.000000 4.840065
-64.159252 0.000000 13.513520
-52.159249 11.428719 23.120800
-58.570630 4.088094 19.608863
-51.278160 7.533257 24.150330
-54.307215 3.887158 22.485964
-49.458859 -10.837031 21.923789
-56.677838 -3.955981 18.975175
-49.346636 -7.249498 23.240645
-52.867101 -3.784079 21.889683
-51.260183 26.720882 -16.514413
-62.790047 22.124142 -13.673472
-52.049944 23.095100 -18.412315
-56.028838 29.304261 -12.787565
-71.347955 4.776579 -2.952088
-69.978036 14.291138 -8.832409
-69.594645 4.681719 -7.746910
-52.611734 15.496666 -21.742148
-62.770604 17.713732 -15.588226
-52.531559 19.330396 -20.183987
-57.121884 12.281830 -20.467362
-57.712079 20.765487 -17.242112
-63.655962 33.398831 -2.971358
-67.303595 23.919450 -8.838230
-60.575037 31.748558 -8.249546
-62.121896 27.059500 -11.053926
-62.867441 4.329300 -16.085290
-66.550450 13.732422 -13.278404
-66.592646 4.519041 -12.185403
-60.592356 8.474926 -18.534610
-68.622032 9.336409 -10.618047
-62.078897 13.086739 -17.192080
-49.296652 -25.697333 -15.881826
-56.709892 -19.981793 -12.349427
-49.395359 -21.917233 -17.473274
-52.887356 -27.661200 -12.070578
-69.236850 -4.635246 -2.864740
-63.875307 -13.044819 -8.062141
-67.312622 -4.528205 -7.492887
-49.497675 -14.579427 -20.455242
-56.752814 -16.015524 -14.093789
-49.460033 -18.200146 -19.003827
-53.089273 -11.414774 -19.022436
-53.056316 -19.090289 -15.851152
-58.854908 -30.879828 -2.747253
-60.324704 -21.439178 -7.921770
-56.393956 -29.557172 -7.680136
-56.689202 -24.693088 -10.087236
-60.618341 -4.174418 -15.509834
-60.573408 -12.499083 -12.085841
-64.220141 -4.358041 -11.751272
-56.831468 -7.948898 -17.384191
-64.120580 -8.723962 -9.921527
-56.842602 -11.982885 -15.741944
-51.260183 26.720882 16.514413
-62.790047 22.124142 13.673472
-52.049944 23.095100 18.412315
-56.028838 29.304261 12.787565
-71.347955 4.776579 2.952088
-69.978036 14.291138 8.832409
-69.594645 4.681719 7.746910
-72.302309 9.741279 0.000000
-52.611734 15.496666 21.742148
-62.770604 17.713732 15.588226
-52.531559 19.330396 20.183987
-57.121884 12.281830 20.467362
-57.712079 20.765487 17.242112
-63.655962 33.398831 2.971358
-67.303595 23.919450 8.838230
-60.575037 31.748558 8.249546
-67.837035 29.691870 0.000000
-62.121896 27.059500 11.053926
-62.867441 4.329300 16.085290
-66.550450 13.732422 13.278404
-66.592646 4.519041 12.185403
-60.592356 8.474926 18.534610
-68.622032 9.336409 10.618047
-62.078897 13.086739 17.192080
-70.808890 19.571096 -6.007361
-70.808890 19.571096 6.007361
-72.232381 14.785732 -3.044027
-70.176896 24.902786 -3.078154
-72.232381 14.785732 3.044027
-70.176896 24.902786 3.078154
-49.296652 -25.697333 15.881826
-56.709892 -19.981793 12.349427
-49.395359 -21.917233 17.473274
-52.887356 -27.661200 12.070578
-69.236850 -4.635246 2.864740
-63.875307 -13.044819 8.062141
-67.312622 -4.528205 7.492887
-68.269316 -9.197915 0.000000
-49.497675 -14.579427 20.455242
-56.752814 -16.015524 14.093789
-49.460033 -18.200146 19.003827
-53.089273 -11.414774 19.022436
-53.056316 -19.090289 15.851152
-58.854908 -30.879828 2.747253
-60.324704 -21.439178 7.921770
-56.393956 -29.557172 7.680136
-61.378730 -26.865108 0.000000
-56.689202 -24.693088 10.087236
-60.618341 -4.174418 15.509834
-60.573408 -12.499083 12.085841
-64.220141 -4.358041 11.751272
-56.831468 -7.948898 17.384191
-64.120580 -8.723962 9.921527
-56.842602 -11.982885 15.741944
-63.772007 -17.626149 -5.410358
-63.772007 -17.626149 5.410358
-66.426797 -13.597348 -2.799367
-62.975165 -22.347198 -2.762266
-66.426797 -13.597348 2.799367
-62.975165 -22.347198 2.762266
