-13.534996 21.900083 0.000000
21.900083 35.435078 0.000000
-21.900083 -35.435078 0.000000
13.534996 -21.900083 0.000000
0.000000 -14.189856 22.959669
0.000000 14.189856 22.959669
0.000000 -14.189856 -22.959669
0.000000 14.189856 -22.959669
26.680408 0.000000 -16.489399
26.680408 0.000000 16.489399
-26.680408 0.000000 -16.489399
-26.680408 0.000000 16.489399
0.000000 35.435078 0.000000
0.000000 -35.435078 0.000000
-11.038018 -28.897906 17.859888
8.277453 -21.670654 13.393201
-8.277453 21.670654 13.393201
11.038018 28.897906 17.859888
0.000000 0.000000 25.056384
-11.038018 -28.897906 -17.859888
8.277453 -21.670654 -13.393201
-8.277453 21.670654 -13.393201
11.038018 28.897906 -17.859888
0.000000 0.000000 -25.056384
31.088604 19.213814 -11.874790
20.773017 -12.838431 -7.934587
12.644019 -7.814433 -20.458452
15.274356 9.440071 -24.714428
31.088604 19.213814 11.874790
20.773017 -12.838431 7.934587
12.644019 -7.814433 20.458452
15.274356 9.440071 24.714428
35.435078 0.000000 0.000000
-20.773017 12.838431 -7.934587
-31.088604 -19.213814 -11.874790
-15.274356 -9.440071 -24.714428
-12.644019 7.814433 -20.458452
-20.773017 12.838431 7.934587
-31.088604 -19.213814 11.874790
-15.274356 -9.440071 24.714428
-12.644019 7.814433 20.458452
-35.435078 0.000000 0.000000
-7.839364 27.595714 0.000000
10.066363 35.435078 0.000000
-10.066363 -35.435078 0.000000
7.839364 -27.595714 0.000000
-16.520536 -32.846558 9.895522
-5.050534 -21.814951 22.074862
-5.799278 -33.949565 9.383429
11.408696 -22.683065 6.833616
4.345228 -18.768496 18.992111
4.903844 -28.707604 7.934587
0.000000 -26.680408 16.489399
-11.408696 22.683065 6.833616
-4.345228 18.768496 18.992111
-4.903844 28.707604 7.934587
16.520536 32.846558 9.895522
5.050534 21.814951 22.074862
5.799278 33.949565 9.383429
0.000000 26.680408 16.489399
0.000000 -6.978591 24.565667
0.000000 6.978591 24.565667
-16.520536 -32.846558 -9.895522
-5.050534 -21.814951 -22.074862
-5.799278 -33.949565 -9.383429
11.408696 -22.683065 -6.833616
4.345228 -18.768496 -18.992111
4.903844 -28.707604 -7.934587
0.000000 -26.680408 -16.489399
-11.408696 22.683065 -6.833616
-4.345228 18.768496 -18.992111
-4.903844 28.707604 -7.934587
16.520536 32.846558 -9.895522
5.050534 21.814951 -22.074862
5.799278 33.949565 -9.383429
0.000000 26.680408 -16.489399
0.000000 -6.978591 -24.565667
0.000000 6.978591 -24.565667
30.292273 30.653187 -7.013179
30.835289 9.289597 -15.508946
22.089532 25.862874 -15.984135
17.383927 -17.591046 -4.024676
23.894505 -7.198581 -12.018003
14.765033 -17.287201 -10.684078
6.561805 -10.954909 -21.780834
19.041464 -4.356519 -18.817268
10.728139 -14.825924 -17.358494
6.603123 -4.080955 -23.890325
17.549400 -10.846126 -14.988977
7.472994 12.476136 -24.805376
22.199258 5.078995 -21.937882
15.072752 20.830031 -24.388225
6.906198 4.268265 -24.986857
24.566136 15.182707 -20.981985
14.189856 0.000000 -22.959669
30.292273 30.653187 7.013179
30.835289 9.289597 15.508946
22.089532 25.862874 15.984135
35.435078 21.900083 0.000000
17.383927 -17.591046 4.024676
23.894505 -7.198581 12.018003
14.765033 -17.287201 10.684078
21.900083 -13.534996 0.000000
6.561805 -10.954909 21.780834
19.041464 -4.356519 18.817268
10.728139 -14.825924 17.358494
6.603123 -4.080955 23.890325
17.549400 -10.846126 14.988977
7.472994 12.476136 24.805376
22.199258 5.078995 21.937882
15.072752 20.830031 24.388225
6.906198 4.268265 24.986857
24.566136 15.182707 20.981985
14.189856 0.000000 22.959669
32.880783 0.000000 -9.340741
32.880783 0.000000 9.340741
34.752876 9.605459 -5.936500
27.277622 -7.539349 -4.659574
34.752876 9.605459 5.936500
27.277622 -7.539349 4.659574
-17.383927 17.591046 -4.024676
-23.894505 7.198581 -12.018003
-14.765033 17.287201 -10.684078
-30.292273 -30.653187 -7.013179
-30.835289 -9.289597 -15.508946
-22.089532 -25.862874 -15.984135
-7.472994 -12.476136 -24.805376
-22.199258 -5.078995 -21.937882
-15.072752 -20.830031 -24.388225
-6.906198 -4.268265 -24.986857
-24.566136 -15.182707 -20.981985
-6.561805 10.954909 -21.780834
-19.041464 4.356519 -18.817268
-10.728139 14.825924 -17.358494
-6.603123 4.080955 -23.890325
-17.549400 10.846126 -14.988977
-14.189856 0.000000 -22.959669
-17.383927 17.591046 4.024676
-23.894505 7.198581 12.018003
-14.765033 17.287201 10.684078
-21.900083 13.534996 0.000000
-30.292273 -30.653187 7.013179
-30.835289 -9.289597 15.508946
-22.089532 -25.862874 15.984135
-35.435078 -21.900083 0.000000
-7.472994 -12.476136 24.805376
-22.199258 -5.078995 21.937882
-15.072752 -20.830031 24.388225
-6.906198 -4.268265 24.986857
-24.566136 -15.182707 20.981985
-6.561805 10.954909 21.780834
-19.041464 4.356519 18.817268
-10.728139 14.825924 17.358494
-6.603123 4.080955 23.890325
-17.549400 10.846126 14.988977
-14.189856 0.000000 22.959669
-32.880783 0.000000 -9.340741
-32.880783 0.000000 9.340741
-27.277622 7.539349 -4.659574
-34.752876 -9.605459 -5.936500
-27.277622 7.539349 4.659574
-34.752876 -9.605459 5.936500
-10.841127 24.593951 0.000000
-4.332140 31.102938 0.000000
15.619945 35.435078 0.000000
4.935538 35.435078 0.000000
-15.619945 -35.435078 0.000000
-4.935538 -35.435078 0.000000
10.841127 -24.593951 0.000000
4.332140 -31.102938 0.000000
-19.367446 -34.578928 5.245247
-13.728843 -30.892632 14.042750
-13.515306 -34.872294 4.967112
-2.334728 -17.726256 22.569289
-8.365675 -26.769314 21.412039
-2.921972 -35.091331 4.727850
-8.540995 -31.884448 13.819620
-7.975111 -35.013592 4.811235
-11.022294 -33.523038 9.662114
12.603062 -22.501696 3.413263
9.960475 -22.413052 10.188218
9.794818 -25.272662 3.599768
2.194541 -16.661901 21.214139
6.391046 -20.450702 16.357955
0.000000 -20.296918 20.538743
2.682611 -32.216729 4.340555
6.740268 -25.162143 10.905983
6.492963 -28.506433 3.917083
0.000000 -33.003422 9.121921
8.382538 -25.494524 7.348111
-5.524615 -29.671592 18.338052
4.477817 -24.049448 14.863376
-2.563443 -24.648312 19.594685
-2.903577 -32.201162 14.094259
2.338844 -22.488722 17.877874
2.548714 -28.265667 12.371716
-12.603062 22.501696 3.413263
-9.960475 22.413052 10.188218
-9.794818 25.272662 3.599768
-2.194541 16.661901 21.214139
-6.391046 20.450702 16.357955
-2.682611 32.216729 4.340555
-6.740268 25.162143 10.905983
-6.492963 28.506433 3.917083
-8.382538 25.494524 7.348111
19.367446 34.578928 5.245247
13.728843 30.892632 14.042750
13.515306 34.872294 4.967112
2.334728 17.726256 22.569289
8.365675 26.769314 21.412039
0.000000 20.296918 20.538743
2.921972 35.091331 4.727850
8.540995 31.884448 13.819620
7.975111 35.013592 4.811235
0.000000 33.003422 9.121921
11.022294 33.523038 9.662114
-4.477817 24.049448 14.863376
5.524615 29.671592 18.338052
-2.338844 22.488722 17.877874
-2.548714 28.265667 12.371716
2.563443 24.648312 19.594685
2.903577 32.201162 14.094259
0.000000 -10.544613 23.921287
0.000000 -3.473148 24.935738
0.000000 10.544613 23.921287
0.000000 3.473148 24.935738
-19.367446 -34.578928 -5.245247
-13.728843 -30.892632 -14.042750
-13.515306 -34.872294 -4.967112
-2.334728 -17.726256 -22.569289
-8.365675 -26.769314 -21.412039
-2.921972 -35.091331 -4.727850
-8.540995 -31.884448 -13.819620
-7.975111 -35.013592 -4.811235
-11.022294 -33.523038 -9.662114
12.603062 -22.501696 -3.413263
9.960475 -22.413052 -10.188218
9.794818 -25.272662 -3.599768
2.194541 -16.661901 -21.214139
6.391046 -20.450702 -16.357955
0.000000 -20.296918 -20.538743
2.682611 -32.216729 -4.340555
6.740268 -25.162143 -10.905983
6.492963 -28.506433 -3.917083
0.000000 -33.003422 -9.121921
8.382538 -25.494524 -7.348111
-5.524615 -29.671592 -18.338052
4.477817 -24.049448 -14.863376
-2.563443 -24.648312 -19.594685
-2.903577 -32.201162 -14.094259
2.338844 -22.488722 -17.877874
2.548714 -28.265667 -12.371716
-12.603062 22.501696 -3.413263
-9.960475 22.413052 -10.188218
-9.794818 25.272662 -3.599768
-2.194541 16.661901 -21.214139
-6.391046 20.450702 -16.357955
-2.682611 32.216729 -4.340555
-6.740268 25.162143 -10.905983
-6.492963 28.506433 -3.917083
-8.382538 25.494524 -7.348111
19.367446 34.578928 -5.245247
13.728843 30.892632 -14.042750
13.515306 34.872294 -4.967112
2.334728 17.726256 -22.569289
8.365675 26.769314 -21.412039
0.000000 20.296918 -20.538743
2.921972 35.091331 -4.727850
8.540995 31.884448 -13.819620
7.975111 35.013592 -4.811235
0.000000 33.003422 -9.121921
11.022294 33.523038 -9.662114
-4.477817 24.049448 -14.863376
5.524615 29.671592 -18.338052
-2.338844 22.488722 -17.877874
-2.548714 28.265667 -12.371716
2.563443 24.648312 -19.594685
2.903577 32.201162 -14.094259
0.000000 -10.544613 -23.921287
0.000000 -3.473148 -24.935738
0.000000 10.544613 -23.921287
0.000000 3.473148 -24.935738
27.217151 34.653214 -3.584775
31.015006 24.808052 -9.692495
23.296991 32.326106 -8.687575
30.531130 4.631241 -17.100300
30.991976 14.087908 -13.772992
16.578023 27.676946 -17.105293
27.163737 23.106855 -14.280822
19.693499 29.893932 -13.208057
25.894051 28.089763 -11.839075
15.536039 -19.780677 -2.046254
19.119586 -15.293232 -5.975059
14.492193 -20.108871 -5.404218
25.350909 -3.845457 -14.198890
22.363060 -10.165494 -9.938258
11.647548 -19.445538 -12.018003
17.767146 -15.113637 -9.340741
13.169574 -19.990880 -8.832584
16.234037 -17.610619 -7.422399
3.395020 -12.535703 -22.381430
9.612150 -9.397283 -21.145759
5.517530 -14.796057 -20.530501
3.341977 -9.093380 -23.462807
22.632412 -2.341258 -17.775834
15.752750 -6.154592 -19.694074
21.773760 -5.851654 -15.692057
9.588146 -18.237737 -15.513946
11.737770 -11.375953 -18.992111
7.656955 -16.747049 -18.167132
12.920773 -16.273246 -14.201304
8.736672 -13.026566 -19.773799
3.336436 -2.062031 -24.763898
9.729531 -6.013181 -22.447848
3.333661 -5.525881 -24.260599
6.619246 -7.551068 -22.965702
19.402009 -11.991101 -11.621475
15.274356 -9.440071 -17.956083
20.642104 -9.120315 -13.598587
16.228421 -14.162186 -12.885182
18.371899 -7.743258 -16.935810
14.147329 -12.871665 -16.211396
3.651565 13.482964 -24.072685
11.389494 11.134898 -25.055737
6.414286 17.200836 -23.867290
3.516527 9.568324 -24.688262
24.824366 2.568009 -19.497427
18.948311 7.403097 -23.689162
28.088042 7.548604 -20.242675
20.619986 0.000000 -20.377205
13.217698 25.141555 -21.386684
15.484292 15.006989 -25.054111
9.955822 21.775060 -23.621499
18.478186 23.272606 -20.309492
10.942670 16.315757 -24.766658
3.373610 2.085006 -25.039811
10.786486 6.666415 -24.886440
3.436003 5.695525 -25.005393
6.796823 0.000000 -24.591136
7.218859 8.235090 -25.046078
27.822122 17.195017 -16.664981
20.773017 12.838431 -24.420146
28.035260 12.386839 -18.469044
23.601806 20.596776 -18.739566
24.844598 10.471326 -22.902552
20.060158 18.251335 -22.986896
13.461296 -4.055419 -21.780834
14.810587 4.461913 -23.964033
16.810258 -2.199175 -21.145759
10.274630 -2.116690 -23.474454
17.897113 2.341361 -22.512923
10.650181 2.194058 -24.332476
27.217151 34.653214 3.584775
31.015006 24.808052 9.692495
23.296991 32.326106 8.687575
35.017862 35.435078 0.000000
30.531130 4.631241 17.100300
30.991976 14.087908 13.772992
16.578023 27.676946 17.105293
27.163737 23.106855 14.280822
19.693499 29.893932 13.208057
25.894051 28.089763 11.839075
34.040014 21.037886 -6.337981
34.040014 21.037886 6.337981
34.616425 27.519043 -3.600135
34.616425 27.519043 3.600135
15.536039 -19.780677 2.046254
19.119586 -15.293232 5.975059
14.492193 -20.108871 5.404218
17.612617 -17.822461 0.000000
25.350909 -3.845457 14.198890
22.363060 -10.165494 9.938258
11.647548 -19.445538 12.018003
17.767146 -15.113637 9.340741
13.169574 -19.990880 8.832584
16.234037 -17.610619 7.422399
21.615722 -13.359251 -4.024676
21.615722 -13.359251 4.024676
19.675373 -15.641344 -2.046254
19.675373 -15.641344 2.046254
3.395020 -12.535703 22.381430
9.612150 -9.397283 21.145759
5.517530 -14.796057 20.530501
3.341977 -9.093380 23.462807
22.632412 -2.341258 17.775834
15.752750 -6.154592 19.694074
21.773760 -5.851654 15.692057
9.588146 -18.237737 15.513946
11.737770 -11.375953 18.992111
7.656955 -16.747049 18.167132
12.920773 -16.273246 14.201304
8.736672 -13.026566 19.773799
3.336436 -2.062031 24.763898
9.729531 -6.013181 22.447848
3.333661 -5.525881 24.260599
6.619246 -7.551068 22.965702
19.402009 -11.991101 11.621475
15.274356 -9.440071 17.956083
20.642104 -9.120315 13.598587
16.228421 -14.162186 12.885182
18.371899 -7.743258 16.935810
14.147329 -12.871665 16.211396
3.651565 13.482964 24.072685
11.389494 11.134898 25.055737
6.414286 17.200836 23.867290
3.516527 9.568324 24.688262
24.824366 2.568009 19.497427
18.948311 7.403097 23.689162
28.088042 7.548604 20.242675
20.619986 0.000000 20.377205
13.217698 25.141555 21.386684
15.484292 15.006989 25.054111
9.955822 21.775060 23.621499
18.478186 23.272606 20.309492
10.942670 16.315757 24.766658
3.373610 2.085006 25.039811
10.786486 6.666415 24.886440
3.436003 5.695525 25.005393
6.796823 0.000000 24.591136
7.218859 8.235090 25.046078
27.822122 17.195017 16.664981
20.773017 12.838431 24.420146
28.035260 12.386839 18.469044
23.601806 20.596776 18.739566
24.844598 10.471326 22.902552
20.060158 18.251335 22.986896
13.461296 -4.055419 21.780834
14.810587 4.461913 23.964033
16.810258 -2.199175 21.145759
10.274630 -2.116690 23.474454
17.897113 2.341361 22.512923
10.650181 2.194058 24.332476
30.070600 0.000000 -13.255259
34.767016 0.000000 -4.842487
32.807315 4.672982 -12.714991
27.965192 -3.983284 -10.838350
30.070600 0.000000 13.255259
34.767016 0.000000 4.842487
32.807315 4.672982 12.714991
27.965192 -3.983284 10.838350
33.508630 14.523586 -8.976070
35.294319 4.755198 -2.938874
33.141298 9.552088 -10.896779
35.183898 15.399785 -3.172530
34.433372 4.731506 -7.842953
23.899948 -10.358912 -6.402160
31.060958 -4.184838 -2.586372
25.873055 -7.457212 -8.506998
24.550777 -10.745730 -2.213742
29.975283 -4.118918 -6.827526
33.508630 14.523586 8.976070
35.294319 4.755198 2.938874
33.141298 9.552088 10.896779
35.183898 15.399785 3.172530
34.433372 4.731506 7.842953
35.435078 9.794015 0.000000
23.899948 -10.358912 6.402160
31.060958 -4.184838 2.586372
25.873055 -7.457212 8.506998
24.550777 -10.745730 2.213742
29.975283 -4.118918 6.827526
27.761883 -7.673196 0.000000
-15.536039 19.780677 -2.046254
-19.119586 15.293232 -5.975059
-14.492193 20.108871 -5.404218
-25.350909 3.845457 -14.198890
-22.363060 10.165494 -9.938258
-11.647548 19.445538 -12.018003
-17.767146 15.113637 -9.340741
-13.169574 19.990880 -8.832584
-16.234037 17.610619 -7.422399
-27.217151 -34.653214 -3.584775
-31.015006 -24.808052 -9.692495
-23.296991 -32.326106 -8.687575
-30.531130 -4.631241 -17.100300
-30.991976 -14.087908 -13.772992
-16.578023 -27.676946 -17.105293
-27.163737 -23.106855 -14.280822
-19.693499 -29.893932 -13.208057
-25.894051 -28.089763 -11.839075
-3.651565 -13.482964 -24.072685
-11.389494 -11.134898 -25.055737
-6.414286 -17.200836 -23.867290
-3.516527 -9.568324 -24.688262
-24.824366 -2.568009 -19.497427
-18.948311 -7.403097 -23.689162
-28.088042 -7.548604 -20.242675
-13.217698 -25.141555 -21.386684
-15.484292 -15.006989 -25.054111
-9.955822 -21.775060 -23.621499
-18.478186 -23.272606 -20.309492
-10.942670 -16.315757 -24.766658
-3.373610 -2.085006 -25.039811
-10.786486 -6.666415 -24.886440
-3.436003 -5.695525 -25.005393
-7.218859 -8.235090 -25.046078
-27.822122 -17.195017 -16.664981
-20.773017 -12.838431 -24.420146
-28.035260 -12.386839 -18.469044
-23.601806 -20.596776 -18.739566
-24.844598 -10.471326 -22.902552
-20.060158 -18.251335 -22.986896
-3.395020 12.535703 -22.381430
-9.612150 9.397283 -21.145759
-5.517530 14.796057 -20.530501
-3.341977 9.093380 -23.462807
-22.632412 2.341258 -17.775834
-15.752750 6.154592 -19.694074
-21.773760 5.851654 -15.692057
-20.619986 0.000000 -20.377205
-9.588146 18.237737 -15.513946
-11.737770 11.375953 -18.992111
-7.656955 16.747049 -18.167132
-12.920773 16.273246 -14.201304
-8.736672 13.026566 -19.773799
-3.336436 2.062031 -24.763898
-9.729531 6.013181 -22.447848
-3.333661 5.525881 -24.260599
-6.796823 0.000000 -24.591136
-6.619246 7.551068 -22.965702
-19.402009 11.991101 -11.621475
-15.274356 9.440071 -17.956083
-20.642104 9.120315 -13.598587
-16.228421 14.162186 -12.885182
-18.371899 7.743258 -16.935810
-14.147329 12.871665 -16.211396
-14.810587 -4.461913 -23.964033
-13.461296 4.055419 -21.780834
-17.897113 -2.341361 -22.512923
-10.650181 -2.194058 -24.332476
-16.810258 2.199175 -21.145759
-10.274630 2.116690 -23.474454
-15.536039 19.780677 2.046254
-19.119586 15.293232 5.975059
-14.492193 20.108871 5.404218
-17.612617 17.822461 0.000000
-25.350909 3.845457 14.198890
-22.363060 10.165494 9.938258
-11.647548 19.445538 12.018003
-17.767146 15.113637 9.340741
-13.169574 19.990880 8.832584
-16.234037 17.610619 7.422399
-21.615722 13.359251 -4.024676
-21.615722 13.359251 4.024676
-19.675373 15.641344 -2.046254
-19.675373 15.641344 2.046254
-27.217151 -34.653214 3.584775
-31.015006 -24.808052 9.692495
-23.296991 -32.326106 8.687575
-35.017862 -35.435078 0.000000
-30.531130 -4.631241 17.100300
-30.991976 -14.087908 13.772992
-16.578023 -27.676946 17.105293
-27.163737 -23.106855 14.280822
-19.693499 -29.893932 13.208057
-25.894051 -28.089763 11.839075
-34.040014 -21.037886 -6.337981
-34.040014 -21.037886 6.337981
-34.616425 -27.519043 -3.600135
-34.616425 -27.519043 3.600135
-3.651565 -13.482964 24.072685
-11.389494 -11.134898 25.055737
-6.414286 -17.200836 23.867290
-3.516527 -9.568324 24.688262
-24.824366 -2.568009 19.497427
-18.948311 -7.403097 23.689162
-28.088042 -7.548604 20.242675
-13.217698 -25.141555 21.386684
-15.484292 -15.006989 25.054111
-9.955822 -21.775060 23.621499
-18.478186 -23.272606 20.309492
-10.942670 -16.315757 24.766658
-3.373610 -2.085006 25.039811
-10.786486 -6.666415 24.886440
-3.436003 -5.695525 25.005393
-7.218859 -8.235090 25.046078
-27.822122 -17.195017 16.664981
-20.773017 -12.838431 24.420146
-28.035260 -12.386839 18.469044
-23.601806 -20.596776 18.739566
-24.844598 -10.471326 22.902552
-20.060158 -18.251335 22.986896
-3.395020 12.535703 22.381430
-9.612150 9.397283 21.145759
-5.517530 14.796057 20.530501
-3.341977 9.093380 23.462807
-22.632412 2.341258 17.775834
-15.752750 6.154592 19.694074
-21.773760 5.851654 15.692057
-20.619986 0.000000 20.377205
-9.588146 18.237737 15.513946
-11.737770 11.375953 18.992111
-7.656955 16.747049 18.167132
-12.920773 16.273246 14.201304
-8.736672 13.026566 19.773799
-3.336436 2.062031 24.763898
-9.729531 6.013181 22.447848
-3.333661 5.525881 24.260599
-6.796823 0.000000 24.591136
-6.619246 7.551068 22.965702
-19.402009 11.991101 11.621475
-15.274356 9.440071 17.956083
-20.642104 9.120315 13.598587
-16.228421 14.162186 12.885182
-18.371899 7.743258 16.935810
-14.147329 12.871665 16.211396
-14.810587 -4.461913 23.964033
-13.461296 4.055419 21.780834
-17.897113 -2.341361 22.512923
-10.650181 -2.194058 24.332476
-16.810258 2.199175 21.145759
-10.274630 2.116690 23.474454
-30.070600 0.000000 -13.255259
-34.767016 0.000000 -4.842487
-27.965192 3.983284 -10.838350
-32.807315 -4.672982 -12.714991
-30.070600 0.000000 13.255259
-34.767016 0.000000 4.842487
-27.965192 3.983284 10.838350
-32.807315 -4.672982 12.714991
-23.899948 10.358912 -6.402160
-31.060958 4.184838 -2.586372
-25.873055 7.457212 -8.506998
-24.550777 10.745730 -2.213742
-29.975283 4.118918 -6.827526
-33.508630 -14.523586 -8.976070
-35.294319 -4.755198 -2.938874
-33.141298 -9.552088 -10.896779
-35.183898 -15.399785 -3.172530
-34.433372 -4.731506 -7.842953
-23.899948 10.358912 6.402160
-31.060958 4.184838 2.586372
-25.873055 7.457212 8.506998
-24.550777 10.745730 2.213742
-29.975283 4.118918 6.827526
-27.761883 7.673196 0.000000
-33.508630 -14.523586 8.976070
-35.294319 -4.755198 2.938874
-33.141298 -9.552088 10.896779
-35.183898 -15.399785 3.172530
-34.433372 -4.731506 7.842953
-35.435078 -9.794015 0.000000
-12.217043 23.218035 0.000000
-9.389143 26.045936 0.000000
-2.296734 33.138344 0.000000
-6.165000 29.270078 0.000000
18.645500 35.435078 0.000000
12.773778 35.435078 0.000000
2.455915 35.435078 0.000000
7.463501 35.435078 0.000000
-18.645500 -35.435078 0.000000
-12.773778 -35.435078 0.000000
-2.455915 -35.435078 0.000000
-7.463501 -35.435078 0.000000
12.217043 -23.218035 0.000000
9.389143 -26.045936 0.000000
2.296734 -33.138344 0.000000
6.165000 -29.270078 0.000000
-20.720087 -35.189001 2.691107
-17.948055 -33.764566 7.643597
-17.579685 -35.246077 2.597960
-12.372788 -29.897181 15.982277
-15.111262 -31.879976 12.021086
-11.820263 -35.306497 2.464311
-15.100191 -34.065198 7.464094
-14.608538 -35.281967 2.525384
-16.366873 -34.751622 5.105349
-1.129842 -15.903690 22.774747
-3.633739 -19.685294 22.338222
-9.717093 -27.894334 19.694301
-6.615014 -24.158063 21.770234
-1.462748 -35.352634 2.366776
-4.370893 -34.630023 7.072254
-3.934457 -35.345341 2.377725
-9.826071 -30.499793 15.898916
-7.194112 -33.036134 11.640318
-11.119793 -31.434646 13.947878
-9.037758 -35.323003 2.432481
-6.892548 -34.544977 7.128219
-6.465900 -35.335834 2.397924
-10.691519 -34.952140 4.888682
-5.424307 -35.056067 4.769573
-13.731790 -33.228240 9.787302
-8.383269 -33.757714 9.526356
-12.431325 -32.354206 11.905598
-12.276895 -34.263301 7.366985
-9.779014 -32.731908 11.777327
-9.531932 -34.418864 7.255778
13.102033 -22.251232 1.701681
12.038363 -22.647027 5.126817
11.763887 -23.585796 1.738490
9.146653 -22.101658 11.814987
10.715400 -22.606099 8.524155
8.863570 -26.475012 1.847894
10.640708 -24.004851 5.259752
10.349332 -24.995300 1.789093
11.233932 -23.852898 3.504221
1.098830 -15.467170 22.149632
3.279271 -17.765014 20.159152
0.000000 -17.204455 21.904925
7.357207 -21.119936 14.911357
5.384863 -19.665544 17.721765
-2.421904 -21.059642 21.310555
2.246281 -19.532515 19.765233
-1.172813 -19.071186 21.625136
1.133138 -18.426031 20.893584
1.402123 -33.887407 2.268683
3.846786 -30.477589 6.224230
3.536417 -31.769528 2.137176
0.000000 -34.808856 4.689792
7.541323 -23.408013 12.202117
5.864635 -26.931032 9.489179
8.400827 -23.748375 10.537400
7.197691 -28.131320 1.937234
5.727085 -28.703760 5.922907
5.463157 -29.855890 2.026050
8.206663 -26.828783 3.752486
4.683669 -30.269492 4.118333
-2.890681 -34.072514 9.417411
2.607106 -30.730012 8.493567
-1.462031 -34.692850 7.101513
1.380647 -32.761677 6.706208
9.938989 -24.050405 7.083992
6.714456 -27.037746 7.629995
9.206744 -23.961798 8.817386
9.121697 -25.457532 5.473648
7.589588 -25.403553 9.140498
7.483807 -27.023284 5.696729
-8.288385 -29.367536 18.150135
-2.602051 -28.124380 17.381823
-6.981915 -28.366724 19.979173
-7.041054 -30.850448 16.135433
6.444713 -22.835006 14.112810
2.343214 -25.326729 15.652780
5.467109 -22.212240 15.644463
5.640719 -24.714864 12.926394
-3.825415 -23.322772 20.922450
-1.282260 -25.771901 18.109421
-5.314992 -25.701716 20.494222
-1.224748 -22.385951 20.097864
-3.964545 -27.040062 19.015327
-4.359215 -33.195660 11.797615
-1.369188 -29.332364 15.390022
-5.718578 -32.137805 13.998815
-1.439368 -32.815240 11.644728
-4.239733 -31.131648 16.316704
3.375663 -20.580728 18.462612
1.219667 -24.513862 17.225421
4.436608 -21.454115 17.107239
1.174530 -21.468059 19.273790
3.422926 -23.345968 16.417537
0.000000 -23.550457 18.721922
3.758900 -28.624230 10.172946
1.289200 -27.618764 14.490935
4.743352 -26.657136 11.611506
1.341945 -30.594161 10.856562
3.557317 -26.120787 13.690414
0.000000 -30.129949 13.187701
-13.102033 22.251232 1.701681
-12.038363 22.647027 5.126817
-11.763887 23.585796 1.738490
-9.146653 22.101658 11.814987
-10.715400 22.606099 8.524155
-8.863570 26.475012 1.847894
-10.640708 24.004851 5.259752
-10.349332 24.995300 1.789093
-11.233932 23.852898 3.504221
-1.098830 15.467170 22.149632
-3.279271 17.765014 20.159152
-7.357207 21.119936 14.911357
-5.384863 19.665544 17.721765
-1.402123 33.887407 2.268683
-3.846786 30.477589 6.224230
-3.536417 31.769528 2.137176
-7.541323 23.408013 12.202117
-5.864635 26.931032 9.489179
-8.400827 23.748375 10.537400
-7.197691 28.131320 1.937234
-5.727085 28.703760 5.922907
-5.463157 29.855890 2.026050
-8.206663 26.828783 3.752486
-4.683669 30.269492 4.118333
-9.938989 24.050405 7.083992
-6.714456 27.037746 7.629995
-9.206744 23.961798 8.817386
-9.121697 25.457532 5.473648
-7.589588 25.403553 9.140498
-7.483807 27.023284 5.696729
20.720087 35.189001 2.691107
17.948055 33.764566 7.643597
17.579685 35.246077 2.597960
12.372788 29.897181 15.982277
15.111262 31.879976 12.021086
11.820263 35.306497 2.464311
15.100191 34.065198 7.464094
14.608538 35.281967 2.525384
16.366873 34.751622 5.105349
1.129842 15.903690 22.774747
3.633739 19.685294 22.338222
0.000000 17.204455 21.904925
9.717093 27.894334 19.694301
6.615014 24.158063 21.770234
-2.246281 19.532515 19.765233
2.421904 21.059642 21.310555
-1.133138 18.426031 20.893584
1.172813 19.071186 21.625136
1.462748 35.352634 2.366776
4.370893 34.630023 7.072254
3.934457 35.345341 2.377725
0.000000 34.808856 4.689792
9.826071 30.499793 15.898916
7.194112 33.036134 11.640318
11.119793 31.434646 13.947878
9.037758 35.323003 2.432481
6.892548 34.544977 7.128219
6.465900 35.335834 2.397924
10.691519 34.952140 4.888682
5.424307 35.056067 4.769573
-2.607106 30.730012 8.493567
2.890681 34.072514 9.417411
-1.380647 32.761677 6.706208
1.462031 34.692850 7.101513
13.731790 33.228240 9.787302
8.383269 33.757714 9.526356
12.431325 32.354206 11.905598
12.276895 34.263301 7.366985
9.779014 32.731908 11.777327
9.531932 34.418864 7.255778
-6.444713 22.835006 14.112810
-2.343214 25.326729 15.652780
-5.467109 22.212240 15.644463
-5.640719 24.714864 12.926394
8.288385 29.367536 18.150135
2.602051 28.124380 17.381823
6.981915 28.366724 19.979173
7.041054 30.850448 16.135433
-3.375663 20.580728 18.462612
-1.219667 24.513862 17.225421
-4.436608 21.454115 17.107239
-1.174530 21.468059 19.273790
-3.422926 23.345968 16.417537
-3.758900 28.624230 10.172946
-1.289200 27.618764 14.490935
-4.743352 26.657136 11.611506
-1.341945 30.594161 10.856562
-3.557317 26.120787 13.690414
3.825415 23.322772 20.922450
1.282260 25.771901 18.109421
5.314992 25.701716 20.494222
1.224748 22.385951 20.097864
3.964545 27.040062 19.015327
0.000000 23.550457 18.721922
4.359215 33.195660 11.797615
1.369188 29.332364 15.390022
5.718578 32.137805 13.998815
1.439368 32.815240 11.644728
4.239733 31.131648 16.316704
0.000000 30.129949 13.187701
0.000000 -12.356759 23.483561
0.000000 -8.752554 24.280008
0.000000 -1.734512 25.026348
0.000000 -5.219917 24.783031
0.000000 12.356759 23.483561
0.000000 8.752554 24.280008
0.000000 1.734512 25.026348
0.000000 5.219917 24.783031
-20.720087 -35.189001 -2.691107
-17.948055 -33.764566 -7.643597
-17.579685 -35.246077 -2.597960
-12.372788 -29.897181 -15.982277
-15.111262 -31.879976 -12.021086
-11.820263 -35.306497 -2.464311
-15.100191 -34.065198 -7.464094
-14.608538 -35.281967 -2.525384
-16.366873 -34.751622 -5.105349
-1.129842 -15.903690 -22.774747
-3.633739 -19.685294 -22.338222
-9.717093 -27.894334 -19.694301
-6.615014 -24.158063 -21.770234
-1.462748 -35.352634 -2.366776
-4.370893 -34.630023 -7.072254
-3.934457 -35.345341 -2.377725
-9.826071 -30.499793 -15.898916
-7.194112 -33.036134 -11.640318
-11.119793 -31.434646 -13.947878
-9.037758 -35.323003 -2.432481
-6.892548 -34.544977 -7.128219
-6.465900 -35.335834 -2.397924
-10.691519 -34.952140 -4.888682
-5.424307 -35.056067 -4.769573
-13.731790 -33.228240 -9.787302
-8.383269 -33.757714 -9.526356
-12.431325 -32.354206 -11.905598
-12.276895 -34.263301 -7.366985
-9.779014 -32.731908 -11.777327
-9.531932 -34.418864 -7.255778
13.102033 -22.251232 -1.701681
12.038363 -22.647027 -5.126817
11.763887 -23.585796 -1.738490
9.146653 -22.101658 -11.814987
10.715400 -22.606099 -8.524155
8.863570 -26.475012 -1.847894
10.640708 -24.004851 -5.259752
10.349332 -24.995300 -1.789093
11.233932 -23.852898 -3.504221
1.098830 -15.467170 -22.149632
3.279271 -17.765014 -20.159152
0.000000 -17.204455 -21.904925
7.357207 -21.119936 -14.911357
5.384863 -19.665544 -17.721765
-2.421904 -21.059642 -21.310555
2.246281 -19.532515 -19.765233
-1.172813 -19.071186 -21.625136
1.133138 -18.426031 -20.893584
1.402123 -33.887407 -2.268683
3.846786 -30.477589 -6.224230
3.536417 -31.769528 -2.137176
0.000000 -34.808856 -4.689792
7.541323 -23.408013 -12.202117
5.864635 -26.931032 -9.489179
8.400827 -23.748375 -10.537400
7.197691 -28.131320 -1.937234
5.727085 -28.703760 -5.922907
5.463157 -29.855890 -2.026050
8.206663 -26.828783 -3.752486
4.683669 -30.269492 -4.118333
-2.890681 -34.072514 -9.417411
2.607106 -30.730012 -8.493567
-1.462031 -34.692850 -7.101513
1.380647 -32.761677 -6.706208
9.938989 -24.050405 -7.083992
6.714456 -27.037746 -7.629995
9.206744 -23.961798 -8.817386
9.121697 -25.457532 -5.473648
7.589588 -25.403553 -9.140498
7.483807 -27.023284 -5.696729
-8.288385 -29.367536 -18.150135
-2.602051 -28.124380 -17.381823
-6.981915 -28.366724 -19.979173
-7.041054 -30.850448 -16.135433
6.444713 -22.835006 -14.112810
2.343214 -25.326729 -15.652780
5.467109 -22.212240 -15.644463
5.640719 -24.714864 -12.926394
-3.825415 -23.322772 -20.922450
-1.282260 -25.771901 -18.109421
-5.314992 -25.701716 -20.494222
-1.224748 -22.385951 -20.097864
-3.964545 -27.040062 -19.015327
-4.359215 -33.195660 -11.797615
-1.369188 -29.332364 -15.390022
-5.718578 -32.137805 -13.998815
-1.439368 -32.815240 -11.644728
-4.239733 -31.131648 -16.316704
3.375663 -20.580728 -18.462612
1.219667 -24.513862 -17.225421
4.436608 -21.454115 -17.107239
1.174530 -21.468059 -19.273790
3.422926 -23.345968 -16.417537
0.000000 -23.550457 -18.721922
3.758900 -28.624230 -10.172946
1.289200 -27.618764 -14.490935
4.743352 -26.657136 -11.611506
1.341945 -30.594161 -10.856562
3.557317 -26.120787 -13.690414
0.000000 -30.129949 -13.187701
-13.102033 22.251232 -1.701681
-12.038363 22.647027 -5.126817
-11.763887 23.585796 -1.738490
-9.146653 22.101658 -11.814987
-10.715400 22.606099 -8.524155
-8.863570 26.475012 -1.847894
-10.640708 24.004851 -5.259752
-10.349332 24.995300 -1.789093
-11.233932 23.852898 -3.504221
-1.098830 15.467170 -22.149632
-3.279271 17.765014 -20.159152
-7.357207 21.119936 -14.911357
-5.384863 19.665544 -17.721765
-1.402123 33.887407 -2.268683
-3.846786 30.477589 -6.224230
-3.536417 31.769528 -2.137176
-7.541323 23.408013 -12.202117
-5.864635 26.931032 -9.489179
-8.400827 23.748375 -10.537400
-7.197691 28.131320 -1.937234
-5.727085 28.703760 -5.922907
-5.463157 29.855890 -2.026050
-8.206663 26.828783 -3.752486
-4.683669 30.269492 -4.118333
-9.938989 24.050405 -7.083992
-6.714456 27.037746 -7.629995
-9.206744 23.961798 -8.817386
-9.121697 25.457532 -5.473648
-7.589588 25.403553 -9.140498
-7.483807 27.023284 -5.696729
20.720087 35.189001 -2.691107
17.948055 33.764566 -7.643597
17.579685 35.246077 -2.597960
12.372788 29.897181 -15.982277
15.111262 31.879976 -12.021086
11.820263 35.306497 -2.464311
15.100191 34.065198 -7.464094
14.608538 35.281967 -2.525384
16.366873 34.751622 -5.105349
1.129842 15.903690 -22.774747
3.633739 19.685294 -22.338222
0.000000 17.204455 -21.904925
9.717093 27.894334 -19.694301
6.615014 24.158063 -21.770234
-2.246281 19.532515 -19.765233
2.421904 21.059642 -21.310555
-1.133138 18.426031 -20.893584
1.172813 19.071186 -21.625136
1.462748 35.352634 -2.366776
4.370893 34.630023 -7.072254
3.934457 35.345341 -2.377725
0.000000 34.808856 -4.689792
9.826071 30.499793 -15.898916
7.194112 33.036134 -11.640318
11.119793 31.434646 -13.947878
9.037758 35.323003 -2.432481
6.892548 34.544977 -7.128219
6.465900 35.335834 -2.397924
10.691519 34.952140 -4.888682
5.424307 35.056067 -4.769573
-2.607106 30.730012 -8.493567
2.890681 34.072514 -9.417411
-1.380647 32.761677 -6.706208
1.462031 34.692850 -7.101513
13.731790 33.228240 -9.787302
8.383269 33.757714 -9.526356
12.431325 32.354206 -11.905598
12.276895 34.263301 -7.366985
9.779014 32.731908 -11.777327
9.531932 34.418864 -7.255778
-6.444713 22.835006 -14.112810
-2.343214 25.326729 -15.652780
-5.467109 22.212240 -15.644463
-5.640719 24.714864 -12.926394
8.288385 29.367536 -18.150135
2.602051 28.124380 -17.381823
6.981915 28.366724 -19.979173
7.041054 30.850448 -16.135433
-3.375663 20.580728 -18.462612
-1.219667 24.513862 -17.225421
-4.436608 21.454115 -17.107239
-1.174530 21.468059 -19.273790
-3.422926 23.345968 -16.417537
-3.758900 28.624230 -10.172946
-1.289200 27.618764 -14.490935
-4.743352 26.657136 -11.611506
-1.341945 30.594161 -10.856562
-3.557317 26.120787 -13.690414
3.825415 23.322772 -20.922450
1.282260 25.771901 -18.109421
5.314992 25.701716 -20.494222
1.224748 22.385951 -20.097864
3.964545 27.040062 -19.015327
0.000000 23.550457 -18.721922
4.359215 33.195660 -11.797615
1.369188 29.332364 -15.390022
5.718578 32.137805 -13.998815
1.439368 32.815240 -11.644728
4.239733 31.131648 -16.316704
0.000000 30.129949 -13.187701
0.000000 -12.356759 -23.483561
0.000000 -8.752554 -24.280008
0.000000 -1.734512 -25.026348
0.000000 -5.219917 -24.783031
0.000000 12.356759 -23.483561
0.000000 8.752554 -24.280008
0.000000 1.734512 -25.026348
0.000000 5.219917 -24.783031
24.645248 35.293022 -1.750866
29.182050 33.114828 -5.386760
23.104913 34.628951 -4.458629
31.087220 21.948581 -10.829347
30.802175 27.757630 -8.434320
19.824734 32.648413 -9.327464
26.875270 31.754410 -7.937986
21.453677 33.685120 -6.995265
25.234951 33.518340 -6.253155
28.495973 2.179253 -16.779079
30.745105 6.960054 -16.343016
31.051510 16.599352 -12.850501
30.918392 11.658498 -14.655467
13.801360 28.343200 -17.517061
19.352945 26.864519 -16.603186
15.211714 29.392017 -15.634003
29.310441 21.294751 -13.160880
24.723452 24.624166 -15.218571
29.075099 23.968606 -12.076964
18.195202 31.527545 -11.607359
20.991773 27.984597 -14.670350
16.680561 30.460663 -13.659630
21.447287 31.086922 -11.029152
18.105195 28.766896 -15.202554
28.002171 29.320943 -9.533708
23.933566 26.942778 -13.976716
28.673130 26.696503 -10.871044
24.784609 30.403778 -10.352362
26.635412 25.638287 -13.130765
22.823620 29.144375 -12.596424
14.557679 -20.847202 -1.034218
16.476303 -18.696765 -3.041386
14.097181 -21.128432 -2.720378
19.955123 -14.088962 -6.951440
18.263662 -16.458447 -5.000996
12.983661 -21.382176 -6.108765
15.953285 -18.849565 -4.712025
13.570567 -21.307590 -4.424869
15.050090 -19.990291 -3.729373
26.036736 -1.991181 -15.331025
24.634269 -5.576687 -13.094711
21.575276 -11.533596 -8.928812
23.136513 -8.724160 -10.966819
10.003896 -20.544528 -12.697216
13.228648 -18.363162 -11.349059
10.827579 -20.921008 -11.128162
19.262409 -13.994611 -8.649145
16.272847 -16.207498 -10.016785
18.488427 -15.241283 -7.679563
12.313212 -21.335588 -7.855031
13.984811 -18.643460 -9.773451
11.602094 -21.186786 -9.500898
13.868161 -20.101304 -7.131627
12.441101 -19.767357 -10.446532
16.850117 -17.643679 -5.736845
15.538114 -17.491750 -9.073942
17.681119 -16.462244 -6.703566
15.381545 -18.868850 -6.424766
17.013854 -16.376922 -8.387515
14.721682 -18.798692 -8.124940
1.733921 -13.350265 -22.672804
4.999485 -11.739374 -22.084558
2.811405 -14.568887 -21.835410
1.711940 -11.584230 -23.225596
11.124495 -8.612103 -20.809991
8.095225 -10.176208 -21.468576
4.950321 -16.760072 -19.802823
6.052933 -12.864995 -21.186750
3.893708 -15.713273 -20.871165
4.467378 -13.700937 -21.512289
1.681422 -8.065072 -24.089942
4.971822 -10.058215 -22.690777
1.696244 -9.812225 -23.698100
3.373135 -10.813691 -22.960605
24.587922 -1.219793 -17.169837
20.790420 -3.381959 -18.321311
24.085803 -3.101153 -16.070380
14.182638 -6.997660 -20.087804
17.367562 -5.277236 -19.272492
22.918940 -6.547810 -13.916814
20.475317 -5.118432 -17.329236
23.520576 -4.884431 -14.979992
22.227168 -4.146683 -16.734168
8.957234 -19.948550 -14.493109
10.176625 -16.532517 -16.466125
8.026800 -19.324393 -15.930427
10.657896 -18.909458 -13.809713
12.202617 -9.614211 -19.744250
11.247269 -13.110001 -18.198464
10.702810 -10.413717 -20.121345
6.039982 -17.740486 -18.575980
9.214325 -15.778504 -17.762365
7.045810 -18.583811 -17.302707
6.606309 -15.816177 -19.402022
8.646189 -17.538567 -16.881992
13.889373 -16.835963 -12.481957
11.864916 -15.602004 -15.830557
12.306376 -17.867558 -13.137322
11.280829 -17.252603 -14.857457
7.669374 -12.022184 -20.831314
9.758047 -13.962769 -18.614076
9.186383 -11.218020 -20.485423
7.150241 -13.904356 -20.153768
10.245747 -12.201980 -19.387423
8.213378 -14.881924 -19.003312
1.672567 -1.033703 -24.983203
4.982881 -3.079590 -24.399194
1.672294 -2.767169 -24.858962
11.217779 -6.932969 -21.519702
8.188315 -5.060657 -23.239078
9.684247 -7.720660 -21.825604
1.681718 -6.248337 -24.420882
4.969671 -4.805365 -24.084159
1.674218 -4.514457 -24.671290
3.342477 -7.309977 -23.897385
3.339202 -3.797585 -24.542932
6.599839 -9.259713 -22.406689
6.620337 -5.825950 -23.459910
8.140324 -8.499784 -22.121839
4.992723 -8.320247 -23.220784
8.172853 -6.786127 -22.714243
4.993451 -6.559908 -23.687177
20.150977 -12.453989 -9.812261
18.532446 -11.453681 -13.350598
20.871389 -11.101768 -10.801899
18.600347 -13.583966 -10.483673
13.999206 -8.651985 -19.268735
16.460623 -10.173224 -16.526993
15.532456 -7.826276 -18.841635
13.500615 -10.419345 -18.486215
22.242642 -8.188977 -12.836691
19.081388 -10.003026 -14.313309
21.574223 -9.674639 -11.814258
21.224312 -7.530053 -14.642939
20.034017 -10.587455 -12.608930
15.516274 -15.743571 -11.799721
16.905273 -12.533343 -13.946553
17.050618 -14.683514 -11.148759
14.583988 -15.223682 -13.548941
17.807023 -13.092813 -12.264682
18.727602 -6.089282 -17.885288
17.978292 -9.326339 -15.970315
17.113479 -6.968754 -18.380572
20.041990 -6.824216 -16.337867
16.806896 -8.607728 -17.460551
19.572370 -8.459330 -15.327566
12.448781 -13.852456 -16.791214
15.841666 -11.873243 -15.612953
12.981948 -12.160829 -17.656239
13.552514 -14.587834 -15.227697
14.723974 -11.179479 -17.097601
15.238225 -13.561884 -14.597920
1.801620 13.871512 -23.558040
5.544611 13.019391 -24.492575
3.014974 15.623794 -23.416473
1.768722 11.968454 -23.995939
13.345965 10.331870 -24.965576
9.425977 11.849047 -24.997735
5.771437 19.540085 -23.087541
6.980335 14.836109 -24.432883
4.339502 17.512298 -23.260720
4.979091 15.270303 -23.976402
1.718961 8.245131 -24.627768
5.422460 10.969875 -24.747434
1.743083 10.083177 -24.352491
3.588032 11.502616 -24.423392
25.854014 1.282603 -18.053954
23.600926 3.839142 -20.798037
27.591043 3.552468 -18.409124
23.709140 0.000000 -18.621512
17.150583 8.462032 -24.291499
20.640163 6.271635 -22.904041
29.496266 8.426914 -17.910691
25.086897 6.271237 -21.232236
29.440061 6.113709 -18.750046
26.446207 4.933784 -19.910555
19.829292 -2.253561 -19.595820
21.411801 2.433410 -21.159696
21.698513 -1.176793 -19.135897
22.638801 1.227788 -19.965136
12.169499 27.102549 -19.690664
14.183941 23.042635 -22.950099
10.824260 26.059234 -21.482421
14.877752 26.396413 -19.277489
15.419587 12.148800 -24.949416
15.445295 18.003289 -24.991013
13.327135 12.967156 -25.055091
7.442295 21.859324 -22.888797
12.575853 21.534745 -24.242349
9.228701 24.341337 -22.663329
8.088135 19.363819 -23.753986
11.860935 24.059595 -23.158898
20.244900 24.539797 -18.193475
16.762231 22.041824 -22.364713
17.595342 25.546579 -18.783408
15.869761 24.270795 -20.901328
9.125825 14.305253 -24.787278
12.970874 18.559996 -24.742741
11.208635 13.687509 -24.994999
8.650054 16.820893 -24.381162
13.208069 15.729901 -24.992850
10.510817 19.044682 -24.318901
1.677192 1.036562 -25.052289
5.109328 3.157738 -25.018354
1.684758 2.787793 -25.044242
3.360627 0.000000 -24.943446
12.933817 7.993539 -24.811675
8.788935 5.431860 -24.943685
11.095349 8.845645 -25.005835
1.710592 6.355617 -24.840174
5.170225 4.999289 -25.056093
1.694745 4.569806 -24.973774
3.480681 7.612228 -24.885489
3.408763 3.876695 -25.054199
6.709979 -2.059632 -24.276930
6.862747 2.106524 -24.829651
5.052575 -1.040204 -24.683221
5.095410 1.049022 -24.892484
7.354437 10.318429 -24.968575
7.068833 6.220629 -25.049205
9.219560 9.626677 -25.054730
5.359951 8.932224 -24.928735
9.007194 7.478902 -25.033069
5.276325 6.931521 -25.029034
29.461629 18.208288 -14.345965
26.189325 16.185893 -18.866542
29.520466 15.702327 -15.278192
27.556785 20.124917 -15.531770
17.863406 11.040192 -24.587482
22.946999 14.182025 -23.039523
19.842553 9.997987 -24.069995
18.173071 14.025398 -24.884147
29.525242 10.870180 -17.039631
26.376554 13.827366 -19.785550
29.538928 13.246292 -16.175810
28.072806 9.959791 -19.367808
27.948619 14.770116 -17.590191
22.933684 23.269639 -17.440468
24.134995 17.893361 -19.910945
25.344838 21.826263 -16.572037
21.102109 22.027706 -19.604461
25.821253 18.985365 -17.784525
23.469720 7.631183 -22.414119
24.744825 12.836515 -21.981100
21.732653 8.849721 -23.341753
26.556575 9.042405 -21.648438
22.889528 11.722976 -23.779749
26.475938 11.443105 -20.733907
17.613571 19.599607 -23.757608
22.387427 16.779255 -22.064210
18.354412 17.193480 -24.963118
19.325158 20.801469 -21.713879
20.728223 15.738328 -24.069784
21.811310 19.411871 -20.894806
13.063391 -5.965488 -21.137011
13.837313 -2.071439 -22.389243
14.647110 -5.118574 -20.796184
11.573409 -5.050314 -22.127998
15.066771 6.880346 -24.378548
14.515895 2.173023 -23.487212
16.788502 5.866904 -23.836563
12.829262 5.598333 -24.529150
17.979412 -3.287316 -20.042094
15.543534 -1.100579 -22.120333
16.290566 -4.224812 -20.429930
18.658045 -1.137006 -20.782213
15.103115 -3.148880 -21.476842
8.420228 -3.111272 -23.692502
12.189306 -1.084433 -23.232010
10.012611 -4.090196 -22.986470
8.557819 -1.057805 -24.116224
11.899388 -3.091937 -22.703578
19.955980 3.648708 -22.245423
15.985200 1.131852 -22.748877
18.436555 4.781354 -23.121205
19.322374 1.177490 -21.522174
16.396113 3.418459 -23.315502
17.363743 0.000000 -21.841992
8.795227 3.249834 -24.747660
12.454346 1.108013 -23.737160
10.737498 4.386316 -24.650631
8.683948 1.073395 -24.471660
12.664698 3.290796 -24.163761
10.476731 0.000000 -23.936195
24.645248 35.293022 1.750866
29.182050 33.114828 5.386760
23.104913 34.628951 4.458629
27.831239 35.435078 0.000000
31.087220 21.948581 10.829347
30.802175 27.757630 8.434320
19.824734 32.648413 9.327464
26.875270 31.754410 7.937986
21.453677 33.685120 6.995265
25.234951 33.518340 6.253155
32.584163 32.972383 -3.747248
32.584163 32.972383 3.747248
30.899151 35.037063 -1.900193
30.899151 35.037063 1.900193
28.495973 2.179253 16.779079
30.745105 6.960054 16.343016
31.051510 16.599352 12.850501
30.918392 11.658498 14.655467
13.801360 28.343200 17.517061
19.352945 26.864519 16.603186
15.211714 29.392017 15.634003
29.310441 21.294751 13.160880
24.723452 24.624166 15.218571
29.075099 23.968606 12.076964
18.195202 31.527545 11.607359
20.991773 27.984597 14.670350
16.680561 30.460663 13.659630
21.447287 31.086922 11.029152
18.105195 28.766896 15.202554
28.002171 29.320943 9.533708
23.933566 26.942778 13.976716
28.673130 26.696503 10.871044
24.784609 30.403778 10.352362
26.635412 25.638287 13.130765
22.823620 29.144375 12.596424
32.651721 20.179873 -9.215279
35.053200 21.664069 -3.243101
32.794584 23.097790 -8.071746
32.651721 20.179873 9.215279
35.053200 21.664069 3.243101
32.794584 23.097790 8.071746
32.949849 29.558733 -5.404454
35.290167 24.797724 -1.755833
32.914354 26.245487 -6.806530
34.980635 31.405235 -1.913810
34.315372 24.131529 -5.031232
32.949849 29.558733 5.404454
35.290167 24.797724 1.755833
32.914354 26.245487 6.806530
34.980635 31.405235 1.913810
34.315372 24.131529 5.031232
35.435078 28.169848 0.000000
14.557679 -20.847202 1.034218
16.476303 -18.696765 3.041386
14.097181 -21.128432 2.720378
15.588107 -19.846971 0.000000
19.955123 -14.088962 6.951440
18.263662 -16.458447 5.000996
12.983661 -21.382176 6.108765
15.953285 -18.849565 4.712025
13.570567 -21.307590 4.424869
15.050090 -19.990291 3.729373
17.555352 -17.764513 -2.018903
17.555352 -17.764513 2.018903
16.591878 -18.813807 -1.020344
16.591878 -18.813807 1.020344
26.036736 -1.991181 15.331025
24.634269 -5.576687 13.094711
21.575276 -11.533596 8.928812
23.136513 -8.724160 10.966819
10.003896 -20.544528 12.697216
13.228648 -18.363162 11.349059
10.827579 -20.921008 11.128162
19.262409 -13.994611 8.649145
16.272847 -16.207498 10.016785
18.488427 -15.241283 7.679563
12.313212 -21.335588 7.855031
13.984811 -18.643460 9.773451
11.602094 -21.186786 9.500898
13.868161 -20.101304 7.131627
12.441101 -19.767357 10.446532
16.850117 -17.643679 5.736845
15.538114 -17.491750 9.073942
17.681119 -16.462244 6.703566
15.381545 -18.868850 6.424766
17.013854 -16.376922 8.387515
14.721682 -18.798692 8.124940
21.262719 -13.141083 -6.000967
21.828828 -13.490958 -2.019590
20.370850 -14.347541 -5.013886
21.262719 -13.141083 6.000967
21.828828 -13.490958 2.019590
20.370850 -14.347541 5.013886
18.540641 -16.632485 -3.041047
20.793597 -14.611263 -1.034568
19.458872 -15.516257 -4.024001
18.656269 -16.749396 -1.020695
20.652188 -14.523195 -3.027971
18.540641 -16.632485 3.041047
20.793597 -14.611263 1.034568
19.458872 -15.516257 4.024001
18.656269 -16.749396 1.020695
20.652188 -14.523195 3.027971
19.741313 -15.693765 0.000000
1.733921 -13.350265 22.672804
4.999485 -11.739374 22.084558
2.811405 -14.568887 21.835410
1.711940 -11.584230 23.225596
11.124495 -8.612103 20.809991
8.095225 -10.176208 21.468576
4.950321 -16.760072 19.802823
6.052933 -12.864995 21.186750
3.893708 -15.713273 20.871165
4.467378 -13.700937 21.512289
1.681422 -8.065072 24.089942
4.971822 -10.058215 22.690777
1.696244 -9.812225 23.698100
3.373135 -10.813691 22.960605
24.587922 -1.219793 17.169837
20.790420 -3.381959 18.321311
24.085803 -3.101153 16.070380
14.182638 -6.997660 20.087804
17.367562 -5.277236 19.272492
22.918940 -6.547810 13.916814
20.475317 -5.118432 17.329236
23.520576 -4.884431 14.979992
22.227168 -4.146683 16.734168
8.957234 -19.948550 14.493109
10.176625 -16.532517 16.466125
8.026800 -19.324393 15.930427
10.657896 -18.909458 13.809713
12.202617 -9.614211 19.744250
11.247269 -13.110001 18.198464
10.702810 -10.413717 20.121345
6.039982 -17.740486 18.575980
9.214325 -15.778504 17.762365
7.045810 -18.583811 17.302707
6.606309 -15.816177 19.402022
8.646189 -17.538567 16.881992
13.889373 -16.835963 12.481957
11.864916 -15.602004 15.830557
12.306376 -17.867558 13.137322
11.280829 -17.252603 14.857457
7.669374 -12.022184 20.831314
9.758047 -13.962769 18.614076
9.186383 -11.218020 20.485423
7.150241 -13.904356 20.153768
10.245747 -12.201980 19.387423
8.213378 -14.881924 19.003312
1.672567 -1.033703 24.983203
4.982881 -3.079590 24.399194
1.672294 -2.767169 24.858962
11.217779 -6.932969 21.519702
8.188315 -5.060657 23.239078
9.684247 -7.720660 21.825604
1.681718 -6.248337 24.420882
4.969671 -4.805365 24.084159
1.674218 -4.514457 24.671290
3.342477 -7.309977 23.897385
3.339202 -3.797585 24.542932
6.599839 -9.259713 22.406689
6.620337 -5.825950 23.459910
8.140324 -8.499784 22.121839
4.992723 -8.320247 23.220784
8.172853 -6.786127 22.714243
4.993451 -6.559908 23.687177
20.150977 -12.453989 9.812261
18.532446 -11.453681 13.350598
20.871389 -11.101768 10.801899
18.600347 -13.583966 10.483673
13.999206 -8.651985 19.268735
16.460623 -10.173224 16.526993
15.532456 -7.826276 18.841635
13.500615 -10.419345 18.486215
22.242642 -8.188977 12.836691
19.081388 -10.003026 14.313309
21.574223 -9.674639 11.814258
21.224312 -7.530053 14.642939
20.034017 -10.587455 12.608930
15.516274 -15.743571 11.799721
16.905273 -12.533343 13.946553
17.050618 -14.683514 11.148759
14.583988 -15.223682 13.548941
17.807023 -13.092813 12.264682
18.727602 -6.089282 17.885288
17.978292 -9.326339 15.970315
17.113479 -6.968754 18.380572
20.041990 -6.824216 16.337867
16.806896 -8.607728 17.460551
19.572370 -8.459330 15.327566
12.448781 -13.852456 16.791214
15.841666 -11.873243 15.612953
12.981948 -12.160829 17.656239
13.552514 -14.587834 15.227697
14.723974 -11.179479 17.097601
15.238225 -13.561884 14.597920
1.801620 13.871512 23.558040
5.544611 13.019391 24.492575
3.014974 15.623794 23.416473
1.768722 11.968454 23.995939
13.345965 10.331870 24.965576
9.425977 11.849047 24.997735
5.771437 19.540085 23.087541
6.980335 14.836109 24.432883
4.339502 17.512298 23.260720
4.979091 15.270303 23.976402
1.718961 8.245131 24.627768
5.422460 10.969875 24.747434
1.743083 10.083177 24.352491
3.588032 11.502616 24.423392
25.854014 1.282603 18.053954
23.600926 3.839142 20.798037
27.591043 3.552468 18.409124
23.709140 0.000000 18.621512
17.150583 8.462032 24.291499
20.640163 6.271635 22.904041
29.496266 8.426914 17.910691
25.086897 6.271237 21.232236
29.440061 6.113709 18.750046
26.446207 4.933784 19.910555
19.829292 -2.253561 19.595820
21.411801 2.433410 21.159696
21.698513 -1.176793 19.135897
22.638801 1.227788 19.965136
12.169499 27.102549 19.690664
14.183941 23.042635 22.950099
10.824260 26.059234 21.482421
14.877752 26.396413 19.277489
15.419587 12.148800 24.949416
15.445295 18.003289 24.991013
13.327135 12.967156 25.055091
7.442295 21.859324 22.888797
12.575853 21.534745 24.242349
9.228701 24.341337 22.663329
8.088135 19.363819 23.753986
11.860935 24.059595 23.158898
20.244900 24.539797 18.193475
16.762231 22.041824 22.364713
17.595342 25.546579 18.783408
15.869761 24.270795 20.901328
9.125825 14.305253 24.787278
12.970874 18.559996 24.742741
11.208635 13.687509 24.994999
8.650054 16.820893 24.381162
13.208069 15.729901 24.992850
10.510817 19.044682 24.318901
1.677192 1.036562 25.052289
5.109328 3.157738 25.018354
1.684758 2.787793 25.044242
3.360627 0.000000 24.943446
12.933817 7.993539 24.811675
8.788935 5.431860 24.943685
11.095349 8.845645 25.005835
1.710592 6.355617 24.840174
5.170225 4.999289 25.056093
1.694745 4.569806 24.973774
3.480681 7.612228 24.885489
3.408763 3.876695 25.054199
6.709979 -2.059632 24.276930
6.862747 2.106524 24.829651
5.052575 -1.040204 24.683221
5.095410 1.049022 24.892484
7.354437 10.318429 24.968575
7.068833 6.220629 25.049205
9.219560 9.626677 25.054730
5.359951 8.932224 24.928735
9.007194 7.478902 25.033069
5.276325 6.931521 25.029034
29.461629 18.208288 14.345965
26.189325 16.185893 18.866542
29.520466 15.702327 15.278192
27.556785 20.124917 15.531770
17.863406 11.040192 24.587482
22.946999 14.182025 23.039523
19.842553 9.997987 24.069995
18.173071 14.025398 24.884147
29.525242 10.870180 17.039631
26.376554 13.827366 19.785550
29.538928 13.246292 16.175810
28.072806 9.959791 19.367808
27.948619 14.770116 17.590191
22.933684 23.269639 17.440468
24.134995 17.893361 19.910945
25.344838 21.826263 16.572037
21.102109 22.027706 19.604461
25.821253 18.985365 17.784525
23.469720 7.631183 22.414119
24.744825 12.836515 21.981100
21.732653 8.849721 23.341753
26.556575 9.042405 21.648438
22.889528 11.722976 23.779749
26.475938 11.443105 20.733907
17.613571 19.599607 23.757608
22.387427 16.779255 22.064210
18.354412 17.193480 24.963118
19.325158 20.801469 21.713879
20.728223 15.738328 24.069784
21.811310 19.411871 20.894806
13.063391 -5.965488 21.137011
13.837313 -2.071439 22.389243
14.647110 -5.118574 20.796184
11.573409 -5.050314 22.127998
15.066771 6.880346 24.378548
14.515895 2.173023 23.487212
16.788502 5.866904 23.836563
12.829262 5.598333 24.529150
17.979412 -3.287316 20.042094
15.543534 -1.100579 22.120333
16.290566 -4.224812 20.429930
18.658045 -1.137006 20.782213
15.103115 -3.148880 21.476842
8.420228 -3.111272 23.692502
12.189306 -1.084433 23.232010
10.012611 -4.090196 22.986470
8.557819 -1.057805 24.116224
11.899388 -3.091937 22.703578
19.955980 3.648708 22.245423
15.985200 1.131852 22.748877
18.436555 4.781354 23.121205
19.322374 1.177490 21.522174
16.396113 3.418459 23.315502
17.363743 0.000000 21.841992
8.795227 3.249834 24.747660
12.454346 1.108013 23.737160
10.737498 4.386316 24.650631
8.683948 1.073395 24.471660
12.664698 3.290796 24.163761
10.476731 0.000000 23.936195
28.427801 0.000000 -14.958357
31.569362 0.000000 -11.380249
30.435077 2.243345 -15.180103
27.582874 -2.033112 -13.757510
35.266082 0.000000 -2.444202
33.960510 0.000000 -7.152920
31.916374 6.993261 -14.147675
33.531138 2.340395 -11.225890
31.791541 4.670484 -14.972772
32.282540 2.310694 -13.366622
25.849074 -5.663843 -11.458203
30.289315 -2.114124 -10.140560
26.717620 -3.925076 -12.583122
29.018308 -2.077049 -12.015064
28.427801 0.000000 14.958357
31.569362 0.000000 11.380249
30.435077 2.243345 15.180103
27.582874 -2.033112 13.757510
35.266082 0.000000 2.444202
33.960510 0.000000 7.152920
31.916374 6.993261 14.147675
33.531138 2.340395 11.225890
31.791541 4.670484 14.972772
32.282540 2.310694 13.366622
25.849074 -5.663843 11.458203
30.289315 -2.114124 10.140560
26.717620 -3.925076 12.583122
29.018308 -2.077049 12.015064
32.477120 16.929656 -10.463103
34.245181 12.066327 -7.457400
32.333352 14.346644 -11.437705
33.764655 17.659625 -7.706169
35.402632 2.370124 -1.464817
35.088172 7.165819 -4.428719
35.202891 2.368143 -3.918601
32.058661 9.442805 -13.248454
34.050728 9.609044 -8.456035
32.192184 11.845977 -12.369072
32.972906 7.089536 -11.814534
33.321556 11.989489 -9.955177
35.354433 18.549665 -1.650288
34.976552 12.430538 -4.593080
34.782955 18.230425 -4.736994
34.510929 15.032517 -6.140850
34.272634 2.360149 -8.769010
34.593286 7.138188 -6.902187
34.821280 2.363006 -6.371745
33.705032 4.714252 -10.310040
34.958217 4.756260 -5.409166
33.879364 7.142047 -9.382524
22.313696 -11.631672 -7.188769
25.548482 -9.002036 -5.563564
23.191568 -10.290339 -8.203860
22.760797 -11.904376 -5.194738
33.161803 -2.220105 -1.372101
29.107648 -5.944457 -3.673876
32.846183 -2.209604 -3.656264
24.947997 -7.348376 -10.309925
26.654421 -7.521821 -6.619263
24.073656 -8.858547 -9.249723
26.917274 -5.787509 -9.644738
24.885238 -8.954002 -7.434736
23.219283 -12.182628 -1.083839
25.901697 -9.205368 -3.401381
23.066104 -12.089395 -3.141309
24.312638 -10.590273 -4.326173
31.401551 -2.162435 -8.034414
28.601889 -5.901887 -5.706760
32.249796 -2.188502 -5.901204
29.064323 -4.065166 -8.890493
30.628319 -4.167153 -4.739191
27.845179 -5.869992 -7.711421
32.477120 16.929656 10.463103
34.245181 12.066327 7.457400
32.333352 14.346644 11.437705
33.764655 17.659625 7.706169
35.402632 2.370124 1.464817
35.088172 7.165819 4.428719
35.202891 2.368143 3.918601
35.435078 4.774163 0.000000
32.058661 9.442805 13.248454
34.050728 9.609044 8.456035
32.192184 11.845977 12.369072
32.972906 7.089536 11.814534
33.321556 11.989489 9.955177
35.354433 18.549665 1.650288
34.976552 12.430538 4.593080
34.782955 18.230425 4.736994
35.435078 15.509725 0.000000
34.510929 15.032517 6.140850
34.272634 2.360149 8.769010
34.593286 7.138188 6.902187
34.821280 2.363006 6.371745
33.705032 4.714252 10.310040
34.958217 4.756260 5.409166
33.879364 7.142047 9.382524
35.260898 9.745873 -2.991502
35.260898 9.745873 2.991502
35.395613 7.245366 -1.491647
35.382441 12.555718 -1.551972
35.395613 7.245366 1.491647
35.382441 12.555718 1.551972
22.313696 -11.631672 7.188769
25.548482 -9.002036 5.563564
23.191568 -10.290339 8.203860
22.760797 -11.904376 5.194738
33.161803 -2.220105 1.372101
29.107648 -5.944457 3.673876
32.846183 -2.209604 3.656264
31.227766 -4.207312 0.000000
24.947997 -7.348376 10.309925
26.654421 -7.521821 6.619263
24.073656 -8.858547 9.249723
26.917274 -5.787509 9.644738
24.885238 -8.954002 7.434736
23.219283 -12.182628 1.083839
25.901697 -9.205368 3.401381
23.066104 -12.089395 3.141309
24.647161 -10.787917 0.000000
24.312638 -10.590273 4.326173
31.401551 -2.162435 8.034414
28.601889 -5.901887 5.706760
32.249796 -2.188502 5.901204
29.064323 -4.065166 8.890493
30.628319 -4.167153 4.739191
27.845179 -5.869992 7.711421
27.640038 -7.639519 -2.344955
27.640038 -7.639519 2.344955
29.378179 -6.013617 -1.238059
26.126734 -9.271263 -1.145991
29.378179 -6.013617 1.238059
26.126734 -9.271263 1.145991
-14.557679 20.847202 -1.034218
-16.476303 18.696765 -3.041386
-14.097181 21.128432 -2.720378
-19.955123 14.088962 -6.951440
-18.263662 16.458447 -5.000996
-12.983661 21.382176 -6.108765
-15.953285 18.849565 -4.712025
-13.570567 21.307590 -4.424869
-15.050090 19.990291 -3.729373
-26.036736 1.991181 -15.331025
-24.634269 5.576687 -13.094711
-21.575276 11.533596 -8.928812
-23.136513 8.724160 -10.966819
-10.003896 20.544528 -12.697216
-13.228648 18.363162 -11.349059
-10.827579 20.921008 -11.128162
-19.262409 13.994611 -8.649145
-16.272847 16.207498 -10.016785
-18.488427 15.241283 -7.679563
-12.313212 21.335588 -7.855031
-13.984811 18.643460 -9.773451
-11.602094 21.186786 -9.500898
-13.868161 20.101304 -7.131627
-12.441101 19.767357 -10.446532
-16.850117 17.643679 -5.736845
-15.538114 17.491750 -9.073942
-17.681119 16.462244 -6.703566
-15.381545 18.868850 -6.424766
-17.013854 16.376922 -8.387515
-14.721682 18.798692 -8.124940
-24.645248 -35.293022 -1.750866
-29.182050 -33.114828 -5.386760
-23.104913 -34.628951 -4.458629
-31.087220 -21.948581 -10.829347
-30.802175 -27.757630 -8.434320
-19.824734 -32.648413 -9.327464
-26.875270 -31.754410 -7.937986
-21.453677 -33.685120 -6.995265
-25.234951 -33.518340 -6.253155
-28.495973 -2.179253 -16.779079
-30.745105 -6.960054 -16.343016
-31.051510 -16.599352 -12.850501
-30.918392 -11.658498 -14.655467
-13.801360 -28.343200 -17.517061
-19.352945 -26.864519 -16.603186
-15.211714 -29.392017 -15.634003
-29.310441 -21.294751 -13.160880
-24.723452 -24.624166 -15.218571
-29.075099 -23.968606 -12.076964
-18.195202 -31.527545 -11.607359
-20.991773 -27.984597 -14.670350
-16.680561 -30.460663 -13.659630
-21.447287 -31.086922 -11.029152
-18.105195 -28.766896 -15.202554
-28.002171 -29.320943 -9.533708
-23.933566 -26.942778 -13.976716
-28.673130 -26.696503 -10.871044
-24.784609 -30.403778 -10.352362
-26.635412 -25.638287 -13.130765
-22.823620 -29.144375 -12.596424
-1.801620 -13.871512 -23.558040
-5.544611 -13.019391 -24.492575
-3.014974 -15.623794 -23.416473
-1.768722 -11.968454 -23.995939
-13.345965 -10.331870 -24.965576
-9.425977 -11.849047 -24.997735
-5.771437 -19.540085 -23.087541
-6.980335 -14.836109 -24.432883
-4.339502 -17.512298 -23.260720
-4.979091 -15.270303 -23.976402
-1.718961 -8.245131 -24.627768
-5.422460 -10.969875 -24.747434
-1.743083 -10.083177 -24.352491
-3.588032 -11.502616 -24.423392
-25.854014 -1.282603 -18.053954
-23.600926 -3.839142 -20.798037
-27.591043 -3.552468 -18.409124
-17.150583 -8.462032 -24.291499
-20.640163 -6.271635 -22.904041
-29.496266 -8.426914 -17.910691
-25.086897 -6.271237 -21.232236
-29.440061 -6.113709 -18.750046
-26.446207 -4.933784 -19.910555
-12.169499 -27.102549 -19.690664
-14.183941 -23.042635 -22.950099
-10.824260 -26.059234 -21.482421
-14.877752 -26.396413 -19.277489
-15.419587 -12.148800 -24.949416
-15.445295 -18.003289 -24.991013
-13.327135 -12.967156 -25.055091
-7.442295 -21.859324 -22.888797
-12.575853 -21.534745 -24.242349
-9.228701 -24.341337 -22.663329
-8.088135 -19.363819 -23.753986
-11.860935 -24.059595 -23.158898
-20.244900 -24.539797 -18.193475
-16.762231 -22.041824 -22.364713
-17.595342 -25.546579 -18.783408
-15.869761 -24.270795 -20.901328
-9.125825 -14.305253 -24.787278
-12.970874 -18.559996 -24.742741
-11.208635 -13.687509 -24.994999
-8.650054 -16.820893 -24.381162
-13.208069 -15.729901 -24.992850
-10.510817 -19.044682 -24.318901
-1.677192 -1.036562 -25.052289
-5.109328 -3.157738 -25.018354
-1.684758 -2.787793 -25.044242
-12.933817 -7.993539 -24.811675
-8.788935 -5.431860 -24.943685
-11.095349 -8.845645 -25.005835
-1.710592 -6.355617 -24.840174
-5.170225 -4.999289 -25.056093
-1.694745 -4.569806 -24.973774
-3.480681 -7.612228 -24.885489
-3.408763 -3.876695 -25.054199
-7.354437 -10.318429 -24.968575
-7.068833 -6.220629 -25.049205
-9.219560 -9.626677 -25.054730
-5.359951 -8.932224 -24.928735
-9.007194 -7.478902 -25.033069
-5.276325 -6.931521 -25.029034
-29.461629 -18.208288 -14.345965
-26.189325 -16.185893 -18.866542
-29.520466 -15.702327 -15.278192
-27.556785 -20.124917 -15.531770
-17.863406 -11.040192 -24.587482
-22.946999 -14.182025 -23.039523
-19.842553 -9.997987 -24.069995
-18.173071 -14.025398 -24.884147
-29.525242 -10.870180 -17.039631
-26.376554 -13.827366 -19.785550
-29.538928 -13.246292 -16.175810
-28.072806 -9.959791 -19.367808
-27.948619 -14.770116 -17.590191
-22.933684 -23.269639 -17.440468
-24.134995 -17.893361 -19.910945
-25.344838 -21.826263 -16.572037
-21.102109 -22.027706 -19.604461
-25.821253 -18.985365 -17.784525
-23.469720 -7.631183 -22.414119
-24.744825 -12.836515 -21.981100
-21.732653 -8.849721 -23.341753
-26.556575 -9.042405 -21.648438
-22.889528 -11.722976 -23.779749
-26.475938 -11.443105 -20.733907
-17.613571 -19.599607 -23.757608
-22.387427 -16.779255 -22.064210
-18.354412 -17.193480 -24.963118
-19.325158 -20.801469 -21.713879
-20.728223 -15.738328 -24.069784
-21.811310 -19.411871 -20.894806
-1.733921 13.350265 -22.672804
-4.999485 11.739374 -22.084558
-2.811405 14.568887 -21.835410
-1.711940 11.584230 -23.225596
-11.124495 8.612103 -20.809991
-8.095225 10.176208 -21.468576
-4.950321 16.760072 -19.802823
-6.052933 12.864995 -21.186750
-3.893708 15.713273 -20.871165
-4.467378 13.700937 -21.512289
-1.681422 8.065072 -24.089942
-4.971822 10.058215 -22.690777
-1.696244 9.812225 -23.698100
-3.373135 10.813691 -22.960605
-24.587922 1.219793 -17.169837
-20.790420 3.381959 -18.321311
-24.085803 3.101153 -16.070380
-23.709140 0.000000 -18.621512
-14.182638 6.997660 -20.087804
-17.367562 5.277236 -19.272492
-22.918940 6.547810 -13.916814
-20.475317 5.118432 -17.329236
-23.520576 4.884431 -14.979992
-22.227168 4.146683 -16.734168
-21.411801 -2.433410 -21.159696
-19.829292 2.253561 -19.595820
-22.638801 -1.227788 -19.965136
-21.698513 1.176793 -19.135897
-8.957234 19.948550 -14.493109
-10.176625 16.532517 -16.466125
-8.026800 19.324393 -15.930427
-10.657896 18.909458 -13.809713
-12.202617 9.614211 -19.744250
-11.247269 13.110001 -18.198464
-10.702810 10.413717 -20.121345
-6.039982 17.740486 -18.575980
-9.214325 15.778504 -17.762365
-7.045810 18.583811 -17.302707
-6.606309 15.816177 -19.402022
-8.646189 17.538567 -16.881992
-13.889373 16.835963 -12.481957
-11.864916 15.602004 -15.830557
-12.306376 17.867558 -13.137322
-11.280829 17.252603 -14.857457
-7.669374 12.022184 -20.831314
-9.758047 13.962769 -18.614076
-9.186383 11.218020 -20.485423
-7.150241 13.904356 -20.153768
-10.245747 12.201980 -19.387423
-8.213378 14.881924 -19.003312
-1.672567 1.033703 -24.983203
-4.982881 3.079590 -24.399194
-1.672294 2.767169 -24.858962
-3.360627 0.000000 -24.943446
-11.217779 6.932969 -21.519702
-8.188315 5.060657 -23.239078
-9.684247 7.720660 -21.825604
-1.681718 6.248337 -24.420882
-4.969671 4.805365 -24.084159
-1.674218 4.514457 -24.671290
-3.342477 7.309977 -23.897385
-3.339202 3.797585 -24.542932
-6.862747 -2.106524 -24.829651
-6.709979 2.059632 -24.276930
-5.095410 -1.049022 -24.892484
-5.052575 1.040204 -24.683221
-6.599839 9.259713 -22.406689
-6.620337 5.825950 -23.459910
-8.140324 8.499784 -22.121839
-4.992723 8.320247 -23.220784
-8.172853 6.786127 -22.714243
-4.993451 6.559908 -23.687177
-20.150977 12.453989 -9.812261
-18.532446 11.453681 -13.350598
-20.871389 11.101768 -10.801899
-18.600347 13.583966 -10.483673
-13.999206 8.651985 -19.268735
-16.460623 10.173224 -16.526993
-15.532456 7.826276 -18.841635
-13.500615 10.419345 -18.486215
-22.242642 8.188977 -12.836691
-19.081388 10.003026 -14.313309
-21.574223 9.674639 -11.814258
-21.224312 7.530053 -14.642939
-20.034017 10.587455 -12.608930
-15.516274 15.743571 -11.799721
-16.905273 12.533343 -13.946553
-17.050618 14.683514 -11.148759
-14.583988 15.223682 -13.548941
-17.807023 13.092813 -12.264682
-18.727602 6.089282 -17.885288
-17.978292 9.326339 -15.970315
-17.113479 6.968754 -18.380572
-20.041990 6.824216 -16.337867
-16.806896 8.607728 -17.460551
-19.572370 8.459330 -15.327566
-12.448781 13.852456 -16.791214
-15.841666 11.873243 -15.612953
-12.981948 12.160829 -17.656239
-13.552514 14.587834 -15.227697
-14.723974 11.179479 -17.097601
-15.238225 13.561884 -14.597920
-15.066771 -6.880346 -24.378548
-14.515895 -2.173023 -23.487212
-16.788502 -5.866904 -23.836563
-12.829262 -5.598333 -24.529150
-13.063391 5.965488 -21.137011
-13.837313 2.071439 -22.389243
-14.647110 5.118574 -20.796184
-11.573409 5.050314 -22.127998
-19.955980 -3.648708 -22.245423
-15.985200 -1.131852 -22.748877
-18.436555 -4.781354 -23.121205
-19.322374 -1.177490 -21.522174
-16.396113 -3.418459 -23.315502
-8.795227 -3.249834 -24.747660
-12.454346 -1.108013 -23.737160
-10.737498 -4.386316 -24.650631
-8.683948 -1.073395 -24.471660
-12.664698 -3.290796 -24.163761
-17.979412 3.287316 -20.042094
-15.543534 1.100579 -22.120333
-16.290566 4.224812 -20.429930
-18.658045 1.137006 -20.782213
-15.103115 3.148880 -21.476842
-17.363743 0.000000 -21.841992
-8.420228 3.111272 -23.692502
-12.189306 1.084433 -23.232010
-10.012611 4.090196 -22.986470
-8.557819 1.057805 -24.116224
-11.899388 3.091937 -22.703578
-10.476731 0.000000 -23.936195
-14.557679 20.847202 1.034218
-16.476303 18.696765 3.041386
-14.097181 21.128432 2.720378
-15.588107 19.846971 0.000000
-19.955123 14.088962 6.951440
-18.263662 16.458447 5.000996
-12.983661 21.382176 6.108765
-15.953285 18.849565 4.712025
-13.570567 21.307590 4.424869
-15.050090 19.990291 3.729373
-17.555352 17.764513 -2.018903
-17.555352 17.764513 2.018903
-16.591878 18.813807 -1.020344
-16.591878 18.813807 1.020344
-26.036736 1.991181 15.331025
-24.634269 5.576687 13.094711
-21.575276 11.533596 8.928812
-23.136513 8.724160 10.966819
-10.003896 20.544528 12.697216
-13.228648 18.363162 11.349059
-10.827579 20.921008 11.128162
-19.262409 13.994611 8.649145
-16.272847 16.207498 10.016785
-18.488427 15.241283 7.679563
-12.313212 21.335588 7.855031
-13.984811 18.643460 9.773451
-11.602094 21.186786 9.500898
-13.868161 20.101304 7.131627
-12.441101 19.767357 10.446532
-16.850117 17.643679 5.736845
-15.538114 17.491750 9.073942
-17.681119 16.462244 6.703566
-15.381545 18.868850 6.424766
-17.013854 16.376922 8.387515
-14.721682 18.798692 8.124940
-21.262719 13.141083 -6.000967
-21.828828 13.490958 -2.019590
-20.370850 14.347541 -5.013886
-21.262719 13.141083 6.000967
-21.828828 13.490958 2.019590
-20.370850 14.347541 5.013886
-18.540641 16.632485 -3.041047
-20.793597 14.611263 -1.034568
-19.458872 15.516257 -4.024001
-18.656269 16.749396 -1.020695
-20.652188 14.523195 -3.027971
-18.540641 16.632485 3.041047
-20.793597 14.611263 1.034568
-19.458872 15.516257 4.024001
-18.656269 16.749396 1.020695
-20.652188 14.523195 3.027971
-19.741313 15.693765 0.000000
-24.645248 -35.293022 1.750866
-29.182050 -33.114828 5.386760
-23.104913 -34.628951 4.458629
-27.831239 -35.435078 0.000000
-31.087220 -21.948581 10.829347
-30.802175 -27.757630 8.434320
-19.824734 -32.648413 9.327464
-26.875270 -31.754410 7.937986
-21.453677 -33.685120 6.995265
-25.234951 -33.518340 6.253155
-32.584163 -32.972383 -3.747248
-32.584163 -32.972383 3.747248
-30.899151 -35.037063 -1.900193
-30.899151 -35.037063 1.900193
-28.495973 -2.179253 16.779079
-30.745105 -6.960054 16.343016
-31.051510 -16.599352 12.850501
-30.918392 -11.658498 14.655467
-13.801360 -28.343200 17.517061
-19.352945 -26.864519 16.603186
-15.211714 -29.392017 15.634003
-29.310441 -21.294751 13.160880
-24.723452 -24.624166 15.218571
-29.075099 -23.968606 12.076964
-18.195202 -31.527545 11.607359
-20.991773 -27.984597 14.670350
-16.680561 -30.460663 13.659630
-21.447287 -31.086922 11.029152
-18.105195 -28.766896 15.202554
-28.002171 -29.320943 9.533708
-23.933566 -26.942778 13.976716
-28.673130 -26.696503 10.871044
-24.784609 -30.403778 10.352362
-26.635412 -25.638287 13.130765
-22.823620 -29.144375 12.596424
-32.651721 -20.179873 -9.215279
-35.053200 -21.664069 -3.243101
-32.794584 -23.097790 -8.071746
-32.651721 -20.179873 9.215279
-35.053200 -21.664069 3.243101
-32.794584 -23.097790 8.071746
-32.949849 -29.558733 -5.404454
-35.290167 -24.797724 -1.755833
-32.914354 -26.245487 -6.806530
-34.980635 -31.405235 -1.913810
-34.315372 -24.131529 -5.031232
-32.949849 -29.558733 5.404454
-35.290167 -24.797724 1.755833
-32.914354 -26.245487 6.806530
-34.980635 -31.405235 1.913810
-34.315372 -24.131529 5.031232
-35.435078 -28.169848 0.000000
-1.801620 -13.871512 23.558040
-5.544611 -13.019391 24.492575
-3.014974 -15.623794 23.416473
-1.768722 -11.968454 23.995939
-13.345965 -10.331870 24.965576
-9.425977 -11.849047 24.997735
-5.771437 -19.540085 23.087541
-6.980335 -14.836109 24.432883
-4.339502 -17.512298 23.260720
-4.979091 -15.270303 23.976402
-1.718961 -8.245131 24.627768
-5.422460 -10.969875 24.747434
-1.743083 -10.083177 24.352491
-3.588032 -11.502616 24.423392
-25.854014 -1.282603 18.053954
-23.600926 -3.839142 20.798037
-27.591043 -3.552468 18.409124
-17.150583 -8.462032 24.291499
-20.640163 -6.271635 22.904041
-29.496266 -8.426914 17.910691
-25.086897 -6.271237 21.232236
-29.440061 -6.113709 18.750046
-26.446207 -4.933784 19.910555
-12.169499 -27.102549 19.690664
-14.183941 -23.042635 22.950099
-10.824260 -26.059234 21.482421
-14.877752 -26.396413 19.277489
-15.419587 -12.148800 24.949416
-15.445295 -18.003289 24.991013
-13.327135 -12.967156 25.055091
-7.442295 -21.859324 22.888797
-12.575853 -21.534745 24.242349
-9.228701 -24.341337 22.663329
-8.088135 -19.363819 23.753986
-11.860935 -24.059595 23.158898
-20.244900 -24.539797 18.193475
-16.762231 -22.041824 22.364713
-17.595342 -25.546579 18.783408
-15.869761 -24.270795 20.901328
-9.125825 -14.305253 24.787278
-12.970874 -18.559996 24.742741
-11.208635 -13.687509 24.994999
-8.650054 -16.820893 24.381162
-13.208069 -15.729901 24.992850
-10.510817 -19.044682 24.318901
-1.677192 -1.036562 25.052289
-5.109328 -3.157738 25.018354
-1.684758 -2.787793 25.044242
-12.933817 -7.993539 24.811675
-8.788935 -5.431860 24.943685
-11.095349 -8.845645 25.005835
-1.710592 -6.355617 24.840174
-5.170225 -4.999289 25.056093
-1.694745 -4.569806 24.973774
-3.480681 -7.612228 24.885489
-3.408763 -3.876695 25.054199
-7.354437 -10.318429 24.968575
-7.068833 -6.220629 25.049205
-9.219560 -9.626677 25.054730
-5.359951 -8.932224 24.928735
-9.007194 -7.478902 25.033069
-5.276325 -6.931521 25.029034
-29.461629 -18.208288 14.345965
-26.189325 -16.185893 18.866542
-29.520466 -15.702327 15.278192
-27.556785 -20.124917 15.531770
-17.863406 -11.040192 24.587482
-22.946999 -14.182025 23.039523
-19.842553 -9.997987 24.069995
-18.173071 -14.025398 24.884147
-29.525242 -10.870180 17.039631
-26.376554 -13.827366 19.785550
-29.538928 -13.246292 16.175810
-28.072806 -9.959791 19.367808
-27.948619 -14.770116 17.590191
-22.933684 -23.269639 17.440468
-24.134995 -17.893361 19.910945
-25.344838 -21.826263 16.572037
-21.102109 -22.027706 19.604461
-25.821253 -18.985365 17.784525
-23.469720 -7.631183 22.414119
-24.744825 -12.836515 21.981100
-21.732653 -8.849721 23.341753
-26.556575 -9.042405 21.648438
-22.889528 -11.722976 23.779749
-26.475938 -11.443105 20.733907
-17.613571 -19.599607 23.757608
-22.387427 -16.779255 22.064210
-18.354412 -17.193480 24.963118
-19.325158 -20.801469 21.713879
-20.728223 -15.738328 24.069784
-21.811310 -19.411871 20.894806
-1.733921 13.350265 22.672804
-4.999485 11.739374 22.084558
-2.811405 14.568887 21.835410
-1.711940 11.584230 23.225596
-11.124495 8.612103 20.809991
-8.095225 10.176208 21.468576
-4.950321 16.760072 19.802823
-6.052933 12.864995 21.186750
-3.893708 15.713273 20.871165
-4.467378 13.700937 21.512289
-1.681422 8.065072 24.089942
-4.971822 10.058215 22.690777
-1.696244 9.812225 23.698100
-3.373135 10.813691 22.960605
-24.587922 1.219793 17.169837
-20.790420 3.381959 18.321311
-24.085803 3.101153 16.070380
-23.709140 0.000000 18.621512
-14.182638 6.997660 20.087804
-17.367562 5.277236 19.272492
-22.918940 6.547810 13.916814
-20.475317 5.118432 17.329236
-23.520576 4.884431 14.979992
-22.227168 4.146683 16.734168
-21.411801 -2.433410 21.159696
-19.829292 2.253561 19.595820
-22.638801 -1.227788 19.965136
-21.698513 1.176793 19.135897
-8.957234 19.948550 14.493109
-10.176625 16.532517 16.466125
-8.026800 19.324393 15.930427
-10.657896 18.909458 13.809713
-12.202617 9.614211 19.744250
-11.247269 13.110001 18.198464
-10.702810 10.413717 20.121345
-6.039982 17.740486 18.575980
-9.214325 15.778504 17.762365
-7.045810 18.583811 17.302707
-6.606309 15.816177 19.402022
-8.646189 17.538567 16.881992
-13.889373 16.835963 12.481957
-11.864916 15.602004 15.830557
-12.306376 17.867558 13.137322
-11.280829 17.252603 14.857457
-7.669374 12.022184 20.831314
-9.758047 13.962769 18.614076
-9.186383 11.218020 20.485423
-7.150241 13.904356 20.153768
-10.245747 12.201980 19.387423
-8.213378 14.881924 19.003312
-1.672567 1.033703 24.983203
-4.982881 3.079590 24.399194
-1.672294 2.767169 24.858962
-3.360627 0.000000 24.943446
-11.217779 6.932969 21.519702
-8.188315 5.060657 23.239078
-9.684247 7.720660 21.825604
-1.681718 6.248337 24.420882
-4.969671 4.805365 24.084159
-1.674218 4.514457 24.671290
-3.342477 7.309977 23.897385
-3.339202 3.797585 24.542932
-6.862747 -2.106524 24.829651
-6.709979 2.059632 24.276930
-5.095410 -1.049022 24.892484
-5.052575 1.040204 24.683221
-6.599839 9.259713 22.406689
-6.620337 5.825950 23.459910
-8.140324 8.499784 22.121839
-4.992723 8.320247 23.220784
-8.172853 6.786127 22.714243
-4.993451 6.559908 23.687177
-20.150977 12.453989 9.812261
-18.532446 11.453681 13.350598
-20.871389 11.101768 10.801899
-18.600347 13.583966 10.483673
-13.999206 8.651985 19.268735
-16.460623 10.173224 16.526993
-15.532456 7.826276 18.841635
-13.500615 10.419345 18.486215
-22.242642 8.188977 12.836691
-19.081388 10.003026 14.313309
-21.574223 9.674639 11.814258
-21.224312 7.530053 14.642939
-20.034017 10.587455 12.608930
-15.516274 15.743571 11.799721
-16.905273 12.533343 13.946553
-17.050618 14.683514 11.148759
-14.583988 15.223682 13.548941
-17.807023 13.092813 12.264682
-18.727602 6.089282 17.885288
-17.978292 9.326339 15.970315
-17.113479 6.968754 18.380572
-20.041990 6.824216 16.337867
-16.806896 8.607728 17.460551
-19.572370 8.459330 15.327566
-12.448781 13.852456 16.791214
-15.841666 11.873243 15.612953
-12.981948 12.160829 17.656239
-13.552514 14.587834 15.227697
-14.723974 11.179479 17.097601
-15.238225 13.561884 14.597920
-15.066771 -6.880346 24.378548
-14.515895 -2.173023 23.487212
-16.788502 -5.866904 23.836563
-12.829262 -5.598333 24.529150
-13.063391 5.965488 21.137011
-13.837313 2.071439 22.389243
-14.647110 5.118574 20.796184
-11.573409 5.050314 22.127998
-19.955980 -3.648708 22.245423
-15.985200 -1.131852 22.748877
-18.436555 -4.781354 23.121205
-19.322374 -1.177490 21.522174
-16.396113 -3.418459 23.315502
-8.795227 -3.249834 24.747660
-12.454346 -1.108013 23.737160
-10.737498 -4.386316 24.650631
-8.683948 -1.073395 24.471660
-12.664698 -3.290796 24.163761
-17.979412 3.287316 20.042094
-15.543534 1.100579 22.120333
-16.290566 4.224812 20.429930
-18.658045 1.137006 20.782213
-15.103115 3.148880 21.476842
-17.363743 0.000000 21.841992
-8.420228 3.111272 23.692502
-12.189306 1.084433 23.232010
-10.012611 4.090196 22.986470
-8.557819 1.057805 24.116224
-11.899388 3.091937 22.703578
-10.476731 0.000000 23.936195
-28.427801 0.000000 -14.958357
-31.569362 0.000000 -11.380249
-27.582874 2.033112 -13.757510
-30.435077 -2.243345 -15.180103
-35.266082 0.000000 -2.444202
-33.960510 0.000000 -7.152920
-25.849074 5.663843 -11.458203
-30.289315 2.114124 -10.140560
-26.717620 3.925076 -12.583122
-29.018308 2.077049 -12.015064
-31.916374 -6.993261 -14.147675
-33.531138 -2.340395 -11.225890
-31.791541 -4.670484 -14.972772
-32.282540 -2.310694 -13.366622
-28.427801 0.000000 14.958357
-31.569362 0.000000 11.380249
-27.582874 2.033112 13.757510
-30.435077 -2.243345 15.180103
-35.266082 0.000000 2.444202
-33.960510 0.000000 7.152920
-25.849074 5.663843 11.458203
-30.289315 2.114124 10.140560
-26.717620 3.925076 12.583122
-29.018308 2.077049 12.015064
-31.916374 -6.993261 14.147675
-33.531138 -2.340395 11.225890
-31.791541 -4.670484 14.972772
-32.282540 -2.310694 13.366622
-22.313696 11.631672 -7.188769
-25.548482 9.002036 -5.563564
-23.191568 10.290339 -8.203860
-22.760797 11.904376 -5.194738
-33.161803 2.220105 -1.372101
-29.107648 5.944457 -3.673876
-32.846183 2.209604 -3.656264
-24.947997 7.348376 -10.309925
-26.654421 7.521821 -6.619263
-24.073656 8.858547 -9.249723
-26.917274 5.787509 -9.644738
-24.885238 8.954002 -7.434736
-23.219283 12.182628 -1.083839
-25.901697 9.205368 -3.401381
-23.066104 12.089395 -3.141309
-24.312638 10.590273 -4.326173
-31.401551 2.162435 -8.034414
-28.601889 5.901887 -5.706760
-32.249796 2.188502 -5.901204
-29.064323 4.065166 -8.890493
-30.628319 4.167153 -4.739191
-27.845179 5.869992 -7.711421
-32.477120 -16.929656 -10.463103
-34.245181 -12.066327 -7.457400
-32.333352 -14.346644 -11.437705
-33.764655 -17.659625 -7.706169
-35.402632 -2.370124 -1.464817
-35.088172 -7.165819 -4.428719
-35.202891 -2.368143 -3.918601
-32.058661 -9.442805 -13.248454
-34.050728 -9.609044 -8.456035
-32.192184 -11.845977 -12.369072
-32.972906 -7.089536 -11.814534
-33.321556 -11.989489 -9.955177
-35.354433 -18.549665 -1.650288
-34.976552 -12.430538 -4.593080
-34.782955 -18.230425 -4.736994
-34.510929 -15.032517 -6.140850
-34.272634 -2.360149 -8.769010
-34.593286 -7.138188 -6.902187
-34.821280 -2.363006 -6.371745
-33.705032 -4.714252 -10.310040
-34.958217 -4.756260 -5.409166
-33.879364 -7.142047 -9.382524
-22.313696 11.631672 7.188769
-25.548482 9.002036 5.563564
-23.191568 10.290339 8.203860
-22.760797 11.904376 5.194738
-33.161803 2.220105 1.372101
-29.107648 5.944457 3.673876
-32.846183 2.209604 3.656264
-31.227766 4.207312 0.000000
-24.947997 7.348376 10.309925
-26.654421 7.521821 6.619263
-24.073656 8.858547 9.249723
-26.917274 5.787509 9.644738
-24.885238 8.954002 7.434736
-23.219283 12.182628 1.083839
-25.901697 9.205368 3.401381
-23.066104 12.089395 3.141309
-24.647161 10.787917 0.000000
-24.312638 10.590273 4.326173
-31.401551 2.162435 8.034414
-28.601889 5.901887 5.706760
-32.249796 2.188502 5.901204
-29.064323 4.065166 8.890493
-30.628319 4.167153 4.739191
-27.845179 5.869992 7.711421
-27.640038 7.639519 -2.344955
-27.640038 7.639519 2.344955
-29.378179 6.013617 -1.238059
-26.126734 9.271263 -1.145991
-29.378179 6.013617 1.238059
-26.126734 9.271263 1.145991
-32.477120 -16.929656 10.463103
-34.245181 -12.066327 7.457400
-32.333352 -14.346644 11.437705
-33.764655 -17.659625 7.706169
-35.402632 -2.370124 1.464817
-35.088172 -7.165819 4.428719
-35.202891 -2.368143 3.918601
-35.435078 -4.774163 0.000000
-32.058661 -9.442805 13.248454
-34.050728 -9.609044 8.456035
-32.192184 -11.845977 12.369072
-32.972906 -7.089536 11.814534
-33.321556 -11.989489 9.955177
-35.354433 -18.549665 1.650288
-34.976552 -12.430538 4.593080
-34.782955 -18.230425 4.736994
-35.435078 -15.509725 0.000000
-34.510929 -15.032517 6.140850
-34.272634 -2.360149 8.769010
-34.593286 -7.138188 6.902187
-34.821280 -2.363006 6.371745
-33.705032 -4.714252 10.310040
-34.958217 -4.756260 5.409166
-33.879364 -7.142047 9.382524
-35.260898 -9.745873 -2.991502
-35.260898 -9.745873 2.991502
-35.395613 -7.245366 -1.491647
-35.382441 -12.555718 -1.551972
-35.395613 -7.245366 1.491647
-35.382441 -12.555718 1.551972
