-21.65340326 35.03594244 0
22.08211536 35.72961319 0
-22.08211536 -35.72961319 0
21.65340326 -35.03594244 0
0 -14.7088661 23.79944528
0 14.7088661 23.79944528
0 -14.7088661 -23.79944528
0 14.7088661 -23.79944528
38.22763591 0 -23.6259783
38.22763591 0 23.6259783
-38.22763591 0 -23.6259783
-38.22763591 0 23.6259783
0 39.7092677 0
0 -39.7092677 0
-10.36781059 -27.14328053 16.77546993
9.720731394 -25.44920519 15.72847379
-9.720731394 25.44920519 15.72847379
10.36781059 27.14328053 16.77546993
0 0 28.16106585
-10.36781059 -27.14328053 -16.77546993
9.720731394 -25.44920519 -15.72847379
-9.720731394 25.44920519 -15.72847379
10.36781059 27.14328053 -16.77546993
0 0 -28.16106585
38.30302633 23.67257215 -14.63045419
32.85377539 -20.30474985 -12.54902554
14.84348165 -9.173776171 -24.01725782
16.70524639 10.32441006 -27.02965645
38.30302633 23.67257215 14.63045419
32.85377539 -20.30474985 12.54902554
14.84348165 -9.173776171 24.01725782
16.70524639 10.32441006 27.02965645
83.94944582 0 0
-32.85377539 20.30474985 -12.54902554
-38.30302633 -23.67257215 -14.63045419
-16.70524639 -10.32441006 -27.02965645
-14.84348165 9.173776171 -24.01725782
-32.85377539 20.30474985 12.54902554
-38.30302633 -23.67257215 14.63045419
-16.70524639 -10.32441006 27.02965645
-14.84348165 9.173776171 24.01725782
-83.94944582 0 0
-10.92435845 38.45534786 0
10.9410092 38.51396094 0
-10.9410092 -38.51396094 0
10.92435845 -38.45534786 0
-16.55200286 -32.90912073 9.914369815
-4.816515978 -20.80414896 21.05201758
-5.923827261 -34.67868882 9.584953852
15.76861379 -31.3515663 9.445133011
4.626199088 -19.98210644 20.22018093
5.826025345 -34.10614643 9.426707028
0 -26.74225018 16.52761955
-15.76861379 31.3515663 9.445133011
-4.626199088 19.98210644 20.22018093
-5.826025345 34.10614643 9.426707028
16.55200286 32.90912073 9.914369815
4.816515978 20.80414896 21.05201758
5.923827261 34.67868882 9.584953852
0 26.74225018 16.52761955
0 -7.613875832 26.80196233
0 7.613875832 26.80196233
-16.55200286 -32.90912073 -9.914369815
-4.816515978 -20.80414896 -21.05201758
-5.923827261 -34.67868882 -9.584953852
15.76861379 -31.3515663 -9.445133011
4.626199088 -19.98210644 -20.22018093
5.826025345 -34.10614643 -9.426707028
0 -26.74225018 -16.52761955
-15.76861379 31.3515663 -9.445133011
-4.626199088 19.98210644 -20.22018093
-5.826025345 34.10614643 -9.426707028
16.55200286 32.90912073 -9.914369815
4.816515978 20.80414896 -21.05201758
5.923827261 34.67868882 -9.584953852
0 26.74225018 -16.52761955
0 -7.613875832 -26.80196233
0 7.613875832 -26.80196233
30.66123655 31.02654631 -7.09860019
45.43764497 13.68877702 -22.8533614
22.42948275 26.26089581 -16.23012619
28.57678486 -28.91725965 -6.616014005
36.00190001 -10.8461163 -18.10755009
20.00133214 -23.41796756 -14.4730999
7.22322698 -12.05915009 -23.9763145
24.23502955 -5.544761047 -23.94968381
12.50614148 -17.28306245 -20.23536198
7.454000724 -4.6068258 -26.96882797
22.95171679 -14.18494108 -19.60310644
7.70006084 12.85522241 -25.55908611
27.49344478 6.290257718 -27.16973413
13.95605418 19.28679253 -22.58137001
7.727298733 4.775733258 -27.95762946
27.61727644 17.06841552 -23.58797011
16.82939182 0 -27.23052798
30.66123655 31.02654631 7.09860019
45.43764497 13.68877702 22.8533614
22.42948275 26.26089581 16.23012619
45.74325918 28.27088893 0
28.57678486 -28.91725965 6.616014005
36.00190001 -10.8461163 18.10755009
20.00133214 -23.41796756 14.4730999
41.62487019 -25.72558455 0
7.22322698 -12.05915009 23.9763145
24.23502955 -5.544761047 23.94968381
12.50614148 -17.28306245 20.23536198
7.454000724 -4.6068258 26.96882797
22.95171679 -14.18494108 19.60310644
7.70006084 12.85522241 25.55908611
27.49344478 6.290257718 27.16973413
13.95605418 19.28679253 22.58137001
7.727298733 4.775733258 27.95762946
27.61727644 17.06841552 23.58797011
16.82939182 0 27.23052798
60.50727222 0 -17.18884804
60.50727222 0 17.18884804
64.72303936 17.88900811 -11.05601504
52.58267684 -14.53349444 -8.982193536
64.72303936 17.88900811 11.05601504
52.58267684 -14.53349444 8.982193536
-28.57678486 28.91725965 -6.616014005
-36.00190001 10.8461163 -18.10755009
-20.00133214 23.41796756 -14.4730999
-30.66123655 -31.02654631 -7.09860019
-45.43764497 -13.68877702 -22.8533614
-22.42948275 -26.26089581 -16.23012619
-7.70006084 -12.85522241 -25.55908611
-27.49344478 -6.290257718 -27.16973413
-13.95605418 -19.28679253 -22.58137001
-7.727298733 -4.775733258 -27.95762946
-27.61727644 -17.06841552 -23.58797011
-7.22322698 12.05915009 -23.9763145
-24.23502955 5.544761047 -23.94968381
-12.50614148 17.28306245 -20.23536198
-7.454000724 4.6068258 -26.96882797
-22.95171679 14.18494108 -19.60310644
-16.82939182 0 -27.23052798
-28.57678486 28.91725965 6.616014005
-36.00190001 10.8461163 18.10755009
-20.00133214 23.41796756 14.4730999
-41.62487019 25.72558455 0
-30.66123655 -31.02654631 7.09860019
-45.43764497 -13.68877702 22.8533614
-22.42948275 -26.26089581 16.23012619
-45.74325918 -28.27088893 0
-7.70006084 -12.85522241 25.55908611
-27.49344478 -6.290257718 27.16973413
-13.95605418 -19.28679253 22.58137001
-7.727298733 -4.775733258 27.95762946
-27.61727644 -17.06841552 23.58797011
-7.22322698 12.05915009 23.9763145
-24.23502955 5.544761047 23.94968381
-12.50614148 17.28306245 20.23536198
-7.454000724 4.6068258 26.96882797
-22.95171679 14.18494108 19.60310644
-16.82939182 0 27.23052798
-60.50727222 0 -17.18884804
-60.50727222 0 17.18884804
-52.58267684 14.53349444 -8.982193536
-64.72303936 -17.88900811 -11.05601504
-52.58267684 14.53349444 8.982193536
-64.72303936 -17.88900811 11.05601504
-16.29188948 36.95943624 0
-5.488465766 39.40486804 0
16.42757584 37.26725144 0
5.484246322 39.37457421 0
-16.42757584 -37.26725144 0
-5.484246322 -39.37457421 0
16.29188948 -36.95943624 0
5.488465766 -39.40486804 0
-19.64425361 -35.07314349 5.320214637
-13.40696636 -30.16834463 13.71351337
-14.13418476 -36.46912876 5.194561064
-2.332828758 -17.71183945 22.55093325
-7.492654566 -23.975738 19.17753468
-3.169929622 -38.06917165 5.12905387
-8.286218363 -30.93333994 13.40738295
-8.545692088 -37.51864937 5.155455857
-11.16817796 -33.96672668 9.789995784
19.0779505 -34.06205748 5.166843879
12.60300263 -28.35926611 12.89116721
13.8954413 -35.85312111 5.106818652
2.285174048 -17.35002439 22.09026584
7.083263531 -22.66572803 18.12969366
0 -20.4396598 20.68318576
3.16175935 -37.97105102 5.115834092
7.969403935 -29.75063778 12.89476644
8.47565034 -37.211141 5.113200984
0 -34.67601196 9.584213987
10.8138131 -32.88896676 9.479360463
-5.041488087 -27.07681328 16.73439091
4.876155732 -26.18884662 16.18559734
-2.472483807 -23.77370782 18.89940017
-2.779077963 -30.82044689 13.4899278
2.425159795 -23.31867259 18.53766051
2.740834546 -30.3963209 13.30429036
-19.0779505 34.06205748 5.166843879
-12.60300263 28.35926611 12.89116721
-13.8954413 35.85312111 5.106818652
-2.285174048 17.35002439 22.09026584
-7.083263531 22.66572803 18.12969366
-3.16175935 37.97105102 5.115834092
-7.969403935 29.75063778 12.89476644
-8.47565034 37.211141 5.113200984
-10.8138131 32.88896676 9.479360463
19.64425361 35.07314349 5.320214637
13.40696636 30.16834463 13.71351337
14.13418476 36.46912876 5.194561064
2.332828758 17.71183945 22.55093325
7.492654566 23.975738 19.17753468
0 20.4396598 20.68318576
3.169929622 38.06917165 5.12905387
8.286218363 30.93333994 13.40738295
8.545692088 37.51864937 5.155455857
0 34.67601196 9.584213987
11.16817796 33.96672668 9.789995784
-4.876155732 26.18884662 16.18559734
5.041488087 27.07681328 16.73439091
-2.425159795 23.31867259 18.53766051
-2.740834546 30.3963209 13.30429036
2.472483807 23.77370782 18.89940017
2.779077963 30.82044689 13.4899278
0 -11.20667286 25.42322126
0 -3.87073769 27.79026314
0 11.20667286 25.42322126
0 3.87073769 27.79026314
-19.64425361 -35.07314349 -5.320214637
-13.40696636 -30.16834463 -13.71351337
-14.13418476 -36.46912876 -5.194561064
-2.332828758 -17.71183945 -22.55093325
-7.492654566 -23.975738 -19.17753468
-3.169929622 -38.06917165 -5.12905387
-8.286218363 -30.93333994 -13.40738295
-8.545692088 -37.51864937 -5.155455857
-11.16817796 -33.96672668 -9.789995784
19.0779505 -34.06205748 -5.166843879
12.60300263 -28.35926611 -12.89116721
13.8954413 -35.85312111 -5.106818652
2.285174048 -17.35002439 -22.09026584
7.083263531 -22.66572803 -18.12969366
0 -20.4396598 -20.68318576
3.16175935 -37.97105102 -5.115834092
7.969403935 -29.75063778 -12.89476644
8.47565034 -37.211141 -5.113200984
0 -34.67601196 -9.584213987
10.8138131 -32.88896676 -9.479360463
-5.041488087 -27.07681328 -16.73439091
4.876155732 -26.18884662 -16.18559734
-2.472483807 -23.77370782 -18.89940017
-2.779077963 -30.82044689 -13.4899278
2.425159795 -23.31867259 -18.53766051
2.740834546 -30.3963209 -13.30429036
-19.0779505 34.06205748 -5.166843879
-12.60300263 28.35926611 -12.89116721
-13.8954413 35.85312111 -5.106818652
-2.285174048 17.35002439 -22.09026584
-7.083263531 22.66572803 -18.12969366
-3.16175935 37.97105102 -5.115834092
-7.969403935 29.75063778 -12.89476644
-8.47565034 37.211141 -5.113200984
-10.8138131 32.88896676 -9.479360463
19.64425361 35.07314349 -5.320214637
13.40696636 30.16834463 -13.71351337
14.13418476 36.46912876 -5.194561064
2.332828758 17.71183945 -22.55093325
7.492654566 23.975738 -19.17753468
0 20.4396598 -20.68318576
3.169929622 38.06917165 -5.12905387
8.286218363 30.93333994 -13.40738295
8.545692088 37.51864937 -5.155455857
0 34.67601196 -9.584213987
11.16817796 33.96672668 -9.789995784
-4.876155732 26.18884662 -16.18559734
5.041488087 27.07681328 -16.73439091
-2.425159795 23.31867259 -18.53766051
-2.740834546 30.3963209 -13.30429036
2.472483807 23.77370782 -18.89940017
2.779077963 30.82044689 -13.4899278
0 -11.20667286 -25.42322126
0 -3.87073769 -27.79026314
0 11.20667286 -25.42322126
0 3.87073769 -27.79026314
26.57398266 33.8343237 -3.500062834
34.50063422 27.59611025 -10.78178843
23.20934339 32.20448966 -8.654890992
43.99637272 6.673771518 -24.64209983
42.17922854 19.17325666 -18.74466449
16.10510101 26.88740514 -16.61733025
29.64415249 25.21682228 -15.58485326
19.54960845 29.67551319 -13.11155286
26.5588172 28.81089924 -12.14301427
25.56997135 -32.55600407 -3.367824368
30.91873965 -24.7310511 -9.66241105
21.87788871 -30.35700877 -8.158384265
37.28974105 -5.656448393 -20.88575637
34.52620323 -15.69444911 -15.34362097
14.69439162 -24.53223116 -15.16175268
25.91933509 -22.04830335 -13.62660086
18.0407335 -27.38510218 -12.09957895
24.13599017 -26.18262611 -11.03526828
3.627000111 -13.39226232 -23.91074496
10.91401672 -10.67004866 -24.00973468
5.9668533 -16.0009811 -22.20241313
3.632602845 -9.88416136 -25.50318675
30.36300074 -3.140964523 -23.84755381
19.19645242 -7.500045719 -23.99938895
29.77050073 -8.000761425 -21.45520024
11.20132679 -21.30618966 -18.12412746
13.70513821 -13.2826773 -22.17537944
8.536652091 -18.67109577 -20.25433041
16.06416754 -20.23223774 -17.65622869
9.817868143 -14.63865341 -22.22088251
3.751679912 -2.3186657 -27.84594394
11.12316798 -6.874495872 -25.6632288
3.696419792 -6.127191512 -26.90056552
7.37475953 -8.41293793 -25.58698153
27.62518154 -17.07330114 -16.5470166
18.73888699 -11.58126907 -22.02888284
28.79149559 -12.72096674 -18.96723611
21.5672995 -18.82130771 -17.12419146
23.65698381 -9.970778407 -21.80777155
17.42134984 -15.8504677 -19.96309053
3.746969012 13.83523308 -24.70163157
11.98090743 11.71309048 -26.35678651
6.301008912 16.89706776 -23.44579227
3.741573543 10.1806661 -26.26823048
33.03241114 3.4171073 -25.94414857
21.92352456 8.565511636 -27.40877229
36.13140303 9.71024096 -26.03941714
26.25752123 0 -25.94836247
12.24400749 23.28948622 -19.81122028
15.49418425 15.01657598 -25.07011674
9.203060035 20.12864218 -21.83547095
18.15128924 22.86089199 -19.95019742
10.73645368 16.00828428 -24.29992665
3.787770875 2.340971142 -28.11382046
11.97965217 7.403832213 -27.63929801
3.780167972 6.266012632 -27.51003997
7.728477785 0 -27.96189531
7.798907321 8.896794932 -27.05857686
33.11705952 20.46746839 -19.83655863
21.98422941 13.58700099 -25.84401166
35.62559827 15.74048313 -23.46940026
25.14282882 21.94159347 -19.96312122
28.46410743 11.99685091 -26.23913332
20.20779048 18.38565515 -23.15606738
15.92308642 -4.797070352 -25.76409504
17.21122643 5.185141992 -27.84834936
20.55870154 -2.689559256 -25.86095639
11.87063393 -2.445485079 -27.12084513
21.72659138 2.842346576 -27.33005443
12.24653105 2.522924144 -27.97965751
26.57398266 33.8343237 3.500062834
34.50063422 27.59611025 10.78178843
23.20934339 32.20448966 8.654890992
32.25344075 32.63772064 0
43.99637272 6.673771518 24.64209983
42.17922854 19.17325666 18.74466449
16.10510101 26.88740514 16.61733025
29.64415249 25.21682228 15.58485326
19.54960845 29.67551319 13.11155286
26.5588172 28.81089924 12.14301427
43.16378488 26.67668614 -8.036754733
43.16378488 26.67668614 8.036754733
37.94109478 30.16205712 -3.945902893
37.94109478 30.16205712 3.945902893
25.56997135 -32.55600407 3.367824368
30.91873965 -24.7310511 9.66241105
21.87788871 -30.35700877 8.158384265
30.7485891 -31.1149396 0
37.28974105 -5.656448393 20.88575637
34.52620323 -15.69444911 15.34362097
14.69439162 -24.53223116 15.16175268
25.91933509 -22.04830335 13.62660086
18.0407335 -27.38510218 12.09957895
24.13599017 -26.18262611 11.03526828
38.38647934 -23.72414894 -7.147258295
38.38647934 -23.72414894 7.147258295
35.17122761 -27.96009398 -3.657834586
35.17122761 -27.96009398 3.657834586
3.627000111 -13.39226232 23.91074496
10.91401672 -10.67004866 24.00973468
5.9668533 -16.0009811 22.20241313
3.632602845 -9.88416136 25.50318675
30.36300074 -3.140964523 23.84755381
19.19645242 -7.500045719 23.99938895
29.77050073 -8.000761425 21.45520024
11.20132679 -21.30618966 18.12412746
13.70513821 -13.2826773 22.17537944
8.536652091 -18.67109577 20.25433041
16.06416754 -20.23223774 17.65622869
9.817868143 -14.63865341 22.22088251
3.751679912 -2.3186657 27.84594394
11.12316798 -6.874495872 25.6632288
3.696419792 -6.127191512 26.90056552
7.37475953 -8.41293793 25.58698153
27.62518154 -17.07330114 16.5470166
18.73888699 -11.58126907 22.02888284
28.79149559 -12.72096674 18.96723611
21.5672995 -18.82130771 17.12419146
23.65698381 -9.970778407 21.80777155
17.42134984 -15.8504677 19.96309053
3.746969012 13.83523308 24.70163157
11.98090743 11.71309048 26.35678651
6.301008912 16.89706776 23.44579227
3.741573543 10.1806661 26.26823048
33.03241114 3.4171073 25.94414857
21.92352456 8.565511636 27.40877229
36.13140303 9.71024096 26.03941714
26.25752123 0 25.94836247
12.24400749 23.28948622 19.81122028
15.49418425 15.01657598 25.07011674
9.203060035 20.12864218 21.83547095
18.15128924 22.86089199 19.95019742
10.73645368 16.00828428 24.29992665
3.787770875 2.340971142 28.11382046
11.97965217 7.403832213 27.63929801
3.780167972 6.266012632 27.51003997
7.728477785 0 27.96189531
7.798907321 8.896794932 27.05857686
33.11705952 20.46746839 19.83655863
21.98422941 13.58700099 25.84401166
35.62559827 15.74048313 23.46940026
25.14282882 21.94159347 19.96312122
28.46410743 11.99685091 26.23913332
20.20779048 18.38565515 23.15606738
15.92308642 -4.797070352 25.76409504
17.21122643 5.185141992 27.84834936
20.55870154 -2.689559256 25.86095639
11.87063393 -2.445485079 27.12084513
21.72659138 2.842346576 27.33005443
12.24653105 2.522924144 27.97965751
48.02033125 0 -21.16758287
75.16202511 0 -10.46886393
56.10317993 7.991180594 -21.74367026
45.99461691 -6.55134505 -17.82593759
48.02033125 0 21.16758287
75.16202511 0 10.46886393
56.10317993 7.991180594 21.74367026
45.99461691 -6.55134505 17.82593759
49.41714924 21.4187878 -13.23753886
84.13875982 11.33600267 -7.006034949
54.9804791 15.84664497 -18.07744917
55.22191607 24.17030692 -4.979357066
71.02025182 9.758927345 -16.17641398
41.42741532 -17.95581153 -11.09730182
67.34240235 -9.073031915 -5.607442104
43.74368237 -12.60794041 -14.38281746
47.91155888 -20.9706067 -4.320182569
56.81234779 -7.806612342 -12.94025343
49.41714924 21.4187878 13.23753886
84.13875982 11.33600267 7.006034949
54.9804791 15.84664497 18.07744917
55.22191607 24.17030692 4.979357066
71.02025182 9.758927345 16.17641398
70.77921511 19.56289392 0
41.42741532 -17.95581153 11.09730182
67.34240235 -9.073031915 5.607442104
43.74368237 -12.60794041 14.38281746
47.91155888 -20.9706067 4.320182569
56.81234779 -7.806612342 12.94025343
58.69757295 -16.22361015 0
-25.56997135 32.55600407 -3.367824368
-30.91873965 24.7310511 -9.66241105
-21.87788871 30.35700877 -8.158384265
-37.28974105 5.656448393 -20.88575637
-34.52620323 15.69444911 -15.34362097
-14.69439162 24.53223116 -15.16175268
-25.91933509 22.04830335 -13.62660086
-18.0407335 27.38510218 -12.09957895
-24.13599017 26.18262611 -11.03526828
-26.57398266 -33.8343237 -3.500062834
-34.50063422 -27.59611025 -10.78178843
-23.20934339 -32.20448966 -8.654890992
-43.99637272 -6.673771518 -24.64209983
-42.17922854 -19.17325666 -18.74466449
-16.10510101 -26.88740514 -16.61733025
-29.64415249 -25.21682228 -15.58485326
-19.54960845 -29.67551319 -13.11155286
-26.5588172 -28.81089924 -12.14301427
-3.746969012 -13.83523308 -24.70163157
-11.98090743 -11.71309048 -26.35678651
-6.301008912 -16.89706776 -23.44579227
-3.741573543 -10.1806661 -26.26823048
-33.03241114 -3.4171073 -25.94414857
-21.92352456 -8.565511636 -27.40877229
-36.13140303 -9.71024096 -26.03941714
-12.24400749 -23.28948622 -19.81122028
-15.49418425 -15.01657598 -25.07011674
-9.203060035 -20.12864218 -21.83547095
-18.15128924 -22.86089199 -19.95019742
-10.73645368 -16.00828428 -24.29992665
-3.787770875 -2.340971142 -28.11382046
-11.97965217 -7.403832213 -27.63929801
-3.780167972 -6.266012632 -27.51003997
-7.798907321 -8.896794932 -27.05857686
-33.11705952 -20.46746839 -19.83655863
-21.98422941 -13.58700099 -25.84401166
-35.62559827 -15.74048313 -23.46940026
-25.14282882 -21.94159347 -19.96312122
-28.46410743 -11.99685091 -26.23913332
-20.20779048 -18.38565515 -23.15606738
-3.627000111 13.39226232 -23.91074496
-10.91401672 10.67004866 -24.00973468
-5.9668533 16.0009811 -22.20241313
-3.632602845 9.88416136 -25.50318675
-30.36300074 3.140964523 -23.84755381
-19.19645242 7.500045719 -23.99938895
-29.77050073 8.000761425 -21.45520024
-26.25752123 0 -25.94836247
-11.20132679 21.30618966 -18.12412746
-13.70513821 13.2826773 -22.17537944
-8.536652091 18.67109577 -20.25433041
-16.06416754 20.23223774 -17.65622869
-9.817868143 14.63865341 -22.22088251
-3.751679912 2.3186657 -27.84594394
-11.12316798 6.874495872 -25.6632288
-3.696419792 6.127191512 -26.90056552
-7.728477785 0 -27.96189531
-7.37475953 8.41293793 -25.58698153
-27.62518154 17.07330114 -16.5470166
-18.73888699 11.58126907 -22.02888284
-28.79149559 12.72096674 -18.96723611
-21.5672995 18.82130771 -17.12419146
-23.65698381 9.970778407 -21.80777155
-17.42134984 15.8504677 -19.96309053
-17.21122643 -5.185141992 -27.84834936
-15.92308642 4.797070352 -25.76409504
-21.72659138 -2.842346576 -27.33005443
-12.24653105 -2.522924144 -27.97965751
-20.55870154 2.689559256 -25.86095639
-11.87063393 2.445485079 -27.12084513
-25.56997135 32.55600407 3.367824368
-30.91873965 24.7310511 9.66241105
-21.87788871 30.35700877 8.158384265
-30.7485891 31.1149396 0
-37.28974105 5.656448393 20.88575637
-34.52620323 15.69444911 15.34362097
-14.69439162 24.53223116 15.16175268
-25.91933509 22.04830335 13.62660086
-18.0407335 27.38510218 12.09957895
-24.13599017 26.18262611 11.03526828
-38.38647934 23.72414894 -7.147258295
-38.38647934 23.72414894 7.147258295
-35.17122761 27.96009398 -3.657834586
-35.17122761 27.96009398 3.657834586
-26.57398266 -33.8343237 3.500062834
-34.50063422 -27.59611025 10.78178843
-23.20934339 -32.20448966 8.654890992
-32.25344075 -32.63772064 0
-43.99637272 -6.673771518 24.64209983
-42.17922854 -19.17325666 18.74466449
-16.10510101 -26.88740514 16.61733025
-29.64415249 -25.21682228 15.58485326
-19.54960845 -29.67551319 13.11155286
-26.5588172 -28.81089924 12.14301427
-43.16378488 -26.67668614 -8.036754733
-43.16378488 -26.67668614 8.036754733
-37.94109478 -30.16205712 -3.945902893
-37.94109478 -30.16205712 3.945902893
-3.746969012 -13.83523308 24.70163157
-11.98090743 -11.71309048 26.35678651
-6.301008912 -16.89706776 23.44579227
-3.741573543 -10.1806661 26.26823048
-33.03241114 -3.4171073 25.94414857
-21.92352456 -8.565511636 27.40877229
-36.13140303 -9.71024096 26.03941714
-12.24400749 -23.28948622 19.81122028
-15.49418425 -15.01657598 25.07011674
-9.203060035 -20.12864218 21.83547095
-18.15128924 -22.86089199 19.95019742
-10.73645368 -16.00828428 24.29992665
-3.787770875 -2.340971142 28.11382046
-11.97965217 -7.403832213 27.63929801
-3.780167972 -6.266012632 27.51003997
-7.798907321 -8.896794932 27.05857686
-33.11705952 -20.46746839 19.83655863
-21.98422941 -13.58700099 25.84401166
-35.62559827 -15.74048313 23.46940026
-25.14282882 -21.94159347 19.96312122
-28.46410743 -11.99685091 26.23913332
-20.20779048 -18.38565515 23.15606738
-3.627000111 13.39226232 23.91074496
-10.91401672 10.67004866 24.00973468
-5.9668533 16.0009811 22.20241313
-3.632602845 9.88416136 25.50318675
-30.36300074 3.140964523 23.84755381
-19.19645242 7.500045719 23.99938895
-29.77050073 8.000761425 21.45520024
-26.25752123 0 25.94836247
-11.20132679 21.30618966 18.12412746
-13.70513821 13.2826773 22.17537944
-8.536652091 18.67109577 20.25433041
-16.06416754 20.23223774 17.65622869
-9.817868143 14.63865341 22.22088251
-3.751679912 2.3186657 27.84594394
-11.12316798 6.874495872 25.6632288
-3.696419792 6.127191512 26.90056552
-7.728477785 0 27.96189531
-7.37475953 8.41293793 25.58698153
-27.62518154 17.07330114 16.5470166
-18.73888699 11.58126907 22.02888284
-28.79149559 12.72096674 18.96723611
-21.5672995 18.82130771 17.12419146
-23.65698381 9.970778407 21.80777155
-17.42134984 15.8504677 19.96309053
-17.21122643 -5.185141992 27.84834936
-15.92308642 4.797070352 25.76409504
-21.72659138 -2.842346576 27.33005443
-12.24653105 -2.522924144 27.97965751
-20.55870154 2.689559256 25.86095639
-11.87063393 2.445485079 27.12084513
-48.02033125 0 -21.16758287
-75.16202511 0 -10.46886393
-45.99461691 6.55134505 -17.82593759
-56.10317993 -7.991180594 -21.74367026
-48.02033125 0 21.16758287
-75.16202511 0 10.46886393
-45.99461691 6.55134505 17.82593759
-56.10317993 -7.991180594 21.74367026
-41.42741532 17.95581153 -11.09730182
-67.34240235 9.073031915 -5.607442104
-43.74368237 12.60794041 -14.38281746
-47.91155888 20.9706067 -4.320182569
-56.81234779 7.806612342 -12.94025343
-49.41714924 -21.4187878 -13.23753886
-84.13875982 -11.33600267 -7.006034949
-54.9804791 -15.84664497 -18.07744917
-55.22191607 -24.17030692 -4.979357066
-71.02025182 -9.758927345 -16.17641398
-41.42741532 17.95581153 11.09730182
-67.34240235 9.073031915 5.607442104
-43.74368237 12.60794041 14.38281746
-47.91155888 20.9706067 4.320182569
-56.81234779 7.806612342 12.94025343
-58.69757295 16.22361015 0
-49.41714924 -21.4187878 13.23753886
-84.13875982 -11.33600267 7.006034949
-54.9804791 -15.84664497 18.07744917
-55.22191607 -24.17030692 4.979357066
-71.02025182 -9.758927345 16.17641398
-70.77921511 -19.56289392 0
-18.96660184 36.0453207 0
-13.61462041 37.76761481 0
-2.747374583 39.64039373 0
-8.215671993 39.00622281 0
19.22240821 36.53147117 0
13.67366261 37.93140071 0
2.745717927 39.61649072 0
8.214532119 39.00081094 0
-19.22240821 -36.53147117 0
-13.67366261 -37.93140071 0
-2.745717927 -39.61649072 0
-8.214532119 -39.00081094 0
18.96660184 -36.0453207 0
13.61462041 -37.76761481 0
2.747374583 -39.64039373 0
8.215671993 -39.00622281 0
-21.00564259 -35.67396091 2.728195008
-18.12706926 -34.10133419 7.719834337
-18.18071407 -36.45109872 2.686781549
-11.87013854 -28.68259688 15.33299049
-14.97106388 -31.58420149 11.90955742
-12.65183406 -37.79035577 2.637678938
-15.41797065 -34.7820916 7.621174407
-15.38708694 -37.1622863 2.6599722
-16.86364716 -35.80641793 5.260308702
-1.150952229 -16.20083858 23.20027541
-3.552638054 -19.24594082 21.83965921
-8.906731611 -25.56807321 18.0518854
-6.129073585 -22.38340514 20.17098734
-1.624067081 -39.25148876 2.627795737
-4.603004841 -36.46901347 7.447818284
-4.350724642 -39.08489424 2.629289953
-9.356520195 -29.04232395 15.13916769
-7.146400177 -32.81703485 11.56311838
-10.8206373 -30.58895935 13.57263867
-9.811209271 -38.34594465 2.640653023
-7.229515796 -36.23383832 7.476709077
-7.09537415 -38.7758813 2.631368809
-11.33099807 -37.04269231 5.181083614
-5.857244816 -37.85404698 5.150253651
-13.8350501 -33.47810827 9.860900403
-8.535110539 -34.36914853 9.698901041
-12.32756454 -32.08415541 11.80622556
-12.6656622 -35.34830146 7.600271516
-9.708886231 -32.49718045 11.69286916
-9.924619107 -35.83681687 7.554694063
20.55820842 -34.91408179 2.670082638
17.43290479 -32.79544551 7.424208241
17.90322614 -35.89475423 2.645773838
11.12759388 -26.88833737 14.37382475
14.15115382 -29.85445103 11.2573148
12.57264981 -37.55383662 2.621170451
14.93664324 -33.69624352 7.383252038
15.22987313 -36.78258968 2.632794581
16.48465894 -35.00171593 5.142090204
1.139159471 -16.03484336 22.96256335
3.445057519 -18.66313768 21.17831343
0 -17.53831985 22.33000596
8.37531629 -24.04256797 16.97482943
5.836283978 -21.31413614 19.20740689
-2.37302977 -20.63465964 20.8805089
2.325541444 -20.22172531 20.46265472
-1.17337508 -19.08032212 21.63549573
1.161347002 -18.88473284 21.41371377
1.623928575 -39.24814126 2.62757163
4.565245896 -36.16985421 7.386723027
4.348714383 -39.06683501 2.628075086
0 -38.11956925 5.135843931
8.88590663 -27.58155527 14.37769895
6.955170732 -31.93888876 11.25370264
10.2874657 -29.08173163 12.90386609
9.778905008 -38.21968728 2.631958443
7.134296278 -35.75660461 7.378233791
7.085109951 -38.71978794 2.627562259
11.19325842 -36.59240124 5.118102347
5.827213831 -37.65996352 5.123847517
-2.948101087 -34.74933194 9.60447913
2.923519108 -34.45958361 9.524394662
-1.53936209 -36.52786266 7.477133721
1.535128661 -36.42740671 7.456570716
13.28883169 -32.15636684 9.47158448
8.329716016 -33.5420667 9.465500297
11.76577324 -30.6220175 11.2681927
12.35084939 -34.46969772 7.411362102
9.35750037 -31.3210363 11.26967861
9.737969944 -35.16284522 7.412615328
-7.661682316 -27.14699243 16.77776401
-2.492444138 -26.93969046 16.64964435
-6.283895817 -25.53075355 17.98174948
-6.62561779 -29.03020858 15.18340997
7.293131326 -25.84113681 15.97070086
2.450873423 -26.49037159 16.37195002
6.009453691 -24.41572642 17.19641667
6.379528539 -27.95196614 14.61946648
-3.656466107 -22.29272412 19.99841291
-1.256528495 -25.25473553 17.74601889
-4.941907852 -23.89759429 19.05563766
-1.208831948 -22.09503985 19.83668694
-3.727484798 -25.42320006 17.87830455
-4.307736485 -32.80364569 11.65829502
-1.343724003 -28.78684818 15.1038026
-5.503324026 -30.92810068 13.47188327
-1.436684917 -32.75407988 11.62302513
-3.941653715 -28.94290375 15.16954025
3.549208847 -21.63879859 19.41178776
1.244926654 -25.02155227 17.58216549
4.75786304 -23.0076084 18.34597424
1.196802242 -21.87516079 19.63928191
3.627867659 -24.74376429 17.40050634
0 -23.56487438 18.73338371
4.235692095 -32.25502378 11.46331682
1.332987777 -28.556844 14.98312465
5.358011911 -30.11146191 13.11616592
1.42852717 -32.56809651 11.55702757
3.851543028 -28.28123605 14.82274731
0 -30.65671877 13.41826497
-20.55820842 34.91408179 2.670082638
-17.43290479 32.79544551 7.424208241
-17.90322614 35.89475423 2.645773838
-11.12759388 26.88833737 14.37382475
-14.15115382 29.85445103 11.2573148
-12.57264981 37.55383662 2.621170451
-14.93664324 33.69624352 7.383252038
-15.22987313 36.78258968 2.632794581
-16.48465894 35.00171593 5.142090204
-1.139159471 16.03484336 22.96256335
-3.445057519 18.66313768 21.17831343
-8.37531629 24.04256797 16.97482943
-5.836283978 21.31413614 19.20740689
-1.623928575 39.24814126 2.62757163
-4.565245896 36.16985421 7.386723027
-4.348714383 39.06683501 2.628075086
-8.88590663 27.58155527 14.37769895
-6.955170732 31.93888876 11.25370264
-10.2874657 29.08173163 12.90386609
-9.778905008 38.21968728 2.631958443
-7.134296278 35.75660461 7.378233791
-7.085109951 38.71978794 2.627562259
-11.19325842 36.59240124 5.118102347
-5.827213831 37.65996352 5.123847517
-13.28883169 32.15636684 9.47158448
-8.329716016 33.5420667 9.465500297
-11.76577324 30.6220175 11.2681927
-12.35084939 34.46969772 7.411362102
-9.35750037 31.3210363 11.26967861
-9.737969944 35.16284522 7.412615328
21.00564259 35.67396091 2.728195008
18.12706926 34.10133419 7.719834337
18.18071407 36.45109872 2.686781549
11.87013854 28.68259688 15.33299049
14.97106388 31.58420149 11.90955742
12.65183406 37.79035577 2.637678938
15.41797065 34.7820916 7.621174407
15.38708694 37.1622863 2.6599722
16.86364716 35.80641793 5.260308702
1.150952229 16.20083858 23.20027541
3.552638054 19.24594082 21.83965921
0 17.53831985 22.33000596
8.906731611 25.56807321 18.0518854
6.129073585 22.38340514 20.17098734
-2.325541444 20.22172531 20.46265472
2.37302977 20.63465964 20.8805089
-1.161347002 18.88473284 21.41371377
1.17337508 19.08032212 21.63549573
1.624067081 39.25148876 2.627795737
4.603004841 36.46901347 7.447818284
4.350724642 39.08489424 2.629289953
0 38.11956925 5.135843931
9.356520195 29.04232395 15.13916769
7.146400177 32.81703485 11.56311838
10.8206373 30.58895935 13.57263867
9.811209271 38.34594465 2.640653023
7.229515796 36.23383832 7.476709077
7.09537415 38.7758813 2.631368809
11.33099807 37.04269231 5.181083614
5.857244816 37.85404698 5.150253651
-2.923519108 34.45958361 9.524394662
2.948101087 34.74933194 9.60447913
-1.535128661 36.42740671 7.456570716
1.53936209 36.52786266 7.477133721
13.8350501 33.47810827 9.860900403
8.535110539 34.36914853 9.698901041
12.32756454 32.08415541 11.80622556
12.6656622 35.34830146 7.600271516
9.708886231 32.49718045 11.69286916
9.924619107 35.83681687 7.554694063
-7.293131326 25.84113681 15.97070086
-2.450873423 26.49037159 16.37195002
-6.009453691 24.41572642 17.19641667
-6.379528539 27.95196614 14.61946648
7.661682316 27.14699243 16.77776401
2.492444138 26.93969046 16.64964435
6.283895817 25.53075355 17.98174948
6.62561779 29.03020858 15.18340997
-3.549208847 21.63879859 19.41178776
-1.244926654 25.02155227 17.58216549
-4.75786304 23.0076084 18.34597424
-1.196802242 21.87516079 19.63928191
-3.627867659 24.74376429 17.40050634
-4.235692095 32.25502378 11.46331682
-1.332987777 28.556844 14.98312465
-5.358011911 30.11146191 13.11616592
-1.42852717 32.56809651 11.55702757
-3.851543028 28.28123605 14.82274731
3.656466107 22.29272412 19.99841291
1.256528495 25.25473553 17.74601889
4.941907852 23.89759429 19.05563766
1.208831948 22.09503985 19.83668694
3.727484798 25.42320006 17.87830455
0 23.56487438 18.73338371
4.307736485 32.80364569 11.65829502
1.343724003 28.78684818 15.1038026
5.503324026 30.92810068 13.47188327
1.436684917 32.75407988 11.62302513
3.941653715 28.94290375 15.16954025
0 30.65671877 13.41826497
0 -12.96398137 24.63756395
0 -9.42645096 26.1494304
0 -1.945181885 28.06598572
0 -5.762390915 27.35857811
0 12.96398137 24.63756395
0 9.42645096 26.1494304
0 1.945181885 28.06598572
0 5.762390915 27.35857811
-21.00564259 -35.67396091 -2.728195008
-18.12706926 -34.10133419 -7.719834337
-18.18071407 -36.45109872 -2.686781549
-11.87013854 -28.68259688 -15.33299049
-14.97106388 -31.58420149 -11.90955742
-12.65183406 -37.79035577 -2.637678938
-15.41797065 -34.7820916 -7.621174407
-15.38708694 -37.1622863 -2.6599722
-16.86364716 -35.80641793 -5.260308702
-1.150952229 -16.20083858 -23.20027541
-3.552638054 -19.24594082 -21.83965921
-8.906731611 -25.56807321 -18.0518854
-6.129073585 -22.38340514 -20.17098734
-1.624067081 -39.25148876 -2.627795737
-4.603004841 -36.46901347 -7.447818284
-4.350724642 -39.08489424 -2.629289953
-9.356520195 -29.04232395 -15.13916769
-7.146400177 -32.81703485 -11.56311838
-10.8206373 -30.58895935 -13.57263867
-9.811209271 -38.34594465 -2.640653023
-7.229515796 -36.23383832 -7.476709077
-7.09537415 -38.7758813 -2.631368809
-11.33099807 -37.04269231 -5.181083614
-5.857244816 -37.85404698 -5.150253651
-13.8350501 -33.47810827 -9.860900403
-8.535110539 -34.36914853 -9.698901041
-12.32756454 -32.08415541 -11.80622556
-12.6656622 -35.34830146 -7.600271516
-9.708886231 -32.49718045 -11.69286916
-9.924619107 -35.83681687 -7.554694063
20.55820842 -34.91408179 -2.670082638
17.43290479 -32.79544551 -7.424208241
17.90322614 -35.89475423 -2.645773838
11.12759388 -26.88833737 -14.37382475
14.15115382 -29.85445103 -11.2573148
12.57264981 -37.55383662 -2.621170451
14.93664324 -33.69624352 -7.383252038
15.22987313 -36.78258968 -2.632794581
16.48465894 -35.00171593 -5.142090204
1.139159471 -16.03484336 -22.96256335
3.445057519 -18.66313768 -21.17831343
0 -17.53831985 -22.33000596
8.37531629 -24.04256797 -16.97482943
5.836283978 -21.31413614 -19.20740689
-2.37302977 -20.63465964 -20.8805089
2.325541444 -20.22172531 -20.46265472
-1.17337508 -19.08032212 -21.63549573
1.161347002 -18.88473284 -21.41371377
1.623928575 -39.24814126 -2.62757163
4.565245896 -36.16985421 -7.386723027
4.348714383 -39.06683501 -2.628075086
0 -38.11956925 -5.135843931
8.88590663 -27.58155527 -14.37769895
6.955170732 -31.93888876 -11.25370264
10.2874657 -29.08173163 -12.90386609
9.778905008 -38.21968728 -2.631958443
7.134296278 -35.75660461 -7.378233791
7.085109951 -38.71978794 -2.627562259
11.19325842 -36.59240124 -5.118102347
5.827213831 -37.65996352 -5.123847517
-2.948101087 -34.74933194 -9.60447913
2.923519108 -34.45958361 -9.524394662
-1.53936209 -36.52786266 -7.477133721
1.535128661 -36.42740671 -7.456570716
13.28883169 -32.15636684 -9.47158448
8.329716016 -33.5420667 -9.465500297
11.76577324 -30.6220175 -11.2681927
12.35084939 -34.46969772 -7.411362102
9.35750037 -31.3210363 -11.26967861
9.737969944 -35.16284522 -7.412615328
-7.661682316 -27.14699243 -16.77776401
-2.492444138 -26.93969046 -16.64964435
-6.283895817 -25.53075355 -17.98174948
-6.62561779 -29.03020858 -15.18340997
7.293131326 -25.84113681 -15.97070086
2.450873423 -26.49037159 -16.37195002
6.009453691 -24.41572642 -17.19641667
6.379528539 -27.95196614 -14.61946648
-3.656466107 -22.29272412 -19.99841291
-1.256528495 -25.25473553 -17.74601889
-4.941907852 -23.89759429 -19.05563766
-1.208831948 -22.09503985 -19.83668694
-3.727484798 -25.42320006 -17.87830455
-4.307736485 -32.80364569 -11.65829502
-1.343724003 -28.78684818 -15.1038026
-5.503324026 -30.92810068 -13.47188327
-1.436684917 -32.75407988 -11.62302513
-3.941653715 -28.94290375 -15.16954025
3.549208847 -21.63879859 -19.41178776
1.244926654 -25.02155227 -17.58216549
4.75786304 -23.0076084 -18.34597424
1.196802242 -21.87516079 -19.63928191
3.627867659 -24.74376429 -17.40050634
0 -23.56487438 -18.73338371
4.235692095 -32.25502378 -11.46331682
1.332987777 -28.556844 -14.98312465
5.358011911 -30.11146191 -13.11616592
1.42852717 -32.56809651 -11.55702757
3.851543028 -28.28123605 -14.82274731
0 -30.65671877 -13.41826497
-20.55820842 34.91408179 -2.670082638
-17.43290479 32.79544551 -7.424208241
-17.90322614 35.89475423 -2.645773838
-11.12759388 26.88833737 -14.37382475
-14.15115382 29.85445103 -11.2573148
-12.57264981 37.55383662 -2.621170451
-14.93664324 33.69624352 -7.383252038
-15.22987313 36.78258968 -2.632794581
-16.48465894 35.00171593 -5.142090204
-1.139159471 16.03484336 -22.96256335
-3.445057519 18.66313768 -21.17831343
-8.37531629 24.04256797 -16.97482943
-5.836283978 21.31413614 -19.20740689
-1.623928575 39.24814126 -2.62757163
-4.565245896 36.16985421 -7.386723027
-4.348714383 39.06683501 -2.628075086
-8.88590663 27.58155527 -14.37769895
-6.955170732 31.93888876 -11.25370264
-10.2874657 29.08173163 -12.90386609
-9.778905008 38.21968728 -2.631958443
-7.134296278 35.75660461 -7.378233791
-7.085109951 38.71978794 -2.627562259
-11.19325842 36.59240124 -5.118102347
-5.827213831 37.65996352 -5.123847517
-13.28883169 32.15636684 -9.47158448
-8.329716016 33.5420667 -9.465500297
-11.76577324 30.6220175 -11.2681927
-12.35084939 34.46969772 -7.411362102
-9.35750037 31.3210363 -11.26967861
-9.737969944 35.16284522 -7.412615328
21.00564259 35.67396091 -2.728195008
18.12706926 34.10133419 -7.719834337
18.18071407 36.45109872 -2.686781549
11.87013854 28.68259688 -15.33299049
14.97106388 31.58420149 -11.90955742
12.65183406 37.79035577 -2.637678938
15.41797065 34.7820916 -7.621174407
15.38708694 37.1622863 -2.6599722
16.86364716 35.80641793 -5.260308702
1.150952229 16.20083858 -23.20027541
3.552638054 19.24594082 -21.83965921
0 17.53831985 -22.33000596
8.906731611 25.56807321 -18.0518854
6.129073585 22.38340514 -20.17098734
-2.325541444 20.22172531 -20.46265472
2.37302977 20.63465964 -20.8805089
-1.161347002 18.88473284 -21.41371377
1.17337508 19.08032212 -21.63549573
1.624067081 39.25148876 -2.627795737
4.603004841 36.46901347 -7.447818284
4.350724642 39.08489424 -2.629289953
0 38.11956925 -5.135843931
9.356520195 29.04232395 -15.13916769
7.146400177 32.81703485 -11.56311838
10.8206373 30.58895935 -13.57263867
9.811209271 38.34594465 -2.640653023
7.229515796 36.23383832 -7.476709077
7.09537415 38.7758813 -2.631368809
11.33099807 37.04269231 -5.181083614
5.857244816 37.85404698 -5.150253651
-2.923519108 34.45958361 -9.524394662
2.948101087 34.74933194 -9.60447913
-1.535128661 36.42740671 -7.456570716
1.53936209 36.52786266 -7.477133721
13.8350501 33.47810827 -9.860900403
8.535110539 34.36914853 -9.698901041
12.32756454 32.08415541 -11.80622556
12.6656622 35.34830146 -7.600271516
9.708886231 32.49718045 -11.69286916
9.924619107 35.83681687 -7.554694063
-7.293131326 25.84113681 -15.97070086
-2.450873423 26.49037159 -16.37195002
-6.009453691 24.41572642 -17.19641667
-6.379528539 27.95196614 -14.61946648
7.661682316 27.14699243 -16.77776401
2.492444138 26.93969046 -16.64964435
6.283895817 25.53075355 -17.98174948
6.62561779 29.03020858 -15.18340997
-3.549208847 21.63879859 -19.41178776
-1.244926654 25.02155227 -17.58216549
-4.75786304 23.0076084 -18.34597424
-1.196802242 21.87516079 -19.63928191
-3.627867659 24.74376429 -17.40050634
-4.235692095 32.25502378 -11.46331682
-1.332987777 28.556844 -14.98312465
-5.358011911 30.11146191 -13.11616592
-1.42852717 32.56809651 -11.55702757
-3.851543028 28.28123605 -14.82274731
3.656466107 22.29272412 -19.99841291
1.256528495 25.25473553 -17.74601889
4.941907852 23.89759429 -19.05563766
1.208831948 22.09503985 -19.83668694
3.727484798 25.42320006 -17.87830455
0 23.56487438 -18.73338371
4.307736485 32.80364569 -11.65829502
1.343724003 28.78684818 -15.1038026
5.503324026 30.92810068 -13.47188327
1.436684917 32.75407988 -11.62302513
3.941653715 28.94290375 -15.16954025
0 30.65671877 -13.41826497
0 -12.96398137 -24.63756395
0 -9.42645096 -26.1494304
0 -1.945181885 -28.06598572
0 -5.762390915 -27.35857811
0 12.96398137 -24.63756395
0 9.42645096 -26.1494304
0 1.945181885 -28.06598572
0 5.762390915 -27.35857811
24.38090527 34.91447151 -1.732086713
28.66188694 32.52456449 -5.290742148
23.03784793 34.52843507 -4.445687395
36.39528987 25.69625002 -12.67843205
32.59800882 29.3759604 -8.926058993
19.80463716 32.61531661 -9.31800895
26.80999764 31.67728814 -7.918707068
21.46244205 33.69888192 -6.998122872
24.97529234 33.17344764 -6.188812318
41.23753491 3.153673828 -24.28160197
45.60598329 10.32424813 -24.24253589
40.23555893 21.50891166 -16.65126978
44.03359429 16.6038904 -20.87213613
13.17596673 27.0588599 -16.72329512
19.17910554 26.62320602 -16.45404621
14.77202557 28.54245313 -15.18210893
33.7438321 24.51571823 -15.15154712
25.89866454 25.79465887 -15.94197591
32.06184445 26.43078532 -13.3175723
18.07203348 31.31412637 -11.52878611
20.99848863 27.99354947 -14.67504299
16.4141996 29.97425638 -13.4415083
21.38246209 30.99296165 -10.99581652
17.81947849 28.312928 -14.96264355
28.6353342 29.9839252 -9.749277121
24.48649264 27.56522543 -14.2996134
30.35559206 28.26298263 -11.50892719
24.9020457 30.54784 -10.40141473
28.10466794 27.05253927 -13.85508092
22.94425441 29.29841768 -12.66300226
23.72920303 -33.98120677 -1.68578799
27.17600947 -30.83843971 -5.016461721
22.28412529 -33.39877819 -4.300239119
31.92569463 -22.54057144 -11.12143223
29.81207332 -26.865392 -8.163207963
18.76527674 -30.90364327 -8.828993692
25.13729833 -29.7009143 -7.424651976
20.5526324 -32.27036005 -6.701466989
23.80712179 -31.62182438 -5.899342702
37.83032824 -2.893104944 -22.27536091
36.67205615 -8.301792438 -19.4935746
33.71737551 -18.02445574 -13.95375461
35.28656438 -13.30561942 -16.72600176
12.17994827 -25.01338387 -15.45912141
17.29105067 -24.00232916 -14.83425523
13.68273 -26.43772025 -14.06257363
29.22699998 -21.23412937 -13.12341367
22.8624589 -22.77064624 -14.07303332
28.35799729 -23.37744915 -11.77910023
16.95198592 -29.37337573 -10.81426836
19.05231291 -25.39905958 -13.31493499
15.28064721 -27.90425658 -12.51324775
19.92601431 -28.88190307 -10.24684606
16.32640337 -25.94061792 -13.70893958
26.34737474 -27.58821349 -8.970311153
22.01454041 -24.78246999 -12.8560436
27.39979946 -25.51095213 -10.38827694
23.05988819 -28.28802835 -9.631958092
25.05990557 -24.12176087 -12.35406944
21.00669724 -26.824275 -11.59365869
1.824869016 -14.05051553 -23.86204277
5.421373181 -12.73001503 -23.94818989
2.965168464 -15.36570031 -23.02965047
1.819671618 -12.31321892 -24.68716887
12.83865006 -9.939127987 -24.01656901
9.048442388 -11.37446206 -23.99651115
5.310443134 -17.97931994 -21.24342217
6.602481873 -14.03301484 -23.11030584
4.132952082 -16.67875533 -22.15356719
4.792373341 -14.69766064 -23.07727748
1.827695703 -8.766685895 -26.18562474
5.426409766 -10.97786535 -24.7654589
1.822961448 -10.54524791 -25.4684674
3.633109458 -11.64712557 -24.7302284
34.02559478 -1.687990054 -23.76019934
27.12944765 -4.413123261 -23.90750417
33.71603622 -4.341087481 -22.49580422
16.95303442 -8.364562715 -24.01169826
21.60914987 -6.56606776 -23.97930989
32.78804308 -9.367355914 -19.90951995
26.92841181 -6.731580178 -22.79079743
33.28442581 -6.912054296 -21.19847958
30.10068759 -5.615560617 -22.66190358
10.48830868 -23.3583887 -16.97043993
11.87078825 -19.28478406 -19.20733887
9.137625152 -21.99868787 -18.13503266
12.90276327 -22.89234657 -16.71844456
14.28029223 -11.25117114 -23.1059982
13.11539755 -15.28752202 -21.22115901
12.29971157 -11.96748453 -23.12352931
6.582642158 -19.33437277 -20.24493176
10.50512247 -17.98885026 -20.25062224
7.829963691 -20.65207119 -19.22838889
7.237914159 -17.3283033 -21.25697796
9.847039722 -19.97446159 -19.22669599
17.97806013 -21.79205362 -16.15633571
14.24541501 -18.7322872 -19.00669562
15.40610051 -22.36803137 -16.44634547
13.59281981 -20.78850124 -17.9024739
8.513427409 -13.34528576 -23.12390387
11.14569007 -15.94834485 -21.26109113
10.37239169 -12.66632463 -23.13019648
7.882260212 -15.32784126 -22.21704846
11.73344908 -13.97373017 -22.20251375
9.189342696 -16.65028659 -21.2614035
1.879959131 -1.16187864 -28.08102382
5.609865296 -3.467087425 -27.46928634
1.871627533 -3.097009525 -27.82209855
12.96980265 -8.015778864 -24.88070795
9.288730354 -5.740751071 -26.36214364
11.02926912 -8.792963829 -24.85691051
1.849388339 -6.8713064 -26.8556839
5.558548241 -5.374772764 -26.9379932
1.859432236 -5.013879992 -27.40061501
3.670135607 -8.026564048 -26.24001351
3.733076902 -4.245527855 -27.43788521
7.305717409 -10.25007476 -24.80317095
7.42634794 -6.535245622 -26.31610059
9.137080188 -9.54055512 -24.83058613
5.493308169 -9.154460532 -25.54897055
9.221167813 -7.65656983 -25.6277523
5.540875493 -7.279060983 -26.28396844
30.16969455 -18.64589666 -14.69074799
25.22270033 -15.58848609 -18.1701945
30.89430806 -16.43309173 -15.98921812
26.80310456 -19.57449911 -15.10697525
16.76065924 -10.35865708 -23.06964315
20.79641459 -12.85289106 -20.88026703
18.9810056 -9.563882097 -23.02489472
16.14667939 -12.46149311 -22.10943603
32.18232596 -11.84842739 -18.57308951
25.73810008 -13.49267 -19.30663357
31.57047226 -14.1573075 -17.28830322
29.29964634 -10.39505481 -20.21422103
28.22556005 -14.91647187 -17.76449119
20.81252148 -21.11740316 -15.82737883
22.27728323 -16.51607842 -18.378366
23.6839571 -20.39595923 -15.48604959
18.73564832 -19.5574459 -17.40595192
24.47130049 -17.99279764 -16.8547383
23.96527526 -7.792312322 -22.88738588
23.31842087 -12.09656 -20.71400949
21.38227052 -8.707042631 -22.9654276
26.55411034 -9.041566092 -21.64642964
21.1056545 -10.80935686 -21.92649665
26.15128113 -11.30278555 -20.4796605
14.90837513 -16.58938445 -20.10877442
20.08583028 -15.05422057 -19.7958419
15.52762139 -14.54548648 -21.11851066
16.76041762 -18.04079959 -18.83211917
18.08866755 -13.73419115 -21.00471086
19.43985859 -17.30130026 -18.62300199
1.855018883 14.28265338 -24.25628334
5.69029959 13.36148553 -25.13613628
3.046173894 15.78547583 -23.65879743
1.84883652 12.51056981 -25.08284402
14.28176294 11.05632361 -26.71612231
9.791770216 12.30887196 -25.96782
5.570359372 18.85930624 -22.28316786
7.011210979 14.90173386 -24.54095795
4.291292927 17.31774852 -23.00231029
5.006209716 15.35347234 -24.10698886
1.853259876 8.889306458 -26.55188584
5.684144483 11.49927401 -25.94172808
1.850734115 10.7059039 -25.85647739
3.749322182 12.01968362 -25.52127729
35.67867492 1.769998402 -24.91455135
30.29360604 4.92783411 -26.69588126
38.13299065 4.909789729 -25.44285711
31.78954315 0 -24.9679815
19.25524564 9.500464979 -27.27247152
24.6844793 7.500524764 -27.3919512
40.85537035 11.67214506 -24.80815366
31.61517804 7.903180749 -26.75743091
40.07923765 8.323107881 -25.52601946
34.89009173 6.509068091 -26.26770211
25.27283265 -2.872208936 -24.97526772
27.06905333 3.07634597 -26.75033951
28.32715276 -1.536289048 -24.98168779
29.45555569 1.597486623 -25.97682521
11.3282423 25.22899498 -18.32948108
13.11937889 21.31319197 -21.22760096
9.826742029 23.65772584 -19.50269186
14.15462421 25.11342387 -18.34051321
16.16001101 12.73216588 -26.14744707
14.75128971 17.19434469 -23.86808812
13.71263629 13.3422448 -25.779836
6.974108165 20.48417698 -21.44888641
11.52300889 19.73186719 -22.21279197
8.364591612 22.06218933 -20.54129838
7.727057306 18.49936179 -22.69353895
10.70115852 21.70701915 -20.89439338
20.28986739 24.59430412 -18.23388657
16.03188352 21.08143893 -21.39025996
17.1519234 24.90278188 -18.31004916
15.11267976 23.1129351 -19.90421111
9.19539447 14.41430824 -24.97624135
12.32448086 17.63507414 -23.50970724
11.38361379 13.90118614 -25.38519865
8.470896565 16.47250337 -23.87618708
13.047985 15.53925196 -24.68993255
9.985550368 18.09294537 -23.10359104
1.884541007 1.164710396 -28.14946349
5.728766334 3.540572308 -28.05149758
1.883415519 3.116515278 -27.9973292
3.787670325 0 -28.11307415
14.27462338 8.822202429 -27.38381957
9.803929805 6.059161843 -27.82432
12.02174277 9.584202558 -27.09367057
1.871878453 6.954867249 -27.18227155
5.730940923 5.541465837 -27.77344747
1.877287642 5.062026334 -27.66373247
3.769613027 8.244120554 -26.95123759
3.796076847 4.317175995 -27.90093091
7.618163703 -2.338400281 -27.56277521
7.768120359 2.384429574 -28.10532349
5.713733033 -1.176320279 -27.91316343
5.756455635 1.185115835 -28.12187513
7.766434073 10.89646991 -26.36732044
7.788753879 6.854165749 -27.60032686
9.842056418 10.27666167 -26.74640307
5.736871341 9.560352461 -26.68176488
9.852221943 8.180550101 -27.38159728
5.756575019 7.562425949 -27.30717128
35.73892553 22.0878707 -17.40261399
30.40979176 18.7942849 -21.90692605
37.39723481 19.89208461 -19.35478028
31.3881003 22.92295432 -17.69120638
19.27864775 11.91485957 -26.53544338
24.78498728 15.31796455 -24.8849219
22.08854284 11.12966424 -26.79449045
18.60577824 14.35934732 -25.4766478
40.27829383 14.82908477 -23.24544092
31.42624225 16.47456163 -23.57341613
38.99013003 17.48454239 -21.35138128
36.3149513 12.88397495 -25.0541745
34.45813133 18.21022313 -21.68712222
23.80406203 24.15276665 -18.10236726
26.43021708 19.59500777 -21.80446323
27.41438908 23.60850256 -17.92523888
21.51260644 22.45620911 -19.98582525
28.93602929 21.27553948 -19.929844
28.23892045 9.181888605 -26.96881476
28.207776 14.63294007 -25.05727738
25.09872071 10.22041279 -26.95704615
32.19929164 10.96372727 -26.24827916
25.10645475 12.85838489 -26.08289621
32.06898409 13.86046244 -25.1139477
16.96462113 18.8774846 -22.8822884
23.73788718 17.79141735 -23.39517237
17.81373269 16.68699935 -24.22776125
19.20896188 20.67639598 -21.58332014
21.16149063 16.06729498 -24.57289851
22.67882211 20.18394883 -21.72586531
15.39359786 -7.029593242 -24.90736455
16.4134307 -2.457083062 -26.55748875
17.5576458 -6.135688693 -24.92860487
13.45033337 -5.869351367 -25.71661992
17.07190282 7.796002844 -27.62291902
17.11638775 2.56231541 -27.69489714
19.50513803 6.81625864 -27.69368311
14.55689158 6.352222591 -27.83232487
22.39734484 -4.095081578 -24.96687271
18.70590025 -1.324494064 -26.62076303
19.89335794 -5.159163056 -24.94817574
23.26368406 -1.417670431 -25.91219128
18.15393591 -3.784951753 -25.81515172
9.613159729 -3.552059612 -27.04912555
14.26206996 -1.268838467 -27.18256147
11.5162569 -4.704441984 -26.43846784
9.802708857 -1.211681451 -27.62436674
13.89144416 -3.609553195 -26.5043452
24.49374135 4.478382135 -27.30377761
19.18108345 1.358139989 -27.29700631
22.007872 5.707543215 -27.59997884
24.01224421 1.463287092 -26.74597296
19.46887899 4.059106964 -27.68501925
21.22274237 0 -26.69625871
9.971010794 3.684285472 -28.0560326
14.53730574 1.293325077 -27.70714265
12.18358765 4.977049554 -27.97049364
9.930390881 1.227463817 -27.98417902
14.64265543 3.804747951 -27.93762763
12.11305272 0 -27.67469949
24.38090527 34.91447151 1.732086713
28.66188694 32.52456449 5.290742148
23.03784793 34.52843507 4.445687395
26.9321423 34.29033699 0
36.39528987 25.69625002 12.67843205
32.59800882 29.3759604 8.926058993
19.80463716 32.61531661 9.31800895
26.80999764 31.67728814 7.918707068
21.46244205 33.69888192 6.998122872
24.97529234 33.17344764 6.188812318
31.80698782 32.18594849 -3.657871286
31.80698782 32.18594849 3.657871286
29.43024231 33.37144298 -1.809860059
29.43024231 33.37144298 1.809860059
41.23753491 3.153673828 24.28160197
45.60598329 10.32424813 24.24253589
40.23555893 21.50891166 16.65126978
44.03359429 16.6038904 20.87213613
13.17596673 27.0588599 16.72329512
19.17910554 26.62320602 16.45404621
14.77202557 28.54245313 15.18210893
33.7438321 24.51571823 15.15154712
25.89866454 25.79465887 15.94197591
32.06184445 26.43078532 13.3175723
18.07203348 31.31412637 11.52878611
20.99848863 27.99354947 14.67504299
16.4141996 29.97425638 13.4415083
21.38246209 30.99296165 10.99581652
17.81947849 28.312928 14.96264355
28.6353342 29.9839252 9.749277121
24.48649264 27.56522543 14.2996134
30.35559206 28.26298263 11.50892719
24.9020457 30.54784 10.40141473
28.10466794 27.05253927 13.85508092
22.94425441 29.29841768 12.66300226
40.81335073 25.22403795 -11.5187319
45.00793467 27.81643339 -4.164107345
38.62789039 27.20628855 -9.507499979
40.81335073 25.22403795 11.5187319
45.00793467 27.81643339 4.164107345
38.62789039 27.20628855 9.507499979
34.20992446 30.6891249 -5.611132522
41.81231184 29.3807106 -2.08033702
36.4240899 29.0441059 -7.53232705
35.14769677 31.55522065 -1.922950086
40.58471928 28.54030845 -5.950428107
34.20992446 30.6891249 5.611132522
41.81231184 29.3807106 2.08033702
36.4240899 29.0441059 7.53232705
35.14769677 31.55522065 1.922950086
40.58471928 28.54030845 5.950428107
38.52971665 30.62999423 0
23.72920303 -33.98120677 1.68578799
27.17600947 -30.83843971 5.016461721
22.28412529 -33.39877819 4.300239119
26.08345101 -33.20977274 0
31.92569463 -22.54057144 11.12143223
29.81207332 -26.865392 8.163207963
18.76527674 -30.90364327 8.828993692
25.13729833 -29.7009143 7.424651976
20.5526324 -32.27036005 6.701466989
23.80712179 -31.62182438 5.899342702
30.11621313 -30.47502927 -3.463428599
30.11621313 -30.47502927 3.463428599
28.24035736 -32.02221257 -1.736686171
28.24035736 -32.02221257 1.736686171
37.83032824 -2.893104944 22.27536091
36.67205615 -8.301792438 19.4935746
33.71737551 -18.02445574 13.95375461
35.28656438 -13.30561942 16.72600176
12.17994827 -25.01338387 15.45912141
17.29105067 -24.00232916 14.83425523
13.68273 -26.43772025 14.06257363
29.22699998 -21.23412937 13.12341367
22.8624589 -22.77064624 14.07303332
28.35799729 -23.37744915 11.77910023
16.95198592 -29.37337573 10.81426836
19.05231291 -25.39905958 13.31493499
15.28064721 -27.90425658 12.51324775
19.92601431 -28.88190307 10.24684606
16.32640337 -25.94061792 13.70893958
26.34737474 -27.58821349 8.970311153
22.01454041 -24.78246999 12.8560436
27.39979946 -25.51095213 10.38827694
23.05988819 -28.28802835 9.631958092
25.05990557 -24.12176087 12.35406944
21.00669724 -26.824275 11.59365869
35.6398516 -22.02663964 -10.05861778
40.6685219 -25.13452881 -3.762627457
34.50327619 -24.30125173 -8.492306838
35.6398516 -22.02663964 10.05861778
40.6685219 -25.13452881 3.762627457
34.50327619 -24.30125173 8.492306838
31.82781798 -28.55217884 -5.220417976
38.49435722 -27.04924745 -1.91525493
33.2374596 -26.50312744 -6.873347191
33.11944523 -29.73427843 -1.811983313
36.89776405 -25.94753853 -5.409856128
31.82781798 -28.55217884 5.220417976
38.49435722 -27.04924745 1.91525493
33.2374596 -26.50312744 6.873347191
33.11944523 -29.73427843 1.811983313
36.89776405 -25.94753853 5.409856128
35.9783028 -28.60169508 0
1.824869016 -14.05051553 23.86204277
5.421373181 -12.73001503 23.94818989
2.965168464 -15.36570031 23.02965047
1.819671618 -12.31321892 24.68716887
12.83865006 -9.939127987 24.01656901
9.048442388 -11.37446206 23.99651115
5.310443134 -17.97931994 21.24342217
6.602481873 -14.03301484 23.11030584
4.132952082 -16.67875533 22.15356719
4.792373341 -14.69766064 23.07727748
1.827695703 -8.766685895 26.18562474
5.426409766 -10.97786535 24.7654589
1.822961448 -10.54524791 25.4684674
3.633109458 -11.64712557 24.7302284
34.02559478 -1.687990054 23.76019934
27.12944765 -4.413123261 23.90750417
33.71603622 -4.341087481 22.49580422
16.95303442 -8.364562715 24.01169826
21.60914987 -6.56606776 23.97930989
32.78804308 -9.367355914 19.90951995
26.92841181 -6.731580178 22.79079743
33.28442581 -6.912054296 21.19847958
30.10068759 -5.615560617 22.66190358
10.48830868 -23.3583887 16.97043993
11.87078825 -19.28478406 19.20733887
9.137625152 -21.99868787 18.13503266
12.90276327 -22.89234657 16.71844456
14.28029223 -11.25117114 23.1059982
13.11539755 -15.28752202 21.22115901
12.29971157 -11.96748453 23.12352931
6.582642158 -19.33437277 20.24493176
10.50512247 -17.98885026 20.25062224
7.829963691 -20.65207119 19.22838889
7.237914159 -17.3283033 21.25697796
9.847039722 -19.97446159 19.22669599
17.97806013 -21.79205362 16.15633571
14.24541501 -18.7322872 19.00669562
15.40610051 -22.36803137 16.44634547
13.59281981 -20.78850124 17.9024739
8.513427409 -13.34528576 23.12390387
11.14569007 -15.94834485 21.26109113
10.37239169 -12.66632463 23.13019648
7.882260212 -15.32784126 22.21704846
11.73344908 -13.97373017 22.20251375
9.189342696 -16.65028659 21.2614035
1.879959131 -1.16187864 28.08102382
5.609865296 -3.467087425 27.46928634
1.871627533 -3.097009525 27.82209855
12.96980265 -8.015778864 24.88070795
9.288730354 -5.740751071 26.36214364
11.02926912 -8.792963829 24.85691051
1.849388339 -6.8713064 26.8556839
5.558548241 -5.374772764 26.9379932
1.859432236 -5.013879992 27.40061501
3.670135607 -8.026564048 26.24001351
3.733076902 -4.245527855 27.43788521
7.305717409 -10.25007476 24.80317095
7.42634794 -6.535245622 26.31610059
9.137080188 -9.54055512 24.83058613
5.493308169 -9.154460532 25.54897055
9.221167813 -7.65656983 25.6277523
5.540875493 -7.279060983 26.28396844
30.16969455 -18.64589666 14.69074799
25.22270033 -15.58848609 18.1701945
30.89430806 -16.43309173 15.98921812
26.80310456 -19.57449911 15.10697525
16.76065924 -10.35865708 23.06964315
20.79641459 -12.85289106 20.88026703
18.9810056 -9.563882097 23.02489472
16.14667939 -12.46149311 22.10943603
32.18232596 -11.84842739 18.57308951
25.73810008 -13.49267 19.30663357
31.57047226 -14.1573075 17.28830322
29.29964634 -10.39505481 20.21422103
28.22556005 -14.91647187 17.76449119
20.81252148 -21.11740316 15.82737883
22.27728323 -16.51607842 18.378366
23.6839571 -20.39595923 15.48604959
18.73564832 -19.5574459 17.40595192
24.47130049 -17.99279764 16.8547383
23.96527526 -7.792312322 22.88738588
23.31842087 -12.09656 20.71400949
21.38227052 -8.707042631 22.9654276
26.55411034 -9.041566092 21.64642964
21.1056545 -10.80935686 21.92649665
26.15128113 -11.30278555 20.4796605
14.90837513 -16.58938445 20.10877442
20.08583028 -15.05422057 19.7958419
15.52762139 -14.54548648 21.11851066
16.76041762 -18.04079959 18.83211917
18.08866755 -13.73419115 21.00471086
19.43985859 -17.30130026 18.62300199
1.855018883 14.28265338 24.25628334
5.69029959 13.36148553 25.13613628
3.046173894 15.78547583 23.65879743
1.84883652 12.51056981 25.08284402
14.28176294 11.05632361 26.71612231
9.791770216 12.30887196 25.96782
5.570359372 18.85930624 22.28316786
7.011210979 14.90173386 24.54095795
4.291292927 17.31774852 23.00231029
5.006209716 15.35347234 24.10698886
1.853259876 8.889306458 26.55188584
5.684144483 11.49927401 25.94172808
1.850734115 10.7059039 25.85647739
3.749322182 12.01968362 25.52127729
35.67867492 1.769998402 24.91455135
30.29360604 4.92783411 26.69588126
38.13299065 4.909789729 25.44285711
31.78954315 0 24.9679815
19.25524564 9.500464979 27.27247152
24.6844793 7.500524764 27.3919512
40.85537035 11.67214506 24.80815366
31.61517804 7.903180749 26.75743091
40.07923765 8.323107881 25.52601946
34.89009173 6.509068091 26.26770211
25.27283265 -2.872208936 24.97526772
27.06905333 3.07634597 26.75033951
28.32715276 -1.536289048 24.98168779
29.45555569 1.597486623 25.97682521
11.3282423 25.22899498 18.32948108
13.11937889 21.31319197 21.22760096
9.826742029 23.65772584 19.50269186
14.15462421 25.11342387 18.34051321
16.16001101 12.73216588 26.14744707
14.75128971 17.19434469 23.86808812
13.71263629 13.3422448 25.779836
6.974108165 20.48417698 21.44888641
11.52300889 19.73186719 22.21279197
8.364591612 22.06218933 20.54129838
7.727057306 18.49936179 22.69353895
10.70115852 21.70701915 20.89439338
20.28986739 24.59430412 18.23388657
16.03188352 21.08143893 21.39025996
17.1519234 24.90278188 18.31004916
15.11267976 23.1129351 19.90421111
9.19539447 14.41430824 24.97624135
12.32448086 17.63507414 23.50970724
11.38361379 13.90118614 25.38519865
8.470896565 16.47250337 23.87618708
13.047985 15.53925196 24.68993255
9.985550368 18.09294537 23.10359104
1.884541007 1.164710396 28.14946349
5.728766334 3.540572308 28.05149758
1.883415519 3.116515278 27.9973292
3.787670325 0 28.11307415
14.27462338 8.822202429 27.38381957
9.803929805 6.059161843 27.82432
12.02174277 9.584202558 27.09367057
1.871878453 6.954867249 27.18227155
5.730940923 5.541465837 27.77344747
1.877287642 5.062026334 27.66373247
3.769613027 8.244120554 26.95123759
3.796076847 4.317175995 27.90093091
7.618163703 -2.338400281 27.56277521
7.768120359 2.384429574 28.10532349
5.713733033 -1.176320279 27.91316343
5.756455635 1.185115835 28.12187513
7.766434073 10.89646991 26.36732044
7.788753879 6.854165749 27.60032686
9.842056418 10.27666167 26.74640307
5.736871341 9.560352461 26.68176488
9.852221943 8.180550101 27.38159728
5.756575019 7.562425949 27.30717128
35.73892553 22.0878707 17.40261399
30.40979176 18.7942849 21.90692605
37.39723481 19.89208461 19.35478028
31.3881003 22.92295432 17.69120638
19.27864775 11.91485957 26.53544338
24.78498728 15.31796455 24.8849219
22.08854284 11.12966424 26.79449045
18.60577824 14.35934732 25.4766478
40.27829383 14.82908477 23.24544092
31.42624225 16.47456163 23.57341613
38.99013003 17.48454239 21.35138128
36.3149513 12.88397495 25.0541745
34.45813133 18.21022313 21.68712222
23.80406203 24.15276665 18.10236726
26.43021708 19.59500777 21.80446323
27.41438908 23.60850256 17.92523888
21.51260644 22.45620911 19.98582525
28.93602929 21.27553948 19.929844
28.23892045 9.181888605 26.96881476
28.207776 14.63294007 25.05727738
25.09872071 10.22041279 26.95704615
32.19929164 10.96372727 26.24827916
25.10645475 12.85838489 26.08289621
32.06898409 13.86046244 25.1139477
16.96462113 18.8774846 22.8822884
23.73788718 17.79141735 23.39517237
17.81373269 16.68699935 24.22776125
19.20896188 20.67639598 21.58332014
21.16149063 16.06729498 24.57289851
22.67882211 20.18394883 21.72586531
15.39359786 -7.029593242 24.90736455
16.4134307 -2.457083062 26.55748875
17.5576458 -6.135688693 24.92860487
13.45033337 -5.869351367 25.71661992
17.07190282 7.796002844 27.62291902
17.11638775 2.56231541 27.69489714
19.50513803 6.81625864 27.69368311
14.55689158 6.352222591 27.83232487
22.39734484 -4.095081578 24.96687271
18.70590025 -1.324494064 26.62076303
19.89335794 -5.159163056 24.94817574
23.26368406 -1.417670431 25.91219128
18.15393591 -3.784951753 25.81515172
9.613159729 -3.552059612 27.04912555
14.26206996 -1.268838467 27.18256147
11.5162569 -4.704441984 26.43846784
9.802708857 -1.211681451 27.62436674
13.89144416 -3.609553195 26.5043452
24.49374135 4.478382135 27.30377761
19.18108345 1.358139989 27.29700631
22.007872 5.707543215 27.59997884
24.01224421 1.463287092 26.74597296
19.46887899 4.059106964 27.68501925
21.22274237 0 26.69625871
9.971010794 3.684285472 28.0560326
14.53730574 1.293325077 27.70714265
12.18358765 4.977049554 27.97049364
9.930390881 1.227463817 27.98417902
14.64265543 3.804747951 27.93762763
12.11305272 0 27.67469949
42.8277306 0 -22.53542203
53.89689645 0 -19.42896819
46.46212562 3.424686393 -23.17391384
42.1849672 -3.109420442 -21.04059558
81.36772853 0 -5.639389729
67.75734844 0 -14.27136774
51.11798407 11.20056483 -22.65923473
59.24037024 4.134840058 -19.83308488
49.71548514 7.303685043 -23.41436112
52.46911208 3.755591847 -21.72489558
40.58227889 -8.89206517 -17.98903849
52.53282581 -3.666669057 -17.58746593
41.41296004 -6.0839639 -19.50414441
47.09232449 -3.370736476 -19.49863056
42.8277306 0 22.53542203
53.89689645 0 19.42896819
46.46212562 3.424686393 23.17391384
42.1849672 -3.109420442 21.04059558
81.36772853 0 5.639389729
67.75734844 0 14.27136774
51.11798407 11.20056483 22.65923473
59.24037024 4.134840058 19.83308488
49.71548514 7.303685043 23.41436112
52.46911208 3.755591847 21.72489558
40.58227889 -8.89206517 17.98903849
52.53282581 -3.666669057 17.58746593
41.41296004 -6.0839639 19.50414441
47.09232449 -3.370736476 19.49863056
43.46391607 22.65684782 -14.00270203
56.41047234 19.87629207 -12.28422407
45.75685839 20.30279286 -16.18617891
46.26823727 24.19926171 -10.55988472
88.30757476 5.91198642 -3.653808549
74.43183339 15.20070649 -9.394553263
83.08642647 5.589328322 -9.248743538
50.17773751 14.77973809 -20.73628255
59.85790428 16.89177402 -14.86489633
48.0914819 17.6965507 -18.47799449
56.98670075 12.25276408 -20.41892458
52.2388334 18.79614894 -15.60691984
50.46854017 26.47969182 -2.355790687
59.97736482 21.31573485 -7.876157579
48.81821736 25.58657969 -6.6484175
52.62880841 22.92443274 -9.364732378
67.20017019 4.627668823 -17.19386336
69.0993276 14.25837267 -13.78696554
75.3346984 5.112285497 -13.78506055
63.36339352 8.862504841 -19.38224369
78.20913681 10.64078809 -12.10148181
63.05392846 13.29228376 -17.462104
36.88507986 -19.22743547 -11.88320863
46.61063096 -16.42330717 -10.15016204
37.86595307 -16.80151629 -13.39482457
39.99444423 -20.91793593 -9.128005416
75.87571618 -5.079702448 -3.139428766
59.48101245 -12.14740214 -7.507507395
71.44982347 -4.806519414 -7.953418159
39.70747733 -11.69574684 -16.40937814
48.08566262 -13.56967231 -11.94142024
38.8067346 -14.27997889 -14.9105538
44.90390327 -9.654830442 -16.08953321
42.62171879 -15.33579757 -12.73370221
44.98448782 -23.60233464 -2.099803899
50.41587709 -17.91761728 -6.620554165
42.95928644 -22.51579974 -5.850505963
44.92815929 -19.57012893 -7.994484403
58.78885775 -4.048432666 -15.04174148
54.73579163 -11.29451389 -10.9210972
65.20657527 -4.424981265 -11.9317739
51.17412165 -7.157616971 -15.65366439
62.37836814 -8.486923958 -9.651950122
49.67582822 -10.47207083 -13.75718373
43.46391607 22.65684782 14.00270203
56.41047234 19.87629207 12.28422407
45.75685839 20.30279286 16.18617891
46.26823727 24.19926171 10.55988472
88.30757476 5.91198642 3.653808549
74.43183339 15.20070649 9.394553263
83.08642647 5.589328322 9.248743538
87.07048779 11.73099395 0
50.17773751 14.77973809 20.73628255
59.85790428 16.89177402 14.86489633
48.0914819 17.6965507 18.47799449
56.98670075 12.25276408 20.41892458
52.2388334 18.79614894 15.60691984
50.46854017 26.47969182 2.355790687
59.97736482 21.31573485 7.876157579
48.81821736 25.58657969 6.6484175
56.40809629 24.68949101 0
52.62880841 22.92443274 9.364732378
67.20017019 4.627668823 17.19386336
69.0993276 14.25837267 13.78696554
75.3346984 5.112285497 13.78506055
63.36339352 8.862504841 19.38224369
78.20913681 10.64078809 12.10148181
63.05392846 13.29228376 17.462104
68.96900839 19.06256508 -5.851266695
68.96900839 19.06256508 5.851266695
78.49673091 16.06802344 -3.308019767
62.66961794 22.23877291 -2.748863506
78.49673091 16.06802344 3.308019767
62.66961794 22.23877291 2.748863506
36.88507986 -19.22743547 11.88320863
46.61063096 -16.42330717 10.15016204
37.86595307 -16.80151629 13.39482457
39.99444423 -20.91793593 9.128005416
75.87571618 -5.079702448 3.139428766
59.48101245 -12.14740214 7.507507395
71.44982347 -4.806519414 7.953418159
69.97671509 -9.427952481 0
39.70747733 -11.69574684 16.40937814
48.08566262 -13.56967231 11.94142024
38.8067346 -14.27997889 14.9105538
44.90390327 -9.654830442 16.08953321
42.62171879 -15.33579757 12.73370221
44.98448782 -23.60233464 2.099803899
50.41587709 -17.91761728 6.620554165
42.95928644 -22.51579974 5.850505963
49.30874511 -21.58214687 0
44.92815929 -19.57012893 7.994484403
58.78885775 -4.048432666 15.04174148
54.73579163 -11.29451389 10.9210972
65.20657527 -4.424981265 11.9317739
51.17412165 -7.157616971 15.65366439
62.37836814 -8.486923958 9.651950122
49.67582822 -10.47207083 13.75718373
56.82145479 -15.70506384 -4.820679515
56.82145479 -15.70506384 4.820679515
63.36884837 -12.97139549 -2.670498511
53.32400102 -18.9224123 -2.33893879
63.36884837 -12.97139549 2.670498511
53.32400102 -18.9224123 2.33893879
-23.72920303 33.98120677 -1.68578799
-27.17600947 30.83843971 -5.016461721
-22.28412529 33.39877819 -4.300239119
-31.92569463 22.54057144 -11.12143223
-29.81207332 26.865392 -8.163207963
-18.76527674 30.90364327 -8.828993692
-25.13729833 29.7009143 -7.424651976
-20.5526324 32.27036005 -6.701466989
-23.80712179 31.62182438 -5.899342702
-37.83032824 2.893104944 -22.27536091
-36.67205615 8.301792438 -19.4935746
-33.71737551 18.02445574 -13.95375461
-35.28656438 13.30561942 -16.72600176
-12.17994827 25.01338387 -15.45912141
-17.29105067 24.00232916 -14.83425523
-13.68273 26.43772025 -14.06257363
-29.22699998 21.23412937 -13.12341367
-22.8624589 22.77064624 -14.07303332
-28.35799729 23.37744915 -11.77910023
-16.95198592 29.37337573 -10.81426836
-19.05231291 25.39905958 -13.31493499
-15.28064721 27.90425658 -12.51324775
-19.92601431 28.88190307 -10.24684606
-16.32640337 25.94061792 -13.70893958
-26.34737474 27.58821349 -8.970311153
-22.01454041 24.78246999 -12.8560436
-27.39979946 25.51095213 -10.38827694
-23.05988819 28.28802835 -9.631958092
-25.05990557 24.12176087 -12.35406944
-21.00669724 26.824275 -11.59365869
-24.38090527 -34.91447151 -1.732086713
-28.66188694 -32.52456449 -5.290742148
-23.03784793 -34.52843507 -4.445687395
-36.39528987 -25.69625002 -12.67843205
-32.59800882 -29.3759604 -8.926058993
-19.80463716 -32.61531661 -9.31800895
-26.80999764 -31.67728814 -7.918707068
-21.46244205 -33.69888192 -6.998122872
-24.97529234 -33.17344764 -6.188812318
-41.23753491 -3.153673828 -24.28160197
-45.60598329 -10.32424813 -24.24253589
-40.23555893 -21.50891166 -16.65126978
-44.03359429 -16.6038904 -20.87213613
-13.17596673 -27.0588599 -16.72329512
-19.17910554 -26.62320602 -16.45404621
-14.77202557 -28.54245313 -15.18210893
-33.7438321 -24.51571823 -15.15154712
-25.89866454 -25.79465887 -15.94197591
-32.06184445 -26.43078532 -13.3175723
-18.07203348 -31.31412637 -11.52878611
-20.99848863 -27.99354947 -14.67504299
-16.4141996 -29.97425638 -13.4415083
-21.38246209 -30.99296165 -10.99581652
-17.81947849 -28.312928 -14.96264355
-28.6353342 -29.9839252 -9.749277121
-24.48649264 -27.56522543 -14.2996134
-30.35559206 -28.26298263 -11.50892719
-24.9020457 -30.54784 -10.40141473
-28.10466794 -27.05253927 -13.85508092
-22.94425441 -29.29841768 -12.66300226
-1.855018883 -14.28265338 -24.25628334
-5.69029959 -13.36148553 -25.13613628
-3.046173894 -15.78547583 -23.65879743
-1.84883652 -12.51056981 -25.08284402
-14.28176294 -11.05632361 -26.71612231
-9.791770216 -12.30887196 -25.96782
-5.570359372 -18.85930624 -22.28316786
-7.011210979 -14.90173386 -24.54095795
-4.291292927 -17.31774852 -23.00231029
-5.006209716 -15.35347234 -24.10698886
-1.853259876 -8.889306458 -26.55188584
-5.684144483 -11.49927401 -25.94172808
-1.850734115 -10.7059039 -25.85647739
-3.749322182 -12.01968362 -25.52127729
-35.67867492 -1.769998402 -24.91455135
-30.29360604 -4.92783411 -26.69588126
-38.13299065 -4.909789729 -25.44285711
-19.25524564 -9.500464979 -27.27247152
-24.6844793 -7.500524764 -27.3919512
-40.85537035 -11.67214506 -24.80815366
-31.61517804 -7.903180749 -26.75743091
-40.07923765 -8.323107881 -25.52601946
-34.89009173 -6.509068091 -26.26770211
-11.3282423 -25.22899498 -18.32948108
-13.11937889 -21.31319197 -21.22760096
-9.826742029 -23.65772584 -19.50269186
-14.15462421 -25.11342387 -18.34051321
-16.16001101 -12.73216588 -26.14744707
-14.75128971 -17.19434469 -23.86808812
-13.71263629 -13.3422448 -25.779836
-6.974108165 -20.48417698 -21.44888641
-11.52300889 -19.73186719 -22.21279197
-8.364591612 -22.06218933 -20.54129838
-7.727057306 -18.49936179 -22.69353895
-10.70115852 -21.70701915 -20.89439338
-20.28986739 -24.59430412 -18.23388657
-16.03188352 -21.08143893 -21.39025996
-17.1519234 -24.90278188 -18.31004916
-15.11267976 -23.1129351 -19.90421111
-9.19539447 -14.41430824 -24.97624135
-12.32448086 -17.63507414 -23.50970724
-11.38361379 -13.90118614 -25.38519865
-8.470896565 -16.47250337 -23.87618708
-13.047985 -15.53925196 -24.68993255
-9.985550368 -18.09294537 -23.10359104
-1.884541007 -1.164710396 -28.14946349
-5.728766334 -3.540572308 -28.05149758
-1.883415519 -3.116515278 -27.9973292
-14.27462338 -8.822202429 -27.38381957
-9.803929805 -6.059161843 -27.82432
-12.02174277 -9.584202558 -27.09367057
-1.871878453 -6.954867249 -27.18227155
-5.730940923 -5.541465837 -27.77344747
-1.877287642 -5.062026334 -27.66373247
-3.769613027 -8.244120554 -26.95123759
-3.796076847 -4.317175995 -27.90093091
-7.766434073 -10.89646991 -26.36732044
-7.788753879 -6.854165749 -27.60032686
-9.842056418 -10.27666167 -26.74640307
-5.736871341 -9.560352461 -26.68176488
-9.852221943 -8.180550101 -27.38159728
-5.756575019 -7.562425949 -27.30717128
-35.73892553 -22.0878707 -17.40261399
-30.40979176 -18.7942849 -21.90692605
-37.39723481 -19.89208461 -19.35478028
-31.3881003 -22.92295432 -17.69120638
-19.27864775 -11.91485957 -26.53544338
-24.78498728 -15.31796455 -24.8849219
-22.08854284 -11.12966424 -26.79449045
-18.60577824 -14.35934732 -25.4766478
-40.27829383 -14.82908477 -23.24544092
-31.42624225 -16.47456163 -23.57341613
-38.99013003 -17.48454239 -21.35138128
-36.3149513 -12.88397495 -25.0541745
-34.45813133 -18.21022313 -21.68712222
-23.80406203 -24.15276665 -18.10236726
-26.43021708 -19.59500777 -21.80446323
-27.41438908 -23.60850256 -17.92523888
-21.51260644 -22.45620911 -19.98582525
-28.93602929 -21.27553948 -19.929844
-28.23892045 -9.181888605 -26.96881476
-28.207776 -14.63294007 -25.05727738
-25.09872071 -10.22041279 -26.95704615
-32.19929164 -10.96372727 -26.24827916
-25.10645475 -12.85838489 -26.08289621
-32.06898409 -13.86046244 -25.1139477
-16.96462113 -18.8774846 -22.8822884
-23.73788718 -17.79141735 -23.39517237
-17.81373269 -16.68699935 -24.22776125
-19.20896188 -20.67639598 -21.58332014
-21.16149063 -16.06729498 -24.57289851
-22.67882211 -20.18394883 -21.72586531
-1.824869016 14.05051553 -23.86204277
-5.421373181 12.73001503 -23.94818989
-2.965168464 15.36570031 -23.02965047
-1.819671618 12.31321892 -24.68716887
-12.83865006 9.939127987 -24.01656901
-9.048442388 11.37446206 -23.99651115
-5.310443134 17.97931994 -21.24342217
-6.602481873 14.03301484 -23.11030584
-4.132952082 16.67875533 -22.15356719
-4.792373341 14.69766064 -23.07727748
-1.827695703 8.766685895 -26.18562474
-5.426409766 10.97786535 -24.7654589
-1.822961448 10.54524791 -25.4684674
-3.633109458 11.64712557 -24.7302284
-34.02559478 1.687990054 -23.76019934
-27.12944765 4.413123261 -23.90750417
-33.71603622 4.341087481 -22.49580422
-31.78954315 0 -24.9679815
-16.95303442 8.364562715 -24.01169826
-21.60914987 6.56606776 -23.97930989
-32.78804308 9.367355914 -19.90951995
-26.92841181 6.731580178 -22.79079743
-33.28442581 6.912054296 -21.19847958
-30.10068759 5.615560617 -22.66190358
-27.06905333 -3.07634597 -26.75033951
-25.27283265 2.872208936 -24.97526772
-29.45555569 -1.597486623 -25.97682521
-28.32715276 1.536289048 -24.98168779
-10.48830868 23.3583887 -16.97043993
-11.87078825 19.28478406 -19.20733887
-9.137625152 21.99868787 -18.13503266
-12.90276327 22.89234657 -16.71844456
-14.28029223 11.25117114 -23.1059982
-13.11539755 15.28752202 -21.22115901
-12.29971157 11.96748453 -23.12352931
-6.582642158 19.33437277 -20.24493176
-10.50512247 17.98885026 -20.25062224
-7.829963691 20.65207119 -19.22838889
-7.237914159 17.3283033 -21.25697796
-9.847039722 19.97446159 -19.22669599
-17.97806013 21.79205362 -16.15633571
-14.24541501 18.7322872 -19.00669562
-15.40610051 22.36803137 -16.44634547
-13.59281981 20.78850124 -17.9024739
-8.513427409 13.34528576 -23.12390387
-11.14569007 15.94834485 -21.26109113
-10.37239169 12.66632463 -23.13019648
-7.882260212 15.32784126 -22.21704846
-11.73344908 13.97373017 -22.20251375
-9.189342696 16.65028659 -21.2614035
-1.879959131 1.16187864 -28.08102382
-5.609865296 3.467087425 -27.46928634
-1.871627533 3.097009525 -27.82209855
-3.787670325 0 -28.11307415
-12.96980265 8.015778864 -24.88070795
-9.288730354 5.740751071 -26.36214364
-11.02926912 8.792963829 -24.85691051
-1.849388339 6.8713064 -26.8556839
-5.558548241 5.374772764 -26.9379932
-1.859432236 5.013879992 -27.40061501
-3.670135607 8.026564048 -26.24001351
-3.733076902 4.245527855 -27.43788521
-7.768120359 -2.384429574 -28.10532349
-7.618163703 2.338400281 -27.56277521
-5.756455635 -1.185115835 -28.12187513
-5.713733033 1.176320279 -27.91316343
-7.305717409 10.25007476 -24.80317095
-7.42634794 6.535245622 -26.31610059
-9.137080188 9.54055512 -24.83058613
-5.493308169 9.154460532 -25.54897055
-9.221167813 7.65656983 -25.6277523
-5.540875493 7.279060983 -26.28396844
-30.16969455 18.64589666 -14.69074799
-25.22270033 15.58848609 -18.1701945
-30.89430806 16.43309173 -15.98921812
-26.80310456 19.57449911 -15.10697525
-16.76065924 10.35865708 -23.06964315
-20.79641459 12.85289106 -20.88026703
-18.9810056 9.563882097 -23.02489472
-16.14667939 12.46149311 -22.10943603
-32.18232596 11.84842739 -18.57308951
-25.73810008 13.49267 -19.30663357
-31.57047226 14.1573075 -17.28830322
-29.29964634 10.39505481 -20.21422103
-28.22556005 14.91647187 -17.76449119
-20.81252148 21.11740316 -15.82737883
-22.27728323 16.51607842 -18.378366
-23.6839571 20.39595923 -15.48604959
-18.73564832 19.5574459 -17.40595192
-24.47130049 17.99279764 -16.8547383
-23.96527526 7.792312322 -22.88738588
-23.31842087 12.09656 -20.71400949
-21.38227052 8.707042631 -22.9654276
-26.55411034 9.041566092 -21.64642964
-21.1056545 10.80935686 -21.92649665
-26.15128113 11.30278555 -20.4796605
-14.90837513 16.58938445 -20.10877442
-20.08583028 15.05422057 -19.7958419
-15.52762139 14.54548648 -21.11851066
-16.76041762 18.04079959 -18.83211917
-18.08866755 13.73419115 -21.00471086
-19.43985859 17.30130026 -18.62300199
-17.07190282 -7.796002844 -27.62291902
-17.11638775 -2.56231541 -27.69489714
-19.50513803 -6.81625864 -27.69368311
-14.55689158 -6.352222591 -27.83232487
-15.39359786 7.029593242 -24.90736455
-16.4134307 2.457083062 -26.55748875
-17.5576458 6.135688693 -24.92860487
-13.45033337 5.869351367 -25.71661992
-24.49374135 -4.478382135 -27.30377761
-19.18108345 -1.358139989 -27.29700631
-22.007872 -5.707543215 -27.59997884
-24.01224421 -1.463287092 -26.74597296
-19.46887899 -4.059106964 -27.68501925
-9.971010794 -3.684285472 -28.0560326
-14.53730574 -1.293325077 -27.70714265
-12.18358765 -4.977049554 -27.97049364
-9.930390881 -1.227463817 -27.98417902
-14.64265543 -3.804747951 -27.93762763
-22.39734484 4.095081578 -24.96687271
-18.70590025 1.324494064 -26.62076303
-19.89335794 5.159163056 -24.94817574
-23.26368406 1.417670431 -25.91219128
-18.15393591 3.784951753 -25.81515172
-21.22274237 0 -26.69625871
-9.613159729 3.552059612 -27.04912555
-14.26206996 1.268838467 -27.18256147
-11.5162569 4.704441984 -26.43846784
-9.802708857 1.211681451 -27.62436674
-13.89144416 3.609553195 -26.5043452
-12.11305272 0 -27.67469949
-23.72920303 33.98120677 1.68578799
-27.17600947 30.83843971 5.016461721
-22.28412529 33.39877819 4.300239119
-26.08345101 33.20977274 0
-31.92569463 22.54057144 11.12143223
-29.81207332 26.865392 8.163207963
-18.76527674 30.90364327 8.828993692
-25.13729833 29.7009143 7.424651976
-20.5526324 32.27036005 6.701466989
-23.80712179 31.62182438 5.899342702
-30.11621313 30.47502927 -3.463428599
-30.11621313 30.47502927 3.463428599
-28.24035736 32.02221257 -1.736686171
-28.24035736 32.02221257 1.736686171
-37.83032824 2.893104944 22.27536091
-36.67205615 8.301792438 19.4935746
-33.71737551 18.02445574 13.95375461
-35.28656438 13.30561942 16.72600176
-12.17994827 25.01338387 15.45912141
-17.29105067 24.00232916 14.83425523
-13.68273 26.43772025 14.06257363
-29.22699998 21.23412937 13.12341367
-22.8624589 22.77064624 14.07303332
-28.35799729 23.37744915 11.77910023
-16.95198592 29.37337573 10.81426836
-19.05231291 25.39905958 13.31493499
-15.28064721 27.90425658 12.51324775
-19.92601431 28.88190307 10.24684606
-16.32640337 25.94061792 13.70893958
-26.34737474 27.58821349 8.970311153
-22.01454041 24.78246999 12.8560436
-27.39979946 25.51095213 10.38827694
-23.05988819 28.28802835 9.631958092
-25.05990557 24.12176087 12.35406944
-21.00669724 26.824275 11.59365869
-35.6398516 22.02663964 -10.05861778
-40.6685219 25.13452881 -3.762627457
-34.50327619 24.30125173 -8.492306838
-35.6398516 22.02663964 10.05861778
-40.6685219 25.13452881 3.762627457
-34.50327619 24.30125173 8.492306838
-31.82781798 28.55217884 -5.220417976
-38.49435722 27.04924745 -1.91525493
-33.2374596 26.50312744 -6.873347191
-33.11944523 29.73427843 -1.811983313
-36.89776405 25.94753853 -5.409856128
-31.82781798 28.55217884 5.220417976
-38.49435722 27.04924745 1.91525493
-33.2374596 26.50312744 6.873347191
-33.11944523 29.73427843 1.811983313
-36.89776405 25.94753853 5.409856128
-35.9783028 28.60169508 0
-24.38090527 -34.91447151 1.732086713
-28.66188694 -32.52456449 5.290742148
-23.03784793 -34.52843507 4.445687395
-26.9321423 -34.29033699 0
-36.39528987 -25.69625002 12.67843205
-32.59800882 -29.3759604 8.926058993
-19.80463716 -32.61531661 9.31800895
-26.80999764 -31.67728814 7.918707068
-21.46244205 -33.69888192 6.998122872
-24.97529234 -33.17344764 6.188812318
-31.80698782 -32.18594849 -3.657871286
-31.80698782 -32.18594849 3.657871286
-29.43024231 -33.37144298 -1.809860059
-29.43024231 -33.37144298 1.809860059
-41.23753491 -3.153673828 24.28160197
-45.60598329 -10.32424813 24.24253589
-40.23555893 -21.50891166 16.65126978
-44.03359429 -16.6038904 20.87213613
-13.17596673 -27.0588599 16.72329512
-19.17910554 -26.62320602 16.45404621
-14.77202557 -28.54245313 15.18210893
-33.7438321 -24.51571823 15.15154712
-25.89866454 -25.79465887 15.94197591
-32.06184445 -26.43078532 13.3175723
-18.07203348 -31.31412637 11.52878611
-20.99848863 -27.99354947 14.67504299
-16.4141996 -29.97425638 13.4415083
-21.38246209 -30.99296165 10.99581652
-17.81947849 -28.312928 14.96264355
-28.6353342 -29.9839252 9.749277121
-24.48649264 -27.56522543 14.2996134
-30.35559206 -28.26298263 11.50892719
-24.9020457 -30.54784 10.40141473
-28.10466794 -27.05253927 13.85508092
-22.94425441 -29.29841768 12.66300226
-40.81335073 -25.22403795 -11.5187319
-45.00793467 -27.81643339 -4.164107345
-38.62789039 -27.20628855 -9.507499979
-40.81335073 -25.22403795 11.5187319
-45.00793467 -27.81643339 4.164107345
-38.62789039 -27.20628855 9.507499979
-34.20992446 -30.6891249 -5.611132522
-41.81231184 -29.3807106 -2.08033702
-36.4240899 -29.0441059 -7.53232705
-35.14769677 -31.55522065 -1.922950086
-40.58471928 -28.54030845 -5.950428107
-34.20992446 -30.6891249 5.611132522
-41.81231184 -29.3807106 2.08033702
-36.4240899 -29.0441059 7.53232705
-35.14769677 -31.55522065 1.922950086
-40.58471928 -28.54030845 5.950428107
-38.52971665 -30.62999423 0
-1.855018883 -14.28265338 24.25628334
-5.69029959 -13.36148553 25.13613628
-3.046173894 -15.78547583 23.65879743
-1.84883652 -12.51056981 25.08284402
-14.28176294 -11.05632361 26.71612231
-9.791770216 -12.30887196 25.96782
-5.570359372 -18.85930624 22.28316786
-7.011210979 -14.90173386 24.54095795
-4.291292927 -17.31774852 23.00231029
-5.006209716 -15.35347234 24.10698886
-1.853259876 -8.889306458 26.55188584
-5.684144483 -11.49927401 25.94172808
-1.850734115 -10.7059039 25.85647739
-3.749322182 -12.01968362 25.52127729
-35.67867492 -1.769998402 24.91455135
-30.29360604 -4.92783411 26.69588126
-38.13299065 -4.909789729 25.44285711
-19.25524564 -9.500464979 27.27247152
-24.6844793 -7.500524764 27.3919512
-40.85537035 -11.67214506 24.80815366
-31.61517804 -7.903180749 26.75743091
-40.07923765 -8.323107881 25.52601946
-34.89009173 -6.509068091 26.26770211
-11.3282423 -25.22899498 18.32948108
-13.11937889 -21.31319197 21.22760096
-9.826742029 -23.65772584 19.50269186
-14.15462421 -25.11342387 18.34051321
-16.16001101 -12.73216588 26.14744707
-14.75128971 -17.19434469 23.86808812
-13.71263629 -13.3422448 25.779836
-6.974108165 -20.48417698 21.44888641
-11.52300889 -19.73186719 22.21279197
-8.364591612 -22.06218933 20.54129838
-7.727057306 -18.49936179 22.69353895
-10.70115852 -21.70701915 20.89439338
-20.28986739 -24.59430412 18.23388657
-16.03188352 -21.08143893 21.39025996
-17.1519234 -24.90278188 18.31004916
-15.11267976 -23.1129351 19.90421111
-9.19539447 -14.41430824 24.97624135
-12.32448086 -17.63507414 23.50970724
-11.38361379 -13.90118614 25.38519865
-8.470896565 -16.47250337 23.87618708
-13.047985 -15.53925196 24.68993255
-9.985550368 -18.09294537 23.10359104
-1.884541007 -1.164710396 28.14946349
-5.728766334 -3.540572308 28.05149758
-1.883415519 -3.116515278 27.9973292
-14.27462338 -8.822202429 27.38381957
-9.803929805 -6.059161843 27.82432
-12.02174277 -9.584202558 27.09367057
-1.871878453 -6.954867249 27.18227155
-5.730940923 -5.541465837 27.77344747
-1.877287642 -5.062026334 27.66373247
-3.769613027 -8.244120554 26.95123759
-3.796076847 -4.317175995 27.90093091
-7.766434073 -10.89646991 26.36732044
-7.788753879 -6.854165749 27.60032686
-9.842056418 -10.27666167 26.74640307
-5.736871341 -9.560352461 26.68176488
-9.852221943 -8.180550101 27.38159728
-5.756575019 -7.562425949 27.30717128
-35.73892553 -22.0878707 17.40261399
-30.40979176 -18.7942849 21.90692605
-37.39723481 -19.89208461 19.35478028
-31.3881003 -22.92295432 17.69120638
-19.27864775 -11.91485957 26.53544338
-24.78498728 -15.31796455 24.8849219
-22.08854284 -11.12966424 26.79449045
-18.60577824 -14.35934732 25.4766478
-40.27829383 -14.82908477 23.24544092
-31.42624225 -16.47456163 23.57341613
-38.99013003 -17.48454239 21.35138128
-36.3149513 -12.88397495 25.0541745
-34.45813133 -18.21022313 21.68712222
-23.80406203 -24.15276665 18.10236726
-26.43021708 -19.59500777 21.80446323
-27.41438908 -23.60850256 17.92523888
-21.51260644 -22.45620911 19.98582525
-28.93602929 -21.27553948 19.929844
-28.23892045 -9.181888605 26.96881476
-28.207776 -14.63294007 25.05727738
-25.09872071 -10.22041279 26.95704615
-32.19929164 -10.96372727 26.24827916
-25.10645475 -12.85838489 26.08289621
-32.06898409 -13.86046244 25.1139477
-16.96462113 -18.8774846 22.8822884
-23.73788718 -17.79141735 23.39517237
-17.81373269 -16.68699935 24.22776125
-19.20896188 -20.67639598 21.58332014
-21.16149063 -16.06729498 24.57289851
-22.67882211 -20.18394883 21.72586531
-1.824869016 14.05051553 23.86204277
-5.421373181 12.73001503 23.94818989
-2.965168464 15.36570031 23.02965047
-1.819671618 12.31321892 24.68716887
-12.83865006 9.939127987 24.01656901
-9.048442388 11.37446206 23.99651115
-5.310443134 17.97931994 21.24342217
-6.602481873 14.03301484 23.11030584
-4.132952082 16.67875533 22.15356719
-4.792373341 14.69766064 23.07727748
-1.827695703 8.766685895 26.18562474
-5.426409766 10.97786535 24.7654589
-1.822961448 10.54524791 25.4684674
-3.633109458 11.64712557 24.7302284
-34.02559478 1.687990054 23.76019934
-27.12944765 4.413123261 23.90750417
-33.71603622 4.341087481 22.49580422
-31.78954315 0 24.9679815
-16.95303442 8.364562715 24.01169826
-21.60914987 6.56606776 23.97930989
-32.78804308 9.367355914 19.90951995
-26.92841181 6.731580178 22.79079743
-33.28442581 6.912054296 21.19847958
-30.10068759 5.615560617 22.66190358
-27.06905333 -3.07634597 26.75033951
-25.27283265 2.872208936 24.97526772
-29.45555569 -1.597486623 25.97682521
-28.32715276 1.536289048 24.98168779
-10.48830868 23.3583887 16.97043993
-11.87078825 19.28478406 19.20733887
-9.137625152 21.99868787 18.13503266
-12.90276327 22.89234657 16.71844456
-14.28029223 11.25117114 23.1059982
-13.11539755 15.28752202 21.22115901
-12.29971157 11.96748453 23.12352931
-6.582642158 19.33437277 20.24493176
-10.50512247 17.98885026 20.25062224
-7.829963691 20.65207119 19.22838889
-7.237914159 17.3283033 21.25697796
-9.847039722 19.97446159 19.22669599
-17.97806013 21.79205362 16.15633571
-14.24541501 18.7322872 19.00669562
-15.40610051 22.36803137 16.44634547
-13.59281981 20.78850124 17.9024739
-8.513427409 13.34528576 23.12390387
-11.14569007 15.94834485 21.26109113
-10.37239169 12.66632463 23.13019648
-7.882260212 15.32784126 22.21704846
-11.73344908 13.97373017 22.20251375
-9.189342696 16.65028659 21.2614035
-1.879959131 1.16187864 28.08102382
-5.609865296 3.467087425 27.46928634
-1.871627533 3.097009525 27.82209855
-3.787670325 0 28.11307415
-12.96980265 8.015778864 24.88070795
-9.288730354 5.740751071 26.36214364
-11.02926912 8.792963829 24.85691051
-1.849388339 6.8713064 26.8556839
-5.558548241 5.374772764 26.9379932
-1.859432236 5.013879992 27.40061501
-3.670135607 8.026564048 26.24001351
-3.733076902 4.245527855 27.43788521
-7.768120359 -2.384429574 28.10532349
-7.618163703 2.338400281 27.56277521
-5.756455635 -1.185115835 28.12187513
-5.713733033 1.176320279 27.91316343
-7.305717409 10.25007476 24.80317095
-7.42634794 6.535245622 26.31610059
-9.137080188 9.54055512 24.83058613
-5.493308169 9.154460532 25.54897055
-9.221167813 7.65656983 25.6277523
-5.540875493 7.279060983 26.28396844
-30.16969455 18.64589666 14.69074799
-25.22270033 15.58848609 18.1701945
-30.89430806 16.43309173 15.98921812
-26.80310456 19.57449911 15.10697525
-16.76065924 10.35865708 23.06964315
-20.79641459 12.85289106 20.88026703
-18.9810056 9.563882097 23.02489472
-16.14667939 12.46149311 22.10943603
-32.18232596 11.84842739 18.57308951
-25.73810008 13.49267 19.30663357
-31.57047226 14.1573075 17.28830322
-29.29964634 10.39505481 20.21422103
-28.22556005 14.91647187 17.76449119
-20.81252148 21.11740316 15.82737883
-22.27728323 16.51607842 18.378366
-23.6839571 20.39595923 15.48604959
-18.73564832 19.5574459 17.40595192
-24.47130049 17.99279764 16.8547383
-23.96527526 7.792312322 22.88738588
-23.31842087 12.09656 20.71400949
-21.38227052 8.707042631 22.9654276
-26.55411034 9.041566092 21.64642964
-21.1056545 10.80935686 21.92649665
-26.15128113 11.30278555 20.4796605
-14.90837513 16.58938445 20.10877442
-20.08583028 15.05422057 19.7958419
-15.52762139 14.54548648 21.11851066
-16.76041762 18.04079959 18.83211917
-18.08866755 13.73419115 21.00471086
-19.43985859 17.30130026 18.62300199
-17.07190282 -7.796002844 27.62291902
-17.11638775 -2.56231541 27.69489714
-19.50513803 -6.81625864 27.69368311
-14.55689158 -6.352222591 27.83232487
-15.39359786 7.029593242 24.90736455
-16.4134307 2.457083062 26.55748875
-17.5576458 6.135688693 24.92860487
-13.45033337 5.869351367 25.71661992
-24.49374135 -4.478382135 27.30377761
-19.18108345 -1.358139989 27.29700631
-22.007872 -5.707543215 27.59997884
-24.01224421 -1.463287092 26.74597296
-19.46887899 -4.059106964 27.68501925
-9.971010794 -3.684285472 28.0560326
-14.53730574 -1.293325077 27.70714265
-12.18358765 -4.977049554 27.97049364
-9.930390881 -1.227463817 27.98417902
-14.64265543 -3.804747951 27.93762763
-22.39734484 4.095081578 24.96687271
-18.70590025 1.324494064 26.62076303
-19.89335794 5.159163056 24.94817574
-23.26368406 1.417670431 25.91219128
-18.15393591 3.784951753 25.81515172
-21.22274237 0 26.69625871
-9.613159729 3.552059612 27.04912555
-14.26206996 1.268838467 27.18256147
-11.5162569 4.704441984 26.43846784
-9.802708857 1.211681451 27.62436674
-13.89144416 3.609553195 26.5043452
-12.11305272 0 27.67469949
-42.8277306 0 -22.53542203
-53.89689645 0 -19.42896819
-42.1849672 3.109420442 -21.04059558
-46.46212562 -3.424686393 -23.17391384
-81.36772853 0 -5.639389729
-67.75734844 0 -14.27136774
-40.58227889 8.89206517 -17.98903849
-52.53282581 3.666669057 -17.58746593
-41.41296004 6.0839639 -19.50414441
-47.09232449 3.370736476 -19.49863056
-51.11798407 -11.20056483 -22.65923473
-59.24037024 -4.134840058 -19.83308488
-49.71548514 -7.303685043 -23.41436112
-52.46911208 -3.755591847 -21.72489558
-42.8277306 0 22.53542203
-53.89689645 0 19.42896819
-42.1849672 3.109420442 21.04059558
-46.46212562 -3.424686393 23.17391384
-81.36772853 0 5.639389729
-67.75734844 0 14.27136774
-40.58227889 8.89206517 17.98903849
-52.53282581 3.666669057 17.58746593
-41.41296004 6.0839639 19.50414441
-47.09232449 3.370736476 19.49863056
-51.11798407 -11.20056483 22.65923473
-59.24037024 -4.134840058 19.83308488
-49.71548514 -7.303685043 23.41436112
-52.46911208 -3.755591847 21.72489558
-36.88507986 19.22743547 -11.88320863
-46.61063096 16.42330717 -10.15016204
-37.86595307 16.80151629 -13.39482457
-39.99444423 20.91793593 -9.128005416
-75.87571618 5.079702448 -3.139428766
-59.48101245 12.14740214 -7.507507395
-71.44982347 4.806519414 -7.953418159
-39.70747733 11.69574684 -16.40937814
-48.08566262 13.56967231 -11.94142024
-38.8067346 14.27997889 -14.9105538
-44.90390327 9.654830442 -16.08953321
-42.62171879 15.33579757 -12.73370221
-44.98448782 23.60233464 -2.099803899
-50.41587709 17.91761728 -6.620554165
-42.95928644 22.51579974 -5.850505963
-44.92815929 19.57012893 -7.994484403
-58.78885775 4.048432666 -15.04174148
-54.73579163 11.29451389 -10.9210972
-65.20657527 4.424981265 -11.9317739
-51.17412165 7.157616971 -15.65366439
-62.37836814 8.486923958 -9.651950122
-49.67582822 10.47207083 -13.75718373
-43.46391607 -22.65684782 -14.00270203
-56.41047234 -19.87629207 -12.28422407
-45.75685839 -20.30279286 -16.18617891
-46.26823727 -24.19926171 -10.55988472
-88.30757476 -5.91198642 -3.653808549
-74.43183339 -15.20070649 -9.394553263
-83.08642647 -5.589328322 -9.248743538
-50.17773751 -14.77973809 -20.73628255
-59.85790428 -16.89177402 -14.86489633
-48.0914819 -17.6965507 -18.47799449
-56.98670075 -12.25276408 -20.41892458
-52.2388334 -18.79614894 -15.60691984
-50.46854017 -26.47969182 -2.355790687
-59.97736482 -21.31573485 -7.876157579
-48.81821736 -25.58657969 -6.6484175
-52.62880841 -22.92443274 -9.364732378
-67.20017019 -4.627668823 -17.19386336
-69.0993276 -14.25837267 -13.78696554
-75.3346984 -5.112285497 -13.78506055
-63.36339352 -8.862504841 -19.38224369
-78.20913681 -10.64078809 -12.10148181
-63.05392846 -13.29228376 -17.462104
-36.88507986 19.22743547 11.88320863
-46.61063096 16.42330717 10.15016204
-37.86595307 16.80151629 13.39482457
-39.99444423 20.91793593 9.128005416
-75.87571618 5.079702448 3.139428766
-59.48101245 12.14740214 7.507507395
-71.44982347 4.806519414 7.953418159
-69.97671509 9.427952481 0
-39.70747733 11.69574684 16.40937814
-48.08566262 13.56967231 11.94142024
-38.8067346 14.27997889 14.9105538
-44.90390327 9.654830442 16.08953321
-42.62171879 15.33579757 12.73370221
-44.98448782 23.60233464 2.099803899
-50.41587709 17.91761728 6.620554165
-42.95928644 22.51579974 5.850505963
-49.30874511 21.58214687 0
-44.92815929 19.57012893 7.994484403
-58.78885775 4.048432666 15.04174148
-54.73579163 11.29451389 10.9210972
-65.20657527 4.424981265 11.9317739
-51.17412165 7.157616971 15.65366439
-62.37836814 8.486923958 9.651950122
-49.67582822 10.47207083 13.75718373
-56.82145479 15.70506384 -4.820679515
-56.82145479 15.70506384 4.820679515
-63.36884837 12.97139549 -2.670498511
-53.32400102 18.9224123 -2.33893879
-63.36884837 12.97139549 2.670498511
-53.32400102 18.9224123 2.33893879
-43.46391607 -22.65684782 14.00270203
-56.41047234 -19.87629207 12.28422407
-45.75685839 -20.30279286 16.18617891
-46.26823727 -24.19926171 10.55988472
-88.30757476 -5.91198642 3.653808549
-74.43183339 -15.20070649 9.394553263
-83.08642647 -5.589328322 9.248743538
-87.07048779 -11.73099395 0
-50.17773751 -14.77973809 20.73628255
-59.85790428 -16.89177402 14.86489633
-48.0914819 -17.6965507 18.47799449
-56.98670075 -12.25276408 20.41892458
-52.2388334 -18.79614894 15.60691984
-50.46854017 -26.47969182 2.355790687
-59.97736482 -21.31573485 7.876157579
-48.81821736 -25.58657969 6.6484175
-56.40809629 -24.68949101 0
-52.62880841 -22.92443274 9.364732378
-67.20017019 -4.627668823 17.19386336
-69.0993276 -14.25837267 13.78696554
-75.3346984 -5.112285497 13.78506055
-63.36339352 -8.862504841 19.38224369
-78.20913681 -10.64078809 12.10148181
-63.05392846 -13.29228376 17.462104
-68.96900839 -19.06256508 -5.851266695
-68.96900839 -19.06256508 5.851266695
-78.49673091 -16.06802344 -3.308019767
-62.66961794 -22.23877291 -2.748863506
-78.49673091 -16.06802344 3.308019767
-62.66961794 -22.23877291 2.748863506
