-6.577206533 10.64214372 0
10.34983136 16.74637891 0
-10.34983136 -16.74637891 0
6.577206533 -10.64214372 0
0 -4.79095099 7.751921541
0 4.79095099 7.751921541
0 -4.79095099 -7.751921541
0 4.79095099 -7.751921541
12.29587498 0 -7.599268662
12.29587498 0 7.599268662
-12.29587498 0 -7.599268662
-12.29587498 0 7.599268662
0 13.9012728 0
0 -13.9012728 0
-3.843808175 -10.06322045 6.219412273
3.372211038 -8.828563113 5.456352076
-3.372211038 8.828563113 5.456352076
3.843808175 10.06322045 6.219412273
0 0 8.386899616
-3.843808175 -10.06322045 -6.219412273
3.372211038 -8.828563113 -5.456352076
-3.372211038 8.828563113 -5.456352076
3.843808175 10.06322045 -6.219412273
0 0 -8.386899616
15.02187656 9.284030292 -5.737846273
10.94880662 -6.766734628 -4.182071993
4.82293949 -2.98074053 -7.80368002
5.065899822 3.130898274 -8.196798096
15.02187656 9.284030292 5.737846273
10.94880662 -6.766734628 4.182071993
4.82293949 -2.98074053 7.80368002
5.065899822 3.130898274 8.196798096
24.38138045 0 0
-10.94880662 6.766734628 -4.182071993
-15.02187656 -9.284030292 -5.737846273
-5.065899822 -3.130898274 -8.196798096
-4.82293949 2.98074053 -7.80368002
-10.94880662 6.766734628 4.182071993
-15.02187656 -9.284030292 5.737846273
-5.065899822 -3.130898274 8.196798096
-4.82293949 2.98074053 7.80368002
-24.38138045 0 0
-3.465796086 12.20011177 0
4.520158239 15.91162156 0
-4.520158239 -15.91162156 0
3.465796086 -12.20011177 0
-7.023445153 -13.96419554 4.206924879
-1.644365616 -7.102566951 7.187189663
-2.266506867 -13.26836231 3.667285146
5.20263432 -10.34401229 3.11628998
1.580514712 -6.82677347 6.908110273
2.008941933 -11.76055092 3.250536328
0 -9.510316557 5.877698876
-5.20263432 10.34401229 3.11628998
-1.580514712 6.82677347 6.908110273
-2.008941933 11.76055092 3.250536328
7.023445153 13.96419554 4.206924879
1.644365616 7.102566951 7.187189663
2.266506867 13.26836231 3.667285146
0 9.510316557 5.877698876
0 -2.338677094 8.232487208
0 2.338677094 8.232487208
-7.023445153 -13.96419554 -4.206924879
-1.644365616 -7.102566951 -7.187189663
-2.266506867 -13.26836231 -3.667285146
5.20263432 -10.34401229 -3.11628998
1.580514712 -6.82677347 -6.908110273
2.008941933 -11.76055092 -3.250536328
0 -9.510316557 -5.877698876
-5.20263432 10.34401229 -3.11628998
-1.580514712 6.82677347 -6.908110273
-2.008941933 11.76055092 -3.250536328
7.023445153 13.96419554 -4.206924879
1.644365616 7.102566951 -7.187189663
2.266506867 13.26836231 -3.667285146
0 9.510316557 -5.877698876
0 -2.338677094 -8.232487208
0 2.338677094 -8.232487208
13.49783241 13.65865077 -3.124978849
14.71650709 4.433570099 -7.401828491
8.761228323 10.25782479 -6.339684372
8.93968236 -9.046193171 -2.069689225
12.31579551 -3.710319466 -6.194364297
6.815920546 -7.980218774 -4.93204644
2.347640534 -3.919376981 -7.792606813
7.862381213 -1.798843488 -7.769808726
4.256841043 -5.882809636 -6.887713492
2.283251422 -1.411126984 -8.260881251
7.833981653 -4.841666929 -6.691019133
2.421844543 4.043260294 -8.038914824
8.253268082 1.888274957 -8.156093253
4.67727178 6.463830626 -7.567984715
2.307251557 1.425959883 -8.347714552
9.062912236 5.601187799 -7.74065116
5.10541255 0 -8.260731033
13.49783241 13.65865077 3.124978849
14.71650709 4.433570099 7.401828491
8.761228323 10.25782479 6.339684372
18.80415042 11.62160409 0
8.93968236 -9.046193171 2.069689225
12.31579551 -3.710319466 6.194364297
6.815920546 -7.980218774 4.93204644
12.38651655 -7.655288232 0
2.347640534 -3.919376981 7.792606813
7.862381213 -1.798843488 7.769808726
4.256841043 -5.882809636 6.887713492
2.283251422 -1.411126984 8.260881251
7.833981653 -4.841666929 6.691019133
2.421844543 4.043260294 8.038914824
8.253268082 1.888274957 8.156093253
4.67727178 6.463830626 7.567984715
2.307251557 1.425959883 8.347714552
9.062912236 5.601187799 7.74065116
5.10541255 0 8.260731033
20.05802653 0 -5.698064999
20.05802653 0 5.698064999
22.66882638 6.265509516 -3.872297838
16.72984456 -4.624015311 -2.857798627
22.66882638 6.265509516 3.872297838
16.72984456 -4.624015311 2.857798627
-8.93968236 9.046193171 -2.069689225
-12.31579551 3.710319466 -6.194364297
-6.815920546 7.980218774 -4.93204644
-13.49783241 -13.65865077 -3.124978849
-14.71650709 -4.433570099 -7.401828491
-8.761228323 -10.25782479 -6.339684372
-2.421844543 -4.043260294 -8.038914824
-8.253268082 -1.888274957 -8.156093253
-4.67727178 -6.463830626 -7.567984715
-2.307251557 -1.425959883 -8.347714552
-9.062912236 -5.601187799 -7.74065116
-2.347640534 3.919376981 -7.792606813
-7.862381213 1.798843488 -7.769808726
-4.256841043 5.882809636 -6.887713492
-2.283251422 1.411126984 -8.260881251
-7.833981653 4.841666929 -6.691019133
-5.10541255 0 -8.260731033
-8.93968236 9.046193171 2.069689225
-12.31579551 3.710319466 6.194364297
-6.815920546 7.980218774 4.93204644
-12.38651655 7.655288232 0
-13.49783241 -13.65865077 3.124978849
-14.71650709 -4.433570099 7.401828491
-8.761228323 -10.25782479 6.339684372
-18.80415042 -11.62160409 0
-2.421844543 -4.043260294 8.038914824
-8.253268082 -1.888274957 8.156093253
-4.67727178 -6.463830626 7.567984715
-2.307251557 -1.425959883 8.347714552
-9.062912236 -5.601187799 7.74065116
-2.347640534 3.919376981 7.792606813
-7.862381213 1.798843488 7.769808726
-4.256841043 5.882809636 6.887713492
-2.283251422 1.411126984 8.260881251
-7.833981653 4.841666929 6.691019133
-5.10541255 0 8.260731033
-20.05802653 0 -5.698064999
-20.05802653 0 5.698064999
-16.72984456 4.624015311 -2.857798627
-22.66882638 -6.265509516 -3.872297838
-16.72984456 4.624015311 2.857798627
-22.66882638 -6.265509516 3.872297838
-5.033109487 11.41800584 0
-1.81316651 13.01777038 0
7.385863932 16.75541486 0
2.071838397 14.87492537 0
-7.385863932 -16.75541486 0
-2.071838397 -14.87492537 0
5.033109487 -11.41800584 0
1.81316651 -13.01777038 0
-8.900689344 -15.89142356 2.41055622
-5.294821744 -11.91440351 5.41588655
-6.082739967 -15.69473096 2.235513738
-0.7761055616 -5.892527283 7.502438684
-2.647875698 -8.472934853 6.777268
-1.168366011 -14.03145543 1.890455917
-3.168085551 -11.82680241 5.1260701
-3.395931913 -14.90935753 2.04870207
-4.518933717 -13.74381631 3.961285555
5.983792999 -10.6835533 1.62057891
4.307576054 -9.692904076 4.406067727
4.436417701 -11.44687799 1.630461399
0.7642825963 -5.802762244 7.388148725
2.452828234 -7.848802661 6.278041792
0 -6.975484132 7.05859273
1.085298507 -13.03385882 1.756049872
2.76398453 -10.31825005 4.472220913
2.787555966 -12.23836921 1.681680265
0 -12.50836455 3.457226934
3.632304111 -11.04723451 3.184068346
-1.826054728 -9.807370768 6.061288475
1.710062244 -9.184398586 5.676270493
-0.8660356727 -8.327204809 6.619883493
-1.020585382 -11.31846532 4.954025508
0.843767796 -8.113092186 6.44967024
0.9740660281 -10.80255779 4.728215822
-5.983792999 10.6835533 1.62057891
-4.307576054 9.692904076 4.406067727
-4.436417701 11.44687799 1.630461399
-0.7642825963 5.802762244 7.388148725
-2.452828234 7.848802661 6.278041792
-1.085298507 13.03385882 1.756049872
-2.76398453 10.31825005 4.472220913
-2.787555966 12.23836921 1.681680265
-3.632304111 11.04723451 3.184068346
8.900689344 15.89142356 2.41055622
5.294821744 11.91440351 5.41588655
6.082739967 15.69473096 2.235513738
0.7761055616 5.892527283 7.502438684
2.647875698 8.472934853 6.777268
0 6.975484132 7.05859273
1.168366011 14.03145543 1.890455917
3.168085551 11.82680241 5.1260701
3.395931913 14.90935753 2.04870207
0 12.50836455 3.457226934
4.518933717 13.74381631 3.961285555
-1.710062244 9.184398586 5.676270493
1.826054728 9.807370768 6.061288475
-0.843767796 8.113092186 6.44967024
-0.9740660281 10.80255779 4.728215822
0.8660356727 8.327204809 6.619883493
1.020585382 11.31846532 4.954025508
0 -3.54228841 8.03596064
0 -1.162810488 8.34848859
0 3.54228841 8.03596064
0 1.162810488 8.34848859
-8.900689344 -15.89142356 -2.41055622
-5.294821744 -11.91440351 -5.41588655
-6.082739967 -15.69473096 -2.235513738
-0.7761055616 -5.892527283 -7.502438684
-2.647875698 -8.472934853 -6.777268
-1.168366011 -14.03145543 -1.890455917
-3.168085551 -11.82680241 -5.1260701
-3.395931913 -14.90935753 -2.04870207
-4.518933717 -13.74381631 -3.961285555
5.983792999 -10.6835533 -1.62057891
4.307576054 -9.692904076 -4.406067727
4.436417701 -11.44687799 -1.630461399
0.7642825963 -5.802762244 -7.388148725
2.452828234 -7.848802661 -6.278041792
0 -6.975484132 -7.05859273
1.085298507 -13.03385882 -1.756049872
2.76398453 -10.31825005 -4.472220913
2.787555966 -12.23836921 -1.681680265
0 -12.50836455 -3.457226934
3.632304111 -11.04723451 -3.184068346
-1.826054728 -9.807370768 -6.061288475
1.710062244 -9.184398586 -5.676270493
-0.8660356727 -8.327204809 -6.619883493
-1.020585382 -11.31846532 -4.954025508
0.843767796 -8.113092186 -6.44967024
0.9740660281 -10.80255779 -4.728215822
-5.983792999 10.6835533 -1.62057891
-4.307576054 9.692904076 -4.406067727
-4.436417701 11.44687799 -1.630461399
-0.7642825963 5.802762244 -7.388148725
-2.452828234 7.848802661 -6.278041792
-1.085298507 13.03385882 -1.756049872
-2.76398453 10.31825005 -4.472220913
-2.787555966 12.23836921 -1.681680265
-3.632304111 11.04723451 -3.184068346
8.900689344 15.89142356 -2.41055622
5.294821744 11.91440351 -5.41588655
6.082739967 15.69473096 -2.235513738
0.7761055616 5.892527283 -7.502438684
2.647875698 8.472934853 -6.777268
0 6.975484132 -7.05859273
1.168366011 14.03145543 -1.890455917
3.168085551 11.82680241 -5.1260701
3.395931913 14.90935753 -2.04870207
0 12.50836455 -3.457226934
4.518933717 13.74381631 -3.961285555
-1.710062244 9.184398586 -5.676270493
1.826054728 9.807370768 -6.061288475
-0.843767796 8.113092186 -6.44967024
-0.9740660281 10.80255779 -4.728215822
0.8660356727 8.327204809 -6.619883493
1.020585382 11.31846532 -4.954025508
0 -3.54228841 -8.03596064
0 -1.162810488 -8.34848859
0 3.54228841 -8.03596064
0 1.162810488 -8.34848859
12.23087414 15.57250037 -1.610930079
14.41849924 11.53296174 -4.505923201
10.26239247 14.23974417 -3.826902238
13.67249798 2.073969329 -7.657882672
15.17232858 6.896829557 -6.742660277
6.133858237 10.2404531 -6.328948075
11.73645677 9.983626438 -6.17022047
8.046549362 12.21433577 -5.39666856
11.19492215 12.14420701 -5.118454574
7.79637047 -9.926435399 -1.026861004
9.99772399 -7.996904974 -3.124387341
7.025771872 -9.748720323 -2.619948728
12.53340653 -1.901181537 -7.0198845
11.74827812 -5.340371542 -5.220994772
5.05130353 -8.433132114 -5.211962278
8.747070208 -7.440702343 -4.598606948
6.063637532 -9.204355985 -4.066767077
7.967867451 -8.64351091 -3.643005914
1.179546233 -4.355332807 -7.776076178
3.546557153 -3.467278673 -7.802067606
1.991209463 -5.339716495 -7.409207652
1.147443415 -3.122145841 -8.055783948
9.823401183 -1.016202413 -7.71544586
6.234901615 -2.435973385 -7.794868847
9.992977648 -2.685592386 -7.201804847
3.861630371 -7.345257455 -6.248249192
4.574653851 -4.433640137 -7.401945418
2.908838882 -6.362120509 -6.901603017
5.526544882 -6.960483302 -6.074260621
3.275069633 -4.883199546 -7.412498971
1.125867509 -0.6958243873 -8.356481436
3.504658794 -2.165998254 -8.085903287
1.133822601 -1.879426204 -8.251354254
2.327032669 -2.654619629 -8.073719783
9.460206151 -5.846728942 -5.66650351
6.265365928 -3.872209095 -7.365379385
9.846768521 -4.35060466 -6.486845497
7.404372181 -6.461632679 -5.878987624
7.92505612 -3.340196665 -7.305572627
5.937032249 -5.401690385 -6.80323358
1.200058826 4.431073092 -7.911304012
3.698106667 3.615440503 -8.135461232
2.066683295 5.542110503 -7.690042643
1.161011116 3.159062993 -8.151037859
10.16399817 1.051436185 -7.982955815
6.568231532 2.56620524 -8.211597633
11.01620362 2.960582282 -7.939230069
8.153970014 0 -8.05796433
4.330593202 8.237277768 -7.007046992
4.917182877 4.765610705 -7.956169025
3.116374977 6.816036902 -7.394009713
6.479880794 8.161175386 -7.122078183
3.46541602 5.167010119 -7.843311917
1.128702639 0.6975765942 -8.377524512
3.593855319 2.221124738 -8.291696351
1.141667941 1.892430652 -8.308448437
2.311012547 0 -8.361321944
2.374948477 2.709280763 -8.239965326
11.8939404 7.350859429 -7.124269172
6.835387962 4.224502087 -8.035480475
11.62493914 5.136255036 -7.658267174
9.041915575 7.890680766 -7.179178525
8.720184196 3.675321629 -8.038547361
6.708729578 6.10380381 -7.687520033
5.001611008 -1.506810881 -8.09277661
5.128097183 1.544916752 -8.29743554
6.429138111 -0.8410817131 -8.087264655
3.620084991 -0.7457785223 -8.270810552
6.544993895 0.8562383607 -8.233000579
3.651921736 0.7523372523 -8.343547983
12.23087414 15.57250037 1.610930079
14.41849924 11.53296174 4.505923201
10.26239247 14.23974417 3.826902238
14.53463048 14.70780165 0
13.67249798 2.073969329 7.657882672
15.17232858 6.896829557 6.742660277
6.133858237 10.2404531 6.328948075
11.73645677 9.983626438 6.17022047
8.046549362 12.21433577 5.39666856
11.19492215 12.14420701 5.118454574
17.56899183 10.8582341 -3.27120707
17.56899183 10.8582341 3.27120707
16.30960197 12.96565503 -1.696211086
16.30960197 12.96565503 1.696211086
7.79637047 -9.926435399 1.026861004
9.99772399 -7.996904974 3.124387341
7.025771872 -9.748720323 2.619948728
9.200334051 -9.309950367 0
12.53340653 -1.901181537 7.0198845
11.74827812 -5.340371542 5.220994772
5.05130353 -8.433132114 5.211962278
8.747070208 -7.440702343 4.598606948
6.063637532 -9.204355985 4.066767077
7.967867451 -8.64351091 3.643005914
12.00545128 -7.419776943 -2.235319903
12.00545128 -7.419776943 2.235319903
10.64114824 -8.459400628 -1.10668756
10.64114824 -8.459400628 1.10668756
1.179546233 -4.355332807 7.776076178
3.546557153 -3.467278673 7.802067606
1.991209463 -5.339716495 7.409207652
1.147443415 -3.122145841 8.055783948
9.823401183 -1.016202413 7.71544586
6.234901615 -2.435973385 7.794868847
9.992977648 -2.685592386 7.201804847
3.861630371 -7.345257455 6.248249192
4.574653851 -4.433640137 7.401945418
2.908838882 -6.362120509 6.901603017
5.526544882 -6.960483302 6.074260621
3.275069633 -4.883199546 7.412498971
1.125867509 -0.6958243873 8.356481436
3.504658794 -2.165998254 8.085903287
1.133822601 -1.879426204 8.251354254
2.327032669 -2.654619629 8.073719783
9.460206151 -5.846728942 5.66650351
6.265365928 -3.872209095 7.365379385
9.846768521 -4.35060466 6.486845497
7.404372181 -6.461632679 5.878987624
7.92505612 -3.340196665 7.305572627
5.937032249 -5.401690385 6.80323358
1.200058826 4.431073092 7.911304012
3.698106667 3.615440503 8.135461232
2.066683295 5.542110503 7.690042643
1.161011116 3.159062993 8.151037859
10.16399817 1.051436185 7.982955815
6.568231532 2.56620524 8.211597633
11.01620362 2.960582282 7.939230069
8.153970014 0 8.05796433
4.330593202 8.237277768 7.007046992
4.917182877 4.765610705 7.956169025
3.116374977 6.816036902 7.394009713
6.479880794 8.161175386 7.122078183
3.46541602 5.167010119 7.843311917
1.128702639 0.6975765942 8.377524512
3.593855319 2.221124738 8.291696351
1.141667941 1.892430652 8.308448437
2.311012547 0 8.361321944
2.374948477 2.709280763 8.239965326
11.8939404 7.350859429 7.124269172
6.835387962 4.224502087 8.035480475
11.62493914 5.136255036 7.658267174
9.041915575 7.890680766 7.179178525
8.720184196 3.675321629 8.038547361
6.708729578 6.10380381 7.687520033
5.001611008 -1.506810881 8.09277661
5.128097183 1.544916752 8.29743554
6.429138111 -0.8410817131 8.087264655
3.620084991 -0.7457785223 8.270810552
6.544993895 0.8562383607 8.233000579
3.651921736 0.7523372523 8.343547983
15.83086419 0 -6.978317747
23.38693126 0 -3.257424222
17.90456115 2.550275792 -6.939194434
15.64133623 -2.227908341 -6.062045998
15.83086419 0 6.978317747
23.38693126 0 3.257424222
17.90456115 2.550275792 6.939194434
15.64133623 -2.227908341 6.062045998
18.6457709 8.08160358 -4.994705696
25.83043198 3.480130283 -2.1508388
18.93376205 5.457147884 -6.225375381
21.11734716 9.242938287 -1.904150006
22.82025334 3.13574211 -5.197811267
13.55774706 -5.876310387 -3.631759548
20.51295966 -2.763708022 -1.708065493
14.75057405 -4.251456406 -4.849953238
14.53567083 -6.362177378 -1.310680621
18.75317814 -2.576883329 -4.271446034
18.6457709 8.08160358 4.994705696
25.83043198 3.480130283 2.1508388
18.93376205 5.457147884 6.225375381
21.11734716 9.242938287 1.904150006
22.82025334 3.13574211 5.197811267
24.54996285 6.785442847 0
13.55774706 -5.876310387 3.631759548
20.51295966 -2.763708022 1.708065493
14.75057405 -4.251456406 4.849953238
14.53567083 -6.362177378 1.310680621
18.75317814 -2.576883329 4.271446034
17.49348336 -4.835079886 0
-7.79637047 9.926435399 -1.026861004
-9.99772399 7.996904974 -3.124387341
-7.025771872 9.748720323 -2.619948728
-12.53340653 1.901181537 -7.0198845
-11.74827812 5.340371542 -5.220994772
-5.05130353 8.433132114 -5.211962278
-8.747070208 7.440702343 -4.598606948
-6.063637532 9.204355985 -4.066767077
-7.967867451 8.64351091 -3.643005914
-12.23087414 -15.57250037 -1.610930079
-14.41849924 -11.53296174 -4.505923201
-10.26239247 -14.23974417 -3.826902238
-13.67249798 -2.073969329 -7.657882672
-15.17232858 -6.896829557 -6.742660277
-6.133858237 -10.2404531 -6.328948075
-11.73645677 -9.983626438 -6.17022047
-8.046549362 -12.21433577 -5.39666856
-11.19492215 -12.14420701 -5.118454574
-1.200058826 -4.431073092 -7.911304012
-3.698106667 -3.615440503 -8.135461232
-2.066683295 -5.542110503 -7.690042643
-1.161011116 -3.159062993 -8.151037859
-10.16399817 -1.051436185 -7.982955815
-6.568231532 -2.56620524 -8.211597633
-11.01620362 -2.960582282 -7.939230069
-4.330593202 -8.237277768 -7.007046992
-4.917182877 -4.765610705 -7.956169025
-3.116374977 -6.816036902 -7.394009713
-6.479880794 -8.161175386 -7.122078183
-3.46541602 -5.167010119 -7.843311917
-1.128702639 -0.6975765942 -8.377524512
-3.593855319 -2.221124738 -8.291696351
-1.141667941 -1.892430652 -8.308448437
-2.374948477 -2.709280763 -8.239965326
-11.8939404 -7.350859429 -7.124269172
-6.835387962 -4.224502087 -8.035480475
-11.62493914 -5.136255036 -7.658267174
-9.041915575 -7.890680766 -7.179178525
-8.720184196 -3.675321629 -8.038547361
-6.708729578 -6.10380381 -7.687520033
-1.179546233 4.355332807 -7.776076178
-3.546557153 3.467278673 -7.802067606
-1.991209463 5.339716495 -7.409207652
-1.147443415 3.122145841 -8.055783948
-9.823401183 1.016202413 -7.71544586
-6.234901615 2.435973385 -7.794868847
-9.992977648 2.685592386 -7.201804847
-8.153970014 0 -8.05796433
-3.861630371 7.345257455 -6.248249192
-4.574653851 4.433640137 -7.401945418
-2.908838882 6.362120509 -6.901603017
-5.526544882 6.960483302 -6.074260621
-3.275069633 4.883199546 -7.412498971
-1.125867509 0.6958243873 -8.356481436
-3.504658794 2.165998254 -8.085903287
-1.133822601 1.879426204 -8.251354254
-2.311012547 0 -8.361321944
-2.327032669 2.654619629 -8.073719783
-9.460206151 5.846728942 -5.66650351
-6.265365928 3.872209095 -7.365379385
-9.846768521 4.35060466 -6.486845497
-7.404372181 6.461632679 -5.878987624
-7.92505612 3.340196665 -7.305572627
-5.937032249 5.401690385 -6.80323358
-5.128097183 -1.544916752 -8.29743554
-5.001611008 1.506810881 -8.09277661
-6.544993895 -0.8562383607 -8.233000579
-3.651921736 -0.7523372523 -8.343547983
-6.429138111 0.8410817131 -8.087264655
-3.620084991 0.7457785223 -8.270810552
-7.79637047 9.926435399 1.026861004
-9.99772399 7.996904974 3.124387341
-7.025771872 9.748720323 2.619948728
-9.200334051 9.309950367 0
-12.53340653 1.901181537 7.0198845
-11.74827812 5.340371542 5.220994772
-5.05130353 8.433132114 5.211962278
-8.747070208 7.440702343 4.598606948
-6.063637532 9.204355985 4.066767077
-7.967867451 8.64351091 3.643005914
-12.00545128 7.419776943 -2.235319903
-12.00545128 7.419776943 2.235319903
-10.64114824 8.459400628 -1.10668756
-10.64114824 8.459400628 1.10668756
-12.23087414 -15.57250037 1.610930079
-14.41849924 -11.53296174 4.505923201
-10.26239247 -14.23974417 3.826902238
-14.53463048 -14.70780165 0
-13.67249798 -2.073969329 7.657882672
-15.17232858 -6.896829557 6.742660277
-6.133858237 -10.2404531 6.328948075
-11.73645677 -9.983626438 6.17022047
-8.046549362 -12.21433577 5.39666856
-11.19492215 -12.14420701 5.118454574
-17.56899183 -10.8582341 -3.27120707
-17.56899183 -10.8582341 3.27120707
-16.30960197 -12.96565503 -1.696211086
-16.30960197 -12.96565503 1.696211086
-1.200058826 -4.431073092 7.911304012
-3.698106667 -3.615440503 8.135461232
-2.066683295 -5.542110503 7.690042643
-1.161011116 -3.159062993 8.151037859
-10.16399817 -1.051436185 7.982955815
-6.568231532 -2.56620524 8.211597633
-11.01620362 -2.960582282 7.939230069
-4.330593202 -8.237277768 7.007046992
-4.917182877 -4.765610705 7.956169025
-3.116374977 -6.816036902 7.394009713
-6.479880794 -8.161175386 7.122078183
-3.46541602 -5.167010119 7.843311917
-1.128702639 -0.6975765942 8.377524512
-3.593855319 -2.221124738 8.291696351
-1.141667941 -1.892430652 8.308448437
-2.374948477 -2.709280763 8.239965326
-11.8939404 -7.350859429 7.124269172
-6.835387962 -4.224502087 8.035480475
-11.62493914 -5.136255036 7.658267174
-9.041915575 -7.890680766 7.179178525
-8.720184196 -3.675321629 8.038547361
-6.708729578 -6.10380381 7.687520033
-1.179546233 4.355332807 7.776076178
-3.546557153 3.467278673 7.802067606
-1.991209463 5.339716495 7.409207652
-1.147443415 3.122145841 8.055783948
-9.823401183 1.016202413 7.71544586
-6.234901615 2.435973385 7.794868847
-9.992977648 2.685592386 7.201804847
-8.153970014 0 8.05796433
-3.861630371 7.345257455 6.248249192
-4.574653851 4.433640137 7.401945418
-2.908838882 6.362120509 6.901603017
-5.526544882 6.960483302 6.074260621
-3.275069633 4.883199546 7.412498971
-1.125867509 0.6958243873 8.356481436
-3.504658794 2.165998254 8.085903287
-1.133822601 1.879426204 8.251354254
-2.311012547 0 8.361321944
-2.327032669 2.654619629 8.073719783
-9.460206151 5.846728942 5.66650351
-6.265365928 3.872209095 7.365379385
-9.846768521 4.35060466 6.486845497
-7.404372181 6.461632679 5.878987624
-7.92505612 3.340196665 7.305572627
-5.937032249 5.401690385 6.80323358
-5.128097183 -1.544916752 8.29743554
-5.001611008 1.506810881 8.09277661
-6.544993895 -0.8562383607 8.233000579
-3.651921736 -0.7523372523 8.343547983
-6.429138111 0.8410817131 8.087264655
-3.620084991 0.7457785223 8.270810552
-15.83086419 0 -6.978317747
-23.38693126 0 -3.257424222
-15.64133623 2.227908341 -6.062045998
-17.90456115 -2.550275792 -6.939194434
-15.83086419 0 6.978317747
-23.38693126 0 3.257424222
-15.64133623 2.227908341 6.062045998
-17.90456115 -2.550275792 6.939194434
-13.55774706 5.876310387 -3.631759548
-20.51295966 2.763708022 -1.708065493
-14.75057405 4.251456406 -4.849953238
-14.53567083 6.362177378 -1.310680621
-18.75317814 2.576883329 -4.271446034
-18.6457709 -8.08160358 -4.994705696
-25.83043198 -3.480130283 -2.1508388
-18.93376205 -5.457147884 -6.225375381
-21.11734716 -9.242938287 -1.904150006
-22.82025334 -3.13574211 -5.197811267
-13.55774706 5.876310387 3.631759548
-20.51295966 2.763708022 1.708065493
-14.75057405 4.251456406 4.849953238
-14.53567083 6.362177378 1.310680621
-18.75317814 2.576883329 4.271446034
-17.49348336 4.835079886 0
-18.6457709 -8.08160358 4.994705696
-25.83043198 -3.480130283 2.1508388
-18.93376205 -5.457147884 6.225375381
-21.11734716 -9.242938287 1.904150006
-22.82025334 -3.13574211 5.197811267
-24.54996285 -6.785442847 0
-5.804432907 11.03110865 0
-4.256042808 11.80646838 0
-0.9321453295 13.44942481 0
-2.654421712 12.60261666 0
8.892140099 16.89918121 0
5.90887985 16.39151819 0
0.9963795326 14.37622566 0
3.242029592 15.392451 0
-8.892140099 -16.89918121 0
-5.90887985 -16.39151819 0
-0.9963795326 -14.37622566 0
-3.242029592 -15.392451 0
5.804432907 -11.03110865 0
4.256042808 -11.80646838 0
0.9321453295 -13.44942481 0
2.654421712 -12.60261666 0
-9.745485182 -16.55079372 1.265735333
-7.962854745 -14.98002611 3.391167022
-8.287397115 -16.61566917 1.224727784
-4.534141545 -10.95614459 5.856877655
-6.127083053 -12.92620399 4.874125716
-5.36865761 -16.03589489 1.119268166
-6.629724539 -14.95629298 3.277103592
-6.796439013 -16.4144918 1.174903274
-7.484579165 -15.89193411 2.334678645
-0.3787276938 -5.330982538 7.634188966
-1.196340348 -6.481013596 7.354440588
-3.217734523 -9.236976644 6.521603816
-2.125967794 -7.764044236 6.996631522
-0.5824460562 -14.07692767 0.9424175155
-1.736178138 -13.75551538 2.809195237
-1.61981241 -14.55164414 0.9789073883
-3.53271057 -10.96541477 5.716045775
-2.745934017 -12.60962304 4.44301457
-4.207041349 -11.89292397 5.277013773
-3.977102483 -15.54403208 1.07042337
-2.818014627 -14.12369642 2.914368837
-2.753548247 -15.04800983 1.021172502
-4.691049701 -15.33572856 2.144976162
-2.238853779 -14.46920503 1.968615828
-5.744300704 -13.90008128 4.094237225
-3.358815939 -13.52526641 3.816801582
-4.950073512 -12.88323637 4.740732384
-5.286238105 -14.75323873 3.172107724
-3.815183256 -12.77002282 4.594804961
-4.004446203 -14.45965873 3.048214307
6.307966253 -10.71284254 0.8192732961
5.61231392 -10.55809904 2.390134505
5.536284508 -11.09987497 0.8181629723
3.840861555 -9.280926527 4.96134847
4.764500185 -10.05158585 3.790184118
3.975993207 -11.87608035 0.8289227862
4.845266536 -10.93065413 2.395037724
4.756846323 -11.48854787 0.822318027
5.211409283 -11.06533462 1.625604553
0.3761828157 -5.295160757 7.582890683
1.165446049 -6.313647869 7.164519477
0 -5.849721341 7.447937629
2.907975413 -8.347767902 5.893793727
2.009804812 -7.339816488 6.614335241
-0.8098060979 -7.041661851 7.125558917
0.7939720208 -6.903976772 6.986233404
-0.3956554856 -6.433777437 7.295367623
0.3922101453 -6.377752553 7.231840071
0.560171097 -13.53857225 0.9063758745
1.568855351 -12.42983853 2.538461281
1.459015296 -13.10711738 0.8817322575
0 -13.52182901 1.821794023
3.084698831 -9.574801405 4.991147553
2.406489249 -11.05085632 3.893781398
3.539497314 -10.00583759 4.439693963
3.14344295 -12.28577294 0.8460467919
2.406270057 -12.06006082 2.488545801
2.321758411 -12.68829897 0.8610402403
3.621519915 -11.83927904 1.655935106
1.954256919 -12.62991996 1.718370864
-1.093470055 -12.88875543 3.562364387
1.029269527 -12.1320224 3.353208521
-0.560489995 -13.29999076 2.7224645
0.5417469183 -12.85523215 2.631423872
4.420135235 -10.69586051 3.150441307
2.831325998 -11.40117206 3.217386646
3.990574495 -10.3860103 3.821811068
4.049052027 -11.30040494 2.429710685
3.202624587 -10.7196919 3.857071693
3.233980719 -11.67758415 2.461730236
-2.805925753 -9.941999946 6.144493883
-0.8939977572 -9.662813495 5.971947167
-2.251751362 -9.148609517 6.443523265
-2.460504599 -10.78072476 5.638545905
2.543069949 -9.010645158 5.568884968
0.8651304073 -9.350799494 5.779111909
2.09399161 -8.507649597 5.992084153
2.232288421 -9.780793361 5.115560744
-1.265741083 -7.71696385 6.9227533
-0.4441927378 -8.927748289 6.273357709
-1.738011099 -8.40450396 6.701644535
-0.41759936 -7.632884382 6.852720747
-1.326018513 -9.044070134 6.36004279
-1.612940717 -12.28263056 4.365201725
-0.485094178 -10.39226242 5.452583036
-2.06013303 -11.57773038 5.043110595
-0.5253130338 -11.97628295 4.249871717
-1.441892201 -10.58757319 5.549153568
1.223313033 -7.458288727 6.690700371
0.437622277 -8.795689803 6.18056274
1.65109178 -7.984188025 6.366489955
0.4128691226 -7.546425066 6.775098512
1.269317588 -8.657343149 6.088085569
0 -8.223529719 6.537464839
1.488727745 -11.33674208 4.029036439
0.4754164352 -10.18493434 5.343802723
1.879706048 -10.56374976 4.601433669
0.5113354392 -11.65761652 4.136790602
1.359872253 -9.985314434 5.233498012
0 -11.06333142 4.842354903
-6.307966253 10.71284254 0.8192732961
-5.61231392 10.55809904 2.390134505
-5.536284508 11.09987497 0.8181629723
-3.840861555 9.280926527 4.96134847
-4.764500185 10.05158585 3.790184118
-3.975993207 11.87608035 0.8289227862
-4.845266536 10.93065413 2.395037724
-4.756846323 11.48854787 0.822318027
-5.211409283 11.06533462 1.625604553
-0.3761828157 5.295160757 7.582890683
-1.165446049 6.313647869 7.164519477
-2.907975413 8.347767902 5.893793727
-2.009804812 7.339816488 6.614335241
-0.560171097 13.53857225 0.9063758745
-1.568855351 12.42983853 2.538461281
-1.459015296 13.10711738 0.8817322575
-3.084698831 9.574801405 4.991147553
-2.406489249 11.05085632 3.893781398
-3.539497314 10.00583759 4.439693963
-3.14344295 12.28577294 0.8460467919
-2.406270057 12.06006082 2.488545801
-2.321758411 12.68829897 0.8610402403
-3.621519915 11.83927904 1.655935106
-1.954256919 12.62991996 1.718370864
-4.420135235 10.69586051 3.150441307
-2.831325998 11.40117206 3.217386646
-3.990574495 10.3860103 3.821811068
-4.049052027 11.30040494 2.429710685
-3.202624587 10.7196919 3.857071693
-3.233980719 11.67758415 2.461730236
9.745485182 16.55079372 1.265735333
7.962854745 14.98002611 3.391167022
8.287397115 16.61566917 1.224727784
4.534141545 10.95614459 5.856877655
6.127083053 12.92620399 4.874125716
5.36865761 16.03589489 1.119268166
6.629724539 14.95629298 3.277103592
6.796439013 16.4144918 1.174903274
7.484579165 15.89193411 2.334678645
0.3787276938 5.330982538 7.634188966
1.196340348 6.481013596 7.354440588
0 5.849721341 7.447937629
3.217734523 9.236976644 6.521603816
2.125967794 7.764044236 6.996631522
-0.7939720208 6.903976772 6.986233404
0.8098060979 7.041661851 7.125558917
-0.3922101453 6.377752553 7.231840071
0.3956554856 6.433777437 7.295367623
0.5824460562 14.07692767 0.9424175155
1.736178138 13.75551538 2.809195237
1.61981241 14.55164414 0.9789073883
0 13.52182901 1.821794023
3.53271057 10.96541477 5.716045775
2.745934017 12.60962304 4.44301457
4.207041349 11.89292397 5.277013773
3.977102483 15.54403208 1.07042337
2.818014627 14.12369642 2.914368837
2.753548247 15.04800983 1.021172502
4.691049701 15.33572856 2.144976162
2.238853779 14.46920503 1.968615828
-1.029269527 12.1320224 3.353208521
1.093470055 12.88875543 3.562364387
-0.5417469183 12.85523215 2.631423872
0.560489995 13.29999076 2.7224645
5.744300704 13.90008128 4.094237225
3.358815939 13.52526641 3.816801582
4.950073512 12.88323637 4.740732384
5.286238105 14.75323873 3.172107724
3.815183256 12.77002282 4.594804961
4.004446203 14.45965873 3.048214307
-2.543069949 9.010645158 5.568884968
-0.8651304073 9.350799494 5.779111909
-2.09399161 8.507649597 5.992084153
-2.232288421 9.780793361 5.115560744
2.805925753 9.941999946 6.144493883
0.8939977572 9.662813495 5.971947167
2.251751362 9.148609517 6.443523265
2.460504599 10.78072476 5.638545905
-1.223313033 7.458288727 6.690700371
-0.437622277 8.795689803 6.18056274
-1.65109178 7.984188025 6.366489955
-0.4128691226 7.546425066 6.775098512
-1.269317588 8.657343149 6.088085569
-1.488727745 11.33674208 4.029036439
-0.4754164352 10.18493434 5.343802723
-1.879706048 10.56374976 4.601433669
-0.5113354392 11.65761652 4.136790602
-1.359872253 9.985314434 5.233498012
1.265741083 7.71696385 6.9227533
0.4441927378 8.927748289 6.273357709
1.738011099 8.40450396 6.701644535
0.41759936 7.632884382 6.852720747
1.326018513 9.044070134 6.36004279
0 8.223529719 6.537464839
1.612940717 12.28263056 4.365201725
0.485094178 10.39226242 5.452583036
2.06013303 11.57773038 5.043110595
0.5253130338 11.97628295 4.249871717
1.441892201 10.58757319 5.549153568
0 11.06333142 4.842354903
0 -4.159804131 7.905552886
0 -2.935998094 8.144600565
0 -0.5806098247 8.377307628
0 -1.748248486 8.300303376
0 4.159804131 7.905552886
0 2.935998094 8.144600565
0 0.5806098247 8.377307628
0 1.748248486 8.300303376
-9.745485182 -16.55079372 -1.265735333
-7.962854745 -14.98002611 -3.391167022
-8.287397115 -16.61566917 -1.224727784
-4.534141545 -10.95614459 -5.856877655
-6.127083053 -12.92620399 -4.874125716
-5.36865761 -16.03589489 -1.119268166
-6.629724539 -14.95629298 -3.277103592
-6.796439013 -16.4144918 -1.174903274
-7.484579165 -15.89193411 -2.334678645
-0.3787276938 -5.330982538 -7.634188966
-1.196340348 -6.481013596 -7.354440588
-3.217734523 -9.236976644 -6.521603816
-2.125967794 -7.764044236 -6.996631522
-0.5824460562 -14.07692767 -0.9424175155
-1.736178138 -13.75551538 -2.809195237
-1.61981241 -14.55164414 -0.9789073883
-3.53271057 -10.96541477 -5.716045775
-2.745934017 -12.60962304 -4.44301457
-4.207041349 -11.89292397 -5.277013773
-3.977102483 -15.54403208 -1.07042337
-2.818014627 -14.12369642 -2.914368837
-2.753548247 -15.04800983 -1.021172502
-4.691049701 -15.33572856 -2.144976162
-2.238853779 -14.46920503 -1.968615828
-5.744300704 -13.90008128 -4.094237225
-3.358815939 -13.52526641 -3.816801582
-4.950073512 -12.88323637 -4.740732384
-5.286238105 -14.75323873 -3.172107724
-3.815183256 -12.77002282 -4.594804961
-4.004446203 -14.45965873 -3.048214307
6.307966253 -10.71284254 -0.8192732961
5.61231392 -10.55809904 -2.390134505
5.536284508 -11.09987497 -0.8181629723
3.840861555 -9.280926527 -4.96134847
4.764500185 -10.05158585 -3.790184118
3.975993207 -11.87608035 -0.8289227862
4.845266536 -10.93065413 -2.395037724
4.756846323 -11.48854787 -0.822318027
5.211409283 -11.06533462 -1.625604553
0.3761828157 -5.295160757 -7.582890683
1.165446049 -6.313647869 -7.164519477
0 -5.849721341 -7.447937629
2.907975413 -8.347767902 -5.893793727
2.009804812 -7.339816488 -6.614335241
-0.8098060979 -7.041661851 -7.125558917
0.7939720208 -6.903976772 -6.986233404
-0.3956554856 -6.433777437 -7.295367623
0.3922101453 -6.377752553 -7.231840071
0.560171097 -13.53857225 -0.9063758745
1.568855351 -12.42983853 -2.538461281
1.459015296 -13.10711738 -0.8817322575
0 -13.52182901 -1.821794023
3.084698831 -9.574801405 -4.991147553
2.406489249 -11.05085632 -3.893781398
3.539497314 -10.00583759 -4.439693963
3.14344295 -12.28577294 -0.8460467919
2.406270057 -12.06006082 -2.488545801
2.321758411 -12.68829897 -0.8610402403
3.621519915 -11.83927904 -1.655935106
1.954256919 -12.62991996 -1.718370864
-1.093470055 -12.88875543 -3.562364387
1.029269527 -12.1320224 -3.353208521
-0.560489995 -13.29999076 -2.7224645
0.5417469183 -12.85523215 -2.631423872
4.420135235 -10.69586051 -3.150441307
2.831325998 -11.40117206 -3.217386646
3.990574495 -10.3860103 -3.821811068
4.049052027 -11.30040494 -2.429710685
3.202624587 -10.7196919 -3.857071693
3.233980719 -11.67758415 -2.461730236
-2.805925753 -9.941999946 -6.144493883
-0.8939977572 -9.662813495 -5.971947167
-2.251751362 -9.148609517 -6.443523265
-2.460504599 -10.78072476 -5.638545905
2.543069949 -9.010645158 -5.568884968
0.8651304073 -9.350799494 -5.779111909
2.09399161 -8.507649597 -5.992084153
2.232288421 -9.780793361 -5.115560744
-1.265741083 -7.71696385 -6.9227533
-0.4441927378 -8.927748289 -6.273357709
-1.738011099 -8.40450396 -6.701644535
-0.41759936 -7.632884382 -6.852720747
-1.326018513 -9.044070134 -6.36004279
-1.612940717 -12.28263056 -4.365201725
-0.485094178 -10.39226242 -5.452583036
-2.06013303 -11.57773038 -5.043110595
-0.5253130338 -11.97628295 -4.249871717
-1.441892201 -10.58757319 -5.549153568
1.223313033 -7.458288727 -6.690700371
0.437622277 -8.795689803 -6.18056274
1.65109178 -7.984188025 -6.366489955
0.4128691226 -7.546425066 -6.775098512
1.269317588 -8.657343149 -6.088085569
0 -8.223529719 -6.537464839
1.488727745 -11.33674208 -4.029036439
0.4754164352 -10.18493434 -5.343802723
1.879706048 -10.56374976 -4.601433669
0.5113354392 -11.65761652 -4.136790602
1.359872253 -9.985314434 -5.233498012
0 -11.06333142 -4.842354903
-6.307966253 10.71284254 -0.8192732961
-5.61231392 10.55809904 -2.390134505
-5.536284508 11.09987497 -0.8181629723
-3.840861555 9.280926527 -4.96134847
-4.764500185 10.05158585 -3.790184118
-3.975993207 11.87608035 -0.8289227862
-4.845266536 10.93065413 -2.395037724
-4.756846323 11.48854787 -0.822318027
-5.211409283 11.06533462 -1.625604553
-0.3761828157 5.295160757 -7.582890683
-1.165446049 6.313647869 -7.164519477
-2.907975413 8.347767902 -5.893793727
-2.009804812 7.339816488 -6.614335241
-0.560171097 13.53857225 -0.9063758745
-1.568855351 12.42983853 -2.538461281
-1.459015296 13.10711738 -0.8817322575
-3.084698831 9.574801405 -4.991147553
-2.406489249 11.05085632 -3.893781398
-3.539497314 10.00583759 -4.439693963
-3.14344295 12.28577294 -0.8460467919
-2.406270057 12.06006082 -2.488545801
-2.321758411 12.68829897 -0.8610402403
-3.621519915 11.83927904 -1.655935106
-1.954256919 12.62991996 -1.718370864
-4.420135235 10.69586051 -3.150441307
-2.831325998 11.40117206 -3.217386646
-3.990574495 10.3860103 -3.821811068
-4.049052027 11.30040494 -2.429710685
-3.202624587 10.7196919 -3.857071693
-3.233980719 11.67758415 -2.461730236
9.745485182 16.55079372 -1.265735333
7.962854745 14.98002611 -3.391167022
8.287397115 16.61566917 -1.224727784
4.534141545 10.95614459 -5.856877655
6.127083053 12.92620399 -4.874125716
5.36865761 16.03589489 -1.119268166
6.629724539 14.95629298 -3.277103592
6.796439013 16.4144918 -1.174903274
7.484579165 15.89193411 -2.334678645
0.3787276938 5.330982538 -7.634188966
1.196340348 6.481013596 -7.354440588
0 5.849721341 -7.447937629
3.217734523 9.236976644 -6.521603816
2.125967794 7.764044236 -6.996631522
-0.7939720208 6.903976772 -6.986233404
0.8098060979 7.041661851 -7.125558917
-0.3922101453 6.377752553 -7.231840071
0.3956554856 6.433777437 -7.295367623
0.5824460562 14.07692767 -0.9424175155
1.736178138 13.75551538 -2.809195237
1.61981241 14.55164414 -0.9789073883
0 13.52182901 -1.821794023
3.53271057 10.96541477 -5.716045775
2.745934017 12.60962304 -4.44301457
4.207041349 11.89292397 -5.277013773
3.977102483 15.54403208 -1.07042337
2.818014627 14.12369642 -2.914368837
2.753548247 15.04800983 -1.021172502
4.691049701 15.33572856 -2.144976162
2.238853779 14.46920503 -1.968615828
-1.029269527 12.1320224 -3.353208521
1.093470055 12.88875543 -3.562364387
-0.5417469183 12.85523215 -2.631423872
0.560489995 13.29999076 -2.7224645
5.744300704 13.90008128 -4.094237225
3.358815939 13.52526641 -3.816801582
4.950073512 12.88323637 -4.740732384
5.286238105 14.75323873 -3.172107724
3.815183256 12.77002282 -4.594804961
4.004446203 14.45965873 -3.048214307
-2.543069949 9.010645158 -5.568884968
-0.8651304073 9.350799494 -5.779111909
-2.09399161 8.507649597 -5.992084153
-2.232288421 9.780793361 -5.115560744
2.805925753 9.941999946 -6.144493883
0.8939977572 9.662813495 -5.971947167
2.251751362 9.148609517 -6.443523265
2.460504599 10.78072476 -5.638545905
-1.223313033 7.458288727 -6.690700371
-0.437622277 8.795689803 -6.18056274
-1.65109178 7.984188025 -6.366489955
-0.4128691226 7.546425066 -6.775098512
-1.269317588 8.657343149 -6.088085569
-1.488727745 11.33674208 -4.029036439
-0.4754164352 10.18493434 -5.343802723
-1.879706048 10.56374976 -4.601433669
-0.5113354392 11.65761652 -4.136790602
-1.359872253 9.985314434 -5.233498012
1.265741083 7.71696385 -6.9227533
0.4441927378 8.927748289 -6.273357709
1.738011099 8.40450396 -6.701644535
0.41759936 7.632884382 -6.852720747
1.326018513 9.044070134 -6.36004279
0 8.223529719 -6.537464839
1.612940717 12.28263056 -4.365201725
0.485094178 10.39226242 -5.452583036
2.06013303 11.57773038 -5.043110595
0.5253130338 11.97628295 -4.249871717
1.441892201 10.58757319 -5.549153568
0 11.06333142 -4.842354903
0 -4.159804131 -7.905552886
0 -2.935998094 -8.144600565
0 -0.5806098247 -8.377307628
0 -1.748248486 -8.300303376
0 4.159804131 -7.905552886
0 2.935998094 -8.144600565
0 0.5806098247 -8.377307628
0 1.748248486 -8.300303376
11.38898832 16.30950549 -0.809105123
12.91905906 14.66012235 -2.38474914
10.60943677 15.90110542 -2.047337036
14.76593648 10.42522801 -5.143767857
13.99437702 12.61114651 -3.831971318
8.621731277 14.19871987 -4.056492858
11.89438866 14.05378627 -3.513173735
9.641231853 15.13801333 -3.143655553
11.31433144 15.0282678 -2.803661828
13.00576174 0.9946261463 -7.658089425
14.25605709 3.227275462 -7.578018293
15.1649865 8.106818036 -6.275948145
15.02529187 5.665635601 -7.122060837
4.949950905 10.16548013 -6.282612234
7.403005111 10.27637758 -6.351150628
5.743199718 11.09698923 -5.902635579
13.34177451 9.69312506 -5.990680745
10.20750453 10.16651252 -6.283250285
13.11526583 10.81181639 -5.447705954
7.577514238 13.12985828 -4.833962987
8.438683628 11.24979572 -5.897474204
6.625865773 12.09960914 -5.425889287
9.148033469 13.25968213 -4.704327178
7.050386292 11.20218415 -5.920061973
12.39242198 12.97604739 -4.219163473
9.961823174 11.21434194 -5.817502008
12.79499514 11.91295247 -4.851055688
10.77244885 13.21477954 -4.499578447
11.50510509 11.07439902 -5.671803786
9.593149029 12.24986797 -5.294487485
7.195934106 -10.30487726 -0.5112189938
8.377912046 -9.506978419 -1.546491773
6.884244882 -10.31789962 -1.328474812
10.48874016 -7.405389281 -3.653790911
9.48032062 -8.543267924 -2.595922395
6.107192071 -10.05764465 -2.873411409
7.966905396 -9.413277881 -2.353136726
6.516937315 -10.23245633 -2.124936574
7.440027851 -9.88222164 -1.843619502
12.47459094 -0.9540044298 -7.345323932
12.47638606 -2.824394876 -6.632007799
11.37153735 -6.078936112 -4.706049605
12.06771784 -4.550413555 -5.720156477
4.205533004 -8.636704285 -5.337776799
5.918265302 -8.215356868 -5.077369774
4.692482372 -9.066797069 -4.822749472
9.806401147 -7.12458996 -4.403238751
7.754850552 -7.723708079 -4.773514112
9.399947246 -7.749023547 -3.904468979
5.647327753 -9.785347906 -3.602629104
6.452841318 -8.602425432 -4.509644738
5.178516416 -9.456579214 -4.240661931
6.563805712 -9.513954839 -3.375401905
5.564154787 -8.840747722 -4.672104449
8.484510757 -8.884091735 -2.888663566
7.406302962 -8.337511366 -4.32513021
8.956018225 -8.338621333 -3.395557612
7.510732982 -9.213567117 -3.137181964
8.372077841 -8.058660041 -4.127279361
6.998496035 -8.936653872 -3.862490779
0.5938375601 -4.572231643 -7.765037999
1.762414466 -4.138354232 -7.785229848
0.9780437452 -5.068287775 -7.596197608
0.5835613919 -3.948799937 -7.917076071
4.171801351 -3.2296283 -7.803963389
2.940506221 -3.696401547 -7.798236128
1.793641284 -6.072647742 -7.175122313
2.175324861 -4.623468364 -7.614170523
1.380464978 -5.570942308 -7.3996076
1.579595272 -4.844437946 -7.606410395
0.5691177684 -2.729818046 -8.15382139
1.738948109 -3.517968422 -7.936342774
0.5759759296 -3.331836215 -8.046919589
1.164627467 -3.733595837 -7.927507712
10.98180544 -0.5448010087 -7.66863557
8.791733702 -1.430143548 -7.747611117
11.13005219 -1.433043015 -7.426124272
5.507643196 -2.717450209 -7.800837494
7.015460659 -2.131689138 -7.784938613
11.14654982 -3.184505374 -6.76839589
8.893068585 -2.223094501 -7.526627493
11.182867 -2.322304862 -7.122243269
9.940859899 -1.854559009 -7.484174836
3.630083803 -8.084516872 -5.873598976
4.069752713 -6.611549339 -6.584998216
3.156252619 -7.598628205 -6.264072271
4.453873546 -7.902153568 -5.770999312
4.707330305 -3.70881618 -7.61662043
4.424723425 -5.157530037 -7.159352892
4.053186737 -3.943706267 -7.62001465
2.24541682 -6.595182418 -6.905784823
3.577130245 -6.125436472 -6.895599123
2.690924309 -7.097499117 -6.608222098
2.442847994 -5.848426775 -7.17438268
3.379261485 -6.854743215 -6.59812848
6.174998031 -7.485006016 -5.549282876
4.884227267 -6.422610214 -6.516694738
5.304573095 -7.701680078 -5.662746498
4.680924098 -7.158882249 -6.165028499
2.804740923 -4.396592265 -7.618149113
3.759206267 -5.379040463 -7.170917771
3.417334801 -4.173104259 -7.620578525
2.629583142 -5.113486729 -7.411779681
3.915070184 -4.662579089 -7.408256426
3.100105339 -5.617120185 -7.17272091
0.5609786873 -0.3467038957 -8.379360818
1.698617289 -1.049803219 -8.317455454
0.5619672038 -0.929895373 -8.353749157
4.149721317 -2.564668818 -7.960645739
2.883877246 -1.782334158 -8.184669305
3.530585789 -2.814720794 -7.956960163
0.5676524021 -2.109083042 -8.243100249
1.703860813 -1.647528148 -8.257298309
0.5637991681 -1.520260493 -8.308151082
1.141990631 -2.497526502 -8.164779943
1.131160307 -1.286438163 -8.313958557
2.34026185 -3.283436463 -7.945272379
2.30802909 -2.031084071 -8.178761106
2.926024359 -3.055231661 -7.951653961
1.734236779 -2.890062174 -8.065807166
2.907598025 -2.414252486 -8.080885577
1.722982187 -2.263485694 -8.173222713
10.23921777 -6.328184597 -4.985856505
8.648707615 -5.345195265 -6.230447077
10.55303138 -5.613297192 -5.461676638
9.129077446 -6.667030602 -5.14540197
5.527533875 -3.416203809 -7.608187256
7.035794545 -4.348360167 -7.064163307
6.262492409 -3.15545658 -7.596711755
5.393978503 -4.162900888 -7.385903926
11.01159266 -4.054090316 -6.355019097
8.794807382 -4.610497021 -6.597150642
10.81583795 -4.850201242 -5.922859959
9.951289744 -3.530561468 -6.865528959
9.677231703 -5.114164403 -6.090617762
7.129747607 -7.234190955 -5.42198678
7.639474964 -5.663804078 -6.30243219
8.091522503 -6.968192113 -5.290742515
6.439061906 -6.721497046 -5.982072251
8.391820732 -6.17018014 -5.77991114
7.913337134 -2.573022584 -7.557417915
7.898298856 -4.097286287 -7.016145664
7.057722033 -2.87396451 -7.580280317
8.905252204 -3.032201996 -7.259400251
7.063635924 -3.617673238 -7.338355197
8.870743403 -3.834003766 -6.946880054
5.077175972 -5.649658222 -6.848216885
6.850349014 -5.134299333 -6.751447369
5.243235865 -4.911596857 -7.13112007
5.746365026 -6.185348252 -6.456654806
6.113897507 -4.642101845 -7.099508517
6.665684038 -5.932399173 -6.385594143
0.5992483583 4.613891896 -7.835789761
1.80626587 4.24132243 -7.978937549
0.9946822858 5.154509799 -7.72542459
0.5880166672 3.978947564 -7.977520018
4.368024858 3.381536058 -8.171028102
3.050974664 3.835267339 -8.091198951
1.864908364 6.313933374 -7.46021277
2.251779188 4.785965546 -7.881779417
1.417925561 5.722116549 -7.60040488
1.62147635 4.972882419 -7.80808526
0.5719955931 2.743621758 -8.195052345
1.774690408 3.590276662 -8.099466175
0.5796013375 3.352808039 -8.097569911
1.181531213 3.787786347 -8.042569895
11.20702639 0.5559740897 -7.825908198
9.178689315 1.493089275 -8.088611164
11.77219251 1.515721397 -7.85456915
10.03176542 0 -7.879098239
5.797314126 2.860372744 -8.211117495
7.384854408 2.24393161 -8.194848639
12.74020434 3.639803331 -7.736093054
9.533999554 2.383314801 -8.069077898
12.29246886 2.5527318 -7.828936321
10.60755245 1.978936647 -7.98610763
8.02996927 -0.9125905991 -7.935423584
8.22948433 0.9352651028 -8.132589533
8.973482322 -0.4866660173 -7.913705118
9.104995782 0.4937984916 -8.029686708
4.107557613 9.147893169 -6.646167829
4.518895352 7.341207608 -7.311726272
3.475015136 8.366043919 -6.896705868
5.178048434 9.18699947 -6.709331471
5.002490645 3.941367408 -8.094199891
4.809247852 5.605738002 -7.781526485
4.28455336 4.168823454 -8.054985246
2.371861776 6.966573397 -7.294666588
3.882996186 6.649197773 -7.485213917
2.895753711 7.637750842 -7.111230739
2.571776194 6.15709401 -7.553030981
3.696057152 7.49735491 -7.216683311
7.557463001 9.160756934 -6.791662087
5.525418822 7.265757595 -7.372193346
6.332526798 9.194160323 -6.760109307
5.369166781 8.211462514 -7.071481085
2.926603151 4.587618298 -7.949147467
4.045953683 5.789346748 -7.717906151
3.590254861 4.384266899 -8.006186308
2.756916677 5.36109949 -7.770683757
4.176949658 4.974459515 -7.903795512
3.301787978 5.982551516 -7.639354499
0.5613281606 0.3469198821 -8.384580915
1.708412712 1.055857123 -8.365419755
0.5629100709 0.931455549 -8.367765056
1.129144777 0 -8.380806174
4.30072408 2.657993658 -8.250322902
2.93281443 1.812579 -8.323556862
3.650191472 2.910075113 -8.226518167
0.5698511168 2.117252252 -8.275028636
1.719435167 1.662587587 -8.332775183
0.5653557932 1.524457867 -8.331089529
1.152643783 2.520824879 -8.240945749
1.136475421 1.292482899 -8.353024317
2.301032087 -0.7063032887 -8.325212298
2.313118378 0.7100131837 -8.368940911
1.711512777 -0.3523593376 -8.361212465
1.714828242 0.3530419122 -8.377409426
2.401031771 3.368697937 -8.151588427
2.343678301 2.062455662 -8.305088101
3.014844877 3.147974313 -8.193029267
1.763079613 2.938128035 -8.199953058
2.97585932 2.470931573 -8.270599459
1.745049872 2.292476063 -8.277904067
13.477266 8.329408461 -6.562582794
10.40229478 6.428971736 -7.493714669
13.46821502 7.163921985 -6.970417565
11.87182152 8.670076231 -6.691288819
5.904605815 3.649247084 -8.127195189
7.880228795 4.870249234 -7.912002369
6.711379931 3.38163571 -8.14123443
5.844903779 4.510910661 -8.003349985
13.09791468 4.82220245 -7.559078922
10.2851122 5.391758691 -7.715056348
13.34167817 5.982876624 -7.306035076
11.3530702 4.02789118 -7.832636196
11.79693751 6.234373603 -7.424709807
8.937969039 9.06890094 -6.797091936
9.081594216 6.732971912 -7.492155155
10.34912599 8.912376884 -6.766904603
7.710737521 8.048951885 -7.163495185
10.41206401 7.655586625 -7.171364435
8.500723168 2.764011228 -8.11838501
8.908526154 4.621347294 -7.913541673
7.578605509 3.086072697 -8.139730341
9.820488738 3.343836297 -8.005484491
7.744512368 3.966387203 -8.045712321
10.07267459 4.353487702 -7.888139587
5.659913392 6.298102806 -7.634227114
7.837765018 5.874362258 -7.724607594
5.763367193 5.398829448 -7.83853035
6.614983333 7.120323093 -7.43264024
6.789033035 5.154712317 -7.883481495
7.802574599 6.944221604 -7.474712929
4.921229274 -2.247313484 -7.962716232
5.063289904 -0.7579721808 -8.192575159
5.607769061 -1.959688993 -7.961993352
4.231935985 -1.846699154 -8.091330248
5.107721141 2.332476289 -8.264466412
5.127208881 0.7675408225 -8.295998237
5.819014848 2.033510872 -8.261923241
4.34296148 1.895147592 -8.303607549
7.13226279 -1.30404734 -7.950509246
5.753885015 -0.4074108407 -8.188475691
6.345726489 -1.645706962 -7.95814865
7.251612873 -0.4419075293 -8.077189292
5.690751652 -1.186476616 -8.09232874
2.938383778 -1.085731917 -8.267907113
4.33846302 -0.3859754429 -8.268823396
3.568414825 -1.457713272 -8.192194864
2.954732681 -0.3652250449 -8.326537123
4.295232713 -1.116073375 -8.19514006
7.358606596 1.345431547 -8.202820269
5.798018148 0.4105357409 -8.251282488
6.572608823 1.70454685 -8.242680821
7.328454273 0.4465901833 -8.162778878
5.8193718 1.213292897 -8.275228397
6.503195256 0 -8.180421735
2.968968431 1.097032937 -8.35396499
4.362045256 0.3880734587 -8.313769577
3.629724393 1.482758502 -8.332946417
2.96501849 0.3664964408 -8.355522882
4.363167465 1.133725542 -8.324756973
3.642965033 0 -8.323084598
11.38898832 16.30950549 0.809105123
12.91905906 14.66012235 2.38474914
10.60943677 15.90110542 2.047337036
12.51310806 15.93184409 0
14.76593648 10.42522801 5.143767857
13.99437702 12.61114651 3.831971318
8.621731277 14.19871987 4.056492858
11.89438866 14.05378627 3.513173735
9.641231853 15.13801333 3.143655553
11.31433144 15.0282678 2.803661828
14.23671478 14.40633647 -1.637252496
14.23671478 14.40633647 1.637252496
13.4598923 15.26239654 -0.8277377136
13.4598923 15.26239654 0.8277377136
13.00576174 0.9946261463 7.658089425
14.25605709 3.227275462 7.578018293
15.1649865 8.106818036 6.275948145
15.02529187 5.665635601 7.122060837
4.949950905 10.16548013 6.282612234
7.403005111 10.27637758 6.351150628
5.743199718 11.09698923 5.902635579
13.34177451 9.69312506 5.990680745
10.20750453 10.16651252 6.283250285
13.11526583 10.81181639 5.447705954
7.577514238 13.12985828 4.833962987
8.438683628 11.24979572 5.897474204
6.625865773 12.09960914 5.425889287
9.148033469 13.25968213 4.704327178
7.050386292 11.20218415 5.920061973
12.39242198 12.97604739 4.219163473
9.961823174 11.21434194 5.817502008
12.79499514 11.91295247 4.851055688
10.77244885 13.21477954 4.499578447
11.50510509 11.07439902 5.671803786
9.593149029 12.24986797 5.294487485
16.40115856 10.13647345 -4.628890911
18.4505174 11.40304686 -1.707030896
15.98273297 11.25691413 -3.933837231
16.40115856 10.13647345 4.628890911
18.4505174 11.40304686 1.707030896
15.98273297 11.25691413 3.933837231
14.92648686 13.3902903 -2.448251413
17.61786926 12.37973925 -0.876562525
15.48783534 12.34980286 -3.202810047
15.49861515 13.91448845 -0.8479378754
16.98703644 11.9457586 -2.490595989
14.92648686 13.3902903 2.448251413
17.61786926 12.37973925 0.876562525
15.48783534 12.34980286 3.202810047
15.49861515 13.91448845 0.8479378754
16.98703644 11.9457586 2.490595989
16.64254108 13.23033185 0
7.195934106 -10.30487726 0.5112189938
8.377912046 -9.506978419 1.546491773
6.884244882 -10.31789962 1.328474812
7.851996134 -9.997258683 0
10.48874016 -7.405389281 3.653790911
9.48032062 -8.543267924 2.595922395
6.107192071 -10.05764465 2.873411409
7.966905396 -9.413277881 2.353136726
6.516937315 -10.23245633 2.124936574
7.440027851 -9.88222164 1.843619502
9.134146908 -9.242974644 -1.050446332
9.134146908 -9.242974644 1.050446332
8.502519431 -9.641148699 -0.5228761
8.502519431 -9.641148699 0.5228761
12.47459094 -0.9540044298 7.345323932
12.47638606 -2.824394876 6.632007799
11.37153735 -6.078936112 4.706049605
12.06771784 -4.550413555 5.720156477
4.205533004 -8.636704285 5.337776799
5.918265302 -8.215356868 5.077369774
4.692482372 -9.066797069 4.822749472
9.806401147 -7.12458996 4.403238751
7.754850552 -7.723708079 4.773514112
9.399947246 -7.749023547 3.904468979
5.647327753 -9.785347906 3.602629104
6.452841318 -8.602425432 4.509644738
5.178516416 -9.456579214 4.240661931
6.563805712 -9.513954839 3.375401905
5.564154787 -8.840747722 4.672104449
8.484510757 -8.884091735 2.888663566
7.406302962 -8.337511366 4.32513021
8.956018225 -8.338621333 3.395557612
7.510732982 -9.213567117 3.137181964
8.372077841 -8.058660041 4.127279361
6.998496035 -8.936653872 3.862490779
11.54943767 -7.137945028 -3.259592109
12.28990208 -7.595577201 -1.13705443
10.98137347 -7.734370483 -2.702850375
11.54943767 -7.137945028 3.259592109
12.28990208 -7.595577201 1.13705443
10.98137347 -7.734370483 2.702850375
9.784000647 -8.777055858 -1.60477771
11.50958827 -8.087567206 -0.5726500523
10.38785139 -8.283140544 -2.148157833
9.92560691 -8.911102147 -0.5430354878
11.32988549 -7.967492012 -1.661158936
9.784000647 -8.777055858 1.60477771
11.50958827 -8.087567206 0.5726500523
10.38785139 -8.283140544 2.148157833
9.92560691 -8.911102147 0.5430354878
11.32988549 -7.967492012 1.661158936
10.72380946 -8.525113872 0
0.5938375601 -4.572231643 7.765037999
1.762414466 -4.138354232 7.785229848
0.9780437452 -5.068287775 7.596197608
0.5835613919 -3.948799937 7.917076071
4.171801351 -3.2296283 7.803963389
2.940506221 -3.696401547 7.798236128
1.793641284 -6.072647742 7.175122313
2.175324861 -4.623468364 7.614170523
1.380464978 -5.570942308 7.3996076
1.579595272 -4.844437946 7.606410395
0.5691177684 -2.729818046 8.15382139
1.738948109 -3.517968422 7.936342774
0.5759759296 -3.331836215 8.046919589
1.164627467 -3.733595837 7.927507712
10.98180544 -0.5448010087 7.66863557
8.791733702 -1.430143548 7.747611117
11.13005219 -1.433043015 7.426124272
5.507643196 -2.717450209 7.800837494
7.015460659 -2.131689138 7.784938613
11.14654982 -3.184505374 6.76839589
8.893068585 -2.223094501 7.526627493
11.182867 -2.322304862 7.122243269
9.940859899 -1.854559009 7.484174836
3.630083803 -8.084516872 5.873598976
4.069752713 -6.611549339 6.584998216
3.156252619 -7.598628205 6.264072271
4.453873546 -7.902153568 5.770999312
4.707330305 -3.70881618 7.61662043
4.424723425 -5.157530037 7.159352892
4.053186737 -3.943706267 7.62001465
2.24541682 -6.595182418 6.905784823
3.577130245 -6.125436472 6.895599123
2.690924309 -7.097499117 6.608222098
2.442847994 -5.848426775 7.17438268
3.379261485 -6.854743215 6.59812848
6.174998031 -7.485006016 5.549282876
4.884227267 -6.422610214 6.516694738
5.304573095 -7.701680078 5.662746498
4.680924098 -7.158882249 6.165028499
2.804740923 -4.396592265 7.618149113
3.759206267 -5.379040463 7.170917771
3.417334801 -4.173104259 7.620578525
2.629583142 -5.113486729 7.411779681
3.915070184 -4.662579089 7.408256426
3.100105339 -5.617120185 7.17272091
0.5609786873 -0.3467038957 8.379360818
1.698617289 -1.049803219 8.317455454
0.5619672038 -0.929895373 8.353749157
4.149721317 -2.564668818 7.960645739
2.883877246 -1.782334158 8.184669305
3.530585789 -2.814720794 7.956960163
0.5676524021 -2.109083042 8.243100249
1.703860813 -1.647528148 8.257298309
0.5637991681 -1.520260493 8.308151082
1.141990631 -2.497526502 8.164779943
1.131160307 -1.286438163 8.313958557
2.34026185 -3.283436463 7.945272379
2.30802909 -2.031084071 8.178761106
2.926024359 -3.055231661 7.951653961
1.734236779 -2.890062174 8.065807166
2.907598025 -2.414252486 8.080885577
1.722982187 -2.263485694 8.173222713
10.23921777 -6.328184597 4.985856505
8.648707615 -5.345195265 6.230447077
10.55303138 -5.613297192 5.461676638
9.129077446 -6.667030602 5.14540197
5.527533875 -3.416203809 7.608187256
7.035794545 -4.348360167 7.064163307
6.262492409 -3.15545658 7.596711755
5.393978503 -4.162900888 7.385903926
11.01159266 -4.054090316 6.355019097
8.794807382 -4.610497021 6.597150642
10.81583795 -4.850201242 5.922859959
9.951289744 -3.530561468 6.865528959
9.677231703 -5.114164403 6.090617762
7.129747607 -7.234190955 5.42198678
7.639474964 -5.663804078 6.30243219
8.091522503 -6.968192113 5.290742515
6.439061906 -6.721497046 5.982072251
8.391820732 -6.17018014 5.77991114
7.913337134 -2.573022584 7.557417915
7.898298856 -4.097286287 7.016145664
7.057722033 -2.87396451 7.580280317
8.905252204 -3.032201996 7.259400251
7.063635924 -3.617673238 7.338355197
8.870743403 -3.834003766 6.946880054
5.077175972 -5.649658222 6.848216885
6.850349014 -5.134299333 6.751447369
5.243235865 -4.911596857 7.13112007
5.746365026 -6.185348252 6.456654806
6.113897507 -4.642101845 7.099508517
6.665684038 -5.932399173 6.385594143
0.5992483583 4.613891896 7.835789761
1.80626587 4.24132243 7.978937549
0.9946822858 5.154509799 7.72542459
0.5880166672 3.978947564 7.977520018
4.368024858 3.381536058 8.171028102
3.050974664 3.835267339 8.091198951
1.864908364 6.313933374 7.46021277
2.251779188 4.785965546 7.881779417
1.417925561 5.722116549 7.60040488
1.62147635 4.972882419 7.80808526
0.5719955931 2.743621758 8.195052345
1.774690408 3.590276662 8.099466175
0.5796013375 3.352808039 8.097569911
1.181531213 3.787786347 8.042569895
11.20702639 0.5559740897 7.825908198
9.178689315 1.493089275 8.088611164
11.77219251 1.515721397 7.85456915
10.03176542 0 7.879098239
5.797314126 2.860372744 8.211117495
7.384854408 2.24393161 8.194848639
12.74020434 3.639803331 7.736093054
9.533999554 2.383314801 8.069077898
12.29246886 2.5527318 7.828936321
10.60755245 1.978936647 7.98610763
8.02996927 -0.9125905991 7.935423584
8.22948433 0.9352651028 8.132589533
8.973482322 -0.4866660173 7.913705118
9.104995782 0.4937984916 8.029686708
4.107557613 9.147893169 6.646167829
4.518895352 7.341207608 7.311726272
3.475015136 8.366043919 6.896705868
5.178048434 9.18699947 6.709331471
5.002490645 3.941367408 8.094199891
4.809247852 5.605738002 7.781526485
4.28455336 4.168823454 8.054985246
2.371861776 6.966573397 7.294666588
3.882996186 6.649197773 7.485213917
2.895753711 7.637750842 7.111230739
2.571776194 6.15709401 7.553030981
3.696057152 7.49735491 7.216683311
7.557463001 9.160756934 6.791662087
5.525418822 7.265757595 7.372193346
6.332526798 9.194160323 6.760109307
5.369166781 8.211462514 7.071481085
2.926603151 4.587618298 7.949147467
4.045953683 5.789346748 7.717906151
3.590254861 4.384266899 8.006186308
2.756916677 5.36109949 7.770683757
4.176949658 4.974459515 7.903795512
3.301787978 5.982551516 7.639354499
0.5613281606 0.3469198821 8.384580915
1.708412712 1.055857123 8.365419755
0.5629100709 0.931455549 8.367765056
1.129144777 0 8.380806174
4.30072408 2.657993658 8.250322902
2.93281443 1.812579 8.323556862
3.650191472 2.910075113 8.226518167
0.5698511168 2.117252252 8.275028636
1.719435167 1.662587587 8.332775183
0.5653557932 1.524457867 8.331089529
1.152643783 2.520824879 8.240945749
1.136475421 1.292482899 8.353024317
2.301032087 -0.7063032887 8.325212298
2.313118378 0.7100131837 8.368940911
1.711512777 -0.3523593376 8.361212465
1.714828242 0.3530419122 8.377409426
2.401031771 3.368697937 8.151588427
2.343678301 2.062455662 8.305088101
3.014844877 3.147974313 8.193029267
1.763079613 2.938128035 8.199953058
2.97585932 2.470931573 8.270599459
1.745049872 2.292476063 8.277904067
13.477266 8.329408461 6.562582794
10.40229478 6.428971736 7.493714669
13.46821502 7.163921985 6.970417565
11.87182152 8.670076231 6.691288819
5.904605815 3.649247084 8.127195189
7.880228795 4.870249234 7.912002369
6.711379931 3.38163571 8.14123443
5.844903779 4.510910661 8.003349985
13.09791468 4.82220245 7.559078922
10.2851122 5.391758691 7.715056348
13.34167817 5.982876624 7.306035076
11.3530702 4.02789118 7.832636196
11.79693751 6.234373603 7.424709807
8.937969039 9.06890094 6.797091936
9.081594216 6.732971912 7.492155155
10.34912599 8.912376884 6.766904603
7.710737521 8.048951885 7.163495185
10.41206401 7.655586625 7.171364435
8.500723168 2.764011228 8.11838501
8.908526154 4.621347294 7.913541673
7.578605509 3.086072697 8.139730341
9.820488738 3.343836297 8.005484491
7.744512368 3.966387203 8.045712321
10.07267459 4.353487702 7.888139587
5.659913392 6.298102806 7.634227114
7.837765018 5.874362258 7.724607594
5.763367193 5.398829448 7.83853035
6.614983333 7.120323093 7.43264024
6.789033035 5.154712317 7.883481495
7.802574599 6.944221604 7.474712929
4.921229274 -2.247313484 7.962716232
5.063289904 -0.7579721808 8.192575159
5.607769061 -1.959688993 7.961993352
4.231935985 -1.846699154 8.091330248
5.107721141 2.332476289 8.264466412
5.127208881 0.7675408225 8.295998237
5.819014848 2.033510872 8.261923241
4.34296148 1.895147592 8.303607549
7.13226279 -1.30404734 7.950509246
5.753885015 -0.4074108407 8.188475691
6.345726489 -1.645706962 7.95814865
7.251612873 -0.4419075293 8.077189292
5.690751652 -1.186476616 8.09232874
2.938383778 -1.085731917 8.267907113
4.33846302 -0.3859754429 8.268823396
3.568414825 -1.457713272 8.192194864
2.954732681 -0.3652250449 8.326537123
4.295232713 -1.116073375 8.19514006
7.358606596 1.345431547 8.202820269
5.798018148 0.4105357409 8.251282488
6.572608823 1.70454685 8.242680821
7.328454273 0.4465901833 8.162778878
5.8193718 1.213292897 8.275228397
6.503195256 0 8.180421735
2.968968431 1.097032937 8.35396499
4.362045256 0.3880734587 8.313769577
3.629724393 1.482758502 8.332946417
2.96501849 0.3664964408 8.355522882
4.363167465 1.133725542 8.324756973
3.642965033 0 8.323084598
13.95173903 0 -7.341232485
17.90937523 0 -6.45604301
14.83251983 1.093293261 -7.398015738
14.07524517 -1.037475147 -7.020309864
24.14954901 0 -1.673743647
21.99080869 0 -4.631806364
16.31471638 3.574750488 -7.231877285
19.27010412 1.345008448 -6.451438591
15.6527628 2.299542068 -7.371937327
16.94615071 1.212957928 -7.016572992
13.85518879 -3.035838426 -6.141634509
17.71875897 -1.236728165 -5.932063714
14.03894181 -2.062456175 -6.611880632
15.85474341 -1.134838055 -6.564674556
13.95173903 0 7.341232485
17.90937523 0 6.45604301
14.83251983 1.093293261 7.398015738
14.07524517 -1.037475147 7.020309864
24.14954901 0 1.673743647
21.99080869 0 4.631806364
16.31471638 3.574750488 7.231877285
19.27010412 1.345008448 6.451438591
15.6527628 2.299542068 7.371937327
16.94615071 1.212957928 7.016572992
13.85518879 -3.035838426 6.141634509
17.71875897 -1.236728165 5.932063714
14.03894181 -2.062456175 6.611880632
15.85474341 -1.134838055 6.564674556
16.78450018 8.749415621 -5.407436235
20.61803592 7.26478767 -4.489885701
16.97288088 7.531043363 -6.004041715
18.17761512 9.50727522 -4.148710465
25.70053203 1.72059075 -1.063383565
24.59800013 5.023482066 -3.104682659
25.07522461 1.686841871 -2.79124198
16.79117265 4.945801591 -6.939063371
20.94410838 5.910383099 -5.201184429
16.98931624 6.251674607 -6.52773588
18.62655333 4.004912737 -6.674086808
18.90992901 6.804015691 -5.649547034
20.04676963 10.51808275 -0.9357511238
22.00874366 7.821826545 -2.890162542
19.32600392 10.12913552 -2.631954824
20.06356364 8.739430536 -3.570096108
21.73739552 1.49692281 -5.561739016
23.0521158 4.756712826 -4.599447452
23.7408155 1.611074702 -4.344194456
20.41834725 2.855871369 -6.245773156
24.66201697 3.355404589 -3.816011301
20.9771337 4.422151331 -5.809390457
12.1925386 -6.355720253 -3.928051139
15.06479815 -5.308098226 -3.280585119
12.69605584 -5.633371717 -4.49114381
12.79838665 -6.693825534 -2.920999277
22.51770007 -1.507507565 -0.9316909135
18.55532677 -3.789428034 -2.341995323
22.0413509 -1.482749374 -2.453527132
13.54902837 -3.990835391 -5.599225762
15.8386706 -4.469639353 -3.933318403
13.15595323 -4.841085869 -5.054858403
15.26702855 -3.282578157 -5.470334315
14.1821427 -5.102902364 -4.237069434
13.44981204 -7.056809581 -0.6278157014
15.63527213 -5.556718206 -2.053205696
13.22887492 -6.933511313 -1.801603751
14.16597699 -6.170517565 -2.520683774
19.58336866 -1.348588022 -5.010608812
17.76577777 -3.665897903 -3.544696807
21.05598681 -1.42887963 -3.85291319
17.28078586 -2.417027243 -5.286023747
19.83250153 -2.698322149 -3.068729132
16.61735491 -3.503074308 -4.601996841
16.78450018 8.749415621 5.407436235
20.61803592 7.26478767 4.489885701
16.97288088 7.531043363 6.004041715
18.17761512 9.50727522 4.148710465
25.70053203 1.72059075 1.063383565
24.59800013 5.023482066 3.104682659
25.07522461 1.686841871 2.79124198
26.30877929 3.544577946 0
16.79117265 4.945801591 6.939063371
20.94410838 5.910383099 5.201184429
16.98931624 6.251674607 6.52773588
18.62655333 4.004912737 6.674086808
18.90992901 6.804015691 5.649547034
20.04676963 10.51808275 0.9357511238
22.00874366 7.821826545 2.890162542
19.32600392 10.12913552 2.631954824
21.5758553 9.443624594 0
20.06356364 8.739430536 3.570096108
21.73739552 1.49692281 5.561739016
23.0521158 4.756712826 4.599447452
23.7408155 1.611074702 4.344194456
20.41834725 2.855871369 6.245773156
24.66201697 3.355404589 3.816011301
20.9771337 4.422151331 5.809390457
24.02522264 6.64040822 -2.038277602
24.02522264 6.64040822 2.038277602
25.61161038 5.242612671 -1.079327921
22.93780134 8.139646799 -1.006115676
25.61161038 5.242612671 1.079327921
22.93780134 8.139646799 1.006115676
12.1925386 -6.355720253 3.928051139
15.06479815 -5.308098226 3.280585119
12.69605584 -5.633371717 4.49114381
12.79838665 -6.693825534 2.920999277
22.51770007 -1.507507565 0.9316909135
18.55532677 -3.789428034 2.341995323
22.0413509 -1.482749374 2.453527132
20.77277941 -2.7987135 0
13.54902837 -3.990835391 5.599225762
15.8386706 -4.469639353 3.933318403
13.15595323 -4.841085869 5.054858403
15.26702855 -3.282578157 5.470334315
14.1821427 -5.102902364 4.237069434
13.44981204 -7.056809581 0.6278157014
15.63527213 -5.556718206 2.053205696
13.22887492 -6.933511313 1.801603751
14.67806752 -6.424503571 0
14.16597699 -6.170517565 2.520683774
19.58336866 -1.348588022 5.010608812
17.76577777 -3.665897903 3.544696807
21.05598681 -1.42887963 3.85291319
17.28078586 -2.417027243 5.286023747
19.83250153 -2.698322149 3.068729132
16.61735491 -3.503074308 4.601996841
17.30198821 -4.782151927 -1.46788463
17.30198821 -4.782151927 1.46788463
18.99565723 -3.888348753 -0.800517536
15.97281679 -5.668071023 -0.7006121086
18.99565723 -3.888348753 0.800517536
15.97281679 -5.668071023 0.7006121086
-7.195934106 10.30487726 -0.5112189938
-8.377912046 9.506978419 -1.546491773
-6.884244882 10.31789962 -1.328474812
-10.48874016 7.405389281 -3.653790911
-9.48032062 8.543267924 -2.595922395
-6.107192071 10.05764465 -2.873411409
-7.966905396 9.413277881 -2.353136726
-6.516937315 10.23245633 -2.124936574
-7.440027851 9.88222164 -1.843619502
-12.47459094 0.9540044298 -7.345323932
-12.47638606 2.824394876 -6.632007799
-11.37153735 6.078936112 -4.706049605
-12.06771784 4.550413555 -5.720156477
-4.205533004 8.636704285 -5.337776799
-5.918265302 8.215356868 -5.077369774
-4.692482372 9.066797069 -4.822749472
-9.806401147 7.12458996 -4.403238751
-7.754850552 7.723708079 -4.773514112
-9.399947246 7.749023547 -3.904468979
-5.647327753 9.785347906 -3.602629104
-6.452841318 8.602425432 -4.509644738
-5.178516416 9.456579214 -4.240661931
-6.563805712 9.513954839 -3.375401905
-5.564154787 8.840747722 -4.672104449
-8.484510757 8.884091735 -2.888663566
-7.406302962 8.337511366 -4.32513021
-8.956018225 8.338621333 -3.395557612
-7.510732982 9.213567117 -3.137181964
-8.372077841 8.058660041 -4.127279361
-6.998496035 8.936653872 -3.862490779
-11.38898832 -16.30950549 -0.809105123
-12.91905906 -14.66012235 -2.38474914
-10.60943677 -15.90110542 -2.047337036
-14.76593648 -10.42522801 -5.143767857
-13.99437702 -12.61114651 -3.831971318
-8.621731277 -14.19871987 -4.056492858
-11.89438866 -14.05378627 -3.513173735
-9.641231853 -15.13801333 -3.143655553
-11.31433144 -15.0282678 -2.803661828
-13.00576174 -0.9946261463 -7.658089425
-14.25605709 -3.227275462 -7.578018293
-15.1649865 -8.106818036 -6.275948145
-15.02529187 -5.665635601 -7.122060837
-4.949950905 -10.16548013 -6.282612234
-7.403005111 -10.27637758 -6.351150628
-5.743199718 -11.09698923 -5.902635579
-13.34177451 -9.69312506 -5.990680745
-10.20750453 -10.16651252 -6.283250285
-13.11526583 -10.81181639 -5.447705954
-7.577514238 -13.12985828 -4.833962987
-8.438683628 -11.24979572 -5.897474204
-6.625865773 -12.09960914 -5.425889287
-9.148033469 -13.25968213 -4.704327178
-7.050386292 -11.20218415 -5.920061973
-12.39242198 -12.97604739 -4.219163473
-9.961823174 -11.21434194 -5.817502008
-12.79499514 -11.91295247 -4.851055688
-10.77244885 -13.21477954 -4.499578447
-11.50510509 -11.07439902 -5.671803786
-9.593149029 -12.24986797 -5.294487485
-0.5992483583 -4.613891896 -7.835789761
-1.80626587 -4.24132243 -7.978937549
-0.9946822858 -5.154509799 -7.72542459
-0.5880166672 -3.978947564 -7.977520018
-4.368024858 -3.381536058 -8.171028102
-3.050974664 -3.835267339 -8.091198951
-1.864908364 -6.313933374 -7.46021277
-2.251779188 -4.785965546 -7.881779417
-1.417925561 -5.722116549 -7.60040488
-1.62147635 -4.972882419 -7.80808526
-0.5719955931 -2.743621758 -8.195052345
-1.774690408 -3.590276662 -8.099466175
-0.5796013375 -3.352808039 -8.097569911
-1.181531213 -3.787786347 -8.042569895
-11.20702639 -0.5559740897 -7.825908198
-9.178689315 -1.493089275 -8.088611164
-11.77219251 -1.515721397 -7.85456915
-5.797314126 -2.860372744 -8.211117495
-7.384854408 -2.24393161 -8.194848639
-12.74020434 -3.639803331 -7.736093054
-9.533999554 -2.383314801 -8.069077898
-12.29246886 -2.5527318 -7.828936321
-10.60755245 -1.978936647 -7.98610763
-4.107557613 -9.147893169 -6.646167829
-4.518895352 -7.341207608 -7.311726272
-3.475015136 -8.366043919 -6.896705868
-5.178048434 -9.18699947 -6.709331471
-5.002490645 -3.941367408 -8.094199891
-4.809247852 -5.605738002 -7.781526485
-4.28455336 -4.168823454 -8.054985246
-2.371861776 -6.966573397 -7.294666588
-3.882996186 -6.649197773 -7.485213917
-2.895753711 -7.637750842 -7.111230739
-2.571776194 -6.15709401 -7.553030981
-3.696057152 -7.49735491 -7.216683311
-7.557463001 -9.160756934 -6.791662087
-5.525418822 -7.265757595 -7.372193346
-6.332526798 -9.194160323 -6.760109307
-5.369166781 -8.211462514 -7.071481085
-2.926603151 -4.587618298 -7.949147467
-4.045953683 -5.789346748 -7.717906151
-3.590254861 -4.384266899 -8.006186308
-2.756916677 -5.36109949 -7.770683757
-4.176949658 -4.974459515 -7.903795512
-3.301787978 -5.982551516 -7.639354499
-0.5613281606 -0.3469198821 -8.384580915
-1.708412712 -1.055857123 -8.365419755
-0.5629100709 -0.931455549 -8.367765056
-4.30072408 -2.657993658 -8.250322902
-2.93281443 -1.812579 -8.323556862
-3.650191472 -2.910075113 -8.226518167
-0.5698511168 -2.117252252 -8.275028636
-1.719435167 -1.662587587 -8.332775183
-0.5653557932 -1.524457867 -8.331089529
-1.152643783 -2.520824879 -8.240945749
-1.136475421 -1.292482899 -8.353024317
-2.401031771 -3.368697937 -8.151588427
-2.343678301 -2.062455662 -8.305088101
-3.014844877 -3.147974313 -8.193029267
-1.763079613 -2.938128035 -8.199953058
-2.97585932 -2.470931573 -8.270599459
-1.745049872 -2.292476063 -8.277904067
-13.477266 -8.329408461 -6.562582794
-10.40229478 -6.428971736 -7.493714669
-13.46821502 -7.163921985 -6.970417565
-11.87182152 -8.670076231 -6.691288819
-5.904605815 -3.649247084 -8.127195189
-7.880228795 -4.870249234 -7.912002369
-6.711379931 -3.38163571 -8.14123443
-5.844903779 -4.510910661 -8.003349985
-13.09791468 -4.82220245 -7.559078922
-10.2851122 -5.391758691 -7.715056348
-13.34167817 -5.982876624 -7.306035076
-11.3530702 -4.02789118 -7.832636196
-11.79693751 -6.234373603 -7.424709807
-8.937969039 -9.06890094 -6.797091936
-9.081594216 -6.732971912 -7.492155155
-10.34912599 -8.912376884 -6.766904603
-7.710737521 -8.048951885 -7.163495185
-10.41206401 -7.655586625 -7.171364435
-8.500723168 -2.764011228 -8.11838501
-8.908526154 -4.621347294 -7.913541673
-7.578605509 -3.086072697 -8.139730341
-9.820488738 -3.343836297 -8.005484491
-7.744512368 -3.966387203 -8.045712321
-10.07267459 -4.353487702 -7.888139587
-5.659913392 -6.298102806 -7.634227114
-7.837765018 -5.874362258 -7.724607594
-5.763367193 -5.398829448 -7.83853035
-6.614983333 -7.120323093 -7.43264024
-6.789033035 -5.154712317 -7.883481495
-7.802574599 -6.944221604 -7.474712929
-0.5938375601 4.572231643 -7.765037999
-1.762414466 4.138354232 -7.785229848
-0.9780437452 5.068287775 -7.596197608
-0.5835613919 3.948799937 -7.917076071
-4.171801351 3.2296283 -7.803963389
-2.940506221 3.696401547 -7.798236128
-1.793641284 6.072647742 -7.175122313
-2.175324861 4.623468364 -7.614170523
-1.380464978 5.570942308 -7.3996076
-1.579595272 4.844437946 -7.606410395
-0.5691177684 2.729818046 -8.15382139
-1.738948109 3.517968422 -7.936342774
-0.5759759296 3.331836215 -8.046919589
-1.164627467 3.733595837 -7.927507712
-10.98180544 0.5448010087 -7.66863557
-8.791733702 1.430143548 -7.747611117
-11.13005219 1.433043015 -7.426124272
-10.03176542 0 -7.879098239
-5.507643196 2.717450209 -7.800837494
-7.015460659 2.131689138 -7.784938613
-11.14654982 3.184505374 -6.76839589
-8.893068585 2.223094501 -7.526627493
-11.182867 2.322304862 -7.122243269
-9.940859899 1.854559009 -7.484174836
-8.22948433 -0.9352651028 -8.132589533
-8.02996927 0.9125905991 -7.935423584
-9.104995782 -0.4937984916 -8.029686708
-8.973482322 0.4866660173 -7.913705118
-3.630083803 8.084516872 -5.873598976
-4.069752713 6.611549339 -6.584998216
-3.156252619 7.598628205 -6.264072271
-4.453873546 7.902153568 -5.770999312
-4.707330305 3.70881618 -7.61662043
-4.424723425 5.157530037 -7.159352892
-4.053186737 3.943706267 -7.62001465
-2.24541682 6.595182418 -6.905784823
-3.577130245 6.125436472 -6.895599123
-2.690924309 7.097499117 -6.608222098
-2.442847994 5.848426775 -7.17438268
-3.379261485 6.854743215 -6.59812848
-6.174998031 7.485006016 -5.549282876
-4.884227267 6.422610214 -6.516694738
-5.304573095 7.701680078 -5.662746498
-4.680924098 7.158882249 -6.165028499
-2.804740923 4.396592265 -7.618149113
-3.759206267 5.379040463 -7.170917771
-3.417334801 4.173104259 -7.620578525
-2.629583142 5.113486729 -7.411779681
-3.915070184 4.662579089 -7.408256426
-3.100105339 5.617120185 -7.17272091
-0.5609786873 0.3467038957 -8.379360818
-1.698617289 1.049803219 -8.317455454
-0.5619672038 0.929895373 -8.353749157
-1.129144777 0 -8.380806174
-4.149721317 2.564668818 -7.960645739
-2.883877246 1.782334158 -8.184669305
-3.530585789 2.814720794 -7.956960163
-0.5676524021 2.109083042 -8.243100249
-1.703860813 1.647528148 -8.257298309
-0.5637991681 1.520260493 -8.308151082
-1.141990631 2.497526502 -8.164779943
-1.131160307 1.286438163 -8.313958557
-2.313118378 -0.7100131837 -8.368940911
-2.301032087 0.7063032887 -8.325212298
-1.714828242 -0.3530419122 -8.377409426
-1.711512777 0.3523593376 -8.361212465
-2.34026185 3.283436463 -7.945272379
-2.30802909 2.031084071 -8.178761106
-2.926024359 3.055231661 -7.951653961
-1.734236779 2.890062174 -8.065807166
-2.907598025 2.414252486 -8.080885577
-1.722982187 2.263485694 -8.173222713
-10.23921777 6.328184597 -4.985856505
-8.648707615 5.345195265 -6.230447077
-10.55303138 5.613297192 -5.461676638
-9.129077446 6.667030602 -5.14540197
-5.527533875 3.416203809 -7.608187256
-7.035794545 4.348360167 -7.064163307
-6.262492409 3.15545658 -7.596711755
-5.393978503 4.162900888 -7.385903926
-11.01159266 4.054090316 -6.355019097
-8.794807382 4.610497021 -6.597150642
-10.81583795 4.850201242 -5.922859959
-9.951289744 3.530561468 -6.865528959
-9.677231703 5.114164403 -6.090617762
-7.129747607 7.234190955 -5.42198678
-7.639474964 5.663804078 -6.30243219
-8.091522503 6.968192113 -5.290742515
-6.439061906 6.721497046 -5.982072251
-8.391820732 6.17018014 -5.77991114
-7.913337134 2.573022584 -7.557417915
-7.898298856 4.097286287 -7.016145664
-7.057722033 2.87396451 -7.580280317
-8.905252204 3.032201996 -7.259400251
-7.063635924 3.617673238 -7.338355197
-8.870743403 3.834003766 -6.946880054
-5.077175972 5.649658222 -6.848216885
-6.850349014 5.134299333 -6.751447369
-5.243235865 4.911596857 -7.13112007
-5.746365026 6.185348252 -6.456654806
-6.113897507 4.642101845 -7.099508517
-6.665684038 5.932399173 -6.385594143
-5.107721141 -2.332476289 -8.264466412
-5.127208881 -0.7675408225 -8.295998237
-5.819014848 -2.033510872 -8.261923241
-4.34296148 -1.895147592 -8.303607549
-4.921229274 2.247313484 -7.962716232
-5.063289904 0.7579721808 -8.192575159
-5.607769061 1.959688993 -7.961993352
-4.231935985 1.846699154 -8.091330248
-7.358606596 -1.345431547 -8.202820269
-5.798018148 -0.4105357409 -8.251282488
-6.572608823 -1.70454685 -8.242680821
-7.328454273 -0.4465901833 -8.162778878
-5.8193718 -1.213292897 -8.275228397
-2.968968431 -1.097032937 -8.35396499
-4.362045256 -0.3880734587 -8.313769577
-3.629724393 -1.482758502 -8.332946417
-2.96501849 -0.3664964408 -8.355522882
-4.363167465 -1.133725542 -8.324756973
-7.13226279 1.30404734 -7.950509246
-5.753885015 0.4074108407 -8.188475691
-6.345726489 1.645706962 -7.95814865
-7.251612873 0.4419075293 -8.077189292
-5.690751652 1.186476616 -8.09232874
-6.503195256 0 -8.180421735
-2.938383778 1.085731917 -8.267907113
-4.33846302 0.3859754429 -8.268823396
-3.568414825 1.457713272 -8.192194864
-2.954732681 0.3652250449 -8.326537123
-4.295232713 1.116073375 -8.19514006
-3.642965033 0 -8.323084598
-7.195934106 10.30487726 0.5112189938
-8.377912046 9.506978419 1.546491773
-6.884244882 10.31789962 1.328474812
-7.851996134 9.997258683 0
-10.48874016 7.405389281 3.653790911
-9.48032062 8.543267924 2.595922395
-6.107192071 10.05764465 2.873411409
-7.966905396 9.413277881 2.353136726
-6.516937315 10.23245633 2.124936574
-7.440027851 9.88222164 1.843619502
-9.134146908 9.242974644 -1.050446332
-9.134146908 9.242974644 1.050446332
-8.502519431 9.641148699 -0.5228761
-8.502519431 9.641148699 0.5228761
-12.47459094 0.9540044298 7.345323932
-12.47638606 2.824394876 6.632007799
-11.37153735 6.078936112 4.706049605
-12.06771784 4.550413555 5.720156477
-4.205533004 8.636704285 5.337776799
-5.918265302 8.215356868 5.077369774
-4.692482372 9.066797069 4.822749472
-9.806401147 7.12458996 4.403238751
-7.754850552 7.723708079 4.773514112
-9.399947246 7.749023547 3.904468979
-5.647327753 9.785347906 3.602629104
-6.452841318 8.602425432 4.509644738
-5.178516416 9.456579214 4.240661931
-6.563805712 9.513954839 3.375401905
-5.564154787 8.840747722 4.672104449
-8.484510757 8.884091735 2.888663566
-7.406302962 8.337511366 4.32513021
-8.956018225 8.338621333 3.395557612
-7.510732982 9.213567117 3.137181964
-8.372077841 8.058660041 4.127279361
-6.998496035 8.936653872 3.862490779
-11.54943767 7.137945028 -3.259592109
-12.28990208 7.595577201 -1.13705443
-10.98137347 7.734370483 -2.702850375
-11.54943767 7.137945028 3.259592109
-12.28990208 7.595577201 1.13705443
-10.98137347 7.734370483 2.702850375
-9.784000647 8.777055858 -1.60477771
-11.50958827 8.087567206 -0.5726500523
-10.38785139 8.283140544 -2.148157833
-9.92560691 8.911102147 -0.5430354878
-11.32988549 7.967492012 -1.661158936
-9.784000647 8.777055858 1.60477771
-11.50958827 8.087567206 0.5726500523
-10.38785139 8.283140544 2.148157833
-9.92560691 8.911102147 0.5430354878
-11.32988549 7.967492012 1.661158936
-10.72380946 8.525113872 0
-11.38898832 -16.30950549 0.809105123
-12.91905906 -14.66012235 2.38474914
-10.60943677 -15.90110542 2.047337036
-12.51310806 -15.93184409 0
-14.76593648 -10.42522801 5.143767857
-13.99437702 -12.61114651 3.831971318
-8.621731277 -14.19871987 4.056492858
-11.89438866 -14.05378627 3.513173735
-9.641231853 -15.13801333 3.143655553
-11.31433144 -15.0282678 2.803661828
-14.23671478 -14.40633647 -1.637252496
-14.23671478 -14.40633647 1.637252496
-13.4598923 -15.26239654 -0.8277377136
-13.4598923 -15.26239654 0.8277377136
-13.00576174 -0.9946261463 7.658089425
-14.25605709 -3.227275462 7.578018293
-15.1649865 -8.106818036 6.275948145
-15.02529187 -5.665635601 7.122060837
-4.949950905 -10.16548013 6.282612234
-7.403005111 -10.27637758 6.351150628
-5.743199718 -11.09698923 5.902635579
-13.34177451 -9.69312506 5.990680745
-10.20750453 -10.16651252 6.283250285
-13.11526583 -10.81181639 5.447705954
-7.577514238 -13.12985828 4.833962987
-8.438683628 -11.24979572 5.897474204
-6.625865773 -12.09960914 5.425889287
-9.148033469 -13.25968213 4.704327178
-7.050386292 -11.20218415 5.920061973
-12.39242198 -12.97604739 4.219163473
-9.961823174 -11.21434194 5.817502008
-12.79499514 -11.91295247 4.851055688
-10.77244885 -13.21477954 4.499578447
-11.50510509 -11.07439902 5.671803786
-9.593149029 -12.24986797 5.294487485
-16.40115856 -10.13647345 -4.628890911
-18.4505174 -11.40304686 -1.707030896
-15.98273297 -11.25691413 -3.933837231
-16.40115856 -10.13647345 4.628890911
-18.4505174 -11.40304686 1.707030896
-15.98273297 -11.25691413 3.933837231
-14.92648686 -13.3902903 -2.448251413
-17.61786926 -12.37973925 -0.876562525
-15.48783534 -12.34980286 -3.202810047
-15.49861515 -13.91448845 -0.8479378754
-16.98703644 -11.9457586 -2.490595989
-14.92648686 -13.3902903 2.448251413
-17.61786926 -12.37973925 0.876562525
-15.48783534 -12.34980286 3.202810047
-15.49861515 -13.91448845 0.8479378754
-16.98703644 -11.9457586 2.490595989
-16.64254108 -13.23033185 0
-0.5992483583 -4.613891896 7.835789761
-1.80626587 -4.24132243 7.978937549
-0.9946822858 -5.154509799 7.72542459
-0.5880166672 -3.978947564 7.977520018
-4.368024858 -3.381536058 8.171028102
-3.050974664 -3.835267339 8.091198951
-1.864908364 -6.313933374 7.46021277
-2.251779188 -4.785965546 7.881779417
-1.417925561 -5.722116549 7.60040488
-1.62147635 -4.972882419 7.80808526
-0.5719955931 -2.743621758 8.195052345
-1.774690408 -3.590276662 8.099466175
-0.5796013375 -3.352808039 8.097569911
-1.181531213 -3.787786347 8.042569895
-11.20702639 -0.5559740897 7.825908198
-9.178689315 -1.493089275 8.088611164
-11.77219251 -1.515721397 7.85456915
-5.797314126 -2.860372744 8.211117495
-7.384854408 -2.24393161 8.194848639
-12.74020434 -3.639803331 7.736093054
-9.533999554 -2.383314801 8.069077898
-12.29246886 -2.5527318 7.828936321
-10.60755245 -1.978936647 7.98610763
-4.107557613 -9.147893169 6.646167829
-4.518895352 -7.341207608 7.311726272
-3.475015136 -8.366043919 6.896705868
-5.178048434 -9.18699947 6.709331471
-5.002490645 -3.941367408 8.094199891
-4.809247852 -5.605738002 7.781526485
-4.28455336 -4.168823454 8.054985246
-2.371861776 -6.966573397 7.294666588
-3.882996186 -6.649197773 7.485213917
-2.895753711 -7.637750842 7.111230739
-2.571776194 -6.15709401 7.553030981
-3.696057152 -7.49735491 7.216683311
-7.557463001 -9.160756934 6.791662087
-5.525418822 -7.265757595 7.372193346
-6.332526798 -9.194160323 6.760109307
-5.369166781 -8.211462514 7.071481085
-2.926603151 -4.587618298 7.949147467
-4.045953683 -5.789346748 7.717906151
-3.590254861 -4.384266899 8.006186308
-2.756916677 -5.36109949 7.770683757
-4.176949658 -4.974459515 7.903795512
-3.301787978 -5.982551516 7.639354499
-0.5613281606 -0.3469198821 8.384580915
-1.708412712 -1.055857123 8.365419755
-0.5629100709 -0.931455549 8.367765056
-4.30072408 -2.657993658 8.250322902
-2.93281443 -1.812579 8.323556862
-3.650191472 -2.910075113 8.226518167
-0.5698511168 -2.117252252 8.275028636
-1.719435167 -1.662587587 8.332775183
-0.5653557932 -1.524457867 8.331089529
-1.152643783 -2.520824879 8.240945749
-1.136475421 -1.292482899 8.353024317
-2.401031771 -3.368697937 8.151588427
-2.343678301 -2.062455662 8.305088101
-3.014844877 -3.147974313 8.193029267
-1.763079613 -2.938128035 8.199953058
-2.97585932 -2.470931573 8.270599459
-1.745049872 -2.292476063 8.277904067
-13.477266 -8.329408461 6.562582794
-10.40229478 -6.428971736 7.493714669
-13.46821502 -7.163921985 6.970417565
-11.87182152 -8.670076231 6.691288819
-5.904605815 -3.649247084 8.127195189
-7.880228795 -4.870249234 7.912002369
-6.711379931 -3.38163571 8.14123443
-5.844903779 -4.510910661 8.003349985
-13.09791468 -4.82220245 7.559078922
-10.2851122 -5.391758691 7.715056348
-13.34167817 -5.982876624 7.306035076
-11.3530702 -4.02789118 7.832636196
-11.79693751 -6.234373603 7.424709807
-8.937969039 -9.06890094 6.797091936
-9.081594216 -6.732971912 7.492155155
-10.34912599 -8.912376884 6.766904603
-7.710737521 -8.048951885 7.163495185
-10.41206401 -7.655586625 7.171364435
-8.500723168 -2.764011228 8.11838501
-8.908526154 -4.621347294 7.913541673
-7.578605509 -3.086072697 8.139730341
-9.820488738 -3.343836297 8.005484491
-7.744512368 -3.966387203 8.045712321
-10.07267459 -4.353487702 7.888139587
-5.659913392 -6.298102806 7.634227114
-7.837765018 -5.874362258 7.724607594
-5.763367193 -5.398829448 7.83853035
-6.614983333 -7.120323093 7.43264024
-6.789033035 -5.154712317 7.883481495
-7.802574599 -6.944221604 7.474712929
-0.5938375601 4.572231643 7.765037999
-1.762414466 4.138354232 7.785229848
-0.9780437452 5.068287775 7.596197608
-0.5835613919 3.948799937 7.917076071
-4.171801351 3.2296283 7.803963389
-2.940506221 3.696401547 7.798236128
-1.793641284 6.072647742 7.175122313
-2.175324861 4.623468364 7.614170523
-1.380464978 5.570942308 7.3996076
-1.579595272 4.844437946 7.606410395
-0.5691177684 2.729818046 8.15382139
-1.738948109 3.517968422 7.936342774
-0.5759759296 3.331836215 8.046919589
-1.164627467 3.733595837 7.927507712
-10.98180544 0.5448010087 7.66863557
-8.791733702 1.430143548 7.747611117
-11.13005219 1.433043015 7.426124272
-10.03176542 0 7.879098239
-5.507643196 2.717450209 7.800837494
-7.015460659 2.131689138 7.784938613
-11.14654982 3.184505374 6.76839589
-8.893068585 2.223094501 7.526627493
-11.182867 2.322304862 7.122243269
-9.940859899 1.854559009 7.484174836
-8.22948433 -0.9352651028 8.132589533
-8.02996927 0.9125905991 7.935423584
-9.104995782 -0.4937984916 8.029686708
-8.973482322 0.4866660173 7.913705118
-3.630083803 8.084516872 5.873598976
-4.069752713 6.611549339 6.584998216
-3.156252619 7.598628205 6.264072271
-4.453873546 7.902153568 5.770999312
-4.707330305 3.70881618 7.61662043
-4.424723425 5.157530037 7.159352892
-4.053186737 3.943706267 7.62001465
-2.24541682 6.595182418 6.905784823
-3.577130245 6.125436472 6.895599123
-2.690924309 7.097499117 6.608222098
-2.442847994 5.848426775 7.17438268
-3.379261485 6.854743215 6.59812848
-6.174998031 7.485006016 5.549282876
-4.884227267 6.422610214 6.516694738
-5.304573095 7.701680078 5.662746498
-4.680924098 7.158882249 6.165028499
-2.804740923 4.396592265 7.618149113
-3.759206267 5.379040463 7.170917771
-3.417334801 4.173104259 7.620578525
-2.629583142 5.113486729 7.411779681
-3.915070184 4.662579089 7.408256426
-3.100105339 5.617120185 7.17272091
-0.5609786873 0.3467038957 8.379360818
-1.698617289 1.049803219 8.317455454
-0.5619672038 0.929895373 8.353749157
-1.129144777 0 8.380806174
-4.149721317 2.564668818 7.960645739
-2.883877246 1.782334158 8.184669305
-3.530585789 2.814720794 7.956960163
-0.5676524021 2.109083042 8.243100249
-1.703860813 1.647528148 8.257298309
-0.5637991681 1.520260493 8.308151082
-1.141990631 2.497526502 8.164779943
-1.131160307 1.286438163 8.313958557
-2.313118378 -0.7100131837 8.368940911
-2.301032087 0.7063032887 8.325212298
-1.714828242 -0.3530419122 8.377409426
-1.711512777 0.3523593376 8.361212465
-2.34026185 3.283436463 7.945272379
-2.30802909 2.031084071 8.178761106
-2.926024359 3.055231661 7.951653961
-1.734236779 2.890062174 8.065807166
-2.907598025 2.414252486 8.080885577
-1.722982187 2.263485694 8.173222713
-10.23921777 6.328184597 4.985856505
-8.648707615 5.345195265 6.230447077
-10.55303138 5.613297192 5.461676638
-9.129077446 6.667030602 5.14540197
-5.527533875 3.416203809 7.608187256
-7.035794545 4.348360167 7.064163307
-6.262492409 3.15545658 7.596711755
-5.393978503 4.162900888 7.385903926
-11.01159266 4.054090316 6.355019097
-8.794807382 4.610497021 6.597150642
-10.81583795 4.850201242 5.922859959
-9.951289744 3.530561468 6.865528959
-9.677231703 5.114164403 6.090617762
-7.129747607 7.234190955 5.42198678
-7.639474964 5.663804078 6.30243219
-8.091522503 6.968192113 5.290742515
-6.439061906 6.721497046 5.982072251
-8.391820732 6.17018014 5.77991114
-7.913337134 2.573022584 7.557417915
-7.898298856 4.097286287 7.016145664
-7.057722033 2.87396451 7.580280317
-8.905252204 3.032201996 7.259400251
-7.063635924 3.617673238 7.338355197
-8.870743403 3.834003766 6.946880054
-5.077175972 5.649658222 6.848216885
-6.850349014 5.134299333 6.751447369
-5.243235865 4.911596857 7.13112007
-5.746365026 6.185348252 6.456654806
-6.113897507 4.642101845 7.099508517
-6.665684038 5.932399173 6.385594143
-5.107721141 -2.332476289 8.264466412
-5.127208881 -0.7675408225 8.295998237
-5.819014848 -2.033510872 8.261923241
-4.34296148 -1.895147592 8.303607549
-4.921229274 2.247313484 7.962716232
-5.063289904 0.7579721808 8.192575159
-5.607769061 1.959688993 7.961993352
-4.231935985 1.846699154 8.091330248
-7.358606596 -1.345431547 8.202820269
-5.798018148 -0.4105357409 8.251282488
-6.572608823 -1.70454685 8.242680821
-7.328454273 -0.4465901833 8.162778878
-5.8193718 -1.213292897 8.275228397
-2.968968431 -1.097032937 8.35396499
-4.362045256 -0.3880734587 8.313769577
-3.629724393 -1.482758502 8.332946417
-2.96501849 -0.3664964408 8.355522882
-4.363167465 -1.133725542 8.324756973
-7.13226279 1.30404734 7.950509246
-5.753885015 0.4074108407 8.188475691
-6.345726489 1.645706962 7.95814865
-7.251612873 0.4419075293 8.077189292
-5.690751652 1.186476616 8.09232874
-6.503195256 0 8.180421735
-2.938383778 1.085731917 8.267907113
-4.33846302 0.3859754429 8.268823396
-3.568414825 1.457713272 8.192194864
-2.954732681 0.3652250449 8.326537123
-4.295232713 1.116073375 8.19514006
-3.642965033 0 8.323084598
-13.95173903 0 -7.341232485
-17.90937523 0 -6.45604301
-14.07524517 1.037475147 -7.020309864
-14.83251983 -1.093293261 -7.398015738
-24.14954901 0 -1.673743647
-21.99080869 0 -4.631806364
-13.85518879 3.035838426 -6.141634509
-17.71875897 1.236728165 -5.932063714
-14.03894181 2.062456175 -6.611880632
-15.85474341 1.134838055 -6.564674556
-16.31471638 -3.574750488 -7.231877285
-19.27010412 -1.345008448 -6.451438591
-15.6527628 -2.299542068 -7.371937327
-16.94615071 -1.212957928 -7.016572992
-13.95173903 0 7.341232485
-17.90937523 0 6.45604301
-14.07524517 1.037475147 7.020309864
-14.83251983 -1.093293261 7.398015738
-24.14954901 0 1.673743647
-21.99080869 0 4.631806364
-13.85518879 3.035838426 6.141634509
-17.71875897 1.236728165 5.932063714
-14.03894181 2.062456175 6.611880632
-15.85474341 1.134838055 6.564674556
-16.31471638 -3.574750488 7.231877285
-19.27010412 -1.345008448 6.451438591
-15.6527628 -2.299542068 7.371937327
-16.94615071 -1.212957928 7.016572992
-12.1925386 6.355720253 -3.928051139
-15.06479815 5.308098226 -3.280585119
-12.69605584 5.633371717 -4.49114381
-12.79838665 6.693825534 -2.920999277
-22.51770007 1.507507565 -0.9316909135
-18.55532677 3.789428034 -2.341995323
-22.0413509 1.482749374 -2.453527132
-13.54902837 3.990835391 -5.599225762
-15.8386706 4.469639353 -3.933318403
-13.15595323 4.841085869 -5.054858403
-15.26702855 3.282578157 -5.470334315
-14.1821427 5.102902364 -4.237069434
-13.44981204 7.056809581 -0.6278157014
-15.63527213 5.556718206 -2.053205696
-13.22887492 6.933511313 -1.801603751
-14.16597699 6.170517565 -2.520683774
-19.58336866 1.348588022 -5.010608812
-17.76577777 3.665897903 -3.544696807
-21.05598681 1.42887963 -3.85291319
-17.28078586 2.417027243 -5.286023747
-19.83250153 2.698322149 -3.068729132
-16.61735491 3.503074308 -4.601996841
-16.78450018 -8.749415621 -5.407436235
-20.61803592 -7.26478767 -4.489885701
-16.97288088 -7.531043363 -6.004041715
-18.17761512 -9.50727522 -4.148710465
-25.70053203 -1.72059075 -1.063383565
-24.59800013 -5.023482066 -3.104682659
-25.07522461 -1.686841871 -2.79124198
-16.79117265 -4.945801591 -6.939063371
-20.94410838 -5.910383099 -5.201184429
-16.98931624 -6.251674607 -6.52773588
-18.62655333 -4.004912737 -6.674086808
-18.90992901 -6.804015691 -5.649547034
-20.04676963 -10.51808275 -0.9357511238
-22.00874366 -7.821826545 -2.890162542
-19.32600392 -10.12913552 -2.631954824
-20.06356364 -8.739430536 -3.570096108
-21.73739552 -1.49692281 -5.561739016
-23.0521158 -4.756712826 -4.599447452
-23.7408155 -1.611074702 -4.344194456
-20.41834725 -2.855871369 -6.245773156
-24.66201697 -3.355404589 -3.816011301
-20.9771337 -4.422151331 -5.809390457
-12.1925386 6.355720253 3.928051139
-15.06479815 5.308098226 3.280585119
-12.69605584 5.633371717 4.49114381
-12.79838665 6.693825534 2.920999277
-22.51770007 1.507507565 0.9316909135
-18.55532677 3.789428034 2.341995323
-22.0413509 1.482749374 2.453527132
-20.77277941 2.7987135 0
-13.54902837 3.990835391 5.599225762
-15.8386706 4.469639353 3.933318403
-13.15595323 4.841085869 5.054858403
-15.26702855 3.282578157 5.470334315
-14.1821427 5.102902364 4.237069434
-13.44981204 7.056809581 0.6278157014
-15.63527213 5.556718206 2.053205696
-13.22887492 6.933511313 1.801603751
-14.67806752 6.424503571 0
-14.16597699 6.170517565 2.520683774
-19.58336866 1.348588022 5.010608812
-17.76577777 3.665897903 3.544696807
-21.05598681 1.42887963 3.85291319
-17.28078586 2.417027243 5.286023747
-19.83250153 2.698322149 3.068729132
-16.61735491 3.503074308 4.601996841
-17.30198821 4.782151927 -1.46788463
-17.30198821 4.782151927 1.46788463
-18.99565723 3.888348753 -0.800517536
-15.97281679 5.668071023 -0.7006121086
-18.99565723 3.888348753 0.800517536
-15.97281679 5.668071023 0.7006121086
-16.78450018 -8.749415621 5.407436235
-20.61803592 -7.26478767 4.489885701
-16.97288088 -7.531043363 6.004041715
-18.17761512 -9.50727522 4.148710465
-25.70053203 -1.72059075 1.063383565
-24.59800013 -5.023482066 3.104682659
-25.07522461 -1.686841871 2.79124198
-26.30877929 -3.544577946 0
-16.79117265 -4.945801591 6.939063371
-20.94410838 -5.910383099 5.201184429
-16.98931624 -6.251674607 6.52773588
-18.62655333 -4.004912737 6.674086808
-18.90992901 -6.804015691 5.649547034
-20.04676963 -10.51808275 0.9357511238
-22.00874366 -7.821826545 2.890162542
-19.32600392 -10.12913552 2.631954824
-21.5758553 -9.443624594 0
-20.06356364 -8.739430536 3.570096108
-21.73739552 -1.49692281 5.561739016
-23.0521158 -4.756712826 4.599447452
-23.7408155 -1.611074702 4.344194456
-20.41834725 -2.855871369 6.245773156
-24.66201697 -3.355404589 3.816011301
-20.9771337 -4.422151331 5.809390457
-24.02522264 -6.64040822 -2.038277602
-24.02522264 -6.64040822 2.038277602
-25.61161038 -5.242612671 -1.079327921
-22.93780134 -8.139646799 -1.006115676
-25.61161038 -5.242612671 1.079327921
-22.93780134 -8.139646799 1.006115676
