-34.95780094 56.5629101 0
35.75879766 57.85895001 0
-35.75879766 -57.85895001 0
34.95780094 -56.5629101 0
0 -23.50319859 38.02897417
0 23.50319859 38.02897417
0 -23.50319859 -38.02897417
0 23.50319859 -38.02897417
47.74567806 0 -29.50845186
47.74567806 0 29.50845186
-47.74567806 0 -29.50845186
-47.74567806 0 29.50845186
0 62.33164547 0
0 -62.33164547 0
-17.28951305 -45.26453282 27.97501977
17.400207 -45.55433333 28.15412633
-17.400207 45.55433333 28.15412633
17.28951305 45.26453282 27.97501977
0 0 40.02051196
-17.28951305 -45.26453282 -27.97501977
17.400207 -45.55433333 -28.15412633
-17.400207 45.55433333 -28.15412633
17.28951305 45.26453282 -27.97501977
0 0 -40.02051196
48.41420818 29.9216262 -18.49258199
54.40270016 -33.62271778 -20.77998238
22.98481108 -14.20539447 -37.19020555
23.04538971 14.24283412 -37.28822384
48.41420818 29.9216262 18.49258199
54.40270016 -33.62271778 20.77998238
22.98481108 -14.20539447 37.19020555
23.04538971 14.24283412 37.28822384
69.78363265 0 0
-54.40270016 33.62271778 -20.77998238
-48.41420818 -29.9216262 -18.49258199
-23.04538971 -14.24283412 -37.28822384
-22.98481108 14.20539447 -37.19020555
-54.40270016 33.62271778 20.77998238
-48.41420818 -29.9216262 18.49258199
-23.04538971 -14.24283412 37.28822384
-22.98481108 14.20539447 37.19020555
-69.78363265 0 0
-17.09569913 60.17937437 0
17.85880897 62.86563321 0
-17.85880897 -62.86563321 0
17.09569913 -60.17937437 0
-27.24365946 -54.16654926 16.31849132
-7.985309711 -34.49123256 34.90217436
-9.956918635 -58.28881696 16.11063277
27.22790575 -54.13522733 16.30905511
7.969248979 -34.42186086 34.83197614
9.823524766 -57.50791565 15.89479696
0 -46.85481929 28.95787086
-27.22790575 54.13522733 16.30905511
-7.969248979 34.42186086 34.83197614
-9.823524766 57.50791565 15.89479696
27.24365946 54.16654926 16.31849132
7.985309711 34.49123256 34.90217436
9.956918635 58.28881696 16.11063277
0 46.85481929 28.95787086
0 -11.2492465 39.59900155
0 11.2492465 39.59900155
-27.24365946 -54.16654926 -16.31849132
-7.985309711 -34.49123256 -34.90217436
-9.956918635 -58.28881696 -16.11063277
27.22790575 -54.13522733 -16.30905511
7.969248979 -34.42186086 -34.83197614
9.823524766 -57.50791565 -15.89479696
0 -46.85481929 -28.95787086
-27.22790575 54.13522733 -16.30905511
-7.969248979 34.42186086 -34.83197614
-9.823524766 57.50791565 -15.89479696
27.24365946 54.16654926 -16.31849132
7.985309711 34.49123256 -34.90217436
9.956918635 58.28881696 -16.11063277
0 46.85481929 -28.95787086
0 -11.2492465 -39.59900155
0 11.2492465 -39.59900155
44.77757504 45.31107227 -10.36677377
49.55387665 14.928854 -24.92366522
33.80219652 39.57630102 -24.45949918
48.44179078 -49.01894489 -11.21510232
52.7748274 -15.89921408 -26.5436777
35.58298651 -41.66128626 -25.74809093
11.48023265 -19.16620493 -38.106745
35.24861136 -8.064571443 -34.83359058
21.3599042 -29.51866161 -34.56105099
10.88955938 -6.730117819 -39.39879596
37.53450314 -23.19759869 -32.05829294
11.54112392 19.26786268 -38.30886355
35.00968583 8.009907388 -34.59747818
21.29033639 29.42252126 -34.44848791
10.91783783 6.747594863 -39.50110835
36.3158238 22.44441344 -31.01741651
23.47718824 0 -37.98688853
44.77757504 45.31107227 10.36677377
49.55387665 14.928854 24.92366522
33.80219652 39.57630102 24.45949918
55.4563379 34.27390172 0
48.44179078 -49.01894489 11.21510232
52.7748274 -15.89921408 26.5436777
35.58298651 -41.66128626 25.74809093
64.47261152 -39.84626526 0
11.48023265 -19.16620493 38.106745
35.24861136 -8.064571443 34.83359058
21.3599042 -29.51866161 34.56105099
10.88955938 -6.730117819 39.39879596
37.53450314 -23.19759869 32.05829294
11.54112392 19.26786268 38.30886355
35.00968583 8.009907388 34.59747818
21.29033639 29.42252126 34.44848791
10.91783783 6.747594863 39.50110835
36.3158238 22.44441344 31.01741651
23.47718824 0 37.98688853
62.24465406 0 -17.68240181
62.24465406 0 17.68240181
61.05249263 16.87449394 -10.4290108
68.55284556 -18.94754051 -11.71022404
61.05249263 16.87449394 10.4290108
68.55284556 -18.94754051 11.71022404
-48.44179078 49.01894489 -11.21510232
-52.7748274 15.89921408 -26.5436777
-35.58298651 41.66128626 -25.74809093
-44.77757504 -45.31107227 -10.36677377
-49.55387665 -14.928854 -24.92366522
-33.80219652 -39.57630102 -24.45949918
-11.54112392 -19.26786268 -38.30886355
-35.00968583 -8.009907388 -34.59747818
-21.29033639 -29.42252126 -34.44848791
-10.91783783 -6.747594863 -39.50110835
-36.3158238 -22.44441344 -31.01741651
-11.48023265 19.16620493 -38.106745
-35.24861136 8.064571443 -34.83359058
-21.3599042 29.51866161 -34.56105099
-10.88955938 6.730117819 -39.39879596
-37.53450314 23.19759869 -32.05829294
-23.47718824 0 -37.98688853
-48.44179078 49.01894489 11.21510232
-52.7748274 15.89921408 26.5436777
-35.58298651 41.66128626 25.74809093
-64.47261152 39.84626526 0
-44.77757504 -45.31107227 10.36677377
-49.55387665 -14.928854 24.92366522
-33.80219652 -39.57630102 24.45949918
-55.4563379 -34.27390172 0
-11.54112392 -19.26786268 38.30886355
-35.00968583 -8.009907388 34.59747818
-21.29033639 -29.42252126 34.44848791
-10.91783783 -6.747594863 39.50110835
-36.3158238 -22.44441344 31.01741651
-11.48023265 19.16620493 38.106745
-35.24861136 8.064571443 34.83359058
-21.3599042 29.51866161 34.56105099
-10.88955938 6.730117819 39.39879596
-37.53450314 23.19759869 32.05829294
-23.47718824 0 37.98688853
-62.24465406 0 -17.68240181
-62.24465406 0 17.68240181
-68.55284556 18.94754051 -11.71022404
-61.05249263 -16.87449394 -10.4290108
-68.55284556 18.94754051 11.71022404
-61.05249263 -16.87449394 10.4290108
-25.85000044 58.6427648 0
-8.55004713 61.38573023 0
27.08502046 61.44450512 0
8.765645226 62.93363357 0
-27.08502046 -61.44450512 0
-8.765645226 -62.93363357 0
25.85000044 -58.6427648 0
8.55004713 -61.38573023 0
-32.10561587 -57.32184561 8.695100913
-22.22099992 -50.00167567 22.72907766
-23.41604552 -60.41825501 8.605807864
-3.808493911 -28.91572408 36.81585787
-12.51045226 -40.03218392 32.020645
-5.131082167 -61.62157243 8.302265345
-14.07449606 -52.54160006 22.773013
-14.03683146 -61.62671817 8.468157317
-18.72399965 -56.94688789 16.41340944
31.52759084 -56.28983109 8.538555529
22.40355799 -50.41246768 22.91580987
22.58645142 -58.27773014 8.300917466
3.801295509 -28.86107072 36.74627253
12.52427581 -40.07641788 32.05602653
0 -34.68903778 35.10233631
5.06571683 -60.83656944 8.196502009
14.03231529 -52.38413473 22.70476308
13.6127119 -59.76468136 8.212293933
0 -58.2670698 16.10462201
18.44049419 -56.08463871 16.1648893
-8.658230132 -46.5016036 28.73957156
8.659025081 -46.50587311 28.74221026
-4.24546876 -40.82151462 32.45190637
-4.796369582 -53.19255377 23.28206702
4.243223672 -40.7999274 32.43474516
4.784803765 -53.0642869 23.22592536
-31.52759084 56.28983109 8.538555529
-22.40355799 50.41246768 22.91580987
-22.58645142 58.27773014 8.300917466
-3.801295509 28.86107072 36.74627253
-12.52427581 40.07641788 32.05602653
-5.06571683 60.83656944 8.196502009
-14.03231529 52.38413473 22.70476308
-13.6127119 59.76468136 8.212293933
-18.44049419 56.08463871 16.1648893
32.10561587 57.32184561 8.695100913
22.22099992 50.00167567 22.72907766
23.41604552 60.41825501 8.605807864
3.808493911 28.91572408 36.81585787
12.51045226 40.03218392 32.020645
0 34.68903778 35.10233631
5.131082167 61.62157243 8.302265345
14.07449606 52.54160006 22.773013
14.03683146 61.62671817 8.468157317
0 58.2670698 16.10462201
18.72399965 56.94688789 16.41340944
-8.659025081 46.50587311 28.74221026
8.658230132 46.5016036 28.73957156
-4.243223672 40.7999274 32.43474516
-4.784803765 53.0642869 23.22592536
4.24546876 40.82151462 32.45190637
4.796369582 53.19255377 23.28206702
0 -17.19342735 39.00464599
0 -5.560121634 39.91932694
0 17.19342735 39.00464599
0 5.560121634 39.91932694
-32.10561587 -57.32184561 -8.695100913
-22.22099992 -50.00167567 -22.72907766
-23.41604552 -60.41825501 -8.605807864
-3.808493911 -28.91572408 -36.81585787
-12.51045226 -40.03218392 -32.020645
-5.131082167 -61.62157243 -8.302265345
-14.07449606 -52.54160006 -22.773013
-14.03683146 -61.62671817 -8.468157317
-18.72399965 -56.94688789 -16.41340944
31.52759084 -56.28983109 -8.538555529
22.40355799 -50.41246768 -22.91580987
22.58645142 -58.27773014 -8.300917466
3.801295509 -28.86107072 -36.74627253
12.52427581 -40.07641788 -32.05602653
0 -34.68903778 -35.10233631
5.06571683 -60.83656944 -8.196502009
14.03231529 -52.38413473 -22.70476308
13.6127119 -59.76468136 -8.212293933
0 -58.2670698 -16.10462201
18.44049419 -56.08463871 -16.1648893
-8.658230132 -46.5016036 -28.73957156
8.659025081 -46.50587311 -28.74221026
-4.24546876 -40.82151462 -32.45190637
-4.796369582 -53.19255377 -23.28206702
4.243223672 -40.7999274 -32.43474516
4.784803765 -53.0642869 -23.22592536
-31.52759084 56.28983109 -8.538555529
-22.40355799 50.41246768 -22.91580987
-22.58645142 58.27773014 -8.300917466
-3.801295509 28.86107072 -36.74627253
-12.52427581 40.07641788 -32.05602653
-5.06571683 60.83656944 -8.196502009
-14.03231529 52.38413473 -22.70476308
-13.6127119 59.76468136 -8.212293933
-18.44049419 56.08463871 -16.1648893
32.10561587 57.32184561 -8.695100913
22.22099992 50.00167567 -22.72907766
23.41604552 60.41825501 -8.605807864
3.808493911 28.91572408 -36.81585787
12.51045226 40.03218392 -32.020645
0 34.68903778 -35.10233631
5.131082167 61.62157243 -8.302265345
14.07449606 52.54160006 -22.773013
14.03683146 61.62671817 -8.468157317
0 58.2670698 -16.10462201
18.72399965 56.94688789 -16.41340944
-8.659025081 46.50587311 -28.74221026
8.658230132 46.5016036 -28.73957156
-4.243223672 40.7999274 -32.43474516
-4.784803765 53.0642869 -23.22592536
4.24546876 40.82151462 -32.45190637
4.796369582 53.19255377 -23.28206702
0 -17.19342735 -39.00464599
0 -5.560121634 -39.91932694
0 17.19342735 -39.00464599
0 5.560121634 -39.91932694
41.26334574 52.53700262 -5.434800822
46.97793295 37.57635899 -14.68106733
36.54557026 50.70938112 -13.62804287
49.08557815 7.445748665 -27.49253274
49.28318674 22.40247679 -21.90169978
25.73910658 42.97134096 -26.55774926
41.35822402 35.18140669 -21.74330511
31.04098249 47.11895318 -20.81860022
39.49249912 42.84130593 -18.05645096
42.23557337 -53.77485488 -5.562853054
52.61936127 -42.08878263 -16.44406931
37.65986027 -52.25553175 -14.04356771
50.51162337 -7.662064224 -28.29125196
54.23530577 -24.65354331 -24.10244676
26.34612792 -43.98476079 -27.18407716
45.05684725 -38.32764353 -23.68778641
32.07683021 -48.69132804 -21.5133237
42.42196367 -46.01917741 -19.39583778
5.793797259 -21.39290056 -38.19520386
17.17374267 -16.78984692 -37.78049967
9.910094136 -26.57535237 -36.87504839
5.564747167 -15.14144575 -39.06807109
41.61021837 -4.304456625 -32.68128636
29.00146668 -11.33086058 -36.25760968
43.70435993 -11.7454577 -31.49714552
19.79223833 -37.64707447 -32.02451433
22.35949569 -21.67026419 -36.17842399
14.69044784 -32.13048343 -34.85502059
28.23214507 -35.55736514 -31.03013016
16.20357376 -24.15987838 -36.67371606
5.371667172 -3.319872889 -39.86991067
16.70650864 -10.32519017 -38.54503993
5.44254394 -9.021569764 -39.60792283
11.21604551 -12.79497919 -38.9144552
45.88105705 -28.3560527 -27.48197732
29.88712379 -18.47125833 -35.13442119
45.21739561 -19.9784337 -29.78827607
37.19804613 -32.46191636 -29.53482719
36.57522606 -15.41546788 -33.71622437
29.3204808 -26.67665469 -33.59828129
5.812872955 21.46333528 -38.32095905
17.26289897 16.87701025 -37.97663452
9.952269156 26.68845079 -37.03197988
5.580649326 15.18471487 -39.17971438
41.27228586 4.269498486 -32.41586912
28.9454709 11.30898306 -36.1876038
42.54249665 11.43320931 -30.65980625
35.3813033 0 -34.96472019
19.64589484 37.36871262 -31.78772559
22.37918228 21.68934394 -36.21027758
14.71067109 32.1747151 -34.90300293
27.57712902 34.73239612 -30.31019785
16.27257769 24.26276474 -36.82989339
5.375632656 3.322323692 -39.89934353
16.77747154 10.36904766 -38.7087646
5.452954268 9.038825942 -39.68368363
10.94589811 0 -39.60263138
11.26599106 12.8519558 -39.087743
42.63296805 26.3486233 -25.53642693
29.6578451 18.3295563 -34.86488793
42.96479334 18.98316485 -28.30430873
35.45198959 30.93817123 -28.14847807
35.9331393 15.14484569 -33.12432806
28.87188502 26.26850877 -33.08423627
23.34269592 -7.032339808 -37.76927538
23.3892501 7.046364959 -37.84460163
29.17364388 -3.816595312 -36.69776181
17.0297299 -3.5083173 -38.90783507
29.16398172 3.815331275 -36.68560769
17.05745256 3.514028482 -38.97117305
41.26334574 52.53700262 5.434800822
46.97793295 37.57635899 14.68106733
36.54557026 50.70938112 13.62804287
46.99243926 47.55232524 0
49.08557815 7.445748665 27.49253274
49.28318674 22.40247679 21.90169978
25.73910658 42.97134096 26.55774926
41.35822402 35.18140669 21.74330511
31.04098249 47.11895318 20.81860022
39.49249912 42.84130593 18.05645096
53.27458842 32.92550638 -9.919306238
53.27458842 32.92550638 9.919306238
50.91975517 40.47971131 -5.295693505
50.91975517 40.47971131 5.295693505
42.23557337 -53.77485488 5.562853054
52.61936127 -42.08878263 16.44406931
37.65986027 -52.25553175 14.04356771
50.32596953 -50.92557247 0
50.51162337 -7.662064224 28.29125196
54.23530577 -24.65354331 24.10244676
26.34612792 -43.98476079 27.18407716
45.05684725 -38.32764353 23.68778641
32.07683021 -48.69132804 21.5133237
42.42196367 -46.01917741 19.39583778
61.52593874 -38.02512133 -11.45564229
61.52593874 -38.02512133 11.45564229
57.35595422 -45.59630071 -5.965063131
57.35595422 -45.59630071 5.965063131
5.793797259 -21.39290056 38.19520386
17.17374267 -16.78984692 37.78049967
9.910094136 -26.57535237 36.87504839
5.564747167 -15.14144575 39.06807109
41.61021837 -4.304456625 32.68128636
29.00146668 -11.33086058 36.25760968
43.70435993 -11.7454577 31.49714552
19.79223833 -37.64707447 32.02451433
22.35949569 -21.67026419 36.17842399
14.69044784 -32.13048343 34.85502059
28.23214507 -35.55736514 31.03013016
16.20357376 -24.15987838 36.67371606
5.371667172 -3.319872889 39.86991067
16.70650864 -10.32519017 38.54503993
5.44254394 -9.021569764 39.60792283
11.21604551 -12.79497919 38.9144552
45.88105705 -28.3560527 27.48197732
29.88712379 -18.47125833 35.13442119
45.21739561 -19.9784337 29.78827607
37.19804613 -32.46191636 29.53482719
36.57522606 -15.41546788 33.71622437
29.3204808 -26.67665469 33.59828129
5.812872955 21.46333528 38.32095905
17.26289897 16.87701025 37.97663452
9.952269156 26.68845079 37.03197988
5.580649326 15.18471487 39.17971438
41.27228586 4.269498486 32.41586912
28.9454709 11.30898306 36.1876038
42.54249665 11.43320931 30.65980625
35.3813033 0 34.96472019
19.64589484 37.36871262 31.78772559
22.37918228 21.68934394 36.21027758
14.71067109 32.1747151 34.90300293
27.57712902 34.73239612 30.31019785
16.27257769 24.26276474 36.82989339
5.375632656 3.322323692 39.89934353
16.77747154 10.36904766 38.7087646
5.452954268 9.038825942 39.68368363
10.94589811 0 39.60263138
11.26599106 12.8519558 39.087743
42.63296805 26.3486233 25.53642693
29.6578451 18.3295563 34.86488793
42.96479334 18.98316485 28.30430873
35.45198959 30.93817123 28.14847807
35.9331393 15.14484569 33.12432806
28.87188502 26.26850877 33.08423627
23.34269592 -7.032339808 37.76927538
23.3892501 7.046364959 37.84460163
29.17364388 -3.816595312 36.69776181
17.0297299 -3.5083173 38.90783507
29.16398172 3.815331275 36.68560769
17.05745256 3.514028482 38.97117305
55.30762266 0 -24.37985444
67.6225264 0 -9.418732751
55.99938967 7.976396999 -21.70344471
58.58742624 -8.345029716 -22.70647901
55.30762266 0 24.37985444
67.6225264 0 9.418732751
55.99938967 7.976396999 21.70344471
58.58742624 -8.345029716 22.70647901
55.0079373 23.8419932 -14.73516216
66.20064077 8.919202545 -5.512370326
55.84424687 16.09560281 -18.36145394
58.99779882 25.82298853 -5.319828201
62.20118485 8.547095062 -14.1676788
62.70882114 -27.17977369 -16.79802395
70.86787445 -9.54801825 -5.900999804
61.34524036 -17.68111629 -20.17016735
68.83464058 -30.12851614 -6.206815669
66.05466249 -9.076603299 -15.04539252
55.0079373 23.8419932 14.73516216
66.20064077 8.919202545 5.512370326
55.84424687 16.09560281 18.36145394
58.99779882 25.82298853 5.319828201
62.20118485 8.547095062 14.1676788
63.54459135 17.56329309 0
62.70882114 -27.17977369 16.79802395
70.86787445 -9.54801825 5.900999804
61.34524036 -17.68111629 20.17016735
68.83464058 -30.12851614 6.206815669
66.05466249 -9.076603299 15.04539252
72.09738777 -19.92722788 0
-42.23557337 53.77485488 -5.562853054
-52.61936127 42.08878263 -16.44406931
-37.65986027 52.25553175 -14.04356771
-50.51162337 7.662064224 -28.29125196
-54.23530577 24.65354331 -24.10244676
-26.34612792 43.98476079 -27.18407716
-45.05684725 38.32764353 -23.68778641
-32.07683021 48.69132804 -21.5133237
-42.42196367 46.01917741 -19.39583778
-41.26334574 -52.53700262 -5.434800822
-46.97793295 -37.57635899 -14.68106733
-36.54557026 -50.70938112 -13.62804287
-49.08557815 -7.445748665 -27.49253274
-49.28318674 -22.40247679 -21.90169978
-25.73910658 -42.97134096 -26.55774926
-41.35822402 -35.18140669 -21.74330511
-31.04098249 -47.11895318 -20.81860022
-39.49249912 -42.84130593 -18.05645096
-5.812872955 -21.46333528 -38.32095905
-17.26289897 -16.87701025 -37.97663452
-9.952269156 -26.68845079 -37.03197988
-5.580649326 -15.18471487 -39.17971438
-41.27228586 -4.269498486 -32.41586912
-28.9454709 -11.30898306 -36.1876038
-42.54249665 -11.43320931 -30.65980625
-19.64589484 -37.36871262 -31.78772559
-22.37918228 -21.68934394 -36.21027758
-14.71067109 -32.1747151 -34.90300293
-27.57712902 -34.73239612 -30.31019785
-16.27257769 -24.26276474 -36.82989339
-5.375632656 -3.322323692 -39.89934353
-16.77747154 -10.36904766 -38.7087646
-5.452954268 -9.038825942 -39.68368363
-11.26599106 -12.8519558 -39.087743
-42.63296805 -26.3486233 -25.53642693
-29.6578451 -18.3295563 -34.86488793
-42.96479334 -18.98316485 -28.30430873
-35.45198959 -30.93817123 -28.14847807
-35.9331393 -15.14484569 -33.12432806
-28.87188502 -26.26850877 -33.08423627
-5.793797259 21.39290056 -38.19520386
-17.17374267 16.78984692 -37.78049967
-9.910094136 26.57535237 -36.87504839
-5.564747167 15.14144575 -39.06807109
-41.61021837 4.304456625 -32.68128636
-29.00146668 11.33086058 -36.25760968
-43.70435993 11.7454577 -31.49714552
-35.3813033 0 -34.96472019
-19.79223833 37.64707447 -32.02451433
-22.35949569 21.67026419 -36.17842399
-14.69044784 32.13048343 -34.85502059
-28.23214507 35.55736514 -31.03013016
-16.20357376 24.15987838 -36.67371606
-5.371667172 3.319872889 -39.86991067
-16.70650864 10.32519017 -38.54503993
-5.44254394 9.021569764 -39.60792283
-10.94589811 0 -39.60263138
-11.21604551 12.79497919 -38.9144552
-45.88105705 28.3560527 -27.48197732
-29.88712379 18.47125833 -35.13442119
-45.21739561 19.9784337 -29.78827607
-37.19804613 32.46191636 -29.53482719
-36.57522606 15.41546788 -33.71622437
-29.3204808 26.67665469 -33.59828129
-23.3892501 -7.046364959 -37.84460163
-23.34269592 7.032339808 -37.76927538
-29.16398172 -3.815331275 -36.68560769
-17.05745256 -3.514028482 -38.97117305
-29.17364388 3.816595312 -36.69776181
-17.0297299 3.5083173 -38.90783507
-42.23557337 53.77485488 5.562853054
-52.61936127 42.08878263 16.44406931
-37.65986027 52.25553175 14.04356771
-50.32596953 50.92557247 0
-50.51162337 7.662064224 28.29125196
-54.23530577 24.65354331 24.10244676
-26.34612792 43.98476079 27.18407716
-45.05684725 38.32764353 23.68778641
-32.07683021 48.69132804 21.5133237
-42.42196367 46.01917741 19.39583778
-61.52593874 38.02512133 -11.45564229
-61.52593874 38.02512133 11.45564229
-57.35595422 45.59630071 -5.965063131
-57.35595422 45.59630071 5.965063131
-41.26334574 -52.53700262 5.434800822
-46.97793295 -37.57635899 14.68106733
-36.54557026 -50.70938112 13.62804287
-46.99243926 -47.55232524 0
-49.08557815 -7.445748665 27.49253274
-49.28318674 -22.40247679 21.90169978
-25.73910658 -42.97134096 26.55774926
-41.35822402 -35.18140669 21.74330511
-31.04098249 -47.11895318 20.81860022
-39.49249912 -42.84130593 18.05645096
-53.27458842 -32.92550638 -9.919306238
-53.27458842 -32.92550638 9.919306238
-50.91975517 -40.47971131 -5.295693505
-50.91975517 -40.47971131 5.295693505
-5.812872955 -21.46333528 38.32095905
-17.26289897 -16.87701025 37.97663452
-9.952269156 -26.68845079 37.03197988
-5.580649326 -15.18471487 39.17971438
-41.27228586 -4.269498486 32.41586912
-28.9454709 -11.30898306 36.1876038
-42.54249665 -11.43320931 30.65980625
-19.64589484 -37.36871262 31.78772559
-22.37918228 -21.68934394 36.21027758
-14.71067109 -32.1747151 34.90300293
-27.57712902 -34.73239612 30.31019785
-16.27257769 -24.26276474 36.82989339
-5.375632656 -3.322323692 39.89934353
-16.77747154 -10.36904766 38.7087646
-5.452954268 -9.038825942 39.68368363
-11.26599106 -12.8519558 39.087743
-42.63296805 -26.3486233 25.53642693
-29.6578451 -18.3295563 34.86488793
-42.96479334 -18.98316485 28.30430873
-35.45198959 -30.93817123 28.14847807
-35.9331393 -15.14484569 33.12432806
-28.87188502 -26.26850877 33.08423627
-5.793797259 21.39290056 38.19520386
-17.17374267 16.78984692 37.78049967
-9.910094136 26.57535237 36.87504839
-5.564747167 15.14144575 39.06807109
-41.61021837 4.304456625 32.68128636
-29.00146668 11.33086058 36.25760968
-43.70435993 11.7454577 31.49714552
-35.3813033 0 34.96472019
-19.79223833 37.64707447 32.02451433
-22.35949569 21.67026419 36.17842399
-14.69044784 32.13048343 34.85502059
-28.23214507 35.55736514 31.03013016
-16.20357376 24.15987838 36.67371606
-5.371667172 3.319872889 39.86991067
-16.70650864 10.32519017 38.54503993
-5.44254394 9.021569764 39.60792283
-10.94589811 0 39.60263138
-11.21604551 12.79497919 38.9144552
-45.88105705 28.3560527 27.48197732
-29.88712379 18.47125833 35.13442119
-45.21739561 19.9784337 29.78827607
-37.19804613 32.46191636 29.53482719
-36.57522606 15.41546788 33.71622437
-29.3204808 26.67665469 33.59828129
-23.3892501 -7.046364959 37.84460163
-23.34269592 7.032339808 37.76927538
-29.16398172 -3.815331275 36.68560769
-17.05745256 -3.514028482 38.97117305
-29.17364388 3.816595312 36.69776181
-17.0297299 3.5083173 38.90783507
-55.30762266 0 -24.37985444
-67.6225264 0 -9.418732751
-58.58742624 8.345029716 -22.70647901
-55.99938967 -7.976396999 -21.70344471
-55.30762266 0 24.37985444
-67.6225264 0 9.418732751
-58.58742624 8.345029716 22.70647901
-55.99938967 -7.976396999 21.70344471
-62.70882114 27.17977369 -16.79802395
-70.86787445 9.54801825 -5.900999804
-61.34524036 17.68111629 -20.17016735
-68.83464058 30.12851614 -6.206815669
-66.05466249 9.076603299 -15.04539252
-55.0079373 -23.8419932 -14.73516216
-66.20064077 -8.919202545 -5.512370326
-55.84424687 -16.09560281 -18.36145394
-58.99779882 -25.82298853 -5.319828201
-62.20118485 -8.547095062 -14.1676788
-62.70882114 27.17977369 16.79802395
-70.86787445 9.54801825 5.900999804
-61.34524036 17.68111629 20.17016735
-68.83464058 30.12851614 6.206815669
-66.05466249 9.076603299 15.04539252
-72.09738777 19.92722788 0
-55.0079373 -23.8419932 14.73516216
-66.20064077 -8.919202545 5.512370326
-55.84424687 -16.09560281 18.36145394
-58.99779882 -25.82298853 5.319828201
-62.20118485 -8.547095062 14.1676788
-63.54459135 -17.56329309 0
-30.35602209 57.69048986 0
-21.43510038 59.46200408 0
-4.289594059 61.89225105 0
-12.80941751 60.8163269 0
31.54783394 59.9554839 0
22.48691644 62.37979265 0
4.344793838 62.68869904 0
13.27297035 63.01717488 0
-31.54783394 -59.9554839 0
-22.48691644 -62.37979265 0
-4.344793838 -62.68869904 0
-13.27297035 -63.01717488 0
30.35602209 -57.69048986 0
21.43510038 -59.46200408 0
4.289594059 -61.89225105 0
12.80941751 -60.8163269 0
-34.18710808 -58.06009276 4.440192544
-29.73443432 -55.93755213 12.6631009
-29.92267697 -59.99293801 4.422031833
-19.74036967 -47.69995426 25.49918852
-24.72627541 -52.16460706 19.66987778
-20.81438799 -62.17147045 4.339424035
-25.56210746 -57.66670489 12.63546829
-25.40120106 -61.34798026 4.391116323
-27.84974067 -59.13308338 8.687221203
-1.860055259 -26.1821944 37.49399255
-5.850128382 -31.69228694 35.96336251
-14.8755928 -42.70256055 30.14938681
-10.20892816 -37.28305296 33.59792598
-2.577112473 -62.28529747 4.169855574
-7.609716176 -60.29079944 12.31277942
-6.963325096 -62.55528616 4.208172712
-15.79615762 -49.03074188 25.55871991
-12.12312838 -55.67070368 19.61563377
-18.18953862 -51.42017441 22.81566494
-16.01323126 -62.58581002 4.309905778
-12.00177977 -60.15209872 12.41214741
-11.46912622 -62.67822777 4.253405158
-18.72652324 -61.21974732 8.562677547
-9.550486567 -61.72263215 8.39770743
-23.04205264 -55.75724898 16.42317046
-14.34704626 -57.77262775 16.30331339
-20.62555275 -53.68079294 19.75328762
-21.09813246 -58.88228619 12.66033569
-16.38523867 -54.84398984 19.73351498
-16.53032887 -59.68938073 12.58300959
33.37390383 -56.67902496 4.334574266
29.46467218 -55.4300653 12.54821641
28.8115793 -57.76526254 4.257831642
19.90318167 -48.09336762 25.70949734
24.85971864 -52.44613 19.77603255
19.91471163 -59.484185 4.151857761
25.05059108 -56.51275215 12.38262337
24.30149755 -58.69201966 4.201010115
27.01601385 -57.36283935 8.427155254
1.858100207 -26.15467503 37.45458367
5.83674468 -31.61978253 35.8810869
0 -28.93097426 36.83527458
14.93101485 -42.86165762 30.26171448
10.19987144 -37.24997778 33.56812001
-3.985257103 -34.65376833 35.06664664
3.980106264 -34.60897925 35.02132393
-1.954874853 -31.78833651 36.04532535
1.953210266 -31.76126857 36.01463256
2.558215837 -61.82859154 4.139280176
7.49637689 -59.3928269 12.1293926
6.830043465 -61.35794574 4.127626118
0 -61.29887678 8.258788608
15.83681663 -49.15694611 25.62450759
12.01496665 -55.17401344 19.44062442
18.20839717 -51.47348582 22.83931977
15.40362373 -60.20323148 4.145832021
11.74495769 -58.86492404 12.14654401
11.12791953 -60.81354944 4.126866283
18.06977163 -59.0727301 8.262378754
9.336281747 -60.3382749 8.209357925
-4.95396407 -58.39248275 16.13928529
4.91747697 -57.9624085 16.0204157
-2.534917513 -60.15161696 12.31283877
2.521675053 -59.83738369 12.24851625
22.80654005 -55.1873547 16.2553094
14.11857177 -56.8526076 16.04368565
20.56071744 -53.51205028 19.69119424
20.57004039 -57.40844634 12.343444
16.25782596 -54.4175193 19.58006584
16.11474627 -58.18875313 12.26666502
-12.98425977 -46.006032 28.43329146
-4.327702406 -46.77615898 28.90925611
-10.66367737 -43.32530753 30.51476036
-11.32915223 -49.63879035 25.9621319
13.011792 -46.10358462 28.4935823
4.326147854 -46.75935653 28.89887163
10.67304405 -43.3633633 30.54156369
11.32463524 -49.6189991 25.95178066
-6.1786404 -37.66990362 33.7930117
-2.18429143 -43.90167244 30.84886427
-8.3787212 -40.51699989 32.30774025
-2.066564085 -37.77267457 33.91189723
-6.409970619 -43.71901543 30.74443306
-7.341541849 -55.90623719 19.86887107
-2.341682019 -50.16628757 26.32110677
-9.430683414 -52.99944627 23.08587783
-2.456677177 -56.00824477 19.87493586
-6.810715519 -50.00994455 26.21118715
6.171597926 -37.6269671 33.75449409
2.183846473 -43.89272934 30.84258013
8.375655416 -40.50217468 32.29591881
2.065546357 -37.75407254 33.89519653
6.408572505 -43.70947963 30.73772722
0 -40.88791516 32.50469285
7.293798997 -55.5426728 19.73966162
2.340353759 -50.137832 26.30617678
9.395625951 -52.80242703 23.00005878
2.450762883 -55.87340849 19.82708822
6.802716368 -49.95120812 26.18040224
0 -53.23162966 23.2991703
-33.37390383 56.67902496 4.334574266
-29.46467218 55.4300653 12.54821641
-28.8115793 57.76526254 4.257831642
-19.90318167 48.09336762 25.70949734
-24.85971864 52.44613 19.77603255
-19.91471163 59.484185 4.151857761
-25.05059108 56.51275215 12.38262337
-24.30149755 58.69201966 4.201010115
-27.01601385 57.36283935 8.427155254
-1.858100207 26.15467503 37.45458367
-5.83674468 31.61978253 35.8810869
-14.93101485 42.86165762 30.26171448
-10.19987144 37.24997778 33.56812001
-2.558215837 61.82859154 4.139280176
-7.49637689 59.3928269 12.1293926
-6.830043465 61.35794574 4.127626118
-15.83681663 49.15694611 25.62450759
-12.01496665 55.17401344 19.44062442
-18.20839717 51.47348582 22.83931977
-15.40362373 60.20323148 4.145832021
-11.74495769 58.86492404 12.14654401
-11.12791953 60.81354944 4.126866283
-18.06977163 59.0727301 8.262378754
-9.336281747 60.3382749 8.209357925
-22.80654005 55.1873547 16.2553094
-14.11857177 56.8526076 16.04368565
-20.56071744 53.51205028 19.69119424
-20.57004039 57.40844634 12.343444
-16.25782596 54.4175193 19.58006584
-16.11474627 58.18875313 12.26666502
34.18710808 58.06009276 4.440192544
29.73443432 55.93755213 12.6631009
29.92267697 59.99293801 4.422031833
19.74036967 47.69995426 25.49918852
24.72627541 52.16460706 19.66987778
20.81438799 62.17147045 4.339424035
25.56210746 57.66670489 12.63546829
25.40120106 61.34798026 4.391116323
27.84974067 59.13308338 8.687221203
1.860055259 26.1821944 37.49399255
5.850128382 31.69228694 35.96336251
0 28.93097426 36.83527458
14.8755928 42.70256055 30.14938681
10.20892816 37.28305296 33.59792598
-3.980106264 34.60897925 35.02132393
3.985257103 34.65376833 35.06664664
-1.953210266 31.76126857 36.01463256
1.954874853 31.78833651 36.04532535
2.577112473 62.28529747 4.169855574
7.609716176 60.29079944 12.31277942
6.963325096 62.55528616 4.208172712
0 61.29887678 8.258788608
15.79615762 49.03074188 25.55871991
12.12312838 55.67070368 19.61563377
18.18953862 51.42017441 22.81566494
16.01323126 62.58581002 4.309905778
12.00177977 60.15209872 12.41214741
11.46912622 62.67822777 4.253405158
18.72652324 61.21974732 8.562677547
9.550486567 61.72263215 8.39770743
-4.91747697 57.9624085 16.0204157
4.95396407 58.39248275 16.13928529
-2.521675053 59.83738369 12.24851625
2.534917513 60.15161696 12.31283877
23.04205264 55.75724898 16.42317046
14.34704626 57.77262775 16.30331339
20.62555275 53.68079294 19.75328762
21.09813246 58.88228619 12.66033569
16.38523867 54.84398984 19.73351498
16.53032887 59.68938073 12.58300959
-13.011792 46.10358462 28.4935823
-4.326147854 46.75935653 28.89887163
-10.67304405 43.3633633 30.54156369
-11.32463524 49.6189991 25.95178066
12.98425977 46.006032 28.43329146
4.327702406 46.77615898 28.90925611
10.66367737 43.32530753 30.51476036
11.32915223 49.63879035 25.9621319
-6.171597926 37.6269671 33.75449409
-2.183846473 43.89272934 30.84258013
-8.375655416 40.50217468 32.29591881
-2.065546357 37.75407254 33.89519653
-6.408572505 43.70947963 30.73772722
-7.293798997 55.5426728 19.73966162
-2.340353759 50.137832 26.30617678
-9.395625951 52.80242703 23.00005878
-2.450762883 55.87340849 19.82708822
-6.802716368 49.95120812 26.18040224
6.1786404 37.66990362 33.7930117
2.18429143 43.90167244 30.84886427
8.3787212 40.51699989 32.30774025
2.066564085 37.77267457 33.91189723
6.409970619 43.71901543 30.74443306
0 40.88791516 32.50469285
7.341541849 55.90623719 19.86887107
2.341682019 50.16628757 26.32110677
9.430683414 52.99944627 23.08587783
2.456677177 56.00824477 19.87493586
6.810715519 50.00994455 26.21118715
0 53.23162966 23.2991703
0 -20.29706857 38.57382318
0 -14.1819151 39.34131769
0 -2.771983948 39.99546905
0 -8.380539189 39.78897638
0 20.29706857 38.57382318
0 14.1819151 39.34131769
0 2.771983948 39.99546905
0 8.380539189 39.78897638
-34.18710808 -58.06009276 -4.440192544
-29.73443432 -55.93755213 -12.6631009
-29.92267697 -59.99293801 -4.422031833
-19.74036967 -47.69995426 -25.49918852
-24.72627541 -52.16460706 -19.66987778
-20.81438799 -62.17147045 -4.339424035
-25.56210746 -57.66670489 -12.63546829
-25.40120106 -61.34798026 -4.391116323
-27.84974067 -59.13308338 -8.687221203
-1.860055259 -26.1821944 -37.49399255
-5.850128382 -31.69228694 -35.96336251
-14.8755928 -42.70256055 -30.14938681
-10.20892816 -37.28305296 -33.59792598
-2.577112473 -62.28529747 -4.169855574
-7.609716176 -60.29079944 -12.31277942
-6.963325096 -62.55528616 -4.208172712
-15.79615762 -49.03074188 -25.55871991
-12.12312838 -55.67070368 -19.61563377
-18.18953862 -51.42017441 -22.81566494
-16.01323126 -62.58581002 -4.309905778
-12.00177977 -60.15209872 -12.41214741
-11.46912622 -62.67822777 -4.253405158
-18.72652324 -61.21974732 -8.562677547
-9.550486567 -61.72263215 -8.39770743
-23.04205264 -55.75724898 -16.42317046
-14.34704626 -57.77262775 -16.30331339
-20.62555275 -53.68079294 -19.75328762
-21.09813246 -58.88228619 -12.66033569
-16.38523867 -54.84398984 -19.73351498
-16.53032887 -59.68938073 -12.58300959
33.37390383 -56.67902496 -4.334574266
29.46467218 -55.4300653 -12.54821641
28.8115793 -57.76526254 -4.257831642
19.90318167 -48.09336762 -25.70949734
24.85971864 -52.44613 -19.77603255
19.91471163 -59.484185 -4.151857761
25.05059108 -56.51275215 -12.38262337
24.30149755 -58.69201966 -4.201010115
27.01601385 -57.36283935 -8.427155254
1.858100207 -26.15467503 -37.45458367
5.83674468 -31.61978253 -35.8810869
0 -28.93097426 -36.83527458
14.93101485 -42.86165762 -30.26171448
10.19987144 -37.24997778 -33.56812001
-3.985257103 -34.65376833 -35.06664664
3.980106264 -34.60897925 -35.02132393
-1.954874853 -31.78833651 -36.04532535
1.953210266 -31.76126857 -36.01463256
2.558215837 -61.82859154 -4.139280176
7.49637689 -59.3928269 -12.1293926
6.830043465 -61.35794574 -4.127626118
0 -61.29887678 -8.258788608
15.83681663 -49.15694611 -25.62450759
12.01496665 -55.17401344 -19.44062442
18.20839717 -51.47348582 -22.83931977
15.40362373 -60.20323148 -4.145832021
11.74495769 -58.86492404 -12.14654401
11.12791953 -60.81354944 -4.126866283
18.06977163 -59.0727301 -8.262378754
9.336281747 -60.3382749 -8.209357925
-4.95396407 -58.39248275 -16.13928529
4.91747697 -57.9624085 -16.0204157
-2.534917513 -60.15161696 -12.31283877
2.521675053 -59.83738369 -12.24851625
22.80654005 -55.1873547 -16.2553094
14.11857177 -56.8526076 -16.04368565
20.56071744 -53.51205028 -19.69119424
20.57004039 -57.40844634 -12.343444
16.25782596 -54.4175193 -19.58006584
16.11474627 -58.18875313 -12.26666502
-12.98425977 -46.006032 -28.43329146
-4.327702406 -46.77615898 -28.90925611
-10.66367737 -43.32530753 -30.51476036
-11.32915223 -49.63879035 -25.9621319
13.011792 -46.10358462 -28.4935823
4.326147854 -46.75935653 -28.89887163
10.67304405 -43.3633633 -30.54156369
11.32463524 -49.6189991 -25.95178066
-6.1786404 -37.66990362 -33.7930117
-2.18429143 -43.90167244 -30.84886427
-8.3787212 -40.51699989 -32.30774025
-2.066564085 -37.77267457 -33.91189723
-6.409970619 -43.71901543 -30.74443306
-7.341541849 -55.90623719 -19.86887107
-2.341682019 -50.16628757 -26.32110677
-9.430683414 -52.99944627 -23.08587783
-2.456677177 -56.00824477 -19.87493586
-6.810715519 -50.00994455 -26.21118715
6.171597926 -37.6269671 -33.75449409
2.183846473 -43.89272934 -30.84258013
8.375655416 -40.50217468 -32.29591881
2.065546357 -37.75407254 -33.89519653
6.408572505 -43.70947963 -30.73772722
0 -40.88791516 -32.50469285
7.293798997 -55.5426728 -19.73966162
2.340353759 -50.137832 -26.30617678
9.395625951 -52.80242703 -23.00005878
2.450762883 -55.87340849 -19.82708822
6.802716368 -49.95120812 -26.18040224
0 -53.23162966 -23.2991703
-33.37390383 56.67902496 -4.334574266
-29.46467218 55.4300653 -12.54821641
-28.8115793 57.76526254 -4.257831642
-19.90318167 48.09336762 -25.70949734
-24.85971864 52.44613 -19.77603255
-19.91471163 59.484185 -4.151857761
-25.05059108 56.51275215 -12.38262337
-24.30149755 58.69201966 -4.201010115
-27.01601385 57.36283935 -8.427155254
-1.858100207 26.15467503 -37.45458367
-5.83674468 31.61978253 -35.8810869
-14.93101485 42.86165762 -30.26171448
-10.19987144 37.24997778 -33.56812001
-2.558215837 61.82859154 -4.139280176
-7.49637689 59.3928269 -12.1293926
-6.830043465 61.35794574 -4.127626118
-15.83681663 49.15694611 -25.62450759
-12.01496665 55.17401344 -19.44062442
-18.20839717 51.47348582 -22.83931977
-15.40362373 60.20323148 -4.145832021
-11.74495769 58.86492404 -12.14654401
-11.12791953 60.81354944 -4.126866283
-18.06977163 59.0727301 -8.262378754
-9.336281747 60.3382749 -8.209357925
-22.80654005 55.1873547 -16.2553094
-14.11857177 56.8526076 -16.04368565
-20.56071744 53.51205028 -19.69119424
-20.57004039 57.40844634 -12.343444
-16.25782596 54.4175193 -19.58006584
-16.11474627 58.18875313 -12.26666502
34.18710808 58.06009276 -4.440192544
29.73443432 55.93755213 -12.6631009
29.92267697 59.99293801 -4.422031833
19.74036967 47.69995426 -25.49918852
24.72627541 52.16460706 -19.66987778
20.81438799 62.17147045 -4.339424035
25.56210746 57.66670489 -12.63546829
25.40120106 61.34798026 -4.391116323
27.84974067 59.13308338 -8.687221203
1.860055259 26.1821944 -37.49399255
5.850128382 31.69228694 -35.96336251
0 28.93097426 -36.83527458
14.8755928 42.70256055 -30.14938681
10.20892816 37.28305296 -33.59792598
-3.980106264 34.60897925 -35.02132393
3.985257103 34.65376833 -35.06664664
-1.953210266 31.76126857 -36.01463256
1.954874853 31.78833651 -36.04532535
2.577112473 62.28529747 -4.169855574
7.609716176 60.29079944 -12.31277942
6.963325096 62.55528616 -4.208172712
0 61.29887678 -8.258788608
15.79615762 49.03074188 -25.55871991
12.12312838 55.67070368 -19.61563377
18.18953862 51.42017441 -22.81566494
16.01323126 62.58581002 -4.309905778
12.00177977 60.15209872 -12.41214741
11.46912622 62.67822777 -4.253405158
18.72652324 61.21974732 -8.562677547
9.550486567 61.72263215 -8.39770743
-4.91747697 57.9624085 -16.0204157
4.95396407 58.39248275 -16.13928529
-2.521675053 59.83738369 -12.24851625
2.534917513 60.15161696 -12.31283877
23.04205264 55.75724898 -16.42317046
14.34704626 57.77262775 -16.30331339
20.62555275 53.68079294 -19.75328762
21.09813246 58.88228619 -12.66033569
16.38523867 54.84398984 -19.73351498
16.53032887 59.68938073 -12.58300959
-13.011792 46.10358462 -28.4935823
-4.326147854 46.75935653 -28.89887163
-10.67304405 43.3633633 -30.54156369
-11.32463524 49.6189991 -25.95178066
12.98425977 46.006032 -28.43329146
4.327702406 46.77615898 -28.90925611
10.66367737 43.32530753 -30.51476036
11.32915223 49.63879035 -25.9621319
-6.171597926 37.6269671 -33.75449409
-2.183846473 43.89272934 -30.84258013
-8.375655416 40.50217468 -32.29591881
-2.065546357 37.75407254 -33.89519653
-6.408572505 43.70947963 -30.73772722
-7.293798997 55.5426728 -19.73966162
-2.340353759 50.137832 -26.30617678
-9.395625951 52.80242703 -23.00005878
-2.450762883 55.87340849 -19.82708822
-6.802716368 49.95120812 -26.18040224
6.1786404 37.66990362 -33.7930117
2.18429143 43.90167244 -30.84886427
8.3787212 40.51699989 -32.30774025
2.066564085 37.77267457 -33.91189723
6.409970619 43.71901543 -30.74443306
0 40.88791516 -32.50469285
7.341541849 55.90623719 -19.86887107
2.341682019 50.16628757 -26.32110677
9.430683414 52.99944627 -23.08587783
2.456677177 56.00824477 -19.87493586
6.810715519 50.00994455 -26.21118715
0 53.23162966 -23.2991703
0 -20.29706857 -38.57382318
0 -14.1819151 -39.34131769
0 -2.771983948 -39.99546905
0 -8.380539189 -39.78897638
0 20.29706857 -38.57382318
0 14.1819151 -39.34131769
0 2.771983948 -39.99546905
0 8.380539189 -39.78897638
38.78098098 55.53597952 -2.755107785
43.23272307 49.05906901 -7.980395378
36.88731998 55.28560812 -7.118264429
47.77232062 33.72880114 -16.64166222
45.99845153 41.45187819 -12.59539791
31.99490484 52.69088964 -15.05348506
40.82273598 48.23400536 -12.05756495
34.53818965 54.2295407 -11.26164927
39.08669922 51.91693265 -9.685582149
48.52910899 3.711302852 -28.57504725
49.42208991 11.18813547 -26.27104388
48.9177196 26.15017505 -20.24433531
49.50081564 18.66543331 -23.46362543
21.55028938 44.25681036 -27.35221304
29.82975579 41.40775659 -25.59140097
24.09514135 46.55654292 -24.76404193
44.9453055 32.65386226 -20.18119674
37.64555159 37.49437194 -23.17279625
44.22929856 36.46125526 -18.3715844
29.29373591 50.75841351 -18.68750499
32.53027525 43.36682917 -22.73416893
26.69117257 48.7412161 -21.85727153
33.81871128 49.01877142 -17.39109101
28.38790862 45.10484486 -23.83673338
42.23579297 44.22490229 -14.37973265
36.66621655 41.27632893 -21.4123243
43.33521785 40.34783795 -16.42998318
38.16688543 46.82008553 -15.94204785
40.51146879 38.99487809 -19.97140402
35.36218645 45.1553618 -19.51649589
38.67204968 -55.37998536 -2.747369005
45.5360353 -51.6727918 -8.405567353
36.83513883 -55.20740058 -7.108194865
53.79568178 -37.98148865 -18.73992207
50.829593 -45.80550056 -13.91827177
32.38128535 -53.32720136 -15.23527567
43.03613635 -50.84924324 -12.71132365
34.71141892 -54.50153363 -11.31813305
40.10808869 -53.27359385 -9.938679796
49.17858468 -3.760972031 -28.95747336
51.72103242 -11.70856835 -27.49308082
54.5197165 -29.14486084 -22.56269161
53.63097945 -20.22280758 -25.421343
21.8403318 -44.85245677 -27.72034276
30.92671669 -42.93048747 -26.53250041
24.50870785 -47.35563458 -25.18908937
49.78736698 -36.17173819 -22.35536364
40.30315558 -40.14130334 -24.80868982
48.94030604 -40.34486301 -20.32840204
29.79950444 -51.63477862 -19.01015253
34.0110212 -45.34084434 -23.76900581
27.19171491 -49.65526522 -22.26716322
34.96101747 -50.67449524 -17.97851584
29.23078158 -46.44406483 -24.54447619
45.60083607 -47.74842326 -15.52540595
39.04406802 -43.95315214 -22.80094117
47.54703586 -44.26930781 -18.0268391
40.2677787 -49.39729352 -16.81957665
43.97125547 -42.32514391 -21.67701479
37.20776506 -47.51205345 -20.53507621
2.917294858 -22.46161031 -38.1466363
8.643334732 -20.29555564 -38.18077349
4.836798096 -25.06460961 -37.56608465
2.849466213 -19.28155659 -38.65821331
20.05823268 -15.52821682 -37.52185215
14.31895121 -17.99982365 -37.97392499
8.994386419 -30.45187511 -35.98033969
10.7334542 -22.81304591 -37.56972213
6.874293493 -27.7415893 -36.84778331
7.808661168 -23.94827026 -37.60196205
2.748744291 -13.18456774 -39.38160297
8.468221892 -17.13158492 -38.64791091
2.796236266 -16.17533091 -39.06602208
5.682753643 -18.21793316 -38.68196021
44.73653498 -2.219353595 -31.23968871
38.43059882 -6.25147153 -33.86650969
46.00435368 -5.923262228 -30.69473905
25.9636907 -12.81038626 -36.7740837
32.09900921 -9.753473451 -35.61973025
48.18454982 -13.76604961 -29.25857006
39.38510422 -9.845511453 -33.33348949
47.16330432 -9.794229953 -30.03778251
42.70109866 -7.966283403 -32.14837462
18.71422357 -41.67822683 -30.2802498
20.66273297 -33.56780821 -33.43300425
16.16539349 -38.91792887 -32.08272763
23.02864725 -40.8578971 -29.8388147
22.71047517 -17.89315224 -36.74632073
21.91636988 -25.54607941 -35.46143138
19.71092471 -19.17851369 -37.05665315
11.34254681 -33.31504627 -34.88402993
18.02543132 -30.86654018 -34.74744834
13.68792475 -36.10284895 -33.61404353
12.24560701 -29.31722975 -35.96403503
17.19155704 -34.87262218 -33.5671278
31.87495968 -38.63714025 -28.64505657
24.7168563 -32.50191383 -32.97803288
27.44229662 -39.84331734 -29.29524512
23.9818364 -36.67719008 -31.58536685
13.7919446 -21.61966422 -37.46124632
18.72430796 -26.79257349 -35.7177721
16.72429946 -20.42300488 -37.29480568
13.05964776 -25.39578781 -36.81010513
19.26921221 -22.94830531 -36.4619939
15.50534971 -28.0943398 -35.87476357
2.676779119 -1.654340476 -39.98315546
8.103002105 -5.007930712 -39.67718889
2.685531963 -4.44378912 -39.9209424
19.77758098 -12.22321726 -37.9404552
13.75071309 -8.498408058 -39.02559981
16.95299507 -13.51558937 -38.2073442
2.729144996 -10.1399966 -39.63097084
8.157077989 -7.887390502 -39.53106132
2.701162787 -7.283570646 -39.80436617
5.507444239 -12.04474675 -39.3760413
5.410529064 -6.153249036 -39.76705523
11.35702089 -15.93413852 -38.55749063
11.05978521 -9.7326995 -39.19159491
14.1347206 -14.7588812 -38.41198611
8.389839642 -13.98145771 -39.02052449
13.94627459 -11.57994599 -38.75991392
8.287437158 -10.88722541 -39.31269292
50.18589439 -31.01658849 -24.43738123
41.63639957 -25.7327101 -29.99446802
50.09792378 -26.64774933 -25.927968
45.70669837 -33.37992897 -25.76156651
26.34854824 -16.28429837 -36.26656905
33.61422841 -20.77473567 -33.74976308
29.47446065 -14.85117661 -35.75397255
26.08788242 -20.13379713 -35.72179479
49.04868362 -18.05804115 -28.30701524
41.36144518 -21.68288758 -31.02599895
49.6990319 -22.28678974 -27.21568199
44.53217369 -15.79931653 -30.72334702
45.65412437 -24.12701327 -28.73361198
36.58870834 -37.12469466 -27.82475676
37.49016413 -27.79470389 -30.9287246
41.1226616 -35.41368217 -26.88856318
32.68264135 -34.11619277 -30.36310642
41.53904648 -30.54204896 -28.61023909
35.95056369 -11.68933039 -34.33361039
37.10967878 -19.25085145 -32.96493544
32.69434221 -13.31341455 -35.11505236
40.1348679 -13.66575856 -32.71721715
33.20350163 -17.00532425 -34.49485384
40.80070695 -17.63438046 -31.95195762
25.31167753 -28.16572202 -34.14099855
33.39539522 -25.02966711 -32.91325052
25.74815345 -24.11956144 -35.01905667
28.88605975 -31.09275835 -32.45657309
29.66956726 -22.52722634 -34.4525477
33.17135288 -29.52220736 -31.77750332
2.922353361 22.50055808 -38.21278144
8.682424513 20.387343 -38.35344736
4.849789225 25.13193051 -37.66698319
2.854243473 19.313883 -38.72302558
20.14276241 15.59365609 -37.67997735
14.3983746 18.09966385 -38.18455618
9.023152609 30.54926746 -36.09541338
10.78703664 22.92693083 -37.7572738
6.896793341 27.83238867 -36.96838764
7.840389809 24.04557837 -37.75474869
2.75242598 13.20222725 -39.43435098
8.504668014 17.20531703 -38.81424648
2.800541968 16.20023802 -39.12617675
5.70071221 18.27550524 -38.80420246
44.48335091 2.206793279 -31.06288933
38.11468495 6.2000821 -33.58811434
45.25108657 5.826275785 -30.19214885
41.52968653 0 -32.61803545
25.97757334 12.8172359 -36.79374659
31.95458244 9.709588524 -35.45946229
46.14637172 13.18375381 -28.02094977
38.80442997 9.700354165 -32.84203722
45.80397632 9.511943307 -29.17204167
41.99223125 7.834037657 -31.61468964
35.37719691 -4.020550545 -34.96066215
35.25979417 4.007207949 -34.84464172
38.45536441 -2.085580422 -33.91374756
38.35001288 2.079866808 -33.82083815
18.56677958 41.34985607 -30.04168043
20.54699329 33.37978239 -33.24573352
16.10794703 38.77962744 -31.96871624
22.68238961 40.2435597 -29.3901597
22.75804598 17.93063237 -36.82329192
21.89518316 25.52138381 -35.42715054
19.78834742 19.25384513 -37.20220828
11.36656282 33.3855855 -34.95789124
18.01854807 30.85475338 -34.73417957
13.6864561 36.09897526 -33.61043688
12.28847444 29.41985876 -36.08993209
17.15312737 34.7946686 -33.4920925
30.70784763 37.22242875 -27.59620848
24.42687142 32.12059253 -32.59112563
26.76251807 38.85635065 -28.56956682
23.64154809 36.15676208 -31.13718886
13.86576299 21.73537877 -37.66174949
18.75306734 26.83372522 -35.77263238
16.80815485 20.52540552 -37.48180128
13.12035355 25.51383628 -36.98121132
19.32727185 23.01745035 -36.57185674
15.55161532 28.17816906 -35.98180843
2.677286702 1.65465418 -39.99073726
8.115813301 5.015848467 -39.73992024
2.686885644 4.446029076 -39.94106512
5.378525273 0 -39.92081328
19.85933859 12.27374624 -38.09729546
13.80003978 8.52889363 -39.16559283
17.03698962 13.5825531 -38.39664458
2.732118188 10.15104334 -39.67414571
8.176839286 7.906498457 -39.62682908
2.703346109 7.289457879 -39.83653962
5.520872679 12.07411467 -39.47204932
5.417817674 6.161538177 -39.82062607
10.92817143 -3.354409297 -39.53849568
10.94280539 3.3589012 -39.59144184
8.140933204 -1.676022446 -39.77070641
8.145338461 1.676929383 -39.79222731
11.41430811 16.0145137 -38.75198279
11.09972554 9.767847311 -39.33312797
14.2090912 14.83653585 -38.61409285
8.422264507 14.03549294 -39.17133015
14.01001574 11.63287189 -38.93706527
8.314074934 10.92221952 -39.43905317
45.59768599 28.18091975 -22.20321166
39.53467203 24.43377105 -28.4804034
45.98185778 24.45835929 -23.79771549
42.09272156 30.74061584 -23.72462866
26.32175282 16.26773789 -36.2296874
33.00731587 20.39964308 -33.14040342
29.34831192 14.78761457 -35.60094793
26.01364967 20.07650666 -35.62014886
46.26570391 17.03344358 -26.70089977
39.64904574 20.78519737 -29.74149588
46.21246592 20.72329122 -25.30640393
42.84346162 15.20018798 -29.55828179
42.87389735 22.65773584 -26.98380371
34.73133251 35.24011021 -26.41227096
35.97798587 26.67359525 -29.68120419
38.44932456 33.11147933 -25.14056854
31.55919586 32.94346985 -29.31939351
39.0808078 28.73460144 -26.91711412
35.5349243 11.55418519 -33.93666527
36.19550309 18.77661775 -32.15286313
32.43503187 13.20782117 -34.83654252
39.22762275 13.35684529 -31.97764734
32.78843309 16.79274501 -34.06364243
39.50857048 17.0759091 -30.94005629
25.09759786 27.92750358 -33.85224275
32.61110865 24.44184859 -32.14028705
25.60886756 23.9890855 -34.82961937
28.31650957 30.47969841 -31.81662264
29.33553372 22.27360453 -34.06466518
32.19307877 28.65155216 -30.84033597
23.19324946 -10.59135825 -37.52746594
23.43694392 -3.508499776 -37.92177185
26.11941729 -9.127682332 -37.08473451
19.98631564 -8.721472233 -38.21321514
23.25267989 10.61849756 -37.6236264
23.46234954 3.512302986 -37.96287902
26.14249943 9.135748608 -37.11750687
20.0529017 8.750528538 -38.34052563
32.15908582 -5.879896964 -35.84852615
26.2832738 -1.861019232 -37.40428389
29.12812864 -7.554117591 -36.52946247
32.25766691 -1.965756603 -35.93011463
26.22634554 -5.46798518 -37.29423154
13.93044539 -5.147295358 -39.1969318
20.20707494 -1.797741427 -38.51334753
16.88628752 -6.898123292 -38.76672546
13.94899073 -1.724190076 -39.30872998
20.12839352 -5.230162272 -38.40420651
32.08019709 5.865473122 -35.76058694
26.29083883 1.861554883 -37.41504984
29.1015682 7.547229381 -36.49615314
32.23208997 1.964197965 -35.90162583
26.2457263 5.472025915 -37.32179126
29.21235059 0 -36.74645129
13.96239226 5.159099716 -39.28682262
20.22258383 1.79912119 -38.54290644
16.93803757 6.919263418 -38.88553074
13.95997097 1.725547309 -39.33967269
20.17177378 5.241434199 -38.48697438
17.06224813 0 -38.98212948
38.78098098 55.53597952 2.755107785
43.23272307 49.05906901 7.980395378
36.88731998 55.28560812 7.118264429
41.83610648 53.26624868 0
47.77232062 33.72880114 16.64166222
45.99845153 41.45187819 12.59539791
31.99490484 52.69088964 15.05348506
40.82273598 48.23400536 12.05756495
34.53818965 54.2295407 11.26164927
39.08669922 51.91693265 9.685582149
46.38340769 46.93603743 -5.33419059
46.38340769 46.93603743 5.33419059
44.38153561 50.32496401 -2.729313875
44.38153561 50.32496401 2.729313875
48.52910899 3.711302852 28.57504725
49.42208991 11.18813547 26.27104388
48.9177196 26.15017505 20.24433531
49.50081564 18.66543331 23.46362543
21.55028938 44.25681036 27.35221304
29.82975579 41.40775659 25.59140097
24.09514135 46.55654292 24.76404193
44.9453055 32.65386226 20.18119674
37.64555159 37.49437194 23.17279625
44.22929856 36.46125526 18.3715844
29.29373591 50.75841351 18.68750499
32.53027525 43.36682917 22.73416893
26.69117257 48.7412161 21.85727153
33.81871128 49.01877142 17.39109101
28.38790862 45.10484486 23.83673338
42.23579297 44.22490229 14.37973265
36.66621655 41.27632893 21.4123243
43.33521785 40.34783795 16.42998318
38.16688543 46.82008553 15.94204785
40.51146879 38.99487809 19.97140402
35.36218645 45.1553618 19.51649589
51.02537697 31.53541725 -14.40086703
54.86858742 33.91065194 -5.076409073
50.23667409 35.38255487 -12.36477512
51.02537697 31.53541725 14.40086703
54.86858742 33.91065194 5.076409073
50.23667409 35.38255487 12.36477512
48.02985919 43.08674664 -7.877886585
53.40101889 37.52387306 -2.656923562
49.25060979 39.27180968 -10.18478983
49.19765384 44.1691196 -2.69163107
52.24009574 36.73669479 -7.659309697
48.02985919 43.08674664 7.877886585
53.40101889 37.52387306 2.656923562
49.25060979 39.27180968 10.18478983
49.19765384 44.1691196 2.69163107
52.24009574 36.73669479 7.659309697
51.54746937 40.97872569 0
38.67204968 -55.37998536 2.747369005
45.5360353 -51.6727918 8.405567353
36.83513883 -55.20740058 7.108194865
42.5834464 -54.21777113 0
53.79568178 -37.98148865 18.73992207
50.829593 -45.80550056 13.91827177
32.38128535 -53.32720136 15.23527567
43.03613635 -50.84924324 12.71132365
34.71141892 -54.50153363 11.31813305
40.10808869 -53.27359385 9.938679796
49.84382722 -50.43768573 -5.7321462
49.84382722 -50.43768573 5.7321462
46.37594085 -52.5864534 -2.851963031
46.37594085 -52.5864534 2.851963031
49.17858468 -3.760972031 28.95747336
51.72103242 -11.70856835 27.49308082
54.5197165 -29.14486084 22.56269161
53.63097945 -20.22280758 25.421343
21.8403318 -44.85245677 27.72034276
30.92671669 -42.93048747 26.53250041
24.50870785 -47.35563458 25.18908937
49.78736698 -36.17173819 22.35536364
40.30315558 -40.14130334 24.80868982
48.94030604 -40.34486301 20.32840204
29.79950444 -51.63477862 19.01015253
34.0110212 -45.34084434 23.76900581
27.19171491 -49.65526522 22.26716322
34.96101747 -50.67449524 17.97851584
29.23078158 -46.44406483 24.54447619
45.60083607 -47.74842326 15.52540595
39.04406802 -43.95315214 22.80094117
47.54703586 -44.26930781 18.0268391
40.2677787 -49.39729352 16.81957665
43.97125547 -42.32514391 21.67701479
37.20776506 -47.51205345 20.53507621
58.29441698 -36.02793105 -16.45240462
63.70067595 -39.36918284 -5.89354865
57.22045326 -40.30135084 -14.08369582
58.29441698 -36.02793105 16.45240462
63.70067595 -39.36918284 5.89354865
57.22045326 -40.30135084 14.08369582
53.01997846 -47.56329536 -8.696368969
61.24854304 -43.03817796 -3.04737064
55.44594872 -44.21189412 -11.4659562
54.11963757 -48.58802317 -2.960915544
59.83030132 -42.07433941 -8.772166295
53.01997846 -47.56329536 8.696368969
61.24854304 -43.03817796 3.04737064
55.44594872 -44.21189412 11.4659562
54.11963757 -48.58802317 2.960915544
59.83030132 -42.07433941 8.772166295
58.01968903 -46.12395041 0
2.917294858 -22.46161031 38.1466363
8.643334732 -20.29555564 38.18077349
4.836798096 -25.06460961 37.56608465
2.849466213 -19.28155659 38.65821331
20.05823268 -15.52821682 37.52185215
14.31895121 -17.99982365 37.97392499
8.994386419 -30.45187511 35.98033969
10.7334542 -22.81304591 37.56972213
6.874293493 -27.7415893 36.84778331
7.808661168 -23.94827026 37.60196205
2.748744291 -13.18456774 39.38160297
8.468221892 -17.13158492 38.64791091
2.796236266 -16.17533091 39.06602208
5.682753643 -18.21793316 38.68196021
44.73653498 -2.219353595 31.23968871
38.43059882 -6.25147153 33.86650969
46.00435368 -5.923262228 30.69473905
25.9636907 -12.81038626 36.7740837
32.09900921 -9.753473451 35.61973025
48.18454982 -13.76604961 29.25857006
39.38510422 -9.845511453 33.33348949
47.16330432 -9.794229953 30.03778251
42.70109866 -7.966283403 32.14837462
18.71422357 -41.67822683 30.2802498
20.66273297 -33.56780821 33.43300425
16.16539349 -38.91792887 32.08272763
23.02864725 -40.8578971 29.8388147
22.71047517 -17.89315224 36.74632073
21.91636988 -25.54607941 35.46143138
19.71092471 -19.17851369 37.05665315
11.34254681 -33.31504627 34.88402993
18.02543132 -30.86654018 34.74744834
13.68792475 -36.10284895 33.61404353
12.24560701 -29.31722975 35.96403503
17.19155704 -34.87262218 33.5671278
31.87495968 -38.63714025 28.64505657
24.7168563 -32.50191383 32.97803288
27.44229662 -39.84331734 29.29524512
23.9818364 -36.67719008 31.58536685
13.7919446 -21.61966422 37.46124632
18.72430796 -26.79257349 35.7177721
16.72429946 -20.42300488 37.29480568
13.05964776 -25.39578781 36.81010513
19.26921221 -22.94830531 36.4619939
15.50534971 -28.0943398 35.87476357
2.676779119 -1.654340476 39.98315546
8.103002105 -5.007930712 39.67718889
2.685531963 -4.44378912 39.9209424
19.77758098 -12.22321726 37.9404552
13.75071309 -8.498408058 39.02559981
16.95299507 -13.51558937 38.2073442
2.729144996 -10.1399966 39.63097084
8.157077989 -7.887390502 39.53106132
2.701162787 -7.283570646 39.80436617
5.507444239 -12.04474675 39.3760413
5.410529064 -6.153249036 39.76705523
11.35702089 -15.93413852 38.55749063
11.05978521 -9.7326995 39.19159491
14.1347206 -14.7588812 38.41198611
8.389839642 -13.98145771 39.02052449
13.94627459 -11.57994599 38.75991392
8.287437158 -10.88722541 39.31269292
50.18589439 -31.01658849 24.43738123
41.63639957 -25.7327101 29.99446802
50.09792378 -26.64774933 25.927968
45.70669837 -33.37992897 25.76156651
26.34854824 -16.28429837 36.26656905
33.61422841 -20.77473567 33.74976308
29.47446065 -14.85117661 35.75397255
26.08788242 -20.13379713 35.72179479
49.04868362 -18.05804115 28.30701524
41.36144518 -21.68288758 31.02599895
49.6990319 -22.28678974 27.21568199
44.53217369 -15.79931653 30.72334702
45.65412437 -24.12701327 28.73361198
36.58870834 -37.12469466 27.82475676
37.49016413 -27.79470389 30.9287246
41.1226616 -35.41368217 26.88856318
32.68264135 -34.11619277 30.36310642
41.53904648 -30.54204896 28.61023909
35.95056369 -11.68933039 34.33361039
37.10967878 -19.25085145 32.96493544
32.69434221 -13.31341455 35.11505236
40.1348679 -13.66575856 32.71721715
33.20350163 -17.00532425 34.49485384
40.80070695 -17.63438046 31.95195762
25.31167753 -28.16572202 34.14099855
33.39539522 -25.02966711 32.91325052
25.74815345 -24.11956144 35.01905667
28.88605975 -31.09275835 32.45657309
29.66956726 -22.52722634 34.4525477
33.17135288 -29.52220736 31.77750332
2.922353361 22.50055808 38.21278144
8.682424513 20.387343 38.35344736
4.849789225 25.13193051 37.66698319
2.854243473 19.313883 38.72302558
20.14276241 15.59365609 37.67997735
14.3983746 18.09966385 38.18455618
9.023152609 30.54926746 36.09541338
10.78703664 22.92693083 37.7572738
6.896793341 27.83238867 36.96838764
7.840389809 24.04557837 37.75474869
2.75242598 13.20222725 39.43435098
8.504668014 17.20531703 38.81424648
2.800541968 16.20023802 39.12617675
5.70071221 18.27550524 38.80420246
44.48335091 2.206793279 31.06288933
38.11468495 6.2000821 33.58811434
45.25108657 5.826275785 30.19214885
41.52968653 0 32.61803545
25.97757334 12.8172359 36.79374659
31.95458244 9.709588524 35.45946229
46.14637172 13.18375381 28.02094977
38.80442997 9.700354165 32.84203722
45.80397632 9.511943307 29.17204167
41.99223125 7.834037657 31.61468964
35.37719691 -4.020550545 34.96066215
35.25979417 4.007207949 34.84464172
38.45536441 -2.085580422 33.91374756
38.35001288 2.079866808 33.82083815
18.56677958 41.34985607 30.04168043
20.54699329 33.37978239 33.24573352
16.10794703 38.77962744 31.96871624
22.68238961 40.2435597 29.3901597
22.75804598 17.93063237 36.82329192
21.89518316 25.52138381 35.42715054
19.78834742 19.25384513 37.20220828
11.36656282 33.3855855 34.95789124
18.01854807 30.85475338 34.73417957
13.6864561 36.09897526 33.61043688
12.28847444 29.41985876 36.08993209
17.15312737 34.7946686 33.4920925
30.70784763 37.22242875 27.59620848
24.42687142 32.12059253 32.59112563
26.76251807 38.85635065 28.56956682
23.64154809 36.15676208 31.13718886
13.86576299 21.73537877 37.66174949
18.75306734 26.83372522 35.77263238
16.80815485 20.52540552 37.48180128
13.12035355 25.51383628 36.98121132
19.32727185 23.01745035 36.57185674
15.55161532 28.17816906 35.98180843
2.677286702 1.65465418 39.99073726
8.115813301 5.015848467 39.73992024
2.686885644 4.446029076 39.94106512
5.378525273 0 39.92081328
19.85933859 12.27374624 38.09729546
13.80003978 8.52889363 39.16559283
17.03698962 13.5825531 38.39664458
2.732118188 10.15104334 39.67414571
8.176839286 7.906498457 39.62682908
2.703346109 7.289457879 39.83653962
5.520872679 12.07411467 39.47204932
5.417817674 6.161538177 39.82062607
10.92817143 -3.354409297 39.53849568
10.94280539 3.3589012 39.59144184
8.140933204 -1.676022446 39.77070641
8.145338461 1.676929383 39.79222731
11.41430811 16.0145137 38.75198279
11.09972554 9.767847311 39.33312797
14.2090912 14.83653585 38.61409285
8.422264507 14.03549294 39.17133015
14.01001574 11.63287189 38.93706527
8.314074934 10.92221952 39.43905317
45.59768599 28.18091975 22.20321166
39.53467203 24.43377105 28.4804034
45.98185778 24.45835929 23.79771549
42.09272156 30.74061584 23.72462866
26.32175282 16.26773789 36.2296874
33.00731587 20.39964308 33.14040342
29.34831192 14.78761457 35.60094793
26.01364967 20.07650666 35.62014886
46.26570391 17.03344358 26.70089977
39.64904574 20.78519737 29.74149588
46.21246592 20.72329122 25.30640393
42.84346162 15.20018798 29.55828179
42.87389735 22.65773584 26.98380371
34.73133251 35.24011021 26.41227096
35.97798587 26.67359525 29.68120419
38.44932456 33.11147933 25.14056854
31.55919586 32.94346985 29.31939351
39.0808078 28.73460144 26.91711412
35.5349243 11.55418519 33.93666527
36.19550309 18.77661775 32.15286313
32.43503187 13.20782117 34.83654252
39.22762275 13.35684529 31.97764734
32.78843309 16.79274501 34.06364243
39.50857048 17.0759091 30.94005629
25.09759786 27.92750358 33.85224275
32.61110865 24.44184859 32.14028705
25.60886756 23.9890855 34.82961937
28.31650957 30.47969841 31.81662264
29.33553372 22.27360453 34.06466518
32.19307877 28.65155216 30.84033597
23.19324946 -10.59135825 37.52746594
23.43694392 -3.508499776 37.92177185
26.11941729 -9.127682332 37.08473451
19.98631564 -8.721472233 38.21321514
23.25267989 10.61849756 37.6236264
23.46234954 3.512302986 37.96287902
26.14249943 9.135748608 37.11750687
20.0529017 8.750528538 38.34052563
32.15908582 -5.879896964 35.84852615
26.2832738 -1.861019232 37.40428389
29.12812864 -7.554117591 36.52946247
32.25766691 -1.965756603 35.93011463
26.22634554 -5.46798518 37.29423154
13.93044539 -5.147295358 39.1969318
20.20707494 -1.797741427 38.51334753
16.88628752 -6.898123292 38.76672546
13.94899073 -1.724190076 39.30872998
20.12839352 -5.230162272 38.40420651
32.08019709 5.865473122 35.76058694
26.29083883 1.861554883 37.41504984
29.1015682 7.547229381 36.49615314
32.23208997 1.964197965 35.90162583
26.2457263 5.472025915 37.32179126
29.21235059 0 36.74645129
13.96239226 5.159099716 39.28682262
20.22258383 1.79912119 38.54290644
16.93803757 6.919263418 38.88553074
13.95997097 1.725547309 39.33967269
20.17177378 5.241434199 38.48697438
17.06224813 0 38.98212948
51.56666281 0 -27.13374005
58.89759056 0 -21.23163834
52.20509972 3.847996455 -26.03833696
53.12221823 -3.915596533 -26.49576815
69.21968719 0 -4.797439969
65.21674917 0 -13.73625491
52.78920069 11.56674848 -23.40004034
59.16605741 4.129653195 -19.80820569
52.61248446 7.729282231 -24.77875268
55.79285101 3.993495756 -23.10109347
55.91340413 -12.25129901 -24.78491614
60.70918185 -4.237359692 -20.32482835
54.5946309 -8.02047869 -25.71227857
57.01782784 -4.081176161 -23.60829652
51.56666281 0 27.13374005
58.89759056 0 21.23163834
52.20509972 3.847996455 26.03833696
53.12221823 -3.915596533 26.49576815
69.21968719 0 4.797439969
65.21674917 0 13.73625491
52.78920069 11.56674848 23.40004034
59.16605741 4.129653195 19.80820569
52.61248446 7.729282231 24.77875268
55.79285101 3.993495756 23.10109347
55.91340413 -12.25129901 24.78491614
60.70918185 -4.237359692 20.32482835
54.5946309 -8.02047869 25.71227857
57.01782784 -4.081176161 23.60829652
51.76954066 26.98639954 -16.67851215
58.11325546 20.47626958 -12.65503057
52.24834296 23.18313192 -18.48249763
54.26750166 28.38304531 -12.38557151
68.24159873 4.568616068 -2.823560011
63.7728812 13.02390126 -8.049213648
67.08725249 4.513043782 -7.467799727
52.78847202 15.54872398 -21.81518589
58.64590997 16.54975179 -14.56391402
52.59227819 19.35273942 -20.20731715
56.03690984 12.04854865 -20.07860467
55.5104166 19.9733032 -16.58434092
57.43448703 30.13456524 -2.680949938
60.19313901 21.39242021 -7.904492795
56.2814417 29.4982011 -7.664813306
57.35555632 24.9833434 -10.20580651
62.38421457 4.296023121 -15.96165096
61.74516977 12.74087132 -12.31963548
65.04318475 4.413893427 -11.90187602
59.26392848 8.289121271 -18.12825735
64.54604773 8.781848823 -9.987360232
59.0780666 12.45413957 -16.36103203
58.76827104 -30.63469411 -18.93328219
66.02874203 -23.26529999 -14.37874616
58.60152876 -26.00210639 -20.72989411
62.60261011 -32.74248243 -14.28790861
70.70164198 -4.733310233 -2.925346603
70.17211306 -14.33077281 -8.856904682
69.43491092 -4.670973715 -7.729128703
57.12653399 -16.82649024 -23.60791875
65.24204895 -18.41116826 -16.20197542
58.01755061 -21.34911393 -22.29184751
60.10230164 -12.92265236 -21.53527662
62.25003423 -22.39829718 -18.59787501
67.26439291 -35.29209263 -3.139794213
69.20729333 -24.5960175 -9.088221025
65.6039078 -34.38428737 -8.934414084
66.33795557 -28.8959611 -11.80412818
64.25992803 -4.425192149 -16.44157178
67.52830157 -13.93419767 -13.47350834
67.18604926 -4.559310285 -12.2939864
62.51331012 -8.743605461 -19.12221148
68.89096476 -9.372998954 -10.65965936
64.07078117 -13.50664463 -17.74371036
51.76954066 26.98639954 16.67851215
58.11325546 20.47626958 12.65503057
52.24834296 23.18313192 18.48249763
54.26750166 28.38304531 12.38557151
68.24159873 4.568616068 2.823560011
63.7728812 13.02390126 8.049213648
67.08725249 4.513043782 7.467799727
66.92370435 9.016620795 0
52.78847202 15.54872398 21.81518589
58.64590997 16.54975179 14.56391402
52.59227819 19.35273942 20.20731715
56.03690984 12.04854865 20.07860467
55.5104166 19.9733032 16.58434092
57.43448703 30.13456524 2.680949938
60.19313901 21.39242021 7.904492795
56.2814417 29.4982011 7.664813306
59.65001676 26.10846048 0
57.35555632 24.9833434 10.20580651
62.38421457 4.296023121 15.96165096
61.74516977 12.74087132 12.31963548
65.04318475 4.413893427 11.90187602
59.26392848 8.289121271 18.12825735
64.54604773 8.781848823 9.987360232
59.0780666 12.45413957 16.36103203
62.88021109 17.3796629 -5.334698779
62.88021109 17.3796629 5.334698779
65.09802887 13.32535307 -2.743369868
61.4709736 21.81342519 -2.696287636
65.09802887 13.32535307 2.743369868
61.4709736 21.81342519 2.696287636
58.76827104 -30.63469411 18.93328219
66.02874203 -23.26529999 14.37874616
58.60152876 -26.00210639 20.72989411
62.60261011 -32.74248243 14.28790861
70.70164198 -4.733310233 2.925346603
70.17211306 -14.33077281 8.856904682
69.43491092 -4.670973715 7.729128703
71.74893284 -9.666723117 0
57.12653399 -16.82649024 23.60791875
65.24204895 -18.41116826 16.20197542
58.01755061 -21.34911393 22.29184751
60.10230164 -12.92265236 21.53527662
62.25003423 -22.39829718 18.59787501
67.26439291 -35.29209263 3.139794213
69.20729333 -24.5960175 9.088221025
65.6039078 -34.38428737 8.934414084
69.79772018 -30.5500504 0
66.33795557 -28.8959611 11.80412818
64.25992803 -4.425192149 16.44157178
67.52830157 -13.93419767 13.47350834
67.18604926 -4.559310285 12.2939864
62.51331012 -8.743605461 19.12221148
68.89096476 -9.372998954 10.65965936
64.07078117 -13.50664463 17.74371036
71.15748261 -19.66744448 -6.036934817
71.15748261 -19.66744448 6.036934817
71.94838766 -14.72759905 -3.032058607
71.08580427 -25.22531827 -3.118020814
71.94838766 -14.72759905 3.032058607
71.08580427 -25.22531827 3.118020814
-38.67204968 55.37998536 -2.747369005
-45.5360353 51.6727918 -8.405567353
-36.83513883 55.20740058 -7.108194865
-53.79568178 37.98148865 -18.73992207
-50.829593 45.80550056 -13.91827177
-32.38128535 53.32720136 -15.23527567
-43.03613635 50.84924324 -12.71132365
-34.71141892 54.50153363 -11.31813305
-40.10808869 53.27359385 -9.938679796
-49.17858468 3.760972031 -28.95747336
-51.72103242 11.70856835 -27.49308082
-54.5197165 29.14486084 -22.56269161
-53.63097945 20.22280758 -25.421343
-21.8403318 44.85245677 -27.72034276
-30.92671669 42.93048747 -26.53250041
-24.50870785 47.35563458 -25.18908937
-49.78736698 36.17173819 -22.35536364
-40.30315558 40.14130334 -24.80868982
-48.94030604 40.34486301 -20.32840204
-29.79950444 51.63477862 -19.01015253
-34.0110212 45.34084434 -23.76900581
-27.19171491 49.65526522 -22.26716322
-34.96101747 50.67449524 -17.97851584
-29.23078158 46.44406483 -24.54447619
-45.60083607 47.74842326 -15.52540595
-39.04406802 43.95315214 -22.80094117
-47.54703586 44.26930781 -18.0268391
-40.2677787 49.39729352 -16.81957665
-43.97125547 42.32514391 -21.67701479
-37.20776506 47.51205345 -20.53507621
-38.78098098 -55.53597952 -2.755107785
-43.23272307 -49.05906901 -7.980395378
-36.88731998 -55.28560812 -7.118264429
-47.77232062 -33.72880114 -16.64166222
-45.99845153 -41.45187819 -12.59539791
-31.99490484 -52.69088964 -15.05348506
-40.82273598 -48.23400536 -12.05756495
-34.53818965 -54.2295407 -11.26164927
-39.08669922 -51.91693265 -9.685582149
-48.52910899 -3.711302852 -28.57504725
-49.42208991 -11.18813547 -26.27104388
-48.9177196 -26.15017505 -20.24433531
-49.50081564 -18.66543331 -23.46362543
-21.55028938 -44.25681036 -27.35221304
-29.82975579 -41.40775659 -25.59140097
-24.09514135 -46.55654292 -24.76404193
-44.9453055 -32.65386226 -20.18119674
-37.64555159 -37.49437194 -23.17279625
-44.22929856 -36.46125526 -18.3715844
-29.29373591 -50.75841351 -18.68750499
-32.53027525 -43.36682917 -22.73416893
-26.69117257 -48.7412161 -21.85727153
-33.81871128 -49.01877142 -17.39109101
-28.38790862 -45.10484486 -23.83673338
-42.23579297 -44.22490229 -14.37973265
-36.66621655 -41.27632893 -21.4123243
-43.33521785 -40.34783795 -16.42998318
-38.16688543 -46.82008553 -15.94204785
-40.51146879 -38.99487809 -19.97140402
-35.36218645 -45.1553618 -19.51649589
-2.922353361 -22.50055808 -38.21278144
-8.682424513 -20.387343 -38.35344736
-4.849789225 -25.13193051 -37.66698319
-2.854243473 -19.313883 -38.72302558
-20.14276241 -15.59365609 -37.67997735
-14.3983746 -18.09966385 -38.18455618
-9.023152609 -30.54926746 -36.09541338
-10.78703664 -22.92693083 -37.7572738
-6.896793341 -27.83238867 -36.96838764
-7.840389809 -24.04557837 -37.75474869
-2.75242598 -13.20222725 -39.43435098
-8.504668014 -17.20531703 -38.81424648
-2.800541968 -16.20023802 -39.12617675
-5.70071221 -18.27550524 -38.80420246
-44.48335091 -2.206793279 -31.06288933
-38.11468495 -6.2000821 -33.58811434
-45.25108657 -5.826275785 -30.19214885
-25.97757334 -12.8172359 -36.79374659
-31.95458244 -9.709588524 -35.45946229
-46.14637172 -13.18375381 -28.02094977
-38.80442997 -9.700354165 -32.84203722
-45.80397632 -9.511943307 -29.17204167
-41.99223125 -7.834037657 -31.61468964
-18.56677958 -41.34985607 -30.04168043
-20.54699329 -33.37978239 -33.24573352
-16.10794703 -38.77962744 -31.96871624
-22.68238961 -40.2435597 -29.3901597
-22.75804598 -17.93063237 -36.82329192
-21.89518316 -25.52138381 -35.42715054
-19.78834742 -19.25384513 -37.20220828
-11.36656282 -33.3855855 -34.95789124
-18.01854807 -30.85475338 -34.73417957
-13.6864561 -36.09897526 -33.61043688
-12.28847444 -29.41985876 -36.08993209
-17.15312737 -34.7946686 -33.4920925
-30.70784763 -37.22242875 -27.59620848
-24.42687142 -32.12059253 -32.59112563
-26.76251807 -38.85635065 -28.56956682
-23.64154809 -36.15676208 -31.13718886
-13.86576299 -21.73537877 -37.66174949
-18.75306734 -26.83372522 -35.77263238
-16.80815485 -20.52540552 -37.48180128
-13.12035355 -25.51383628 -36.98121132
-19.32727185 -23.01745035 -36.57185674
-15.55161532 -28.17816906 -35.98180843
-2.677286702 -1.65465418 -39.99073726
-8.115813301 -5.015848467 -39.73992024
-2.686885644 -4.446029076 -39.94106512
-19.85933859 -12.27374624 -38.09729546
-13.80003978 -8.52889363 -39.16559283
-17.03698962 -13.5825531 -38.39664458
-2.732118188 -10.15104334 -39.67414571
-8.176839286 -7.906498457 -39.62682908
-2.703346109 -7.289457879 -39.83653962
-5.520872679 -12.07411467 -39.47204932
-5.417817674 -6.161538177 -39.82062607
-11.41430811 -16.0145137 -38.75198279
-11.09972554 -9.767847311 -39.33312797
-14.2090912 -14.83653585 -38.61409285
-8.422264507 -14.03549294 -39.17133015
-14.01001574 -11.63287189 -38.93706527
-8.314074934 -10.92221952 -39.43905317
-45.59768599 -28.18091975 -22.20321166
-39.53467203 -24.43377105 -28.4804034
-45.98185778 -24.45835929 -23.79771549
-42.09272156 -30.74061584 -23.72462866
-26.32175282 -16.26773789 -36.2296874
-33.00731587 -20.39964308 -33.14040342
-29.34831192 -14.78761457 -35.60094793
-26.01364967 -20.07650666 -35.62014886
-46.26570391 -17.03344358 -26.70089977
-39.64904574 -20.78519737 -29.74149588
-46.21246592 -20.72329122 -25.30640393
-42.84346162 -15.20018798 -29.55828179
-42.87389735 -22.65773584 -26.98380371
-34.73133251 -35.24011021 -26.41227096
-35.97798587 -26.67359525 -29.68120419
-38.44932456 -33.11147933 -25.14056854
-31.55919586 -32.94346985 -29.31939351
-39.0808078 -28.73460144 -26.91711412
-35.5349243 -11.55418519 -33.93666527
-36.19550309 -18.77661775 -32.15286313
-32.43503187 -13.20782117 -34.83654252
-39.22762275 -13.35684529 -31.97764734
-32.78843309 -16.79274501 -34.06364243
-39.50857048 -17.0759091 -30.94005629
-25.09759786 -27.92750358 -33.85224275
-32.61110865 -24.44184859 -32.14028705
-25.60886756 -23.9890855 -34.82961937
-28.31650957 -30.47969841 -31.81662264
-29.33553372 -22.27360453 -34.06466518
-32.19307877 -28.65155216 -30.84033597
-2.917294858 22.46161031 -38.1466363
-8.643334732 20.29555564 -38.18077349
-4.836798096 25.06460961 -37.56608465
-2.849466213 19.28155659 -38.65821331
-20.05823268 15.52821682 -37.52185215
-14.31895121 17.99982365 -37.97392499
-8.994386419 30.45187511 -35.98033969
-10.7334542 22.81304591 -37.56972213
-6.874293493 27.7415893 -36.84778331
-7.808661168 23.94827026 -37.60196205
-2.748744291 13.18456774 -39.38160297
-8.468221892 17.13158492 -38.64791091
-2.796236266 16.17533091 -39.06602208
-5.682753643 18.21793316 -38.68196021
-44.73653498 2.219353595 -31.23968871
-38.43059882 6.25147153 -33.86650969
-46.00435368 5.923262228 -30.69473905
-41.52968653 0 -32.61803545
-25.9636907 12.81038626 -36.7740837
-32.09900921 9.753473451 -35.61973025
-48.18454982 13.76604961 -29.25857006
-39.38510422 9.845511453 -33.33348949
-47.16330432 9.794229953 -30.03778251
-42.70109866 7.966283403 -32.14837462
-35.25979417 -4.007207949 -34.84464172
-35.37719691 4.020550545 -34.96066215
-38.35001288 -2.079866808 -33.82083815
-38.45536441 2.085580422 -33.91374756
-18.71422357 41.67822683 -30.2802498
-20.66273297 33.56780821 -33.43300425
-16.16539349 38.91792887 -32.08272763
-23.02864725 40.8578971 -29.8388147
-22.71047517 17.89315224 -36.74632073
-21.91636988 25.54607941 -35.46143138
-19.71092471 19.17851369 -37.05665315
-11.34254681 33.31504627 -34.88402993
-18.02543132 30.86654018 -34.74744834
-13.68792475 36.10284895 -33.61404353
-12.24560701 29.31722975 -35.96403503
-17.19155704 34.87262218 -33.5671278
-31.87495968 38.63714025 -28.64505657
-24.7168563 32.50191383 -32.97803288
-27.44229662 39.84331734 -29.29524512
-23.9818364 36.67719008 -31.58536685
-13.7919446 21.61966422 -37.46124632
-18.72430796 26.79257349 -35.7177721
-16.72429946 20.42300488 -37.29480568
-13.05964776 25.39578781 -36.81010513
-19.26921221 22.94830531 -36.4619939
-15.50534971 28.0943398 -35.87476357
-2.676779119 1.654340476 -39.98315546
-8.103002105 5.007930712 -39.67718889
-2.685531963 4.44378912 -39.9209424
-5.378525273 0 -39.92081328
-19.77758098 12.22321726 -37.9404552
-13.75071309 8.498408058 -39.02559981
-16.95299507 13.51558937 -38.2073442
-2.729144996 10.1399966 -39.63097084
-8.157077989 7.887390502 -39.53106132
-2.701162787 7.283570646 -39.80436617
-5.507444239 12.04474675 -39.3760413
-5.410529064 6.153249036 -39.76705523
-10.94280539 -3.3589012 -39.59144184
-10.92817143 3.354409297 -39.53849568
-8.145338461 -1.676929383 -39.79222731
-8.140933204 1.676022446 -39.77070641
-11.35702089 15.93413852 -38.55749063
-11.05978521 9.7326995 -39.19159491
-14.1347206 14.7588812 -38.41198611
-8.389839642 13.98145771 -39.02052449
-13.94627459 11.57994599 -38.75991392
-8.287437158 10.88722541 -39.31269292
-50.18589439 31.01658849 -24.43738123
-41.63639957 25.7327101 -29.99446802
-50.09792378 26.64774933 -25.927968
-45.70669837 33.37992897 -25.76156651
-26.34854824 16.28429837 -36.26656905
-33.61422841 20.77473567 -33.74976308
-29.47446065 14.85117661 -35.75397255
-26.08788242 20.13379713 -35.72179479
-49.04868362 18.05804115 -28.30701524
-41.36144518 21.68288758 -31.02599895
-49.6990319 22.28678974 -27.21568199
-44.53217369 15.79931653 -30.72334702
-45.65412437 24.12701327 -28.73361198
-36.58870834 37.12469466 -27.82475676
-37.49016413 27.79470389 -30.9287246
-41.1226616 35.41368217 -26.88856318
-32.68264135 34.11619277 -30.36310642
-41.53904648 30.54204896 -28.61023909
-35.95056369 11.68933039 -34.33361039
-37.10967878 19.25085145 -32.96493544
-32.69434221 13.31341455 -35.11505236
-40.1348679 13.66575856 -32.71721715
-33.20350163 17.00532425 -34.49485384
-40.80070695 17.63438046 -31.95195762
-25.31167753 28.16572202 -34.14099855
-33.39539522 25.02966711 -32.91325052
-25.74815345 24.11956144 -35.01905667
-28.88605975 31.09275835 -32.45657309
-29.66956726 22.52722634 -34.4525477
-33.17135288 29.52220736 -31.77750332
-23.25267989 -10.61849756 -37.6236264
-23.46234954 -3.512302986 -37.96287902
-26.14249943 -9.135748608 -37.11750687
-20.0529017 -8.750528538 -38.34052563
-23.19324946 10.59135825 -37.52746594
-23.43694392 3.508499776 -37.92177185
-26.11941729 9.127682332 -37.08473451
-19.98631564 8.721472233 -38.21321514
-32.08019709 -5.865473122 -35.76058694
-26.29083883 -1.861554883 -37.41504984
-29.1015682 -7.547229381 -36.49615314
-32.23208997 -1.964197965 -35.90162583
-26.2457263 -5.472025915 -37.32179126
-13.96239226 -5.159099716 -39.28682262
-20.22258383 -1.79912119 -38.54290644
-16.93803757 -6.919263418 -38.88553074
-13.95997097 -1.725547309 -39.33967269
-20.17177378 -5.241434199 -38.48697438
-32.15908582 5.879896964 -35.84852615
-26.2832738 1.861019232 -37.40428389
-29.12812864 7.554117591 -36.52946247
-32.25766691 1.965756603 -35.93011463
-26.22634554 5.46798518 -37.29423154
-29.21235059 0 -36.74645129
-13.93044539 5.147295358 -39.1969318
-20.20707494 1.797741427 -38.51334753
-16.88628752 6.898123292 -38.76672546
-13.94899073 1.724190076 -39.30872998
-20.12839352 5.230162272 -38.40420651
-17.06224813 0 -38.98212948
-38.67204968 55.37998536 2.747369005
-45.5360353 51.6727918 8.405567353
-36.83513883 55.20740058 7.108194865
-42.5834464 54.21777113 0
-53.79568178 37.98148865 18.73992207
-50.829593 45.80550056 13.91827177
-32.38128535 53.32720136 15.23527567
-43.03613635 50.84924324 12.71132365
-34.71141892 54.50153363 11.31813305
-40.10808869 53.27359385 9.938679796
-49.84382722 50.43768573 -5.7321462
-49.84382722 50.43768573 5.7321462
-46.37594085 52.5864534 -2.851963031
-46.37594085 52.5864534 2.851963031
-49.17858468 3.760972031 28.95747336
-51.72103242 11.70856835 27.49308082
-54.5197165 29.14486084 22.56269161
-53.63097945 20.22280758 25.421343
-21.8403318 44.85245677 27.72034276
-30.92671669 42.93048747 26.53250041
-24.50870785 47.35563458 25.18908937
-49.78736698 36.17173819 22.35536364
-40.30315558 40.14130334 24.80868982
-48.94030604 40.34486301 20.32840204
-29.79950444 51.63477862 19.01015253
-34.0110212 45.34084434 23.76900581
-27.19171491 49.65526522 22.26716322
-34.96101747 50.67449524 17.97851584
-29.23078158 46.44406483 24.54447619
-45.60083607 47.74842326 15.52540595
-39.04406802 43.95315214 22.80094117
-47.54703586 44.26930781 18.0268391
-40.2677787 49.39729352 16.81957665
-43.97125547 42.32514391 21.67701479
-37.20776506 47.51205345 20.53507621
-58.29441698 36.02793105 -16.45240462
-63.70067595 39.36918284 -5.89354865
-57.22045326 40.30135084 -14.08369582
-58.29441698 36.02793105 16.45240462
-63.70067595 39.36918284 5.89354865
-57.22045326 40.30135084 14.08369582
-53.01997846 47.56329536 -8.696368969
-61.24854304 43.03817796 -3.04737064
-55.44594872 44.21189412 -11.4659562
-54.11963757 48.58802317 -2.960915544
-59.83030132 42.07433941 -8.772166295
-53.01997846 47.56329536 8.696368969
-61.24854304 43.03817796 3.04737064
-55.44594872 44.21189412 11.4659562
-54.11963757 48.58802317 2.960915544
-59.83030132 42.07433941 8.772166295
-58.01968903 46.12395041 0
-38.78098098 -55.53597952 2.755107785
-43.23272307 -49.05906901 7.980395378
-36.88731998 -55.28560812 7.118264429
-41.83610648 -53.26624868 0
-47.77232062 -33.72880114 16.64166222
-45.99845153 -41.45187819 12.59539791
-31.99490484 -52.69088964 15.05348506
-40.82273598 -48.23400536 12.05756495
-34.53818965 -54.2295407 11.26164927
-39.08669922 -51.91693265 9.685582149
-46.38340769 -46.93603743 -5.33419059
-46.38340769 -46.93603743 5.33419059
-44.38153561 -50.32496401 -2.729313875
-44.38153561 -50.32496401 2.729313875
-48.52910899 -3.711302852 28.57504725
-49.42208991 -11.18813547 26.27104388
-48.9177196 -26.15017505 20.24433531
-49.50081564 -18.66543331 23.46362543
-21.55028938 -44.25681036 27.35221304
-29.82975579 -41.40775659 25.59140097
-24.09514135 -46.55654292 24.76404193
-44.9453055 -32.65386226 20.18119674
-37.64555159 -37.49437194 23.17279625
-44.22929856 -36.46125526 18.3715844
-29.29373591 -50.75841351 18.68750499
-32.53027525 -43.36682917 22.73416893
-26.69117257 -48.7412161 21.85727153
-33.81871128 -49.01877142 17.39109101
-28.38790862 -45.10484486 23.83673338
-42.23579297 -44.22490229 14.37973265
-36.66621655 -41.27632893 21.4123243
-43.33521785 -40.34783795 16.42998318
-38.16688543 -46.82008553 15.94204785
-40.51146879 -38.99487809 19.97140402
-35.36218645 -45.1553618 19.51649589
-51.02537697 -31.53541725 -14.40086703
-54.86858742 -33.91065194 -5.076409073
-50.23667409 -35.38255487 -12.36477512
-51.02537697 -31.53541725 14.40086703
-54.86858742 -33.91065194 5.076409073
-50.23667409 -35.38255487 12.36477512
-48.02985919 -43.08674664 -7.877886585
-53.40101889 -37.52387306 -2.656923562
-49.25060979 -39.27180968 -10.18478983
-49.19765384 -44.1691196 -2.69163107
-52.24009574 -36.73669479 -7.659309697
-48.02985919 -43.08674664 7.877886585
-53.40101889 -37.52387306 2.656923562
-49.25060979 -39.27180968 10.18478983
-49.19765384 -44.1691196 2.69163107
-52.24009574 -36.73669479 7.659309697
-51.54746937 -40.97872569 0
-2.922353361 -22.50055808 38.21278144
-8.682424513 -20.387343 38.35344736
-4.849789225 -25.13193051 37.66698319
-2.854243473 -19.313883 38.72302558
-20.14276241 -15.59365609 37.67997735
-14.3983746 -18.09966385 38.18455618
-9.023152609 -30.54926746 36.09541338
-10.78703664 -22.92693083 37.7572738
-6.896793341 -27.83238867 36.96838764
-7.840389809 -24.04557837 37.75474869
-2.75242598 -13.20222725 39.43435098
-8.504668014 -17.20531703 38.81424648
-2.800541968 -16.20023802 39.12617675
-5.70071221 -18.27550524 38.80420246
-44.48335091 -2.206793279 31.06288933
-38.11468495 -6.2000821 33.58811434
-45.25108657 -5.826275785 30.19214885
-25.97757334 -12.8172359 36.79374659
-31.95458244 -9.709588524 35.45946229
-46.14637172 -13.18375381 28.02094977
-38.80442997 -9.700354165 32.84203722
-45.80397632 -9.511943307 29.17204167
-41.99223125 -7.834037657 31.61468964
-18.56677958 -41.34985607 30.04168043
-20.54699329 -33.37978239 33.24573352
-16.10794703 -38.77962744 31.96871624
-22.68238961 -40.2435597 29.3901597
-22.75804598 -17.93063237 36.82329192
-21.89518316 -25.52138381 35.42715054
-19.78834742 -19.25384513 37.20220828
-11.36656282 -33.3855855 34.95789124
-18.01854807 -30.85475338 34.73417957
-13.6864561 -36.09897526 33.61043688
-12.28847444 -29.41985876 36.08993209
-17.15312737 -34.7946686 33.4920925
-30.70784763 -37.22242875 27.59620848
-24.42687142 -32.12059253 32.59112563
-26.76251807 -38.85635065 28.56956682
-23.64154809 -36.15676208 31.13718886
-13.86576299 -21.73537877 37.66174949
-18.75306734 -26.83372522 35.77263238
-16.80815485 -20.52540552 37.48180128
-13.12035355 -25.51383628 36.98121132
-19.32727185 -23.01745035 36.57185674
-15.55161532 -28.17816906 35.98180843
-2.677286702 -1.65465418 39.99073726
-8.115813301 -5.015848467 39.73992024
-2.686885644 -4.446029076 39.94106512
-19.85933859 -12.27374624 38.09729546
-13.80003978 -8.52889363 39.16559283
-17.03698962 -13.5825531 38.39664458
-2.732118188 -10.15104334 39.67414571
-8.176839286 -7.906498457 39.62682908
-2.703346109 -7.289457879 39.83653962
-5.520872679 -12.07411467 39.47204932
-5.417817674 -6.161538177 39.82062607
-11.41430811 -16.0145137 38.75198279
-11.09972554 -9.767847311 39.33312797
-14.2090912 -14.83653585 38.61409285
-8.422264507 -14.03549294 39.17133015
-14.01001574 -11.63287189 38.93706527
-8.314074934 -10.92221952 39.43905317
-45.59768599 -28.18091975 22.20321166
-39.53467203 -24.43377105 28.4804034
-45.98185778 -24.45835929 23.79771549
-42.09272156 -30.74061584 23.72462866
-26.32175282 -16.26773789 36.2296874
-33.00731587 -20.39964308 33.14040342
-29.34831192 -14.78761457 35.60094793
-26.01364967 -20.07650666 35.62014886
-46.26570391 -17.03344358 26.70089977
-39.64904574 -20.78519737 29.74149588
-46.21246592 -20.72329122 25.30640393
-42.84346162 -15.20018798 29.55828179
-42.87389735 -22.65773584 26.98380371
-34.73133251 -35.24011021 26.41227096
-35.97798587 -26.67359525 29.68120419
-38.44932456 -33.11147933 25.14056854
-31.55919586 -32.94346985 29.31939351
-39.0808078 -28.73460144 26.91711412
-35.5349243 -11.55418519 33.93666527
-36.19550309 -18.77661775 32.15286313
-32.43503187 -13.20782117 34.83654252
-39.22762275 -13.35684529 31.97764734
-32.78843309 -16.79274501 34.06364243
-39.50857048 -17.0759091 30.94005629
-25.09759786 -27.92750358 33.85224275
-32.61110865 -24.44184859 32.14028705
-25.60886756 -23.9890855 34.82961937
-28.31650957 -30.47969841 31.81662264
-29.33553372 -22.27360453 34.06466518
-32.19307877 -28.65155216 30.84033597
-2.917294858 22.46161031 38.1466363
-8.643334732 20.29555564 38.18077349
-4.836798096 25.06460961 37.56608465
-2.849466213 19.28155659 38.65821331
-20.05823268 15.52821682 37.52185215
-14.31895121 17.99982365 37.97392499
-8.994386419 30.45187511 35.98033969
-10.7334542 22.81304591 37.56972213
-6.874293493 27.7415893 36.84778331
-7.808661168 23.94827026 37.60196205
-2.748744291 13.18456774 39.38160297
-8.468221892 17.13158492 38.64791091
-2.796236266 16.17533091 39.06602208
-5.682753643 18.21793316 38.68196021
-44.73653498 2.219353595 31.23968871
-38.43059882 6.25147153 33.86650969
-46.00435368 5.923262228 30.69473905
-41.52968653 0 32.61803545
-25.9636907 12.81038626 36.7740837
-32.09900921 9.753473451 35.61973025
-48.18454982 13.76604961 29.25857006
-39.38510422 9.845511453 33.33348949
-47.16330432 9.794229953 30.03778251
-42.70109866 7.966283403 32.14837462
-35.25979417 -4.007207949 34.84464172
-35.37719691 4.020550545 34.96066215
-38.35001288 -2.079866808 33.82083815
-38.45536441 2.085580422 33.91374756
-18.71422357 41.67822683 30.2802498
-20.66273297 33.56780821 33.43300425
-16.16539349 38.91792887 32.08272763
-23.02864725 40.8578971 29.8388147
-22.71047517 17.89315224 36.74632073
-21.91636988 25.54607941 35.46143138
-19.71092471 19.17851369 37.05665315
-11.34254681 33.31504627 34.88402993
-18.02543132 30.86654018 34.74744834
-13.68792475 36.10284895 33.61404353
-12.24560701 29.31722975 35.96403503
-17.19155704 34.87262218 33.5671278
-31.87495968 38.63714025 28.64505657
-24.7168563 32.50191383 32.97803288
-27.44229662 39.84331734 29.29524512
-23.9818364 36.67719008 31.58536685
-13.7919446 21.61966422 37.46124632
-18.72430796 26.79257349 35.7177721
-16.72429946 20.42300488 37.29480568
-13.05964776 25.39578781 36.81010513
-19.26921221 22.94830531 36.4619939
-15.50534971 28.0943398 35.87476357
-2.676779119 1.654340476 39.98315546
-8.103002105 5.007930712 39.67718889
-2.685531963 4.44378912 39.9209424
-5.378525273 0 39.92081328
-19.77758098 12.22321726 37.9404552
-13.75071309 8.498408058 39.02559981
-16.95299507 13.51558937 38.2073442
-2.729144996 10.1399966 39.63097084
-8.157077989 7.887390502 39.53106132
-2.701162787 7.283570646 39.80436617
-5.507444239 12.04474675 39.3760413
-5.410529064 6.153249036 39.76705523
-10.94280539 -3.3589012 39.59144184
-10.92817143 3.354409297 39.53849568
-8.145338461 -1.676929383 39.79222731
-8.140933204 1.676022446 39.77070641
-11.35702089 15.93413852 38.55749063
-11.05978521 9.7326995 39.19159491
-14.1347206 14.7588812 38.41198611
-8.389839642 13.98145771 39.02052449
-13.94627459 11.57994599 38.75991392
-8.287437158 10.88722541 39.31269292
-50.18589439 31.01658849 24.43738123
-41.63639957 25.7327101 29.99446802
-50.09792378 26.64774933 25.927968
-45.70669837 33.37992897 25.76156651
-26.34854824 16.28429837 36.26656905
-33.61422841 20.77473567 33.74976308
-29.47446065 14.85117661 35.75397255
-26.08788242 20.13379713 35.72179479
-49.04868362 18.05804115 28.30701524
-41.36144518 21.68288758 31.02599895
-49.6990319 22.28678974 27.21568199
-44.53217369 15.79931653 30.72334702
-45.65412437 24.12701327 28.73361198
-36.58870834 37.12469466 27.82475676
-37.49016413 27.79470389 30.9287246
-41.1226616 35.41368217 26.88856318
-32.68264135 34.11619277 30.36310642
-41.53904648 30.54204896 28.61023909
-35.95056369 11.68933039 34.33361039
-37.10967878 19.25085145 32.96493544
-32.69434221 13.31341455 35.11505236
-40.1348679 13.66575856 32.71721715
-33.20350163 17.00532425 34.49485384
-40.80070695 17.63438046 31.95195762
-25.31167753 28.16572202 34.14099855
-33.39539522 25.02966711 32.91325052
-25.74815345 24.11956144 35.01905667
-28.88605975 31.09275835 32.45657309
-29.66956726 22.52722634 34.4525477
-33.17135288 29.52220736 31.77750332
-23.25267989 -10.61849756 37.6236264
-23.46234954 -3.512302986 37.96287902
-26.14249943 -9.135748608 37.11750687
-20.0529017 -8.750528538 38.34052563
-23.19324946 10.59135825 37.52746594
-23.43694392 3.508499776 37.92177185
-26.11941729 9.127682332 37.08473451
-19.98631564 8.721472233 38.21321514
-32.08019709 -5.865473122 35.76058694
-26.29083883 -1.861554883 37.41504984
-29.1015682 -7.547229381 36.49615314
-32.23208997 -1.964197965 35.90162583
-26.2457263 -5.472025915 37.32179126
-13.96239226 -5.159099716 39.28682262
-20.22258383 -1.79912119 38.54290644
-16.93803757 -6.919263418 38.88553074
-13.95997097 -1.725547309 39.33967269
-20.17177378 -5.241434199 38.48697438
-32.15908582 5.879896964 35.84852615
-26.2832738 1.861019232 37.40428389
-29.12812864 7.554117591 36.52946247
-32.25766691 1.965756603 35.93011463
-26.22634554 5.46798518 37.29423154
-29.21235059 0 36.74645129
-13.93044539 5.147295358 39.1969318
-20.20707494 1.797741427 38.51334753
-16.88628752 6.898123292 38.76672546
-13.94899073 1.724190076 39.30872998
-20.12839352 5.230162272 38.40420651
-17.06224813 0 38.98212948
-51.56666281 0 -27.13374005
-58.89759056 0 -21.23163834
-53.12221823 3.915596533 -26.49576815
-52.20509972 -3.847996455 -26.03833696
-69.21968719 0 -4.797439969
-65.21674917 0 -13.73625491
-55.91340413 12.25129901 -24.78491614
-60.70918185 4.237359692 -20.32482835
-54.5946309 8.02047869 -25.71227857
-57.01782784 4.081176161 -23.60829652
-52.78920069 -11.56674848 -23.40004034
-59.16605741 -4.129653195 -19.80820569
-52.61248446 -7.729282231 -24.77875268
-55.79285101 -3.993495756 -23.10109347
-51.56666281 0 27.13374005
-58.89759056 0 21.23163834
-53.12221823 3.915596533 26.49576815
-52.20509972 -3.847996455 26.03833696
-69.21968719 0 4.797439969
-65.21674917 0 13.73625491
-55.91340413 12.25129901 24.78491614
-60.70918185 4.237359692 20.32482835
-54.5946309 8.02047869 25.71227857
-57.01782784 4.081176161 23.60829652
-52.78920069 -11.56674848 23.40004034
-59.16605741 -4.129653195 19.80820569
-52.61248446 -7.729282231 24.77875268
-55.79285101 -3.993495756 23.10109347
-58.76827104 30.63469411 -18.93328219
-66.02874203 23.26529999 -14.37874616
-58.60152876 26.00210639 -20.72989411
-62.60261011 32.74248243 -14.28790861
-70.70164198 4.733310233 -2.925346603
-70.17211306 14.33077281 -8.856904682
-69.43491092 4.670973715 -7.729128703
-57.12653399 16.82649024 -23.60791875
-65.24204895 18.41116826 -16.20197542
-58.01755061 21.34911393 -22.29184751
-60.10230164 12.92265236 -21.53527662
-62.25003423 22.39829718 -18.59787501
-67.26439291 35.29209263 -3.139794213
-69.20729333 24.5960175 -9.088221025
-65.6039078 34.38428737 -8.934414084
-66.33795557 28.8959611 -11.80412818
-64.25992803 4.425192149 -16.44157178
-67.52830157 13.93419767 -13.47350834
-67.18604926 4.559310285 -12.2939864
-62.51331012 8.743605461 -19.12221148
-68.89096476 9.372998954 -10.65965936
-64.07078117 13.50664463 -17.74371036
-51.76954066 -26.98639954 -16.67851215
-58.11325546 -20.47626958 -12.65503057
-52.24834296 -23.18313192 -18.48249763
-54.26750166 -28.38304531 -12.38557151
-68.24159873 -4.568616068 -2.823560011
-63.7728812 -13.02390126 -8.049213648
-67.08725249 -4.513043782 -7.467799727
-52.78847202 -15.54872398 -21.81518589
-58.64590997 -16.54975179 -14.56391402
-52.59227819 -19.35273942 -20.20731715
-56.03690984 -12.04854865 -20.07860467
-55.5104166 -19.9733032 -16.58434092
-57.43448703 -30.13456524 -2.680949938
-60.19313901 -21.39242021 -7.904492795
-56.2814417 -29.4982011 -7.664813306
-57.35555632 -24.9833434 -10.20580651
-62.38421457 -4.296023121 -15.96165096
-61.74516977 -12.74087132 -12.31963548
-65.04318475 -4.413893427 -11.90187602
-59.26392848 -8.289121271 -18.12825735
-64.54604773 -8.781848823 -9.987360232
-59.0780666 -12.45413957 -16.36103203
-58.76827104 30.63469411 18.93328219
-66.02874203 23.26529999 14.37874616
-58.60152876 26.00210639 20.72989411
-62.60261011 32.74248243 14.28790861
-70.70164198 4.733310233 2.925346603
-70.17211306 14.33077281 8.856904682
-69.43491092 4.670973715 7.729128703
-71.74893284 9.666723117 0
-57.12653399 16.82649024 23.60791875
-65.24204895 18.41116826 16.20197542
-58.01755061 21.34911393 22.29184751
-60.10230164 12.92265236 21.53527662
-62.25003423 22.39829718 18.59787501
-67.26439291 35.29209263 3.139794213
-69.20729333 24.5960175 9.088221025
-65.6039078 34.38428737 8.934414084
-69.79772018 30.5500504 0
-66.33795557 28.8959611 11.80412818
-64.25992803 4.425192149 16.44157178
-67.52830157 13.93419767 13.47350834
-67.18604926 4.559310285 12.2939864
-62.51331012 8.743605461 19.12221148
-68.89096476 9.372998954 10.65965936
-64.07078117 13.50664463 17.74371036
-71.15748261 19.66744448 -6.036934817
-71.15748261 19.66744448 6.036934817
-71.94838766 14.72759905 -3.032058607
-71.08580427 25.22531827 -3.118020814
-71.94838766 14.72759905 3.032058607
-71.08580427 25.22531827 3.118020814
-51.76954066 -26.98639954 16.67851215
-58.11325546 -20.47626958 12.65503057
-52.24834296 -23.18313192 18.48249763
-54.26750166 -28.38304531 12.38557151
-68.24159873 -4.568616068 2.823560011
-63.7728812 -13.02390126 8.049213648
-67.08725249 -4.513043782 7.467799727
-66.92370435 -9.016620795 0
-52.78847202 -15.54872398 21.81518589
-58.64590997 -16.54975179 14.56391402
-52.59227819 -19.35273942 20.20731715
-56.03690984 -12.04854865 20.07860467
-55.5104166 -19.9733032 16.58434092
-57.43448703 -30.13456524 2.680949938
-60.19313901 -21.39242021 7.904492795
-56.2814417 -29.4982011 7.664813306
-59.65001676 -26.10846048 0
-57.35555632 -24.9833434 10.20580651
-62.38421457 -4.296023121 15.96165096
-61.74516977 -12.74087132 12.31963548
-65.04318475 -4.413893427 11.90187602
-59.26392848 -8.289121271 18.12825735
-64.54604773 -8.781848823 9.987360232
-59.0780666 -12.45413957 16.36103203
-62.88021109 -17.3796629 -5.334698779
-62.88021109 -17.3796629 5.334698779
-65.09802887 -13.32535307 -2.743369868
-61.4709736 -21.81342519 -2.696287636
-65.09802887 -13.32535307 2.743369868
-61.4709736 -21.81342519 2.696287636
