-15.694195 25.393741 0
25.609888 41.437669 0
-25.609888 -41.437669 0
15.694195 -25.393741 0
0 -18.087009 29.265395
0 18.087009 29.265395
0 -18.087009 -29.265395
0 18.087009 -29.265395
36.039052 0 -22.273359
36.039052 0 22.273359
-36.039052 0 -22.273359
-36.039052 0 22.273359
0 36.257617 0
0 -36.257617 0
-12.004314 -31.427701 19.423387
9.4999388 -24.871163 15.371224
-9.4999388 24.871163 15.371224
12.004314 31.427701 19.423387
0 0 38.494676
-12.004314 -31.427701 -19.423387
9.4999388 -24.871163 -15.371224
-9.4999388 24.871163 -15.371224
12.004314 31.427701 -19.423387
0 0 -38.494676
42.034465 25.978728 -16.055737
25.535863 -15.782031 -9.7538318
16.772772 -10.366143 -27.138915
21.930496 13.553792 -35.484289
42.034465 25.978728 16.055737
25.535863 -15.782031 9.7538318
16.772772 -10.366143 27.138915
21.930496 13.553792 35.484289
45.903938 0 0
-25.535863 15.782031 -9.7538318
-42.034465 -25.978728 -16.055737
-21.930496 -13.553792 -35.484289
-16.772772 10.366143 -27.138915
-25.535863 15.782031 9.7538318
-42.034465 -25.978728 16.055737
-21.930496 -13.553792 35.484289
-16.772772 10.366143 27.138915
-45.903938 0 0
-8.6900881 30.590388 0
11.77783 41.459694 0
-11.77783 -41.459694 0
8.6900881 -30.590388 0
-19.105699 -37.986445 11.44399
-5.7366277 -24.77842 25.07364
-6.2340512 -36.494771 10.086907
13.093501 -26.032838 7.8427857
5.1376023 -22.191029 22.455421
5.316211 -31.121641 8.6018101
0 -28.725482 17.753324
-13.093501 26.032838 7.8427857
-5.1376023 22.191029 22.455421
-5.316211 31.121641 8.6018101
19.105699 37.986445 11.44399
5.7366277 24.77842 25.07364
6.2340512 36.494771 10.086907
0 28.725482 17.753324
0 -10.032601 35.316229
0 10.032601 35.316229
-19.105699 -37.986445 -11.44399
-5.7366277 -24.77842 -25.07364
-6.2340512 -36.494771 -10.086907
13.093501 -26.032838 -7.8427857
5.1376023 -22.191029 -22.455421
5.316211 -31.121641 -8.6018101
0 -28.725482 -17.753324
-13.093501 26.032838 -7.8427857
-5.1376023 22.191029 -22.455421
-5.316211 31.121641 -8.6018101
19.105699 37.986445 -11.44399
5.7366277 24.77842 -25.07364
6.2340512 36.494771 -10.086907
0 28.725482 -17.753324
0 -10.032601 -35.316229
0 10.032601 -35.316229
34.756397 35.170498 -8.0466998
45.484787 13.702979 -22.877072
26.444745 30.962047 -19.135597
20.736082 -20.98314 -4.8007574
30.549851 -9.2036043 -15.365382
17.615203 -20.624239 -12.746481
8.5730705 -14.312709 -28.456898
25.555054 -5.846771 -25.254166
13.152795 -18.176715 -21.281669
9.546634 -5.9001443 -34.540046
22.06785 -13.638681 -18.848194
10.052472 16.782563 -33.367527
31.894744 7.2972361 -31.519212
17.352283 23.980265 -28.076583
10.49879 6.488609 -37.984978
33.119868 20.469204 -28.287745
20.633012 0 -33.384914
34.756397 35.170498 8.0466998
45.484787 13.702979 22.877072
26.444745 30.962047 19.135597
46.549754 28.76933 0
20.736082 -20.98314 4.8007574
30.549851 -9.2036043 15.365382
17.615203 -20.624239 12.746481
26.78838 -16.55613 0
8.5730705 -14.312709 28.456898
25.555054 -5.846771 25.254166
13.152795 -18.176715 21.281669
9.546634 -5.9001443 34.540046
22.06785 -13.638681 18.848194
10.052472 16.782563 33.367527
31.894744 7.2972361 31.519212
17.352283 23.980265 28.076583
10.49879 6.488609 37.984978
33.119868 20.469204 28.287745
20.633012 0 33.384914
43.076113 0 -12.237021
43.076113 0 12.237021
54.015741 14.929584 -9.2269902
34.496737 -9.5346637 -5.8927462
54.015741 14.929584 9.2269902
34.496737 -9.5346637 5.8927462
-20.736082 20.98314 -4.8007574
-30.549851 9.2036043 -15.365382
-17.615203 20.624239 -12.746481
-34.756397 -35.170498 -8.0466998
-45.484787 -13.702979 -22.877072
-26.444745 -30.962047 -19.135597
-10.052472 -16.782563 -33.367527
-31.894744 -7.2972361 -31.519212
-17.352283 -23.980265 -28.076583
-10.49879 -6.488609 -37.984978
-33.119868 -20.469204 -28.287745
-8.5730705 14.312709 -28.456898
-25.555054 5.846771 -25.254166
-13.152795 18.176715 -21.281669
-9.546634 5.9001443 -34.540046
-22.06785 13.638681 -18.848194
-20.633012 0 -33.384914
-20.736082 20.98314 4.8007574
-30.549851 9.2036043 15.365382
-17.615203 20.624239 12.746481
-26.78838 16.55613 0
-34.756397 -35.170498 8.0466998
-45.484787 -13.702979 22.877072
-26.444745 -30.962047 19.135597
-46.549754 -28.76933 0
-10.052472 -16.782563 33.367527
-31.894744 -7.2972361 31.519212
-17.352283 -23.980265 28.076583
-10.49879 -6.488609 37.984978
-33.119868 -20.469204 28.287745
-8.5730705 14.312709 28.456898
-25.555054 5.846771 25.254166
-13.152795 18.176715 21.281669
-9.546634 5.9001443 34.540046
-22.06785 13.638681 18.848194
-20.633012 0 33.384914
-43.076113 0 -12.237021
-43.076113 0 12.237021
-34.496737 9.5346637 -5.8927462
-54.015741 -14.929584 -9.2269902
-34.496737 9.5346637 5.8927462
-54.015741 -14.929584 9.2269902
-12.319943 27.948762 0
-4.6469108 33.362858 0
18.702948 42.429112 0
5.4485286 39.118136 0
-18.702948 -42.429112 0
-5.4485286 -39.118136 0
12.319943 -27.948762 0
4.6469108 -33.362858 0
-22.762995 -40.64139 6.1648571
-15.445191 -34.754757 15.798342
-15.899431 -41.023831 5.8433201
-2.8250626 -21.44909 27.309247
-8.7816328 -28.100338 22.476689
-3.1004971 -37.235324 5.0167097
-9.2069969 -34.370705 14.897234
-9.0258198 -39.626582 5.4451079
-12.439599 -37.833606 10.90452
14.533108 -25.947628 3.9359731
11.403922 -25.661095 11.66467
11.050488 -28.512552 4.0612485
2.6774739 -20.328534 25.882541
7.4082145 -23.705538 18.961409
0 -23.58778 23.868813
2.8303764 -33.991318 4.5796453
7.5113743 -28.040764 12.153659
7.1174077 -31.247969 4.2937987
0 -33.934512 9.3792684
9.3860286 -28.546525 8.2277683
-5.6468055 -30.32785 18.743642
5.0016397 -26.862796 16.602121
-2.8067772 -26.988043 21.454703
-2.937296 -32.575112 14.257934
2.6459587 -25.441724 20.225424
2.7343877 -30.324825 13.272997
-14.533108 25.947628 3.9359731
-11.403922 25.661095 11.66467
-11.050488 28.512552 4.0612485
-2.6774739 20.328534 25.882541
-7.4082145 23.705538 18.961409
-2.8303764 33.991318 4.5796453
-7.5113743 28.040764 12.153659
-7.1174077 31.247969 4.2937987
-9.3860286 28.546525 8.2277683
22.762995 40.64139 6.1648571
15.445191 34.754757 15.798342
15.899431 41.023831 5.8433201
2.8250626 21.44909 27.309247
8.7816328 28.100338 22.476689
0 23.58778 23.868813
3.1004971 37.235324 5.0167097
9.2069969 34.370705 14.897234
9.0258198 39.626582 5.4451079
0 33.934512 9.3792684
12.439599 37.833606 10.90452
-5.0016397 26.862796 16.602121
5.6468055 30.32785 18.743642
-2.6459587 25.441724 20.225424
-2.7343877 30.324825 13.272997
2.8067772 26.988043 21.454703
2.937296 32.575112 14.257934
0 -14.28739 32.41207
0 -5.2351105 37.585884
0 14.28739 32.41207
0 5.2351105 37.585884
-22.762995 -40.64139 -6.1648571
-15.445191 -34.754757 -15.798342
-15.899431 -41.023831 -5.8433201
-2.8250626 -21.44909 -27.309247
-8.7816328 -28.100338 -22.476689
-3.1004971 -37.235324 -5.0167097
-9.2069969 -34.370705 -14.897234
-9.0258198 -39.626582 -5.4451079
-12.439599 -37.833606 -10.90452
14.533108 -25.947628 -3.9359731
11.403922 -25.661095 -11.66467
11.050488 -28.512552 -4.0612485
2.6774739 -20.328534 -25.882541
7.4082145 -23.705538 -18.961409
0 -23.58778 -23.868813
2.8303764 -33.991318 -4.5796453
7.5113743 -28.040764 -12.153659
7.1174077 -31.247969 -4.2937987
0 -33.934512 -9.3792684
9.3860286 -28.546525 -8.2277683
-5.6468055 -30.32785 -18.743642
5.0016397 -26.862796 -16.602121
-2.8067772 -26.988043 -21.454703
-2.937296 -32.575112 -14.257934
2.6459587 -25.441724 -20.225424
2.7343877 -30.324825 -13.272997
-14.533108 25.947628 -3.9359731
-11.403922 25.661095 -11.66467
-11.050488 28.512552 -4.0612485
-2.6774739 20.328534 -25.882541
-7.4082145 23.705538 -18.961409
-2.8303764 33.991318 -4.5796453
-7.5113743 28.040764 -12.153659
-7.1174077 31.247969 -4.2937987
-9.3860286 28.546525 -8.2277683
22.762995 40.64139 -6.1648571
15.445191 34.754757 -15.798342
15.899431 41.023831 -5.8433201
2.8250626 21.44909 -27.309247
8.7816328 28.100338 -22.476689
0 23.58778 -23.868813
3.1004971 37.235324 -5.0167097
9.2069969 34.370705 -14.897234
9.0258198 39.626582 -5.4451079
0 33.934512 -9.3792684
12.439599 37.833606 -10.90452
-5.0016397 26.862796 -16.602121
5.6468055 30.32785 -18.743642
-2.6459587 25.441724 -20.225424
-2.7343877 30.324825 -13.272997
2.8067772 26.988043 -21.454703
2.937296 32.575112 -14.257934
0 -14.28739 -32.41207
0 -5.2351105 -37.585884
0 14.28739 -32.41207
0 5.2351105 -37.585884
30.576335 38.930168 -4.0272132
38.511735 30.80448 -12.035297
26.994491 37.45663 -10.066393
41.516121 6.2975443 -23.252926
45.014069 20.46188 -20.004482
18.998457 31.717852 -19.602711
34.173318 29.069561 -17.965976
22.879766 34.730557 -15.345026
30.777558 33.387373 -14.071874
18.275611 -23.268735 -2.4070832
23.13678 -18.506475 -7.2304719
16.981933 -23.563549 -6.3326557
33.251641 -5.0439125 -18.624041
27.989446 -12.72306 -12.438653
13.653834 -22.795024 -14.0881
21.527731 -18.312582 -11.317798
15.405019 -23.384195 -10.331855
19.339216 -20.979104 -8.8421246
4.3892942 -16.206942 -28.936115
12.662693 -12.379636 -27.856646
6.8545896 -18.381575 -25.505643
4.5622996 -12.413828 -32.03025
30.512681 -3.1564485 -23.965115
21.025154 -8.2145187 -26.28563
28.401729 -7.6329068 -20.468745
11.35863 -21.605399 -18.37865
14.940071 -14.479544 -24.173543
9.2368711 -20.202593 -21.915692
15.557011 -19.593492 -17.098809
11.003719 -16.406782 -24.90483
5.0318312 -3.1098427 -37.34756
13.433606 -8.302425 -30.993841
4.8114782 -7.9755142 -35.015364
9.0934293 -10.373553 -31.549965
24.04751 -14.862179 -14.404052
19.640002 -12.138189 -23.088207
26.173169 -11.56411 -17.242337
19.83774 -17.311959 -15.750941
23.798399 -10.030381 -21.938133
17.577488 -15.992527 -20.142009
4.7662076 17.598649 -31.420891
15.855979 15.50154 -34.881552
7.8730803 21.112805 -29.295405
4.9238994 13.397726 -34.568911
34.625468 3.5819045 -27.195359
27.570962 10.771963 -34.469194
38.938473 10.464635 -28.062435
28.827088 0 -28.487675
14.697164 27.955668 -23.780512
19.933661 19.319206 -32.253341
11.265687 24.639955 -26.729325
21.911129 27.596275 -24.082662
13.71268 20.445902 -31.03605
5.1709591 3.1958285 -38.380203
16.094291 9.9468188 -37.132539
5.1130245 8.4753578 -37.209856
10.283997 0 -37.207852
10.485528 11.961624 -36.3799
37.885827 23.414729 -22.69297
27.738762 17.143498 -32.60887
40.059533 17.699531 -26.390384
29.904569 26.097059 -23.743889
34.018194 14.337748 -31.35907
25.021553 22.765361 -28.672149
18.688095 -5.6300711 -30.237973
22.125609 6.665674 -35.799987
23.436584 -3.0660536 -29.481068
14.917307 -3.0731344 -34.081582
26.02307 3.4044265 -32.734629
16.080536 3.3127725 -36.73921
30.576335 38.930168 4.0272132
38.511735 30.80448 12.035297
26.994491 37.45663 10.066393
36.06635 36.496058 0
41.516121 6.2975443 23.252926
45.014069 20.46188 20.004482
18.998457 31.717852 19.602711
34.173318 29.069561 17.965976
22.879766 34.730557 15.345026
30.777558 33.387373 14.071874
45.24564 27.963343 -8.4243797
45.24564 27.963343 8.4243797
40.99967 32.593534 -4.263997
40.99967 32.593534 4.263997
18.275611 -23.268735 2.4070832
23.13678 -18.506475 7.2304719
16.981933 -23.563549 6.3326557
20.990923 -21.241017 0
33.251641 -5.0439125 18.624041
27.989446 -12.72306 12.438653
13.653834 -22.795024 14.0881
21.527731 -18.312582 11.317798
15.405019 -23.384195 10.331855
19.339216 -20.979104 8.8421246
26.46916 -16.35884 -4.9283479
26.46916 -16.35884 4.9283479
23.767078 -18.89413 -2.4717943
23.767078 -18.89413 2.4717943
4.3892942 -16.206942 28.936115
12.662693 -12.379636 27.856646
6.8545896 -18.381575 25.505643
4.5622996 -12.413828 32.03025
30.512681 -3.1564485 23.965115
21.025154 -8.2145187 26.28563
28.401729 -7.6329068 20.468745
11.35863 -21.605399 18.37865
14.940071 -14.479544 24.173543
9.2368711 -20.202593 21.915692
15.557011 -19.593492 17.098809
11.003719 -16.406782 24.90483
5.0318312 -3.1098427 37.34756
13.433606 -8.302425 30.993841
4.8114782 -7.9755142 35.015364
9.0934293 -10.373553 31.549965
24.04751 -14.862179 14.404052
19.640002 -12.138189 23.088207
26.173169 -11.56411 17.242337
19.83774 -17.311959 15.750941
23.798399 -10.030381 21.938133
17.577488 -15.992527 20.142009
4.7662076 17.598649 31.420891
15.855979 15.50154 34.881552
7.8730803 21.112805 29.295405
4.9238994 13.397726 34.568911
34.625468 3.5819045 27.195359
27.570962 10.771963 34.469194
38.938473 10.464635 28.062435
28.827088 0 28.487675
14.697164 27.955668 23.780512
19.933661 19.319206 32.253341
11.265687 24.639955 26.729325
21.911129 27.596275 24.082662
13.71268 20.445902 31.03605
5.1709591 3.1958285 38.380203
16.094291 9.9468188 37.132539
5.1130245 8.4753578 37.209856
10.283997 0 37.207852
10.485528 11.961624 36.3799
37.885827 23.414729 22.69297
27.738762 17.143498 32.60887
40.059533 17.699531 26.390384
29.904569 26.097059 23.743889
34.018194 14.337748 31.35907
25.021553 22.765361 28.672149
18.688095 -5.6300711 30.237973
22.125609 6.665674 35.799987
23.436584 -3.0660536 29.481068
14.917307 -3.0731344 34.081582
26.02307 3.4044265 32.734629
16.080536 3.3127725 36.73921
39.92074 0 -17.597246
45.167684 0 -6.2911335
46.111549 6.5680005 -17.871256
36.276163 -5.1670756 -14.059398
39.92074 0 17.597246
45.167684 0 6.2911335
46.111549 6.5680005 17.871256
36.276163 -5.1670756 14.059398
49.471383 21.442294 -13.252067
51.900321 6.9925226 -4.3216166
50.451136 14.541184 -16.588212
51.994665 22.757758 -4.688356
49.845885 6.8493473 -11.353489
29.797644 -12.91514 -7.9819955
39.835181 -5.3669881 -3.3169811
32.839006 -9.4649607 -10.797386
30.507702 -13.353041 -2.7508777
38.585406 -5.3020395 -8.7886693
49.471383 21.442294 13.252067
51.900321 6.9925226 4.3216166
50.451136 14.541184 16.588212
51.994665 22.757758 4.688356
49.845885 6.8493473 11.353489
55.570252 15.35924 0
29.797644 -12.91514 7.9819955
39.835181 -5.3669881 3.3169811
32.839006 -9.4649607 10.797386
30.507702 -13.353041 2.7508777
38.585406 -5.3020395 8.7886693
35.045406 -9.6863119 0
-18.275611 23.268735 -2.4070832
-23.13678 18.506475 -7.2304719
-16.981933 23.563549 -6.3326557
-33.251641 5.0439125 -18.624041
-27.989446 12.72306 -12.438653
-13.653834 22.795024 -14.0881
-21.527731 18.312582 -11.317798
-15.405019 23.384195 -10.331855
-19.339216 20.979104 -8.8421246
-30.576335 -38.930168 -4.0272132
-38.511735 -30.80448 -12.035297
-26.994491 -37.45663 -10.066393
-41.516121 -6.2975443 -23.252926
-45.014069 -20.46188 -20.004482
-18.998457 -31.717852 -19.602711
-34.173318 -29.069561 -17.965976
-22.879766 -34.730557 -15.345026
-30.777558 -33.387373 -14.071874
-4.7662076 -17.598649 -31.420891
-15.855979 -15.50154 -34.881552
-7.8730803 -21.112805 -29.295405
-4.9238994 -13.397726 -34.568911
-34.625468 -3.5819045 -27.195359
-27.570962 -10.771963 -34.469194
-38.938473 -10.464635 -28.062435
-14.697164 -27.955668 -23.780512
-19.933661 -19.319206 -32.253341
-11.265687 -24.639955 -26.729325
-21.911129 -27.596275 -24.082662
-13.71268 -20.445902 -31.03605
-5.1709591 -3.1958285 -38.380203
-16.094291 -9.9468188 -37.132539
-5.1130245 -8.4753578 -37.209856
-10.485528 -11.961624 -36.3799
-37.885827 -23.414729 -22.69297
-27.738762 -17.143498 -32.60887
-40.059533 -17.699531 -26.390384
-29.904569 -26.097059 -23.743889
-34.018194 -14.337748 -31.35907
-25.021553 -22.765361 -28.672149
-4.3892942 16.206942 -28.936115
-12.662693 12.379636 -27.856646
-6.8545896 18.381575 -25.505643
-4.5622996 12.413828 -32.03025
-30.512681 3.1564485 -23.965115
-21.025154 8.2145187 -26.28563
-28.401729 7.6329068 -20.468745
-28.827088 0 -28.487675
-11.35863 21.605399 -18.37865
-14.940071 14.479544 -24.173543
-9.2368711 20.202593 -21.915692
-15.557011 19.593492 -17.098809
-11.003719 16.406782 -24.90483
-5.0318312 3.1098427 -37.34756
-13.433606 8.302425 -30.993841
-4.8114782 7.9755142 -35.015364
-10.283997 0 -37.207852
-9.0934293 10.373553 -31.549965
-24.04751 14.862179 -14.404052
-19.640002 12.138189 -23.088207
-26.173169 11.56411 -17.242337
-19.83774 17.311959 -15.750941
-23.798399 10.030381 -21.938133
-17.577488 15.992527 -20.142009
-22.125609 -6.665674 -35.799987
-18.688095 5.6300711 -30.237973
-26.02307 -3.4044265 -32.734629
-16.080536 -3.3127725 -36.73921
-23.436584 3.0660536 -29.481068
-14.917307 3.0731344 -34.081582
-18.275611 23.268735 2.4070832
-23.13678 18.506475 7.2304719
-16.981933 23.563549 6.3326557
-20.990923 21.241017 0
-33.251641 5.0439125 18.624041
-27.989446 12.72306 12.438653
-13.653834 22.795024 14.0881
-21.527731 18.312582 11.317798
-15.405019 23.384195 10.331855
-19.339216 20.979104 8.8421246
-26.46916 16.35884 -4.9283479
-26.46916 16.35884 4.9283479
-23.767078 18.89413 -2.4717943
-23.767078 18.89413 2.4717943
-30.576335 -38.930168 4.0272132
-38.511735 -30.80448 12.035297
-26.994491 -37.45663 10.066393
-36.06635 -36.496058 0
-41.516121 -6.2975443 23.252926
-45.014069 -20.46188 20.004482
-18.998457 -31.717852 19.602711
-34.173318 -29.069561 17.965976
-22.879766 -34.730557 15.345026
-30.777558 -33.387373 14.071874
-45.24564 -27.963343 -8.4243797
-45.24564 -27.963343 8.4243797
-40.99967 -32.593534 -4.263997
-40.99967 -32.593534 4.263997
-4.7662076 -17.598649 31.420891
-15.855979 -15.50154 34.881552
-7.8730803 -21.112805 29.295405
-4.9238994 -13.397726 34.568911
-34.625468 -3.5819045 27.195359
-27.570962 -10.771963 34.469194
-38.938473 -10.464635 28.062435
-14.697164 -27.955668 23.780512
-19.933661 -19.319206 32.253341
-11.265687 -24.639955 26.729325
-21.911129 -27.596275 24.082662
-13.71268 -20.445902 31.03605
-5.1709591 -3.1958285 38.380203
-16.094291 -9.9468188 37.132539
-5.1130245 -8.4753578 37.209856
-10.485528 -11.961624 36.3799
-37.885827 -23.414729 22.69297
-27.738762 -17.143498 32.60887
-40.059533 -17.699531 26.390384
-29.904569 -26.097059 23.743889
-34.018194 -14.337748 31.35907
-25.021553 -22.765361 28.672149
-4.3892942 16.206942 28.936115
-12.662693 12.379636 27.856646
-6.8545896 18.381575 25.505643
-4.5622996 12.413828 32.03025
-30.512681 3.1564485 23.965115
-21.025154 8.2145187 26.28563
-28.401729 7.6329068 20.468745
-28.827088 0 28.487675
-11.35863 21.605399 18.37865
-14.940071 14.479544 24.173543
-9.2368711 20.202593 21.915692
-15.557011 19.593492 17.098809
-11.003719 16.406782 24.90483
-5.0318312 3.1098427 37.34756
-13.433606 8.302425 30.993841
-4.8114782 7.9755142 35.015364
-10.283997 0 37.207852
-9.0934293 10.373553 31.549965
-24.04751 14.862179 14.404052
-19.640002 12.138189 23.088207
-26.173169 11.56411 17.242337
-19.83774 17.311959 15.750941
-23.798399 10.030381 21.938133
-17.577488 15.992527 20.142009
-22.125609 -6.665674 35.799987
-18.688095 5.6300711 30.237973
-26.02307 -3.4044265 32.734629
-16.080536 -3.3127725 36.73921
-23.436584 3.0660536 29.481068
-14.917307 3.0731344 34.081582
-39.92074 0 -17.597246
-45.167684 0 -6.2911335
-36.276163 5.1670756 -14.059398
-46.111549 -6.5680005 -17.871256
-39.92074 0 17.597246
-45.167684 0 6.2911335
-36.276163 5.1670756 14.059398
-46.111549 -6.5680005 17.871256
-29.797644 12.91514 -7.9819955
-39.835181 5.3669881 -3.3169811
-32.839006 9.4649607 -10.797386
-30.507702 13.353041 -2.7508777
-38.585406 5.3020395 -8.7886693
-49.471383 -21.442294 -13.252067
-51.900321 -6.9925226 -4.3216166
-50.451136 -14.541184 -16.588212
-51.994665 -22.757758 -4.688356
-49.845885 -6.8493473 -11.353489
-29.797644 12.91514 7.9819955
-39.835181 5.3669881 3.3169811
-32.839006 9.4649607 10.797386
-30.507702 13.353041 2.7508777
-38.585406 5.3020395 8.7886693
-35.045406 9.6863119 0
-49.471383 -21.442294 13.252067
-51.900321 -6.9925226 4.3216166
-50.451136 -14.541184 16.588212
-51.994665 -22.757758 4.688356
-49.845885 -6.8493473 11.353489
-55.570252 -15.35924 0
-14.030314 26.66409 0
-10.546079 29.255334 0
-2.4118657 34.799516 0
-6.7313249 31.958866 0
22.194241 42.179328 0
15.202032 42.17117 0
2.6137451 37.712325 0
8.5095901 40.401682 0
-22.194241 -42.179328 0
-15.202032 -42.17117 0
-2.6137451 -37.712325 0
-8.5095901 -40.401682 0
14.030314 -26.66409 0
10.546079 -29.255334 0
2.4118657 -34.799516 0
6.7313249 -31.958866 0
-24.359498 -41.369826 3.1637909
-20.968539 -39.446815 8.9299402
-20.92596 -41.955131 3.0924794
-13.695491 -33.093316 17.690849
-17.252591 -36.3975 13.724524
-13.945525 -41.654542 2.9073901
-17.607012 -39.720448 8.7032277
-17.409963 -42.047856 3.0096676
-19.33648 -41.056959 6.0316639
-1.4048215 -19.77431 28.317635
-4.2670061 -23.115934 26.2312
-10.368049 -29.762998 21.013638
-7.2396514 -26.439241 23.825936
-1.5288823 -36.951003 2.4737836
-4.6794357 -37.074565 7.571486
-4.2696051 -38.356154 2.5802667
-10.623791 -32.975891 17.189655
-7.7450986 -35.566322 12.531833
-12.268714 -34.68254 15.389003
-10.438945 -40.799375 2.8096059
-7.6097058 -38.139324 7.8698986
-7.2603322 -39.677369 2.6925446
-12.39218 -40.511852 5.6663077
-5.9581817 -38.506379 5.2390071
-15.736798 -38.079964 11.216367
-9.2594071 -37.285743 10.521958
-13.987232 -36.403665 13.395705
-14.166764 -39.537691 8.5010361
-10.788465 -36.110702 12.993057
-10.795873 -38.98283 8.2178993
15.149519 -25.728484 1.9676066
13.846707 -26.048953 5.8969423
13.467792 -27.00201 1.9902967
10.476708 -25.31556 13.533058
12.277691 -25.902037 9.7669653
9.9146123 -29.61442 2.0670176
12.106721 -27.312094 5.9844082
11.718589 -28.302273 2.0257973
12.820471 -27.221582 3.9991134
1.368181 -19.258557 27.579055
3.9326106 -21.304391 24.175521
0 -20.910146 26.623056
8.4765275 -24.333109 17.179961
6.2954903 -22.99116 20.71867
-2.7849364 -24.21639 24.504913
2.6345723 -22.9089 23.181846
-1.3880548 -22.571242 25.593908
1.3504956 -21.960489 24.901365
1.4580324 -35.238656 2.3591459
4.1145644 -32.599163 6.657505
3.7631926 -33.806778 2.2742245
0 -35.626472 4.7999493
8.5263932 -26.465638 13.795994
6.4448764 -29.595562 10.428029
9.4974484 -26.848424 11.912924
7.9352163 -31.013849 2.135736
6.2418198 -31.283573 6.4552415
5.9265134 -32.388113 2.1978887
9.1356136 -29.865659 4.177247
5.0453975 -32.607262 4.4363993
-2.9926226 -35.274108 9.7495237
2.7604523 -32.537512 8.993147
-1.501834 -35.637351 7.2948489
1.437845 -34.118942 6.9840355
11.275063 -27.283441 8.0362752
7.4068025 -29.825682 8.4167445
10.421758 -27.124035 9.9810161
10.250501 -28.607884 6.1510081
8.4731513 -28.36098 10.204615
8.2909984 -29.937974 6.3111698
-8.7377093 -30.959588 19.134078
-2.7359611 -29.571754 18.276349
-7.2066944 -29.279979 20.622394
-7.3802857 -32.336793 16.912823
7.3037367 -25.878714 15.993925
2.5735196 -27.815998 17.191232
6.2226899 -25.282081 17.806605
6.2837756 -27.532424 14.400037
-4.2549602 -25.94162 23.271773
-1.3890024 -27.917304 19.616954
-5.707114 -27.597903 22.006217
-1.3833297 -25.284511 22.700159
-4.2006302 -28.650274 20.147673
-4.5351351 -34.535298 12.273718
-1.4300972 -30.637237 16.074659
-5.9699733 -33.55062 14.614219
-1.4646701 -33.392097 11.84943
-4.2950657 -31.537949 16.529654
3.9063342 -23.816119 21.365023
1.3471344 -27.075807 19.025651
5.0848086 -24.58862 19.606652
1.3441089 -24.567633 22.056554
3.8418773 -26.20341 18.42697
0 -26.244894 20.863921
4.0491896 -30.834798 10.958574
1.3823491 -29.614321 15.537959
5.1950181 -29.195454 12.717165
1.4095141 -32.134629 11.403208
3.893967 -28.592748 14.986017
0 -31.486271 13.781355
-15.149519 25.728484 1.9676066
-13.846707 26.048953 5.8969423
-13.467792 27.00201 1.9902967
-10.476708 25.31556 13.533058
-12.277691 25.902037 9.7669653
-9.9146123 29.61442 2.0670176
-12.106721 27.312094 5.9844082
-11.718589 28.302273 2.0257973
-12.820471 27.221582 3.9991134
-1.368181 19.258557 27.579055
-3.9326106 21.304391 24.175521
-8.4765275 24.333109 17.179961
-6.2954903 22.99116 20.71867
-1.4580324 35.238656 2.3591459
-4.1145644 32.599163 6.657505
-3.7631926 33.806778 2.2742245
-8.5263932 26.465638 13.795994
-6.4448764 29.595562 10.428029
-9.4974484 26.848424 11.912924
-7.9352163 31.013849 2.135736
-6.2418198 31.283573 6.4552415
-5.9265134 32.388113 2.1978887
-9.1356136 29.865659 4.177247
-5.0453975 32.607262 4.4363993
-11.275063 27.283441 8.0362752
-7.4068025 29.825682 8.4167445
-10.421758 27.124035 9.9810161
-10.250501 28.607884 6.1510081
-8.4731513 28.36098 10.204615
-8.2909984 29.937974 6.3111698
24.359498 41.369826 3.1637909
20.968539 39.446815 8.9299402
20.92596 41.955131 3.0924794
13.695491 33.093316 17.690849
17.252591 36.3975 13.724524
13.945525 41.654542 2.9073901
17.607012 39.720448 8.7032277
17.409963 42.047856 3.0096676
19.33648 41.056959 6.0316639
1.4048215 19.77431 28.317635
4.2670061 23.115934 26.2312
0 20.910146 26.623056
10.368049 29.762998 21.013638
7.2396514 26.439241 23.825936
-2.6345723 22.9089 23.181846
2.7849364 24.21639 24.504913
-1.3504956 21.960489 24.901365
1.3880548 22.571242 25.593908
1.5288823 36.951003 2.4737836
4.6794357 37.074565 7.571486
4.2696051 38.356154 2.5802667
0 35.626472 4.7999493
10.623791 32.975891 17.189655
7.7450986 35.566322 12.531833
12.268714 34.68254 15.389003
10.438945 40.799375 2.8096059
7.6097058 38.139324 7.8698986
7.2603322 39.677369 2.6925446
12.39218 40.511852 5.6663077
5.9581817 38.506379 5.2390071
-2.7604523 32.537512 8.993147
2.9926226 35.274108 9.7495237
-1.437845 34.118942 6.9840355
1.501834 35.637351 7.2948489
15.736798 38.079964 11.216367
9.2594071 37.285743 10.521958
13.987232 36.403665 13.395705
14.166764 39.537691 8.5010361
10.788465 36.110702 12.993057
10.795873 38.98283 8.2178993
-7.3037367 25.878714 15.993925
-2.5735196 27.815998 17.191232
-6.2226899 25.282081 17.806605
-6.2837756 27.532424 14.400037
8.7377093 30.959588 19.134078
2.7359611 29.571754 18.276349
7.2066944 29.279979 20.622394
7.3802857 32.336793 16.912823
-3.9063342 23.816119 21.365023
-1.3471344 27.075807 19.025651
-5.0848086 24.58862 19.606652
-1.3441089 24.567633 22.056554
-3.8418773 26.20341 18.42697
-4.0491896 30.834798 10.958574
-1.3823491 29.614321 15.537959
-5.1950181 29.195454 12.717165
-1.4095141 32.134629 11.403208
-3.893967 28.592748 14.986017
4.2549602 25.94162 23.271773
1.3890024 27.917304 19.616954
5.707114 27.597903 22.006217
1.3833297 25.284511 22.700159
4.2006302 28.650274 20.147673
0 26.244894 20.863921
4.5351351 34.535298 12.273718
1.4300972 30.637237 16.074659
5.9699733 33.55062 14.614219
1.4646701 33.392097 11.84943
4.2950657 31.537949 16.529654
0 31.486271 13.781355
0 -16.236793 30.85742
0 -12.224113 33.91028
0 -2.6515683 38.258056
0 -7.7026198 36.570363
0 16.236793 30.85742
0 12.224113 33.91028
0 2.6515683 38.258056
0 7.7026198 36.570363
-24.359498 -41.369826 -3.1637909
-20.968539 -39.446815 -8.9299402
-20.92596 -41.955131 -3.0924794
-13.695491 -33.093316 -17.690849
-17.252591 -36.3975 -13.724524
-13.945525 -41.654542 -2.9073901
-17.607012 -39.720448 -8.7032277
-17.409963 -42.047856 -3.0096676
-19.33648 -41.056959 -6.0316639
-1.4048215 -19.77431 -28.317635
-4.2670061 -23.115934 -26.2312
-10.368049 -29.762998 -21.013638
-7.2396514 -26.439241 -23.825936
-1.5288823 -36.951003 -2.4737836
-4.6794357 -37.074565 -7.571486
-4.2696051 -38.356154 -2.5802667
-10.623791 -32.975891 -17.189655
-7.7450986 -35.566322 -12.531833
-12.268714 -34.68254 -15.389003
-10.438945 -40.799375 -2.8096059
-7.6097058 -38.139324 -7.8698986
-7.2603322 -39.677369 -2.6925446
-12.39218 -40.511852 -5.6663077
-5.9581817 -38.506379 -5.2390071
-15.736798 -38.079964 -11.216367
-9.2594071 -37.285743 -10.521958
-13.987232 -36.403665 -13.395705
-14.166764 -39.537691 -8.5010361
-10.788465 -36.110702 -12.993057
-10.795873 -38.98283 -8.2178993
15.149519 -25.728484 -1.9676066
13.846707 -26.048953 -5.8969423
13.467792 -27.00201 -1.9902967
10.476708 -25.31556 -13.533058
12.277691 -25.902037 -9.7669653
9.9146123 -29.61442 -2.0670176
12.106721 -27.312094 -5.9844082
11.718589 -28.302273 -2.0257973
12.820471 -27.221582 -3.9991134
1.368181 -19.258557 -27.579055
3.9326106 -21.304391 -24.175521
0 -20.910146 -26.623056
8.4765275 -24.333109 -17.179961
6.2954903 -22.99116 -20.71867
-2.7849364 -24.21639 -24.504913
2.6345723 -22.9089 -23.181846
-1.3880548 -22.571242 -25.593908
1.3504956 -21.960489 -24.901365
1.4580324 -35.238656 -2.3591459
4.1145644 -32.599163 -6.657505
3.7631926 -33.806778 -2.2742245
0 -35.626472 -4.7999493
8.5263932 -26.465638 -13.795994
6.4448764 -29.595562 -10.428029
9.4974484 -26.848424 -11.912924
7.9352163 -31.013849 -2.135736
6.2418198 -31.283573 -6.4552415
5.9265134 -32.388113 -2.1978887
9.1356136 -29.865659 -4.177247
5.0453975 -32.607262 -4.4363993
-2.9926226 -35.274108 -9.7495237
2.7604523 -32.537512 -8.993147
-1.501834 -35.637351 -7.2948489
1.437845 -34.118942 -6.9840355
11.275063 -27.283441 -8.0362752
7.4068025 -29.825682 -8.4167445
10.421758 -27.124035 -9.9810161
10.250501 -28.607884 -6.1510081
8.4731513 -28.36098 -10.204615
8.2909984 -29.937974 -6.3111698
-8.7377093 -30.959588 -19.134078
-2.7359611 -29.571754 -18.276349
-7.2066944 -29.279979 -20.622394
-7.3802857 -32.336793 -16.912823
7.3037367 -25.878714 -15.993925
2.5735196 -27.815998 -17.191232
6.2226899 -25.282081 -17.806605
6.2837756 -27.532424 -14.400037
-4.2549602 -25.94162 -23.271773
-1.3890024 -27.917304 -19.616954
-5.707114 -27.597903 -22.006217
-1.3833297 -25.284511 -22.700159
-4.2006302 -28.650274 -20.147673
-4.5351351 -34.535298 -12.273718
-1.4300972 -30.637237 -16.074659
-5.9699733 -33.55062 -14.614219
-1.4646701 -33.392097 -11.84943
-4.2950657 -31.537949 -16.529654
3.9063342 -23.816119 -21.365023
1.3471344 -27.075807 -19.025651
5.0848086 -24.58862 -19.606652
1.3441089 -24.567633 -22.056554
3.8418773 -26.20341 -18.42697
0 -26.244894 -20.863921
4.0491896 -30.834798 -10.958574
1.3823491 -29.614321 -15.537959
5.1950181 -29.195454 -12.717165
1.4095141 -32.134629 -11.403208
3.893967 -28.592748 -14.986017
0 -31.486271 -13.781355
-15.149519 25.728484 -1.9676066
-13.846707 26.048953 -5.8969423
-13.467792 27.00201 -1.9902967
-10.476708 25.31556 -13.533058
-12.277691 25.902037 -9.7669653
-9.9146123 29.61442 -2.0670176
-12.106721 27.312094 -5.9844082
-11.718589 28.302273 -2.0257973
-12.820471 27.221582 -3.9991134
-1.368181 19.258557 -27.579055
-3.9326106 21.304391 -24.175521
-8.4765275 24.333109 -17.179961
-6.2954903 22.99116 -20.71867
-1.4580324 35.238656 -2.3591459
-4.1145644 32.599163 -6.657505
-3.7631926 33.806778 -2.2742245
-8.5263932 26.465638 -13.795994
-6.4448764 29.595562 -10.428029
-9.4974484 26.848424 -11.912924
-7.9352163 31.013849 -2.135736
-6.2418198 31.283573 -6.4552415
-5.9265134 32.388113 -2.1978887
-9.1356136 29.865659 -4.177247
-5.0453975 32.607262 -4.4363993
-11.275063 27.283441 -8.0362752
-7.4068025 29.825682 -8.4167445
-10.421758 27.124035 -9.9810161
-10.250501 28.607884 -6.1510081
-8.4731513 28.36098 -10.204615
-8.2909984 29.937974 -6.3111698
24.359498 41.369826 -3.1637909
20.968539 39.446815 -8.9299402
20.92596 41.955131 -3.0924794
13.695491 33.093316 -17.690849
17.252591 36.3975 -13.724524
13.945525 41.654542 -2.9073901
17.607012 39.720448 -8.7032277
17.409963 42.047856 -3.0096676
19.33648 41.056959 -6.0316639
1.4048215 19.77431 -28.317635
4.2670061 23.115934 -26.2312
0 20.910146 -26.623056
10.368049 29.762998 -21.013638
7.2396514 26.439241 -23.825936
-2.6345723 22.9089 -23.181846
2.7849364 24.21639 -24.504913
-1.3504956 21.960489 -24.901365
1.3880548 22.571242 -25.593908
1.5288823 36.951003 -2.4737836
4.6794357 37.074565 -7.571486
4.2696051 38.356154 -2.5802667
0 35.626472 -4.7999493
10.623791 32.975891 -17.189655
7.7450986 35.566322 -12.531833
12.268714 34.68254 -15.389003
10.438945 40.799375 -2.8096059
7.6097058 38.139324 -7.8698986
7.2603322 39.677369 -2.6925446
12.39218 40.511852 -5.6663077
5.9581817 38.506379 -5.2390071
-2.7604523 32.537512 -8.993147
2.9926226 35.274108 -9.7495237
-1.437845 34.118942 -6.9840355
1.501834 35.637351 -7.2948489
15.736798 38.079964 -11.216367
9.2594071 37.285743 -10.521958
13.987232 36.403665 -13.395705
14.166764 39.537691 -8.5010361
10.788465 36.110702 -12.993057
10.795873 38.98283 -8.2178993
-7.3037367 25.878714 -15.993925
-2.5735196 27.815998 -17.191232
-6.2226899 25.282081 -17.806605
-6.2837756 27.532424 -14.400037
8.7377093 30.959588 -19.134078
2.7359611 29.571754 -18.276349
7.2066944 29.279979 -20.622394
7.3802857 32.336793 -16.912823
-3.9063342 23.816119 -21.365023
-1.3471344 27.075807 -19.025651
-5.0848086 24.58862 -19.606652
-1.3441089 24.567633 -22.056554
-3.8418773 26.20341 -18.42697
-4.0491896 30.834798 -10.958574
-1.3823491 29.614321 -15.537959
-5.1950181 29.195454 -12.717165
-1.4095141 32.134629 -11.403208
-3.893967 28.592748 -14.986017
4.2549602 25.94162 -23.271773
1.3890024 27.917304 -19.616954
5.707114 27.597903 -22.006217
1.3833297 25.284511 -22.700159
4.2006302 28.650274 -20.147673
0 26.244894 -20.863921
4.5351351 34.535298 -12.273718
1.4300972 30.637237 -16.074659
5.9699733 33.55062 -14.614219
1.4646701 33.392097 -11.84943
4.2950657 31.537949 -16.529654
0 31.486271 -13.781355
0 -16.236793 -30.85742
0 -12.224113 -33.91028
0 -2.6515683 -38.258056
0 -7.7026198 -36.570363
0 16.236793 -30.85742
0 12.224113 -33.91028
0 2.6515683 -38.258056
0 7.7026198 -36.570363
28.211077 40.399437 -2.0041927
32.741241 37.153682 -6.0437565
26.734113 40.068286 -5.1589675
40.302572 28.454917 -14.039548
36.668612 33.044217 -10.04068
23.042507 37.94761 -10.841415
30.909449 36.520985 -9.1295373
24.954231 39.181453 -8.1366683
28.91168 38.401957 -7.1642388
38.763259 2.9644516 -22.824692
43.942272 9.9476185 -23.358166
43.655692 23.337228 -18.066673
45.777462 17.261456 -21.698738
15.432096 31.692165 -19.586835
22.677376 31.479281 -19.455266
17.23677 33.304823 -17.715277
38.102512 27.682406 -17.108668
30.281638 30.160031 -18.639924
36.40486 30.011032 -15.121537
21.03116 36.441521 -13.416517
24.67707 32.897547 -17.245863
19.114612 34.905526 -15.652863
24.953673 36.169278 -12.832292
20.924486 33.246397 -17.569853
32.851744 34.398908 -11.184809
28.625243 32.224349 -16.71656
34.64931 32.260707 -13.136835
28.923871 35.481494 -12.081304
32.487496 31.271291 -16.015734
26.812722 34.238215 -14.798021
17.003995 -24.350428 -1.2080106
19.517056 -22.147312 -3.6026836
16.425315 -24.61777 -3.1696458
24.332971 -17.179864 -8.4764794
21.940213 -19.771601 -6.0077177
15.064327 -24.808725 -7.0877106
18.866094 -22.291188 -5.5723642
15.775846 -24.770171 -5.1439303
17.667458 -23.466812 -4.3779501
34.64721 -2.6496734 -20.401068
31.882692 -7.2175798 -16.947717
26.752422 -14.301168 -11.071346
29.253377 -11.030666 -13.866242
11.610193 -23.843305 -14.735973
15.649488 -21.723617 -13.425934
12.543164 -24.235856 -12.891373
23.510449 -17.080916 -10.556586
19.568703 -19.490117 -12.045555
22.379096 -18.448629 -9.2956358
14.266417 -24.719984 -9.1010493
16.518411 -22.021059 -11.544088
13.434158 -24.53235 -11.001167
16.231017 -23.526164 -8.3467137
14.560119 -23.134213 -12.225828
20.081097 -21.026823 -6.8368742
18.515566 -20.843563 -10.812714
21.232185 -19.768512 -8.0499062
18.171715 -22.291608 -7.5902014
20.436807 -19.671733 -10.074967
17.384101 -22.198439 -9.5943368
2.2271683 -17.148005 -29.122521
6.4999736 -15.262694 -28.712763
3.5315487 -18.30072 -27.42857
2.2624274 -15.309226 -30.69396
14.707801 -11.386144 -27.513089
10.62259 -13.353265 -28.171159
5.999038 -20.310664 -23.998016
7.7105908 -16.388206 -26.988959
4.7966471 -19.357133 -25.711124
5.6541187 -17.340535 -27.226941
2.3543259 -11.292709 -33.730722
6.6313162 -13.415444 -30.264502
2.3079192 -13.350573 -32.243779
4.4800028 -14.36212 -30.49495
33.19838 -1.6469524 -23.182552
27.970717 -4.5499717 -24.648862
31.994419 -4.1194218 -21.347118
18.873104 -9.3119176 -26.731219
23.246312 -7.0635292 -25.796041
29.567657 -8.44731 -17.95404
27.061799 -6.7649244 -22.903689
30.768376 -6.3895554 -19.596035
29.455632 -5.4952195 -22.17626
10.441204 -23.253482 -16.894223
12.260043 -19.917151 -19.837166
9.4118735 -22.658936 -18.679321
12.544383 -22.2565 -16.254081
15.847758 -12.486148 -25.642211
14.043893 -16.369791 -22.723495
13.843281 -13.469361 -26.025449
7.2178871 -21.200198 -22.198629
11.210077 -19.196006 -21.609556
8.3300477 -21.971077 -20.456467
8.076267 -19.335405 -23.71913
10.324391 -20.942756 -20.158741
16.6308 -20.158977 -14.945594
14.397287 -18.931994 -19.209328
14.614759 -21.219088 -15.601572
13.477315 -20.611851 -17.750348
9.8259882 -15.4028 -26.68904
12.11142 -17.330206 -23.10328
11.828488 -14.444447 -26.377257
8.9474577 -17.399224 -25.219429
12.975117 -15.452471 -24.552048
10.12092 -18.338223 -23.416796
2.5570137 -1.5803214 -38.194215
7.3691359 -4.5543764 -36.083737
2.5220967 -4.1733505 -37.491447
15.165975 -9.3730879 -29.093749
11.564659 -7.1473524 -32.821408
13.054482 -10.407542 -29.421177
2.423296 -9.0036304 -35.189619
7.1804551 -6.9430565 -34.798124
2.4734591 -6.6695773 -36.448922
4.6939606 -10.265663 -33.559956
4.9368708 -5.6145702 -36.285696
8.8387125 -12.400899 -30.007744
9.332481 -8.212658 -33.070698
10.938598 -11.421624 -29.726323
6.8392896 -11.397505 -31.809031
11.257915 -9.3477326 -31.288342
7.0281511 -9.2328983 -33.339082
24.856839 -15.362372 -12.103721
23.115704 -14.286291 -16.652334
25.995002 -13.827086 -13.453603
22.783541 -16.638983 -12.841437
18.262308 -11.286727 -25.136537
20.908498 -12.922162 -20.992802
20.333216 -10.245215 -24.665193
17.273743 -13.331325 -23.65271
28.319924 -10.426424 -16.344017
24.094178 -12.630878 -18.073497
27.155913 -12.177664 -14.870847
27.276696 -9.677344 -18.818561
25.102564 -13.26605 -15.798952
18.730218 -19.004596 -14.243842
20.947247 -15.530007 -17.28111
20.734955 -17.856361 -13.557808
17.696902 -18.473138 -16.440927
21.920696 -16.117437 -15.097996
24.673981 -8.022748 -23.564216
22.930151 -11.895143 -20.369105
22.477591 -9.1530666 -24.141847
26.053054 -8.8709586 -21.237978
21.691619 -11.109461 -22.53525
25.057064 -10.829857 -19.622755
15.367869 -17.100689 -20.728551
19.803333 -14.842491 -19.517423
16.305908 -15.274546 -22.177028
16.567747 -17.833411 -18.615634
18.599864 -14.122328 -21.598317
18.758891 -16.695245 -17.970648
2.3219286 17.877608 -30.361609
7.3414585 17.238599 -32.42991
3.7827859 19.602648 -29.379861
2.3560306 15.942613 -31.963859
18.891488 14.624973 -35.339285
12.896309 16.211472 -34.20107
6.7981728 23.016257 -27.194803
8.9609589 19.045758 -31.365554
5.2839029 21.323481 -28.322927
6.3140008 19.364318 -30.404548
2.4420176 11.713329 -34.987092
7.4582448 15.088357 -34.038501
2.3997334 13.881689 -33.526508
4.8537244 15.560208 -33.038838
35.475036 1.759896 -24.772349
33.447322 5.4408463 -29.475056
38.058437 4.9001906 -25.393114
32.55354 0 -25.568036
24.865871 12.268726 -35.219169
29.934474 9.0957668 -33.217782
42.335175 12.094917 -25.706719
35.421547 8.8546992 -29.978943
40.508498 8.4122509 -25.799411
36.959998 6.8952282 -27.826073
27.158081 -3.0864638 -26.838319
30.481625 3.4641782 -30.122732
29.76823 -1.6144441 -26.252572
31.650373 1.7165199 -27.912432
13.358834 29.751302 -21.615048
16.027185 26.037092 -25.93253
11.674358 28.105831 -23.169571
16.826103 29.853216 -21.802017
21.074793 16.604429 -34.099732
18.665158 21.756413 -30.20086
17.915292 17.431383 -33.680854
8.4318237 24.765743 -25.932094
14.239833 24.384125 -27.449987
10.022282 26.434463 -24.612163
9.5588117 22.884768 -28.073205
12.968891 26.307054 -25.322221
24.181716 29.311797 -21.731372
19.634107 25.818253 -26.196464
20.464632 29.712485 -21.846438
18.233963 27.886544 -24.015109
11.883147 18.627514 -32.276629
15.536987 22.231843 -29.637762
14.82124 18.09907 -33.051027
10.716578 20.839455 -30.205896
16.759482 19.959389 -31.712979
12.489469 22.629827 -28.896912
2.5752641 1.5916008 -38.466822
7.8064891 4.8246756 -38.225282
2.5679739 4.249264 -38.173419
5.1427852 0 -38.171089
18.992904 11.73826 -36.435165
13.260052 8.1951627 -37.633065
16.084203 12.822954 -36.249327
2.5039424 9.3032681 -36.360717
7.7959802 7.5382313 -37.781099
2.5403505 6.8499471 -37.434634
5.0372019 11.01633 -36.013995
5.1726758 5.882745 -38.018849
9.9526149 -3.0549616 -36.008899
10.484617 3.21826 -37.933701
7.6360037 -1.5720696 -37.303986
7.796178 1.6050456 -38.086482
10.305101 14.458272 -34.986184
10.560264 9.2931166 -37.421484
13.147808 13.728388 -35.729989
7.6464934 12.74269 -35.563276
13.28785 11.033239 -36.929999
7.7702016 10.207732 -36.859109
40.042985 24.747926 -19.498421
35.579466 21.989319 -25.63111
41.523324 22.086806 -21.49022
36.066735 26.339795 -20.328215
24.863989 15.36679 -34.223198
30.502427 18.851536 -30.625414
27.952179 14.084151 -33.90737
23.81598 18.380415 -32.610908
43.075884 15.859061 -24.859988
36.676933 19.227128 -27.512058
42.669079 19.134312 -23.36601
40.06177 14.213287 -27.639155
39.186697 20.709147 -24.663168
28.183157 28.596011 -21.432555
31.585345 23.41695 -26.057353
32.075677 27.622673 -20.97308
25.852681 26.986651 -24.017878
33.875929 24.907656 -23.332226
33.32227 10.83474 -31.82353
33.879009 17.574923 -30.095096
30.832077 12.555084 -33.114904
36.758893 12.516253 -29.965184
30.993011 15.873211 -32.198393
37.158218 16.060069 -29.099442
21.110812 23.491184 -28.47477
29.047258 21.770762 -28.627889
22.502309 21.07902 -30.604511
23.479701 25.273391 -26.381952
26.500255 20.120861 -30.772316
27.500802 24.475468 -26.345227
17.719411 -8.0916919 -28.670609
19.669703 -2.9445455 -31.826248
19.920167 -6.9612944 -28.282947
16.026196 -6.9933863 -30.64159
22.307732 10.186981 -36.094669
21.501214 3.2187219 -34.789695
24.838927 8.6802026 -35.266675
19.252562 8.4012825 -36.810301
24.572976 -4.4928693 -27.392103
22.130381 -1.5669686 -31.494214
22.211581 -5.7603734 -27.85545
26.059509 -1.5880458 -29.026313
21.015554 -4.3815764 -29.884413
12.202876 -4.508959 -34.335966
17.717928 -1.5762922 -33.769199
14.180576 -5.7928282 -32.555084
12.709325 -1.570959 -35.815311
16.88944 -4.3885526 -32.224407
28.909382 5.2857283 -32.226002
23.263666 1.6472122 -33.107016
27.065325 7.0191482 -33.94251
27.558945 1.6794203 -30.696457
24.223512 5.0504102 -34.446174
24.760533 0 -31.146474
13.391707 4.9482316 -37.68105
18.49843 1.6457302 -35.256782
16.258151 6.6415269 -37.324681
13.135179 1.6235975 -37.015382
19.047014 4.9491766 -36.340976
15.567875 0 -35.567935
28.211077 40.399437 2.0041927
32.741241 37.153682 6.0437565
26.734113 40.068286 5.1589675
30.92305 39.37161 0
40.302572 28.454917 14.039548
36.668612 33.044217 10.04068
23.042507 37.94761 10.841415
30.909449 36.520985 9.1295373
24.954231 39.181453 8.1366683
28.91168 38.401957 7.1642388
35.714743 36.140262 -4.1072714
35.714743 36.140262 4.1072714
33.431307 37.908317 -2.055912
33.431307 37.908317 2.055912
38.763259 2.9644516 22.824692
43.942272 9.9476185 23.358166
43.655692 23.337228 18.066673
45.777462 17.261456 21.698738
15.432096 31.692165 19.586835
22.677376 31.479281 19.455266
17.23677 33.304823 17.715277
38.102512 27.682406 17.108668
30.281638 30.160031 18.639924
36.40486 30.011032 15.121537
21.03116 36.441521 13.416517
24.67707 32.897547 17.245863
19.114612 34.905526 15.652863
24.953673 36.169278 12.832292
20.924486 33.246397 17.569853
32.851744 34.398908 11.184809
28.625243 32.224349 16.71656
34.64931 32.260707 13.136835
28.923871 35.481494 12.081304
32.487496 31.271291 16.015734
26.812722 34.238215 14.798021
43.804443 27.072635 -12.362906
46.20848 28.558411 -4.2751811
41.934281 29.535036 -10.321303
43.804443 27.072635 12.362906
46.20848 28.558411 4.2751811
41.934281 29.535036 10.321303
37.953559 34.047474 -6.2251657
43.872344 30.828255 -2.1828322
39.972837 31.873831 -8.2661909
38.623256 34.67554 -2.1130999
43.184732 30.36871 -6.3316354
37.953559 34.047474 6.2251657
43.872344 30.828255 2.1828322
39.972837 31.873831 8.2661909
38.623256 34.67554 2.1130999
43.184732 30.36871 6.3316354
41.358724 32.878972 0
17.003995 -24.350428 1.2080106
19.517056 -22.147312 3.6026836
16.425315 -24.61777 3.1696458
18.333739 -23.342743 0
24.332971 -17.179864 8.4764794
21.940213 -19.771601 6.0077177
15.064327 -24.808725 7.0877106
18.866094 -22.291188 5.5723642
15.775846 -24.770171 5.1439303
17.667458 -23.466812 4.3779501
20.926836 -21.176166 -2.4066307
20.926836 -21.176166 2.4066307
19.647236 -22.278329 -1.2082384
19.647236 -22.278329 1.2082384
34.64721 -2.6496734 20.401068
31.882692 -7.2175798 16.947717
26.752422 -14.301168 11.071346
29.253377 -11.030666 13.866242
11.610193 -23.843305 14.735973
15.649488 -21.723617 13.425934
12.543164 -24.235856 12.891373
23.510449 -17.080916 10.556586
19.568703 -19.490117 12.045555
22.379096 -18.448629 9.2956358
14.266417 -24.719984 9.1010493
16.518411 -22.021059 11.544088
13.434158 -24.53235 11.001167
16.231017 -23.526164 8.3467137
14.560119 -23.134213 12.225828
20.081097 -21.026823 6.8368742
18.515566 -20.843563 10.812714
21.232185 -19.768512 8.0499062
18.171715 -22.291608 7.5902014
20.436807 -19.671733 10.074967
17.384101 -22.198439 9.5943368
26.076064 -16.115894 -7.3594347
26.708162 -16.506552 -2.4710233
24.797638 -17.465403 -6.1034537
26.076064 -16.115894 7.3594347
26.708162 -16.506552 2.4710233
24.797638 -17.465403 6.1034537
22.256784 -19.966171 -3.6505712
25.274981 -17.760245 -1.2575358
23.519043 -18.753786 -4.8636253
22.384562 -20.096617 -1.2246719
25.114684 -17.661347 -3.682251
22.256784 -19.966171 3.6505712
25.274981 -17.760245 1.2575358
23.519043 -18.753786 4.8636253
22.384562 -20.096617 1.2246719
25.114684 -17.661347 3.682251
23.841074 -18.952955 0
2.2271683 -17.148005 29.122521
6.4999736 -15.262694 28.712763
3.5315487 -18.30072 27.42857
2.2624274 -15.309226 30.69396
14.707801 -11.386144 27.513089
10.62259 -13.353265 28.171159
5.999038 -20.310664 23.998016
7.7105908 -16.388206 26.988959
4.7966471 -19.357133 25.711124
5.6541187 -17.340535 27.226941
2.3543259 -11.292709 33.730722
6.6313162 -13.415444 30.264502
2.3079192 -13.350573 32.243779
4.4800028 -14.36212 30.49495
33.19838 -1.6469524 23.182552
27.970717 -4.5499717 24.648862
31.994419 -4.1194218 21.347118
18.873104 -9.3119176 26.731219
23.246312 -7.0635292 25.796041
29.567657 -8.44731 17.95404
27.061799 -6.7649244 22.903689
30.768376 -6.3895554 19.596035
29.455632 -5.4952195 22.17626
10.441204 -23.253482 16.894223
12.260043 -19.917151 19.837166
9.4118735 -22.658936 18.679321
12.544383 -22.2565 16.254081
15.847758 -12.486148 25.642211
14.043893 -16.369791 22.723495
13.843281 -13.469361 26.025449
7.2178871 -21.200198 22.198629
11.210077 -19.196006 21.609556
8.3300477 -21.971077 20.456467
8.076267 -19.335405 23.71913
10.324391 -20.942756 20.158741
16.6308 -20.158977 14.945594
14.397287 -18.931994 19.209328
14.614759 -21.219088 15.601572
13.477315 -20.611851 17.750348
9.8259882 -15.4028 26.68904
12.11142 -17.330206 23.10328
11.828488 -14.444447 26.377257
8.9474577 -17.399224 25.219429
12.975117 -15.452471 24.552048
10.12092 -18.338223 23.416796
2.5570137 -1.5803214 38.194215
7.3691359 -4.5543764 36.083737
2.5220967 -4.1733505 37.491447
15.165975 -9.3730879 29.093749
11.564659 -7.1473524 32.821408
13.054482 -10.407542 29.421177
2.423296 -9.0036304 35.189619
7.1804551 -6.9430565 34.798124
2.4734591 -6.6695773 36.448922
4.6939606 -10.265663 33.559956
4.9368708 -5.6145702 36.285696
8.8387125 -12.400899 30.007744
9.332481 -8.212658 33.070698
10.938598 -11.421624 29.726323
6.8392896 -11.397505 31.809031
11.257915 -9.3477326 31.288342
7.0281511 -9.2328983 33.339082
24.856839 -15.362372 12.103721
23.115704 -14.286291 16.652334
25.995002 -13.827086 13.453603
22.783541 -16.638983 12.841437
18.262308 -11.286727 25.136537
20.908498 -12.922162 20.992802
20.333216 -10.245215 24.665193
17.273743 -13.331325 23.65271
28.319924 -10.426424 16.344017
24.094178 -12.630878 18.073497
27.155913 -12.177664 14.870847
27.276696 -9.677344 18.818561
25.102564 -13.26605 15.798952
18.730218 -19.004596 14.243842
20.947247 -15.530007 17.28111
20.734955 -17.856361 13.557808
17.696902 -18.473138 16.440927
21.920696 -16.117437 15.097996
24.673981 -8.022748 23.564216
22.930151 -11.895143 20.369105
22.477591 -9.1530666 24.141847
26.053054 -8.8709586 21.237978
21.691619 -11.109461 22.53525
25.057064 -10.829857 19.622755
15.367869 -17.100689 20.728551
19.803333 -14.842491 19.517423
16.305908 -15.274546 22.177028
16.567747 -17.833411 18.615634
18.599864 -14.122328 21.598317
18.758891 -16.695245 17.970648
2.3219286 17.877608 30.361609
7.3414585 17.238599 32.42991
3.7827859 19.602648 29.379861
2.3560306 15.942613 31.963859
18.891488 14.624973 35.339285
12.896309 16.211472 34.20107
6.7981728 23.016257 27.194803
8.9609589 19.045758 31.365554
5.2839029 21.323481 28.322927
6.3140008 19.364318 30.404548
2.4420176 11.713329 34.987092
7.4582448 15.088357 34.038501
2.3997334 13.881689 33.526508
4.8537244 15.560208 33.038838
35.475036 1.759896 24.772349
33.447322 5.4408463 29.475056
38.058437 4.9001906 25.393114
32.55354 0 25.568036
24.865871 12.268726 35.219169
29.934474 9.0957668 33.217782
42.335175 12.094917 25.706719
35.421547 8.8546992 29.978943
40.508498 8.4122509 25.799411
36.959998 6.8952282 27.826073
27.158081 -3.0864638 26.838319
30.481625 3.4641782 30.122732
29.76823 -1.6144441 26.252572
31.650373 1.7165199 27.912432
13.358834 29.751302 21.615048
16.027185 26.037092 25.93253
11.674358 28.105831 23.169571
16.826103 29.853216 21.802017
21.074793 16.604429 34.099732
18.665158 21.756413 30.20086
17.915292 17.431383 33.680854
8.4318237 24.765743 25.932094
14.239833 24.384125 27.449987
10.022282 26.434463 24.612163
9.5588117 22.884768 28.073205
12.968891 26.307054 25.322221
24.181716 29.311797 21.731372
19.634107 25.818253 26.196464
20.464632 29.712485 21.846438
18.233963 27.886544 24.015109
11.883147 18.627514 32.276629
15.536987 22.231843 29.637762
14.82124 18.09907 33.051027
10.716578 20.839455 30.205896
16.759482 19.959389 31.712979
12.489469 22.629827 28.896912
2.5752641 1.5916008 38.466822
7.8064891 4.8246756 38.225282
2.5679739 4.249264 38.173419
5.1427852 0 38.171089
18.992904 11.73826 36.435165
13.260052 8.1951627 37.633065
16.084203 12.822954 36.249327
2.5039424 9.3032681 36.360717
7.7959802 7.5382313 37.781099
2.5403505 6.8499471 37.434634
5.0372019 11.01633 36.013995
5.1726758 5.882745 38.018849
9.9526149 -3.0549616 36.008899
10.484617 3.21826 37.933701
7.6360037 -1.5720696 37.303986
7.796178 1.6050456 38.086482
10.305101 14.458272 34.986184
10.560264 9.2931166 37.421484
13.147808 13.728388 35.729989
7.6464934 12.74269 35.563276
13.28785 11.033239 36.929999
7.7702016 10.207732 36.859109
40.042985 24.747926 19.498421
35.579466 21.989319 25.63111
41.523324 22.086806 21.49022
36.066735 26.339795 20.328215
24.863989 15.36679 34.223198
30.502427 18.851536 30.625414
27.952179 14.084151 33.90737
23.81598 18.380415 32.610908
43.075884 15.859061 24.859988
36.676933 19.227128 27.512058
42.669079 19.134312 23.36601
40.06177 14.213287 27.639155
39.186697 20.709147 24.663168
28.183157 28.596011 21.432555
31.585345 23.41695 26.057353
32.075677 27.622673 20.97308
25.852681 26.986651 24.017878
33.875929 24.907656 23.332226
33.32227 10.83474 31.82353
33.879009 17.574923 30.095096
30.832077 12.555084 33.114904
36.758893 12.516253 29.965184
30.993011 15.873211 32.198393
37.158218 16.060069 29.099442
21.110812 23.491184 28.47477
29.047258 21.770762 28.627889
22.502309 21.07902 30.604511
23.479701 25.273391 26.381952
26.500255 20.120861 30.772316
27.500802 24.475468 26.345227
17.719411 -8.0916919 28.670609
19.669703 -2.9445455 31.826248
19.920167 -6.9612944 28.282947
16.026196 -6.9933863 30.64159
22.307732 10.186981 36.094669
21.501214 3.2187219 34.789695
24.838927 8.6802026 35.266675
19.252562 8.4012825 36.810301
24.572976 -4.4928693 27.392103
22.130381 -1.5669686 31.494214
22.211581 -5.7603734 27.85545
26.059509 -1.5880458 29.026313
21.015554 -4.3815764 29.884413
12.202876 -4.508959 34.335966
17.717928 -1.5762922 33.769199
14.180576 -5.7928282 32.555084
12.709325 -1.570959 35.815311
16.88944 -4.3885526 32.224407
28.909382 5.2857283 32.226002
23.263666 1.6472122 33.107016
27.065325 7.0191482 33.94251
27.558945 1.6794203 30.696457
24.223512 5.0504102 34.446174
24.760533 0 31.146474
13.391707 4.9482316 37.68105
18.49843 1.6457302 35.256782
16.258151 6.6415269 37.324681
13.135179 1.6235975 37.015382
19.047014 4.9491766 36.340976
15.567875 0 35.567935
38.051101 0 -20.022019
41.609863 0 -14.999689
40.95561 3.0188055 -20.427429
36.434143 -2.6855318 -18.172257
45.717905 0 -3.1685914
44.275762 0 -9.3255669
46.477795 10.183844 -20.602363
44.830813 3.1290864 -15.008909
43.91825 6.4520152 -20.684054
43.008561 3.0784322 -17.807744
33.295137 -7.2953647 -14.758843
39.531895 -2.7592343 -13.234884
34.832808 -5.1172759 -16.405109
38.080582 -2.7257012 -15.767308
38.051101 0 20.022019
41.609863 0 14.999689
40.95561 3.0188055 20.427429
36.434143 -2.6855318 18.172257
45.717905 0 3.1685914
44.275762 0 9.3255669
46.477795 10.183844 20.602363
44.830813 3.1290864 15.008909
43.91825 6.4520152 20.684054
43.008561 3.0784322 17.807744
33.295137 -7.2953647 14.758843
39.531895 -2.7592343 13.234884
34.832808 -5.1172759 16.405109
38.080582 -2.7257012 15.767308
45.88705 23.919978 -14.783359
52.393571 18.460932 -11.409484
47.368963 21.0181 -16.75645
47.542556 24.865757 -10.850725
49.05361 3.284025 -2.029639
53.797701 10.986738 -6.7901775
48.588736 3.2686253 -5.4086422
48.104622 14.169107 -19.879554
52.449588 14.801163 -13.025142
48.276752 17.764726 -18.54918
48.88173 10.510107 -17.51483
50.518446 18.177133 -15.092935
49.474746 25.95827 -2.3094019
53.742299 19.099815 -7.057376
48.795765 25.574812 -6.6453598
51.006415 22.217739 -9.0760448
46.475535 3.2004887 -11.89125
52.614953 10.856887 -10.497939
47.709512 3.2376136 -8.7300876
48.158156 6.7357802 -14.73111
51.103253 6.9528818 -7.9073253
50.969782 10.744847 -14.11553
27.624267 -14.399964 -8.8996669
32.079912 -11.303392 -6.9858806
28.958116 -12.849016 -10.243737
28.114221 -14.704329 -6.4165604
42.788469 -2.8645883 -1.770413
37.074261 -7.5714238 -4.6793973
42.43113 -2.8543955 -4.72321
31.764493 -9.3561588 -13.126887
33.75568 -9.5257816 -8.3827641
30.342441 -11.165315 -11.658353
34.523439 -7.422917 -12.370105
31.293431 -11.259746 -9.3492531
28.622194 -15.017412 -1.3360382
32.460808 -11.536452 -4.2627155
28.451885 -14.912188 -3.8747833
30.249467 -13.176279 -5.3825685
40.792973 -2.809165 -10.437307
36.485919 -7.5287249 -7.2798118
41.755812 -2.8335898 -7.6406544
37.536799 -5.2501933 -11.482141
39.334668 -5.3517003 -6.0863447
35.598517 -7.5044585 -9.8586245
45.88705 23.919978 14.783359
52.393571 18.460932 11.409484
47.368963 21.0181 16.75645
47.542556 24.865757 10.850725
49.05361 3.284025 2.029639
53.797701 10.986738 6.7901775
48.588736 3.2686253 5.4086422
52.260209 7.0410102 0
48.104622 14.169107 19.879554
52.449588 14.801163 13.025142
48.276752 17.764726 18.54918
48.88173 10.510107 17.51483
50.518446 18.177133 15.092935
49.474746 25.95827 2.3094019
53.742299 19.099815 7.057376
48.795765 25.574812 6.6453598
52.382436 22.927483 0
51.006415 22.217739 9.0760448
46.475535 3.2004887 11.89125
52.614953 10.856887 10.497939
47.709512 3.2376136 8.7300876
48.158156 6.7357802 14.73111
51.103253 6.9528818 7.9073253
50.969782 10.744847 14.11553
55.172455 15.249292 -4.6807799
55.172455 15.249292 4.6807799
54.585341 11.17344 -2.3003428
54.528693 19.349906 -2.3917799
54.585341 11.17344 2.3003428
54.528693 19.349906 2.3917799
27.624267 -14.399964 8.8996669
32.079912 -11.303392 6.9858806
28.958116 -12.849016 10.243737
28.114221 -14.704329 6.4165604
42.788469 -2.8645883 1.770413
37.074261 -7.5714238 4.6793973
42.43113 -2.8543955 4.72321
40.024064 -5.3924362 0
31.764493 -9.3561588 13.126887
33.75568 -9.5257816 8.3827641
30.342441 -11.165315 11.658353
34.523439 -7.422917 12.370105
31.293431 -11.259746 9.3492531
28.622194 -15.017412 1.3360382
32.460808 -11.536452 4.2627155
28.451885 -14.912188 3.8747833
30.616678 -13.400739 0
30.249467 -13.176279 5.3825685
40.792973 -2.809165 10.437307
36.485919 -7.5287249 7.2798118
41.755812 -2.8335898 7.6406544
37.536799 -5.2501933 11.482141
39.334668 -5.3517003 6.0863447
35.598517 -7.5044585 9.8586245
34.907112 -9.6480886 -2.961487
34.907112 -9.6480886 2.961487
37.377658 -7.6510841 -1.5751743
32.718538 -11.610413 -1.435126
37.377658 -7.6510841 1.5751743
32.718538 -11.610413 1.435126
-17.003995 24.350428 -1.2080106
-19.517056 22.147312 -3.6026836
-16.425315 24.61777 -3.1696458
-24.332971 17.179864 -8.4764794
-21.940213 19.771601 -6.0077177
-15.064327 24.808725 -7.0877106
-18.866094 22.291188 -5.5723642
-15.775846 24.770171 -5.1439303
-17.667458 23.466812 -4.3779501
-34.64721 2.6496734 -20.401068
-31.882692 7.2175798 -16.947717
-26.752422 14.301168 -11.071346
-29.253377 11.030666 -13.866242
-11.610193 23.843305 -14.735973
-15.649488 21.723617 -13.425934
-12.543164 24.235856 -12.891373
-23.510449 17.080916 -10.556586
-19.568703 19.490117 -12.045555
-22.379096 18.448629 -9.2956358
-14.266417 24.719984 -9.1010493
-16.518411 22.021059 -11.544088
-13.434158 24.53235 -11.001167
-16.231017 23.526164 -8.3467137
-14.560119 23.134213 -12.225828
-20.081097 21.026823 -6.8368742
-18.515566 20.843563 -10.812714
-21.232185 19.768512 -8.0499062
-18.171715 22.291608 -7.5902014
-20.436807 19.671733 -10.074967
-17.384101 22.198439 -9.5943368
-28.211077 -40.399437 -2.0041927
-32.741241 -37.153682 -6.0437565
-26.734113 -40.068286 -5.1589675
-40.302572 -28.454917 -14.039548
-36.668612 -33.044217 -10.04068
-23.042507 -37.94761 -10.841415
-30.909449 -36.520985 -9.1295373
-24.954231 -39.181453 -8.1366683
-28.91168 -38.401957 -7.1642388
-38.763259 -2.9644516 -22.824692
-43.942272 -9.9476185 -23.358166
-43.655692 -23.337228 -18.066673
-45.777462 -17.261456 -21.698738
-15.432096 -31.692165 -19.586835
-22.677376 -31.479281 -19.455266
-17.23677 -33.304823 -17.715277
-38.102512 -27.682406 -17.108668
-30.281638 -30.160031 -18.639924
-36.40486 -30.011032 -15.121537
-21.03116 -36.441521 -13.416517
-24.67707 -32.897547 -17.245863
-19.114612 -34.905526 -15.652863
-24.953673 -36.169278 -12.832292
-20.924486 -33.246397 -17.569853
-32.851744 -34.398908 -11.184809
-28.625243 -32.224349 -16.71656
-34.64931 -32.260707 -13.136835
-28.923871 -35.481494 -12.081304
-32.487496 -31.271291 -16.015734
-26.812722 -34.238215 -14.798021
-2.3219286 -17.877608 -30.361609
-7.3414585 -17.238599 -32.42991
-3.7827859 -19.602648 -29.379861
-2.3560306 -15.942613 -31.963859
-18.891488 -14.624973 -35.339285
-12.896309 -16.211472 -34.20107
-6.7981728 -23.016257 -27.194803
-8.9609589 -19.045758 -31.365554
-5.2839029 -21.323481 -28.322927
-6.3140008 -19.364318 -30.404548
-2.4420176 -11.713329 -34.987092
-7.4582448 -15.088357 -34.038501
-2.3997334 -13.881689 -33.526508
-4.8537244 -15.560208 -33.038838
-35.475036 -1.759896 -24.772349
-33.447322 -5.4408463 -29.475056
-38.058437 -4.9001906 -25.393114
-24.865871 -12.268726 -35.219169
-29.934474 -9.0957668 -33.217782
-42.335175 -12.094917 -25.706719
-35.421547 -8.8546992 -29.978943
-40.508498 -8.4122509 -25.799411
-36.959998 -6.8952282 -27.826073
-13.358834 -29.751302 -21.615048
-16.027185 -26.037092 -25.93253
-11.674358 -28.105831 -23.169571
-16.826103 -29.853216 -21.802017
-21.074793 -16.604429 -34.099732
-18.665158 -21.756413 -30.20086
-17.915292 -17.431383 -33.680854
-8.4318237 -24.765743 -25.932094
-14.239833 -24.384125 -27.449987
-10.022282 -26.434463 -24.612163
-9.5588117 -22.884768 -28.073205
-12.968891 -26.307054 -25.322221
-24.181716 -29.311797 -21.731372
-19.634107 -25.818253 -26.196464
-20.464632 -29.712485 -21.846438
-18.233963 -27.886544 -24.015109
-11.883147 -18.627514 -32.276629
-15.536987 -22.231843 -29.637762
-14.82124 -18.09907 -33.051027
-10.716578 -20.839455 -30.205896
-16.759482 -19.959389 -31.712979
-12.489469 -22.629827 -28.896912
-2.5752641 -1.5916008 -38.466822
-7.8064891 -4.8246756 -38.225282
-2.5679739 -4.249264 -38.173419
-18.992904 -11.73826 -36.435165
-13.260052 -8.1951627 -37.633065
-16.084203 -12.822954 -36.249327
-2.5039424 -9.3032681 -36.360717
-7.7959802 -7.5382313 -37.781099
-2.5403505 -6.8499471 -37.434634
-5.0372019 -11.01633 -36.013995
-5.1726758 -5.882745 -38.018849
-10.305101 -14.458272 -34.986184
-10.560264 -9.2931166 -37.421484
-13.147808 -13.728388 -35.729989
-7.6464934 -12.74269 -35.563276
-13.28785 -11.033239 -36.929999
-7.7702016 -10.207732 -36.859109
-40.042985 -24.747926 -19.498421
-35.579466 -21.989319 -25.63111
-41.523324 -22.086806 -21.49022
-36.066735 -26.339795 -20.328215
-24.863989 -15.36679 -34.223198
-30.502427 -18.851536 -30.625414
-27.952179 -14.084151 -33.90737
-23.81598 -18.380415 -32.610908
-43.075884 -15.859061 -24.859988
-36.676933 -19.227128 -27.512058
-42.669079 -19.134312 -23.36601
-40.06177 -14.213287 -27.639155
-39.186697 -20.709147 -24.663168
-28.183157 -28.596011 -21.432555
-31.585345 -23.41695 -26.057353
-32.075677 -27.622673 -20.97308
-25.852681 -26.986651 -24.017878
-33.875929 -24.907656 -23.332226
-33.32227 -10.83474 -31.82353
-33.879009 -17.574923 -30.095096
-30.832077 -12.555084 -33.114904
-36.758893 -12.516253 -29.965184
-30.993011 -15.873211 -32.198393
-37.158218 -16.060069 -29.099442
-21.110812 -23.491184 -28.47477
-29.047258 -21.770762 -28.627889
-22.502309 -21.07902 -30.604511
-23.479701 -25.273391 -26.381952
-26.500255 -20.120861 -30.772316
-27.500802 -24.475468 -26.345227
-2.2271683 17.148005 -29.122521
-6.4999736 15.262694 -28.712763
-3.5315487 18.30072 -27.42857
-2.2624274 15.309226 -30.69396
-14.707801 11.386144 -27.513089
-10.62259 13.353265 -28.171159
-5.999038 20.310664 -23.998016
-7.7105908 16.388206 -26.988959
-4.7966471 19.357133 -25.711124
-5.6541187 17.340535 -27.226941
-2.3543259 11.292709 -33.730722
-6.6313162 13.415444 -30.264502
-2.3079192 13.350573 -32.243779
-4.4800028 14.36212 -30.49495
-33.19838 1.6469524 -23.182552
-27.970717 4.5499717 -24.648862
-31.994419 4.1194218 -21.347118
-32.55354 0 -25.568036
-18.873104 9.3119176 -26.731219
-23.246312 7.0635292 -25.796041
-29.567657 8.44731 -17.95404
-27.061799 6.7649244 -22.903689
-30.768376 6.3895554 -19.596035
-29.455632 5.4952195 -22.17626
-30.481625 -3.4641782 -30.122732
-27.158081 3.0864638 -26.838319
-31.650373 -1.7165199 -27.912432
-29.76823 1.6144441 -26.252572
-10.441204 23.253482 -16.894223
-12.260043 19.917151 -19.837166
-9.4118735 22.658936 -18.679321
-12.544383 22.2565 -16.254081
-15.847758 12.486148 -25.642211
-14.043893 16.369791 -22.723495
-13.843281 13.469361 -26.025449
-7.2178871 21.200198 -22.198629
-11.210077 19.196006 -21.609556
-8.3300477 21.971077 -20.456467
-8.076267 19.335405 -23.71913
-10.324391 20.942756 -20.158741
-16.6308 20.158977 -14.945594
-14.397287 18.931994 -19.209328
-14.614759 21.219088 -15.601572
-13.477315 20.611851 -17.750348
-9.8259882 15.4028 -26.68904
-12.11142 17.330206 -23.10328
-11.828488 14.444447 -26.377257
-8.9474577 17.399224 -25.219429
-12.975117 15.452471 -24.552048
-10.12092 18.338223 -23.416796
-2.5570137 1.5803214 -38.194215
-7.3691359 4.5543764 -36.083737
-2.5220967 4.1733505 -37.491447
-5.1427852 0 -38.171089
-15.165975 9.3730879 -29.093749
-11.564659 7.1473524 -32.821408
-13.054482 10.407542 -29.421177
-2.423296 9.0036304 -35.189619
-7.1804551 6.9430565 -34.798124
-2.4734591 6.6695773 -36.448922
-4.6939606 10.265663 -33.559956
-4.9368708 5.6145702 -36.285696
-10.484617 -3.21826 -37.933701
-9.9526149 3.0549616 -36.008899
-7.796178 -1.6050456 -38.086482
-7.6360037 1.5720696 -37.303986
-8.8387125 12.400899 -30.007744
-9.332481 8.212658 -33.070698
-10.938598 11.421624 -29.726323
-6.8392896 11.397505 -31.809031
-11.257915 9.3477326 -31.288342
-7.0281511 9.2328983 -33.339082
-24.856839 15.362372 -12.103721
-23.115704 14.286291 -16.652334
-25.995002 13.827086 -13.453603
-22.783541 16.638983 -12.841437
-18.262308 11.286727 -25.136537
-20.908498 12.922162 -20.992802
-20.333216 10.245215 -24.665193
-17.273743 13.331325 -23.65271
-28.319924 10.426424 -16.344017
-24.094178 12.630878 -18.073497
-27.155913 12.177664 -14.870847
-27.276696 9.677344 -18.818561
-25.102564 13.26605 -15.798952
-18.730218 19.004596 -14.243842
-20.947247 15.530007 -17.28111
-20.734955 17.856361 -13.557808
-17.696902 18.473138 -16.440927
-21.920696 16.117437 -15.097996
-24.673981 8.022748 -23.564216
-22.930151 11.895143 -20.369105
-22.477591 9.1530666 -24.141847
-26.053054 8.8709586 -21.237978
-21.691619 11.109461 -22.53525
-25.057064 10.829857 -19.622755
-15.367869 17.100689 -20.728551
-19.803333 14.842491 -19.517423
-16.305908 15.274546 -22.177028
-16.567747 17.833411 -18.615634
-18.599864 14.122328 -21.598317
-18.758891 16.695245 -17.970648
-22.307732 -10.186981 -36.094669
-21.501214 -3.2187219 -34.789695
-24.838927 -8.6802026 -35.266675
-19.252562 -8.4012825 -36.810301
-17.719411 8.0916919 -28.670609
-19.669703 2.9445455 -31.826248
-19.920167 6.9612944 -28.282947
-16.026196 6.9933863 -30.64159
-28.909382 -5.2857283 -32.226002
-23.263666 -1.6472122 -33.107016
-27.065325 -7.0191482 -33.94251
-27.558945 -1.6794203 -30.696457
-24.223512 -5.0504102 -34.446174
-13.391707 -4.9482316 -37.68105
-18.49843 -1.6457302 -35.256782
-16.258151 -6.6415269 -37.324681
-13.135179 -1.6235975 -37.015382
-19.047014 -4.9491766 -36.340976
-24.572976 4.4928693 -27.392103
-22.130381 1.5669686 -31.494214
-22.211581 5.7603734 -27.85545
-26.059509 1.5880458 -29.026313
-21.015554 4.3815764 -29.884413
-24.760533 0 -31.146474
-12.202876 4.508959 -34.335966
-17.717928 1.5762922 -33.769199
-14.180576 5.7928282 -32.555084
-12.709325 1.570959 -35.815311
-16.88944 4.3885526 -32.224407
-15.567875 0 -35.567935
-17.003995 24.350428 1.2080106
-19.517056 22.147312 3.6026836
-16.425315 24.61777 3.1696458
-18.333739 23.342743 0
-24.332971 17.179864 8.4764794
-21.940213 19.771601 6.0077177
-15.064327 24.808725 7.0877106
-18.866094 22.291188 5.5723642
-15.775846 24.770171 5.1439303
-17.667458 23.466812 4.3779501
-20.926836 21.176166 -2.4066307
-20.926836 21.176166 2.4066307
-19.647236 22.278329 -1.2082384
-19.647236 22.278329 1.2082384
-34.64721 2.6496734 20.401068
-31.882692 7.2175798 16.947717
-26.752422 14.301168 11.071346
-29.253377 11.030666 13.866242
-11.610193 23.843305 14.735973
-15.649488 21.723617 13.425934
-12.543164 24.235856 12.891373
-23.510449 17.080916 10.556586
-19.568703 19.490117 12.045555
-22.379096 18.448629 9.2956358
-14.266417 24.719984 9.1010493
-16.518411 22.021059 11.544088
-13.434158 24.53235 11.001167
-16.231017 23.526164 8.3467137
-14.560119 23.134213 12.225828
-20.081097 21.026823 6.8368742
-18.515566 20.843563 10.812714
-21.232185 19.768512 8.0499062
-18.171715 22.291608 7.5902014
-20.436807 19.671733 10.074967
-17.384101 22.198439 9.5943368
-26.076064 16.115894 -7.3594347
-26.708162 16.506552 -2.4710233
-24.797638 17.465403 -6.1034537
-26.076064 16.115894 7.3594347
-26.708162 16.506552 2.4710233
-24.797638 17.465403 6.1034537
-22.256784 19.966171 -3.6505712
-25.274981 17.760245 -1.2575358
-23.519043 18.753786 -4.8636253
-22.384562 20.096617 -1.2246719
-25.114684 17.661347 -3.682251
-22.256784 19.966171 3.6505712
-25.274981 17.760245 1.2575358
-23.519043 18.753786 4.8636253
-22.384562 20.096617 1.2246719
-25.114684 17.661347 3.682251
-23.841074 18.952955 0
-28.211077 -40.399437 2.0041927
-32.741241 -37.153682 6.0437565
-26.734113 -40.068286 5.1589675
-30.92305 -39.37161 0
-40.302572 -28.454917 14.039548
-36.668612 -33.044217 10.04068
-23.042507 -37.94761 10.841415
-30.909449 -36.520985 9.1295373
-24.954231 -39.181453 8.1366683
-28.91168 -38.401957 7.1642388
-35.714743 -36.140262 -4.1072714
-35.714743 -36.140262 4.1072714
-33.431307 -37.908317 -2.055912
-33.431307 -37.908317 2.055912
-38.763259 -2.9644516 22.824692
-43.942272 -9.9476185 23.358166
-43.655692 -23.337228 18.066673
-45.777462 -17.261456 21.698738
-15.432096 -31.692165 19.586835
-22.677376 -31.479281 19.455266
-17.23677 -33.304823 17.715277
-38.102512 -27.682406 17.108668
-30.281638 -30.160031 18.639924
-36.40486 -30.011032 15.121537
-21.03116 -36.441521 13.416517
-24.67707 -32.897547 17.245863
-19.114612 -34.905526 15.652863
-24.953673 -36.169278 12.832292
-20.924486 -33.246397 17.569853
-32.851744 -34.398908 11.184809
-28.625243 -32.224349 16.71656
-34.64931 -32.260707 13.136835
-28.923871 -35.481494 12.081304
-32.487496 -31.271291 16.015734
-26.812722 -34.238215 14.798021
-43.804443 -27.072635 -12.362906
-46.20848 -28.558411 -4.2751811
-41.934281 -29.535036 -10.321303
-43.804443 -27.072635 12.362906
-46.20848 -28.558411 4.2751811
-41.934281 -29.535036 10.321303
-37.953559 -34.047474 -6.2251657
-43.872344 -30.828255 -2.1828322
-39.972837 -31.873831 -8.2661909
-38.623256 -34.67554 -2.1130999
-43.184732 -30.36871 -6.3316354
-37.953559 -34.047474 6.2251657
-43.872344 -30.828255 2.1828322
-39.972837 -31.873831 8.2661909
-38.623256 -34.67554 2.1130999
-43.184732 -30.36871 6.3316354
-41.358724 -32.878972 0
-2.3219286 -17.877608 30.361609
-7.3414585 -17.238599 32.42991
-3.7827859 -19.602648 29.379861
-2.3560306 -15.942613 31.963859
-18.891488 -14.624973 35.339285
-12.896309 -16.211472 34.20107
-6.7981728 -23.016257 27.194803
-8.9609589 -19.045758 31.365554
-5.2839029 -21.323481 28.322927
-6.3140008 -19.364318 30.404548
-2.4420176 -11.713329 34.987092
-7.4582448 -15.088357 34.038501
-2.3997334 -13.881689 33.526508
-4.8537244 -15.560208 33.038838
-35.475036 -1.759896 24.772349
-33.447322 -5.4408463 29.475056
-38.058437 -4.9001906 25.393114
-24.865871 -12.268726 35.219169
-29.934474 -9.0957668 33.217782
-42.335175 -12.094917 25.706719
-35.421547 -8.8546992 29.978943
-40.508498 -8.4122509 25.799411
-36.959998 -6.8952282 27.826073
-13.358834 -29.751302 21.615048
-16.027185 -26.037092 25.93253
-11.674358 -28.105831 23.169571
-16.826103 -29.853216 21.802017
-21.074793 -16.604429 34.099732
-18.665158 -21.756413 30.20086
-17.915292 -17.431383 33.680854
-8.4318237 -24.765743 25.932094
-14.239833 -24.384125 27.449987
-10.022282 -26.434463 24.612163
-9.5588117 -22.884768 28.073205
-12.968891 -26.307054 25.322221
-24.181716 -29.311797 21.731372
-19.634107 -25.818253 26.196464
-20.464632 -29.712485 21.846438
-18.233963 -27.886544 24.015109
-11.883147 -18.627514 32.276629
-15.536987 -22.231843 29.637762
-14.82124 -18.09907 33.051027
-10.716578 -20.839455 30.205896
-16.759482 -19.959389 31.712979
-12.489469 -22.629827 28.896912
-2.5752641 -1.5916008 38.466822
-7.8064891 -4.8246756 38.225282
-2.5679739 -4.249264 38.173419
-18.992904 -11.73826 36.435165
-13.260052 -8.1951627 37.633065
-16.084203 -12.822954 36.249327
-2.5039424 -9.3032681 36.360717
-7.7959802 -7.5382313 37.781099
-2.5403505 -6.8499471 37.434634
-5.0372019 -11.01633 36.013995
-5.1726758 -5.882745 38.018849
-10.305101 -14.458272 34.986184
-10.560264 -9.2931166 37.421484
-13.147808 -13.728388 35.729989
-7.6464934 -12.74269 35.563276
-13.28785 -11.033239 36.929999
-7.7702016 -10.207732 36.859109
-40.042985 -24.747926 19.498421
-35.579466 -21.989319 25.63111
-41.523324 -22.086806 21.49022
-36.066735 -26.339795 20.328215
-24.863989 -15.36679 34.223198
-30.502427 -18.851536 30.625414
-27.952179 -14.084151 33.90737
-23.81598 -18.380415 32.610908
-43.075884 -15.859061 24.859988
-36.676933 -19.227128 27.512058
-42.669079 -19.134312 23.36601
-40.06177 -14.213287 27.639155
-39.186697 -20.709147 24.663168
-28.183157 -28.596011 21.432555
-31.585345 -23.41695 26.057353
-32.075677 -27.622673 20.97308
-25.852681 -26.986651 24.017878
-33.875929 -24.907656 23.332226
-33.32227 -10.83474 31.82353
-33.879009 -17.574923 30.095096
-30.832077 -12.555084 33.114904
-36.758893 -12.516253 29.965184
-30.993011 -15.873211 32.198393
-37.158218 -16.060069 29.099442
-21.110812 -23.491184 28.47477
-29.047258 -21.770762 28.627889
-22.502309 -21.07902 30.604511
-23.479701 -25.273391 26.381952
-26.500255 -20.120861 30.772316
-27.500802 -24.475468 26.345227
-2.2271683 17.148005 29.122521
-6.4999736 15.262694 28.712763
-3.5315487 18.30072 27.42857
-2.2624274 15.309226 30.69396
-14.707801 11.386144 27.513089
-10.62259 13.353265 28.171159
-5.999038 20.310664 23.998016
-7.7105908 16.388206 26.988959
-4.7966471 19.357133 25.711124
-5.6541187 17.340535 27.226941
-2.3543259 11.292709 33.730722
-6.6313162 13.415444 30.264502
-2.3079192 13.350573 32.243779
-4.4800028 14.36212 30.49495
-33.19838 1.6469524 23.182552
-27.970717 4.5499717 24.648862
-31.994419 4.1194218 21.347118
-32.55354 0 25.568036
-18.873104 9.3119176 26.731219
-23.246312 7.0635292 25.796041
-29.567657 8.44731 17.95404
-27.061799 6.7649244 22.903689
-30.768376 6.3895554 19.596035
-29.455632 5.4952195 22.17626
-30.481625 -3.4641782 30.122732
-27.158081 3.0864638 26.838319
-31.650373 -1.7165199 27.912432
-29.76823 1.6144441 26.252572
-10.441204 23.253482 16.894223
-12.260043 19.917151 19.837166
-9.4118735 22.658936 18.679321
-12.544383 22.2565 16.254081
-15.847758 12.486148 25.642211
-14.043893 16.369791 22.723495
-13.843281 13.469361 26.025449
-7.2178871 21.200198 22.198629
-11.210077 19.196006 21.609556
-8.3300477 21.971077 20.456467
-8.076267 19.335405 23.71913
-10.324391 20.942756 20.158741
-16.6308 20.158977 14.945594
-14.397287 18.931994 19.209328
-14.614759 21.219088 15.601572
-13.477315 20.611851 17.750348
-9.8259882 15.4028 26.68904
-12.11142 17.330206 23.10328
-11.828488 14.444447 26.377257
-8.9474577 17.399224 25.219429
-12.975117 15.452471 24.552048
-10.12092 18.338223 23.416796
-2.5570137 1.5803214 38.194215
-7.3691359 4.5543764 36.083737
-2.5220967 4.1733505 37.491447
-5.1427852 0 38.171089
-15.165975 9.3730879 29.093749
-11.564659 7.1473524 32.821408
-13.054482 10.407542 29.421177
-2.423296 9.0036304 35.189619
-7.1804551 6.9430565 34.798124
-2.4734591 6.6695773 36.448922
-4.6939606 10.265663 33.559956
-4.9368708 5.6145702 36.285696
-10.484617 -3.21826 37.933701
-9.9526149 3.0549616 36.008899
-7.796178 -1.6050456 38.086482
-7.6360037 1.5720696 37.303986
-8.8387125 12.400899 30.007744
-9.332481 8.212658 33.070698
-10.938598 11.421624 29.726323
-6.8392896 11.397505 31.809031
-11.257915 9.3477326 31.288342
-7.0281511 9.2328983 33.339082
-24.856839 15.362372 12.103721
-23.115704 14.286291 16.652334
-25.995002 13.827086 13.453603
-22.783541 16.638983 12.841437
-18.262308 11.286727 25.136537
-20.908498 12.922162 20.992802
-20.333216 10.245215 24.665193
-17.273743 13.331325 23.65271
-28.319924 10.426424 16.344017
-24.094178 12.630878 18.073497
-27.155913 12.177664 14.870847
-27.276696 9.677344 18.818561
-25.102564 13.26605 15.798952
-18.730218 19.004596 14.243842
-20.947247 15.530007 17.28111
-20.734955 17.856361 13.557808
-17.696902 18.473138 16.440927
-21.920696 16.117437 15.097996
-24.673981 8.022748 23.564216
-22.930151 11.895143 20.369105
-22.477591 9.1530666 24.141847
-26.053054 8.8709586 21.237978
-21.691619 11.109461 22.53525
-25.057064 10.829857 19.622755
-15.367869 17.100689 20.728551
-19.803333 14.842491 19.517423
-16.305908 15.274546 22.177028
-16.567747 17.833411 18.615634
-18.599864 14.122328 21.598317
-18.758891 16.695245 17.970648
-22.307732 -10.186981 36.094669
-21.501214 -3.2187219 34.789695
-24.838927 -8.6802026 35.266675
-19.252562 -8.4012825 36.810301
-17.719411 8.0916919 28.670609
-19.669703 2.9445455 31.826248
-19.920167 6.9612944 28.282947
-16.026196 6.9933863 30.64159
-28.909382 -5.2857283 32.226002
-23.263666 -1.6472122 33.107016
-27.065325 -7.0191482 33.94251
-27.558945 -1.6794203 30.696457
-24.223512 -5.0504102 34.446174
-13.391707 -4.9482316 37.68105
-18.49843 -1.6457302 35.256782
-16.258151 -6.6415269 37.324681
-13.135179 -1.6235975 37.015382
-19.047014 -4.9491766 36.340976
-24.572976 4.4928693 27.392103
-22.130381 1.5669686 31.494214
-22.211581 5.7603734 27.85545
-26.059509 1.5880458 29.026313
-21.015554 4.3815764 29.884413
-24.760533 0 31.146474
-12.202876 4.508959 34.335966
-17.717928 1.5762922 33.769199
-14.180576 5.7928282 32.555084
-12.709325 1.570959 35.815311
-16.88944 4.3885526 32.224407
-15.567875 0 35.567935
-38.051101 0 -20.022019
-41.609863 0 -14.999689
-36.434143 2.6855318 -18.172257
-40.95561 -3.0188055 -20.427429
-45.717905 0 -3.1685914
-44.275762 0 -9.3255669
-33.295137 7.2953647 -14.758843
-39.531895 2.7592343 -13.234884
-34.832808 5.1172759 -16.405109
-38.080582 2.7257012 -15.767308
-46.477795 -10.183844 -20.602363
-44.830813 -3.1290864 -15.008909
-43.91825 -6.4520152 -20.684054
-43.008561 -3.0784322 -17.807744
-38.051101 0 20.022019
-41.609863 0 14.999689
-36.434143 2.6855318 18.172257
-40.95561 -3.0188055 20.427429
-45.717905 0 3.1685914
-44.275762 0 9.3255669
-33.295137 7.2953647 14.758843
-39.531895 2.7592343 13.234884
-34.832808 5.1172759 16.405109
-38.080582 2.7257012 15.767308
-46.477795 -10.183844 20.602363
-44.830813 -3.1290864 15.008909
-43.91825 -6.4520152 20.684054
-43.008561 -3.0784322 17.807744
-27.624267 14.399964 -8.8996669
-32.079912 11.303392 -6.9858806
-28.958116 12.849016 -10.243737
-28.114221 14.704329 -6.4165604
-42.788469 2.8645883 -1.770413
-37.074261 7.5714238 -4.6793973
-42.43113 2.8543955 -4.72321
-31.764493 9.3561588 -13.126887
-33.75568 9.5257816 -8.3827641
-30.342441 11.165315 -11.658353
-34.523439 7.422917 -12.370105
-31.293431 11.259746 -9.3492531
-28.622194 15.017412 -1.3360382
-32.460808 11.536452 -4.2627155
-28.451885 14.912188 -3.8747833
-30.249467 13.176279 -5.3825685
-40.792973 2.809165 -10.437307
-36.485919 7.5287249 -7.2798118
-41.755812 2.8335898 -7.6406544
-37.536799 5.2501933 -11.482141
-39.334668 5.3517003 -6.0863447
-35.598517 7.5044585 -9.8586245
-45.88705 -23.919978 -14.783359
-52.393571 -18.460932 -11.409484
-47.368963 -21.0181 -16.75645
-47.542556 -24.865757 -10.850725
-49.05361 -3.284025 -2.029639
-53.797701 -10.986738 -6.7901775
-48.588736 -3.2686253 -5.4086422
-48.104622 -14.169107 -19.879554
-52.449588 -14.801163 -13.025142
-48.276752 -17.764726 -18.54918
-48.88173 -10.510107 -17.51483
-50.518446 -18.177133 -15.092935
-49.474746 -25.95827 -2.3094019
-53.742299 -19.099815 -7.057376
-48.795765 -25.574812 -6.6453598
-51.006415 -22.217739 -9.0760448
-46.475535 -3.2004887 -11.89125
-52.614953 -10.856887 -10.497939
-47.709512 -3.2376136 -8.7300876
-48.158156 -6.7357802 -14.73111
-51.103253 -6.9528818 -7.9073253
-50.969782 -10.744847 -14.11553
-27.624267 14.399964 8.8996669
-32.079912 11.303392 6.9858806
-28.958116 12.849016 10.243737
-28.114221 14.704329 6.4165604
-42.788469 2.8645883 1.770413
-37.074261 7.5714238 4.6793973
-42.43113 2.8543955 4.72321
-40.024064 5.3924362 0
-31.764493 9.3561588 13.126887
-33.75568 9.5257816 8.3827641
-30.342441 11.165315 11.658353
-34.523439 7.422917 12.370105
-31.293431 11.259746 9.3492531
-28.622194 15.017412 1.3360382
-32.460808 11.536452 4.2627155
-28.451885 14.912188 3.8747833
-30.616678 13.400739 0
-30.249467 13.176279 5.3825685
-40.792973 2.809165 10.437307
-36.485919 7.5287249 7.2798118
-41.755812 2.8335898 7.6406544
-37.536799 5.2501933 11.482141
-39.334668 5.3517003 6.0863447
-35.598517 7.5044585 9.8586245
-34.907112 9.6480886 -2.961487
-34.907112 9.6480886 2.961487
-37.377658 7.6510841 -1.5751743
-32.718538 11.610413 -1.435126
-37.377658 7.6510841 1.5751743
-32.718538 11.610413 1.435126
-45.88705 -23.919978 14.783359
-52.393571 -18.460932 11.409484
-47.368963 -21.0181 16.75645
-47.542556 -24.865757 10.850725
-49.05361 -3.284025 2.029639
-53.797701 -10.986738 6.7901775
-48.588736 -3.2686253 5.4086422
-52.260209 -7.0410102 0
-48.104622 -14.169107 19.879554
-52.449588 -14.801163 13.025142
-48.276752 -17.764726 18.54918
-48.88173 -10.510107 17.51483
-50.518446 -18.177133 15.092935
-49.474746 -25.95827 2.3094019
-53.742299 -19.099815 7.057376
-48.795765 -25.574812 6.6453598
-52.382436 -22.927483 0
-51.006415 -22.217739 9.0760448
-46.475535 -3.2004887 11.89125
-52.614953 -10.856887 10.497939
-47.709512 -3.2376136 8.7300876
-48.158156 -6.7357802 14.73111
-51.103253 -6.9528818 7.9073253
-50.969782 -10.744847 14.11553
-55.172455 -15.249292 -4.6807799
-55.172455 -15.249292 4.6807799
-54.585341 -11.17344 -2.3003428
-54.528693 -19.349906 -2.3917799
-54.585341 -11.17344 2.3003428
-54.528693 -19.349906 2.3917799
