-23.59295227 38.17419866 0
38.17419866 61.76715093 0
-38.17419866 -61.76715093 0
23.59295227 -38.17419866 0
0 -24.73444382 40.02117079
0 24.73444382 40.02117079
0 -24.73444382 -40.02117079
0 24.73444382 -40.02117079
46.50682028 0 -28.74279564
46.50682028 0 28.74279564
-46.50682028 0 -28.74279564
-46.50682028 0 28.74279564
0 61.76715093 0
0 -61.76715093 0
-19.24045158 -50.37215618 31.13170461
14.42849088 -37.77427953 23.34578865
-14.42849088 37.77427953 23.34578865
19.24045158 50.37215618 31.13170461
0 0 43.67597128
-19.24045158 -50.37215618 -31.13170461
14.42849088 -37.77427953 -23.34578865
-14.42849088 37.77427953 -23.34578865
19.24045158 50.37215618 -31.13170461
0 0 -43.67597128
54.19077815 33.49174277 -20.69903538
36.20960246 -22.37876504 -13.83083742
22.03988388 -13.62139734 -35.66128122
26.62484537 16.45505938 -43.07990475
54.19077815 33.49174277 20.69903538
36.20960246 -22.37876504 13.83083742
22.03988388 -13.62139734 35.66128122
26.62484537 16.45505938 43.07990475
61.76715093 0 0
-36.20960246 22.37876504 -13.83083742
-54.19077815 -33.49174277 -20.69903538
-26.62484537 -16.45505938 -43.07990475
-22.03988388 13.62139734 -35.66128122
-36.20960246 22.37876504 13.83083742
-54.19077815 -33.49174277 20.69903538
-26.62484537 -16.45505938 43.07990475
-22.03988388 13.62139734 35.66128122
-61.76715093 0 0
-13.6648544 48.10229653 0
17.54675318 61.76715093 0
-17.54675318 -61.76715093 0
13.6648544 -48.10229653 0
-28.79707072 -57.25508175 17.24895839
-8.803623471 -38.02580431 38.47885836
-10.10876514 -59.17774186 16.35632557
19.88658364 -39.5390206 11.91172731
7.574198703 -32.71550614 33.10529125
8.54792762 -50.04043988 13.83083742
0 -46.50682028 28.74279564
-19.88658364 39.5390206 11.91172731
-7.574198703 32.71550614 33.10529125
-8.54792762 50.04043988 13.83083742
28.79707072 57.25508175 17.24895839
8.803623471 38.02580431 38.47885836
10.10876514 59.17774186 16.35632557
0 46.50682028 28.74279564
0 -12.16443492 42.82059935
0 12.16443492 42.82059935
-28.79707072 -57.25508175 -17.24895839
-8.803623471 -38.02580431 -38.47885836
-10.10876514 -59.17774186 -16.35632557
19.88658364 -39.5390206 -11.91172731
7.574198703 -32.71550614 -33.10529125
8.54792762 -50.04043988 -13.83083742
0 -46.50682028 -28.74279564
-19.88658364 39.5390206 -11.91172731
-7.574198703 32.71550614 -33.10529125
-8.54792762 50.04043988 -13.83083742
28.79707072 57.25508175 -17.24895839
8.803623471 38.02580431 -38.47885836
10.10876514 59.17774186 -16.35632557
0 46.50682028 -28.74279564
0 -12.16443492 -42.82059935
0 12.16443492 -42.82059935
52.80268818 53.4317997 -12.22472459
53.7492235 16.19276563 -27.0337609
38.50442875 45.08177041 -27.86206639
30.30205382 -30.66308414 -7.015443251
41.65069105 -12.54789994 -20.94867143
25.73703949 -30.1334507 -18.62349673
11.43793222 -19.09558453 -37.96633568
33.19131915 -7.593881126 -32.80052113
18.70030013 -25.84317918 -30.25772121
11.50995397 -7.113542761 -41.64340466
30.59049121 -18.9059633 -26.12739869
13.02623239 21.74724564 -43.23843696
38.69569398 8.853233548 -38.24008689
26.2734267 36.30898269 -42.51129739
12.03824475 7.440044419 -43.55477866
42.82141628 26.46509071 -36.57385584
24.73444382 0 -40.02117079
52.80268818 53.4317997 12.22472459
53.7492235 16.19276563 27.0337609
38.50442875 45.08177041 27.86206639
61.76715093 38.17419866 0
30.30205382 -30.66308414 7.015443251
41.65069105 -12.54789994 20.94867143
25.73703949 -30.1334507 18.62349673
38.17419866 -23.59295227 0
11.43793222 -19.09558453 37.96633568
33.19131915 -7.593881126 32.80052113
18.70030013 -25.84317918 30.25772121
11.50995397 -7.113542761 41.64340466
30.59049121 -18.9059633 26.12739869
13.02623239 21.74724564 43.23843696
38.69569398 8.853233548 38.24008689
26.2734267 36.30898269 42.51129739
12.03824475 7.440044419 43.55477866
42.82141628 26.46509071 36.57385584
24.73444382 0 40.02117079
57.31473926 0 -16.28191633
57.31473926 0 16.28191633
60.57799964 16.74334731 -10.34795772
47.54782805 -13.14189646 -8.122138686
60.57799964 16.74334731 10.34795772
47.54782805 -13.14189646 8.122138686
-30.30205382 30.66308414 -7.015443251
-41.65069105 12.54789994 -20.94867143
-25.73703949 30.1334507 -18.62349673
-52.80268818 -53.4317997 -12.22472459
-53.7492235 -16.19276563 -27.0337609
-38.50442875 -45.08177041 -27.86206639
-13.02623239 -21.74724564 -43.23843696
-38.69569398 -8.853233548 -38.24008689
-26.2734267 -36.30898269 -42.51129739
-12.03824475 -7.440044419 -43.55477866
-42.82141628 -26.46509071 -36.57385584
-11.43793222 19.09558453 -37.96633568
-33.19131915 7.593881126 -32.80052113
-18.70030013 25.84317918 -30.25772121
-11.50995397 7.113542761 -41.64340466
-30.59049121 18.9059633 -26.12739869
-24.73444382 0 -40.02117079
-30.30205382 30.66308414 7.015443251
-41.65069105 12.54789994 20.94867143
-25.73703949 30.1334507 18.62349673
-38.17419866 23.59295227 0
-52.80268818 -53.4317997 12.22472459
-53.7492235 -16.19276563 27.0337609
-38.50442875 -45.08177041 27.86206639
-61.76715093 -38.17419866 0
-13.02623239 -21.74724564 43.23843696
-38.69569398 -8.853233548 38.24008689
-26.2734267 -36.30898269 42.51129739
-12.03824475 -7.440044419 43.55477866
-42.82141628 -26.46509071 36.57385584
-11.43793222 19.09558453 37.96633568
-33.19131915 7.593881126 32.80052113
-18.70030013 25.84317918 30.25772121
-11.50995397 7.113542761 41.64340466
-30.59049121 18.9059633 26.12739869
-24.73444382 0 40.02117079
-57.31473926 0 -16.28191633
-57.31473926 0 16.28191633
-47.54782805 13.14189646 -8.122138686
-60.57799964 -16.74334731 -10.34795772
-47.54782805 13.14189646 8.122138686
-60.57799964 -16.74334731 10.34795772
-18.89724965 42.86990128 0
-7.551386021 54.21576491 0
27.22724422 61.76715093 0
8.603172913 61.76715093 0
-27.22724422 -61.76715093 0
-8.603172913 -61.76715093 0
18.89724965 -42.86990128 0
7.551386021 -54.21576491 0
-33.75954123 -60.27478862 9.14303027
-23.93084972 -53.84917826 24.47802275
-23.5586319 -60.78615746 8.658210863
-4.069681224 -30.89877051 39.34069714
-14.58227001 -46.66179152 37.32348613
-5.093311185 -61.16796299 8.241150612
-14.88787228 -55.57802053 24.08908337
-13.90147519 -61.03245565 8.386499415
-19.21304372 -58.43425909 16.8421042
21.96849277 -39.22287477 5.949683765
17.36217789 -39.06835833 17.75915984
17.07342038 -44.05296641 6.274781763
3.825321286 -29.04348475 36.97852434
11.14028009 -35.64777133 28.51367373
0 -35.37970929 35.80123674
4.676078737 -56.15722282 7.56605433
11.74901223 -43.86032005 19.01030113
11.31793232 -49.68977699 6.827896424
0 -57.52851275 15.90048986
14.61166488 -44.43969545 12.80854747
-9.629998296 -51.72077395 31.96519622
7.805315941 -41.92077392 25.90846311
-4.468357277 -42.96465767 34.15564222
-5.061246864 -56.13008785 24.56780835
4.076856981 -39.20025945 31.16305608
4.442681851 -49.27009673 21.56523071
-21.96849277 39.22287477 5.949683765
-17.36217789 39.06835833 17.75915984
-17.07342038 44.05296641 6.274781763
-3.825321286 29.04348475 36.97852434
-11.14028009 35.64777133 28.51367373
-4.676078737 56.15722282 7.56605433
-11.74901223 43.86032005 19.01030113
-11.31793232 49.68977699 6.827896424
-14.61166488 44.43969545 12.80854747
33.75954123 60.27478862 9.14303027
23.93084972 53.84917826 24.47802275
23.5586319 60.78615746 8.658210863
4.069681224 30.89877051 39.34069714
14.58227001 46.66179152 37.32348613
0 35.37970929 35.80123674
5.093311185 61.16796299 8.241150612
14.88787228 55.57802053 24.08908337
13.90147519 61.03245565 8.386499415
0 57.52851275 15.90048986
19.21304372 58.43425909 16.8421042
-7.805315941 41.92077392 25.90846311
9.629998296 51.72077395 31.96519622
-4.076856981 39.20025945 31.16305608
-4.442681851 49.27009673 21.56523071
4.468357277 42.96465767 34.15564222
5.061246864 56.13008785 24.56780835
0 -18.38039435 41.69737425
0 -6.054070495 43.46567131
0 18.38039435 41.69737425
0 6.054070495 43.46567131
-33.75954123 -60.27478862 -9.14303027
-23.93084972 -53.84917826 -24.47802275
-23.5586319 -60.78615746 -8.658210863
-4.069681224 -30.89877051 -39.34069714
-14.58227001 -46.66179152 -37.32348613
-5.093311185 -61.16796299 -8.241150612
-14.88787228 -55.57802053 -24.08908337
-13.90147519 -61.03245565 -8.386499415
-19.21304372 -58.43425909 -16.8421042
21.96849277 -39.22287477 -5.949683765
17.36217789 -39.06835833 -17.75915984
17.07342038 -44.05296641 -6.274781763
3.825321286 -29.04348475 -36.97852434
11.14028009 -35.64777133 -28.51367373
0 -35.37970929 -35.80123674
4.676078737 -56.15722282 -7.56605433
11.74901223 -43.86032005 -19.01030113
11.31793232 -49.68977699 -6.827896424
0 -57.52851275 -15.90048986
14.61166488 -44.43969545 -12.80854747
-9.629998296 -51.72077395 -31.96519622
7.805315941 -41.92077392 -25.90846311
-4.468357277 -42.96465767 -34.15564222
-5.061246864 -56.13008785 -24.56780835
4.076856981 -39.20025945 -31.16305608
4.442681851 -49.27009673 -21.56523071
-21.96849277 39.22287477 -5.949683765
-17.36217789 39.06835833 -17.75915984
-17.07342038 44.05296641 -6.274781763
-3.825321286 29.04348475 -36.97852434
-11.14028009 35.64777133 -28.51367373
-4.676078737 56.15722282 -7.56605433
-11.74901223 43.86032005 -19.01030113
-11.31793232 49.68977699 -6.827896424
-14.61166488 44.43969545 -12.80854747
33.75954123 60.27478862 -9.14303027
23.93084972 53.84917826 -24.47802275
23.5586319 60.78615746 -8.658210863
4.069681224 30.89877051 -39.34069714
14.58227001 46.66179152 -37.32348613
0 35.37970929 -35.80123674
5.093311185 61.16796299 -8.241150612
14.88787228 55.57802053 -24.08908337
13.90147519 61.03245565 -8.386499415
0 57.52851275 -15.90048986
19.21304372 58.43425909 -16.8421042
-7.805315941 41.92077392 -25.90846311
9.629998296 51.72077395 -31.96519622
-4.076856981 39.20025945 -31.16305608
-4.442681851 49.27009673 -21.56523071
4.468357277 42.96465767 -34.15564222
5.061246864 56.13008785 -24.56780835
0 -18.38039435 -41.69737425
0 -6.054070495 -43.46567131
0 18.38039435 -41.69737425
0 6.054070495 -43.46567131
47.44242059 60.40427722 -6.248647603
54.06248903 43.24310091 -16.89506097
40.60915906 56.34787771 -15.14337735
53.21904206 8.072750211 -29.80766065
54.02234599 24.55673897 -24.00780634
28.89727575 48.24389243 -29.81636527
47.3493145 40.27773265 -24.89300777
34.32788514 52.10833816 -23.02306369
45.13611461 48.96347756 -20.63678061
27.08098643 -34.47984717 -3.566840368
33.32749475 -26.65774818 -10.41517077
25.26145077 -35.05192355 -9.420133048
44.18936055 -6.703045675 -24.75019114
38.98121791 -17.71954874 -17.32345224
20.30292859 -33.8956624 -20.94867143
30.97004524 -26.34469402 -16.28191633
22.95598332 -34.84625217 -15.3961441
28.2976721 -30.69720211 -12.93803988
5.917884364 -21.8510773 -39.01323944
16.75501039 -16.38047483 -36.85933093
9.617648601 -25.79111732 -35.78687071
5.825425023 -15.85073937 -40.89819575
39.45072803 -4.081063602 -30.98519042
27.45873597 -10.72811636 -34.32888902
37.95400474 -10.20006146 -27.35294173
16.71316882 -31.79033623 -27.04247522
20.4601952 -19.82950964 -33.10529125
13.3468949 -29.19190689 -31.66726446
22.52229611 -28.36601698 -24.75439886
15.2289578 -22.70670494 -34.46785769
5.815767269 -3.594341843 -43.16613708
16.95961897 -10.48162096 -39.1290128
5.810928905 -9.632205288 -42.28883151
11.53805791 -13.16232273 -40.03168826
33.81978807 -20.90177852 -20.25748115
26.62484537 -16.45505938 -31.29938291
35.98140681 -15.89769027 -23.7037995
28.28788169 -24.68621191 -22.46025758
32.02419551 -13.49733168 -29.52093746
24.66031514 -22.43669591 -28.25820663
6.365069845 23.50225598 -41.96127849
19.85311305 19.4093236 -43.67484393
11.18078954 29.98290608 -41.60325317
6.129684927 16.67861792 -43.03429416
43.27153841 4.476315373 -33.9861119
33.02894237 12.90439361 -41.29275646
48.96047668 13.15802837 -35.28515831
35.94285311 0 -35.51965825
23.03986795 43.8244331 -37.27928945
26.99078587 26.15879484 -43.67200891
17.35406866 37.95627075 -41.1748115
32.20946454 40.5666551 -35.40162728
19.07425015 28.44011887 -43.17094762
5.880564979 3.63438903 -43.64708254
18.8020043 11.62027771 -43.3797403
5.989322941 9.927911533 -43.58708785
11.84759304 0 -42.86499431
12.58324666 14.35464746 -43.65800656
48.49694968 29.97276325 -29.04885276
36.20960246 22.37876504 -42.56694064
48.86847186 21.59159129 -32.19352887
41.14048452 35.9023956 -32.66507861
43.30680489 18.25264617 -39.9216111
34.96701208 31.81403857 -40.06863039
23.46448588 -7.069030874 -37.96633568
25.81644486 7.777594052 -41.77188526
29.3020866 -3.833398624 -36.85933093
17.90978457 -3.689618532 -40.91849655
31.19659177 4.081244234 -39.24244426
18.56441064 3.824478919 -42.41412116
47.44242059 60.40427722 6.248647603
54.06248903 43.24310091 16.89506097
40.60915906 56.34787771 15.14337735
61.03989813 61.76715093 0
53.21904206 8.072750211 29.80766065
54.02234599 24.55673897 24.00780634
28.89727575 48.24389243 29.81636527
47.3493145 40.27773265 24.89300777
34.32788514 52.10833816 23.02306369
45.13611461 48.96347756 20.63678061
59.3354048 36.6712969 -11.04778223
59.3354048 36.6712969 11.04778223
60.34015104 47.96864963 -6.275421884
60.34015104 47.96864963 6.275421884
27.08098643 -34.47984717 3.566840368
33.32749475 -26.65774818 10.41517077
25.26145077 -35.05192355 9.420133048
30.70068558 -31.06646535 0
44.18936055 -6.703045675 24.75019114
38.98121791 -17.71954874 17.32345224
20.30292859 -33.8956624 20.94867143
30.97004524 -26.34469402 16.28191633
22.95598332 -34.84625217 15.3961441
28.2976721 -30.69720211 12.93803988
37.67852739 -23.28661057 -7.015443251
37.67852739 -23.28661057 7.015443251
34.29628964 -27.26454397 -3.566840368
34.29628964 -27.26454397 3.566840368
5.917884364 -21.8510773 39.01323944
16.75501039 -16.38047483 36.85933093
9.617648601 -25.79111732 35.78687071
5.825425023 -15.85073937 40.89819575
39.45072803 -4.081063602 30.98519042
27.45873597 -10.72811636 34.32888902
37.95400474 -10.20006146 27.35294173
16.71316882 -31.79033623 27.04247522
20.4601952 -19.82950964 33.10529125
13.3468949 -29.19190689 31.66726446
22.52229611 -28.36601698 24.75439886
15.2289578 -22.70670494 34.46785769
5.815767269 -3.594341843 43.16613708
16.95961897 -10.48162096 39.1290128
5.810928905 -9.632205288 42.28883151
11.53805791 -13.16232273 40.03168826
33.81978807 -20.90177852 20.25748115
26.62484537 -16.45505938 31.29938291
35.98140681 -15.89769027 23.7037995
28.28788169 -24.68621191 22.46025758
32.02419551 -13.49733168 29.52093746
24.66031514 -22.43669591 28.25820663
6.365069845 23.50225598 41.96127849
19.85311305 19.4093236 43.67484393
11.18078954 29.98290608 41.60325317
6.129684927 16.67861792 43.03429416
43.27153841 4.476315373 33.9861119
33.02894237 12.90439361 41.29275646
48.96047668 13.15802837 35.28515831
35.94285311 0 35.51965825
23.03986795 43.8244331 37.27928945
26.99078587 26.15879484 43.67200891
17.35406866 37.95627075 41.1748115
32.20946454 40.5666551 35.40162728
19.07425015 28.44011887 43.17094762
5.880564979 3.63438903 43.64708254
18.8020043 11.62027771 43.3797403
5.989322941 9.927911533 43.58708785
11.84759304 0 42.86499431
12.58324666 14.35464746 43.65800656
48.49694968 29.97276325 29.04885276
36.20960246 22.37876504 42.56694064
48.86847186 21.59159129 32.19352887
41.14048452 35.9023956 32.66507861
43.30680489 18.25264617 39.9216111
34.96701208 31.81403857 40.06863039
23.46448588 -7.069030874 37.96633568
25.81644486 7.777594052 41.77188526
29.3020866 -3.833398624 36.85933093
17.90978457 -3.689618532 40.91849655
31.19659177 4.081244234 39.24244426
18.56441064 3.824478919 42.41412116
52.41628894 0 -23.10534124
60.60264662 0 -8.44097615
57.18667727 8.145510937 -22.16359671
48.74633573 -6.943292209 -18.89240952
52.41628894 0 23.10534124
60.60264662 0 8.44097615
57.18667727 8.145510937 22.16359671
48.74633573 -6.943292209 18.89240952
58.40914384 25.31617215 -15.64625485
61.52179164 8.288821894 -5.122773657
57.76884508 16.6503165 -18.99425719
61.32931645 26.84348004 -5.530061014
60.02106956 8.24752436 -13.67110991
41.66017813 -18.0566975 -11.15965278
54.14258848 -7.294622943 -4.508324914
45.09951644 -12.99872313 -14.82861243
42.79464432 -18.73096338 -3.858790671
52.2501409 -7.179717273 -11.90111113
58.40914384 25.31617215 15.64625485
61.52179164 8.288821894 5.122773657
57.76884508 16.6503165 18.99425719
61.32931645 26.84348004 5.530061014
60.02106956 8.24752436 13.67110991
61.76715093 17.07202064 0
41.66017813 -18.0566975 11.15965278
54.14258848 -7.294622943 4.508324914
45.09951644 -12.99872313 14.82861243
42.79464432 -18.73096338 3.858790671
52.2501409 -7.179717273 11.90111113
48.39194601 -13.37520492 0
-27.08098643 34.47984717 -3.566840368
-33.32749475 26.65774818 -10.41517077
-25.26145077 35.05192355 -9.420133048
-44.18936055 6.703045675 -24.75019114
-38.98121791 17.71954874 -17.32345224
-20.30292859 33.8956624 -20.94867143
-30.97004524 26.34469402 -16.28191633
-22.95598332 34.84625217 -15.3961441
-28.2976721 30.69720211 -12.93803988
-47.44242059 -60.40427722 -6.248647603
-54.06248903 -43.24310091 -16.89506097
-40.60915906 -56.34787771 -15.14337735
-53.21904206 -8.072750211 -29.80766065
-54.02234599 -24.55673897 -24.00780634
-28.89727575 -48.24389243 -29.81636527
-47.3493145 -40.27773265 -24.89300777
-34.32788514 -52.10833816 -23.02306369
-45.13611461 -48.96347756 -20.63678061
-6.365069845 -23.50225598 -41.96127849
-19.85311305 -19.4093236 -43.67484393
-11.18078954 -29.98290608 -41.60325317
-6.129684927 -16.67861792 -43.03429416
-43.27153841 -4.476315373 -33.9861119
-33.02894237 -12.90439361 -41.29275646
-48.96047668 -13.15802837 -35.28515831
-23.03986795 -43.8244331 -37.27928945
-26.99078587 -26.15879484 -43.67200891
-17.35406866 -37.95627075 -41.1748115
-32.20946454 -40.5666551 -35.40162728
-19.07425015 -28.44011887 -43.17094762
-5.880564979 -3.63438903 -43.64708254
-18.8020043 -11.62027771 -43.3797403
-5.989322941 -9.927911533 -43.58708785
-12.58324666 -14.35464746 -43.65800656
-48.49694968 -29.97276325 -29.04885276
-36.20960246 -22.37876504 -42.56694064
-48.86847186 -21.59159129 -32.19352887
-41.14048452 -35.9023956 -32.66507861
-43.30680489 -18.25264617 -39.9216111
-34.96701208 -31.81403857 -40.06863039
-5.917884364 21.8510773 -39.01323944
-16.75501039 16.38047483 -36.85933093
-9.617648601 25.79111732 -35.78687071
-5.825425023 15.85073937 -40.89819575
-39.45072803 4.081063602 -30.98519042
-27.45873597 10.72811636 -34.32888902
-37.95400474 10.20006146 -27.35294173
-35.94285311 0 -35.51965825
-16.71316882 31.79033623 -27.04247522
-20.4601952 19.82950964 -33.10529125
-13.3468949 29.19190689 -31.66726446
-22.52229611 28.36601698 -24.75439886
-15.2289578 22.70670494 -34.46785769
-5.815767269 3.594341843 -43.16613708
-16.95961897 10.48162096 -39.1290128
-5.810928905 9.632205288 -42.28883151
-11.84759304 0 -42.86499431
-11.53805791 13.16232273 -40.03168826
-33.81978807 20.90177852 -20.25748115
-26.62484537 16.45505938 -31.29938291
-35.98140681 15.89769027 -23.7037995
-28.28788169 24.68621191 -22.46025758
-32.02419551 13.49733168 -29.52093746
-24.66031514 22.43669591 -28.25820663
-25.81644486 -7.777594052 -41.77188526
-23.46448588 7.069030874 -37.96633568
-31.19659177 -4.081244234 -39.24244426
-18.56441064 -3.824478919 -42.41412116
-29.3020866 3.833398624 -36.85933093
-17.90978457 3.689618532 -40.91849655
-27.08098643 34.47984717 3.566840368
-33.32749475 26.65774818 10.41517077
-25.26145077 35.05192355 9.420133048
-30.70068558 31.06646535 0
-44.18936055 6.703045675 24.75019114
-38.98121791 17.71954874 17.32345224
-20.30292859 33.8956624 20.94867143
-30.97004524 26.34469402 16.28191633
-22.95598332 34.84625217 15.3961441
-28.2976721 30.69720211 12.93803988
-37.67852739 23.28661057 -7.015443251
-37.67852739 23.28661057 7.015443251
-34.29628964 27.26454397 -3.566840368
-34.29628964 27.26454397 3.566840368
-47.44242059 -60.40427722 6.248647603
-54.06248903 -43.24310091 16.89506097
-40.60915906 -56.34787771 15.14337735
-61.03989813 -61.76715093 0
-53.21904206 -8.072750211 29.80766065
-54.02234599 -24.55673897 24.00780634
-28.89727575 -48.24389243 29.81636527
-47.3493145 -40.27773265 24.89300777
-34.32788514 -52.10833816 23.02306369
-45.13611461 -48.96347756 20.63678061
-59.3354048 -36.6712969 -11.04778223
-59.3354048 -36.6712969 11.04778223
-60.34015104 -47.96864963 -6.275421884
-60.34015104 -47.96864963 6.275421884
-6.365069845 -23.50225598 41.96127849
-19.85311305 -19.4093236 43.67484393
-11.18078954 -29.98290608 41.60325317
-6.129684927 -16.67861792 43.03429416
-43.27153841 -4.476315373 33.9861119
-33.02894237 -12.90439361 41.29275646
-48.96047668 -13.15802837 35.28515831
-23.03986795 -43.8244331 37.27928945
-26.99078587 -26.15879484 43.67200891
-17.35406866 -37.95627075 41.1748115
-32.20946454 -40.5666551 35.40162728
-19.07425015 -28.44011887 43.17094762
-5.880564979 -3.63438903 43.64708254
-18.8020043 -11.62027771 43.3797403
-5.989322941 -9.927911533 43.58708785
-12.58324666 -14.35464746 43.65800656
-48.49694968 -29.97276325 29.04885276
-36.20960246 -22.37876504 42.56694064
-48.86847186 -21.59159129 32.19352887
-41.14048452 -35.9023956 32.66507861
-43.30680489 -18.25264617 39.9216111
-34.96701208 -31.81403857 40.06863039
-5.917884364 21.8510773 39.01323944
-16.75501039 16.38047483 36.85933093
-9.617648601 25.79111732 35.78687071
-5.825425023 15.85073937 40.89819575
-39.45072803 4.081063602 30.98519042
-27.45873597 10.72811636 34.32888902
-37.95400474 10.20006146 27.35294173
-35.94285311 0 35.51965825
-16.71316882 31.79033623 27.04247522
-20.4601952 19.82950964 33.10529125
-13.3468949 29.19190689 31.66726446
-22.52229611 28.36601698 24.75439886
-15.2289578 22.70670494 34.46785769
-5.815767269 3.594341843 43.16613708
-16.95961897 10.48162096 39.1290128
-5.810928905 9.632205288 42.28883151
-11.84759304 0 42.86499431
-11.53805791 13.16232273 40.03168826
-33.81978807 20.90177852 20.25748115
-26.62484537 16.45505938 31.29938291
-35.98140681 15.89769027 23.7037995
-28.28788169 24.68621191 22.46025758
-32.02419551 13.49733168 29.52093746
-24.66031514 22.43669591 28.25820663
-25.81644486 -7.777594052 41.77188526
-23.46448588 7.069030874 37.96633568
-31.19659177 -4.081244234 39.24244426
-18.56441064 -3.824478919 42.41412116
-29.3020866 3.833398624 36.85933093
-17.90978457 3.689618532 40.91849655
-52.41628894 0 -23.10534124
-60.60264662 0 -8.44097615
-48.74633573 6.943292209 -18.89240952
-57.18667727 -8.145510937 -22.16359671
-52.41628894 0 23.10534124
-60.60264662 0 8.44097615
-48.74633573 6.943292209 18.89240952
-57.18667727 -8.145510937 22.16359671
-41.66017813 18.0566975 -11.15965278
-54.14258848 7.294622943 -4.508324914
-45.09951644 12.99872313 -14.82861243
-42.79464432 18.73096338 -3.858790671
-52.2501409 7.179717273 -11.90111113
-58.40914384 -25.31617215 -15.64625485
-61.52179164 -8.288821894 -5.122773657
-57.76884508 -16.6503165 -18.99425719
-61.32931645 -26.84348004 -5.530061014
-60.02106956 -8.24752436 -13.67110991
-41.66017813 18.0566975 11.15965278
-54.14258848 7.294622943 4.508324914
-45.09951644 12.99872313 14.82861243
-42.79464432 18.73096338 3.858790671
-52.2501409 7.179717273 11.90111113
-48.39194601 13.37520492 0
-58.40914384 -25.31617215 15.64625485
-61.52179164 -8.288821894 5.122773657
-57.76884508 -16.6503165 18.99425719
-61.32931645 -26.84348004 5.530061014
-60.02106956 -8.24752436 13.67110991
-61.76715093 -17.07202064 0
-21.29561929 40.47153164 0
-16.36628516 45.40086577 0
-4.003454471 57.76369646 0
-10.74625773 51.0208932 0
32.50111072 61.76715093 0
22.26606891 61.76715093 0
4.280923689 61.76715093 0
13.00968449 61.76715093 0
-32.50111072 -61.76715093 0
-22.26606891 -61.76715093 0
-4.280923689 -61.76715093 0
-13.00968449 -61.76715093 0
21.29561929 -40.47153164 0
16.36628516 -45.40086577 0
4.003454471 -57.76369646 0
10.74625773 -51.0208932 0
-36.11733911 -61.33821129 4.690889308
-31.28538961 -58.85526838 13.3236113
-30.64328125 -61.43770072 4.528524145
-21.56709938 -52.11400147 27.85882646
-26.34055462 -55.57022473 20.9540451
-20.60398922 -61.54302052 4.295559691
-26.32125638 -59.379303 13.01071912
-25.46425313 -61.50026113 4.402016161
-28.52921864 -60.57581234 8.899172026
-1.969436067 -27.72184198 39.698832
-6.33399753 -34.31358324 38.93792315
-16.93793799 -48.62282344 34.3292836
-11.53068104 -42.11010062 37.94785918
-2.549727589 -61.62344214 4.125545901
-7.618936768 -60.363853 12.32769865
-6.858181933 -61.6107287 4.144631145
-17.12789743 -53.16441745 27.71352019
-12.54011114 -57.58553314 20.29032604
-19.3829949 -54.79396698 24.31265171
-15.75378418 -61.57179195 4.240076494
-12.0144514 -60.21560804 12.42525231
-11.27075854 -61.59415783 4.179839124
-18.63646627 -60.92533787 8.521499115
-9.455150073 -61.10649398 8.313878404
-23.93598699 -57.92039481 17.06032013
-14.61293948 -58.84332546 16.60546202
-21.66913577 -56.39685903 20.75273699
-21.39994842 -59.7246173 12.84144609
-17.04587203 -57.05523436 20.52914686
-16.61518271 -59.99577954 12.64760096
22.8382524 -38.78628896 2.966212812
20.98416039 -39.47620301 8.93659309
20.50571985 -41.11257763 3.030375458
15.94359859 -38.52556646 20.59479295
18.67809442 -39.40486141 14.85851906
15.45015502 -46.14879175 3.221078328
18.54789858 -41.84303644 9.168312305
18.03999917 -43.56949542 3.118582254
19.58195092 -41.57816585 6.10823423
1.915379544 -26.96094073 38.60918972
5.716122681 -30.96632901 35.13956938
0 -29.98921482 38.18263957
12.82440228 -36.81431874 25.99209793
9.386394822 -34.2791574 30.8909411
-4.221638427 -36.70922007 37.14658782
3.915508852 -34.04727303 34.45292532
-2.044339561 -33.24312747 37.69493711
1.975182005 -32.11855233 36.41976258
2.444051425 -59.06939322 3.954558276
6.705361424 -53.12571342 10.84950269
6.164354315 -55.37770287 3.725327664
0 -60.67557862 8.174811739
13.14533706 -40.80268405 21.26960216
10.2226892 -46.94368345 16.54065858
14.64354428 -41.39597032 18.36782157
12.54634949 -49.03591492 3.376806548
9.982925536 -50.03373947 10.32426404
9.522869084 -52.04202533 3.531622174
14.30509573 -46.76545318 6.540985768
8.164138473 -52.76297833 7.17869669
-5.038766915 -59.39205573 16.41556047
4.544465562 -53.56571489 14.80519947
-2.54847679 -60.47336802 12.37870016
2.406616165 -57.10712595 11.68964144
17.32472654 -41.92244096 12.34815933
11.70401926 -47.12969731 13.29990093
16.04834478 -41.76798962 15.36965211
15.90009904 -44.37521585 9.541156864
13.22946762 -44.28112414 15.93287121
13.04507935 -47.10448982 9.930011665
-14.44754652 -51.19077244 31.63763728
-4.53565441 -49.02381722 30.2983853
-12.17022777 -49.44625036 34.82584582
-12.27331468 -53.77564724 28.1257951
11.23382699 -39.80387121 24.60014529
4.084473791 -44.14721195 27.2844775
9.529757925 -38.71832188 27.26998101
9.832379418 -43.08066575 22.53209473
-6.668109793 -40.65409815 36.47008041
-2.235116367 -44.92319352 31.56666757
-9.264601774 -44.80085446 35.72363139
-2.134867183 -39.02111913 35.0327372
-6.910628002 -47.13373433 33.14575879
-7.598580927 -57.86360364 20.5645119
-2.386641525 -51.12946339 26.82646315
-9.96809625 -56.01964974 24.40143966
-2.508972425 -57.20049139 20.2980133
-7.390309984 -54.26580974 28.44176908
5.884144471 -35.87442233 32.18231683
2.126010594 -42.73029662 30.02576092
7.73348488 -37.39682925 29.81975588
2.047331124 -37.42113436 33.59628824
5.966528651 -40.69453257 28.61753222
0 -41.05097833 32.63432329
6.552167581 -49.89510956 17.73253842
2.247213667 -48.14247456 25.25925825
8.268171874 -46.46625401 20.24010323
2.339154217 -53.32891238 18.92415514
6.200786847 -45.53134036 23.86386336
0 -52.51974096 22.98758082
-22.8382524 38.78628896 2.966212812
-20.98416039 39.47620301 8.93659309
-20.50571985 41.11257763 3.030375458
-15.94359859 38.52556646 20.59479295
-18.67809442 39.40486141 14.85851906
-15.45015502 46.14879175 3.221078328
-18.54789858 41.84303644 9.168312305
-18.03999917 43.56949542 3.118582254
-19.58195092 41.57816585 6.10823423
-1.915379544 26.96094073 38.60918972
-5.716122681 30.96632901 35.13956938
-12.82440228 36.81431874 25.99209793
-9.386394822 34.2791574 30.8909411
-2.444051425 59.06939322 3.954558276
-6.705361424 53.12571342 10.84950269
-6.164354315 55.37770287 3.725327664
-13.14533706 40.80268405 21.26960216
-10.2226892 46.94368345 16.54065858
-14.64354428 41.39597032 18.36782157
-12.54634949 49.03591492 3.376806548
-9.982925536 50.03373947 10.32426404
-9.522869084 52.04202533 3.531622174
-14.30509573 46.76545318 6.540985768
-8.164138473 52.76297833 7.17869669
-17.32472654 41.92244096 12.34815933
-11.70401926 47.12969731 13.29990093
-16.04834478 41.76798962 15.36965211
-15.90009904 44.37521585 9.541156864
-13.22946762 44.28112414 15.93287121
-13.04507935 47.10448982 9.930011665
36.11733911 61.33821129 4.690889308
31.28538961 58.85526838 13.3236113
30.64328125 61.43770072 4.528524145
21.56709938 52.11400147 27.85882646
26.34055462 55.57022473 20.9540451
20.60398922 61.54302052 4.295559691
26.32125638 59.379303 13.01071912
25.46425313 61.50026113 4.402016161
28.52921864 60.57581234 8.899172026
1.969436067 27.72184198 39.698832
6.33399753 34.31358324 38.93792315
0 29.98921482 38.18263957
16.93793799 48.62282344 34.3292836
11.53068104 42.11010062 37.94785918
-3.915508852 34.04727303 34.45292532
4.221638427 36.70922007 37.14658782
-1.975182005 32.11855233 36.41976258
2.044339561 33.24312747 37.69493711
2.549727589 61.62344214 4.125545901
7.618936768 60.363853 12.32769865
6.858181933 61.6107287 4.144631145
0 60.67557862 8.174811739
17.12789743 53.16441745 27.71352019
12.54011114 57.58553314 20.29032604
19.3829949 54.79396698 24.31265171
15.75378418 61.57179195 4.240076494
12.0144514 60.21560804 12.42525231
11.27075854 61.59415783 4.179839124
18.63646627 60.92533787 8.521499115
9.455150073 61.10649398 8.313878404
-4.544465562 53.56571489 14.80519947
5.038766915 59.39205573 16.41556047
-2.406616165 57.10712595 11.68964144
2.54847679 60.47336802 12.37870016
23.93598699 57.92039481 17.06032013
14.61293948 58.84332546 16.60546202
21.66913577 56.39685903 20.75273699
21.39994842 59.7246173 12.84144609
17.04587203 57.05523436 20.52914686
16.61518271 59.99577954 12.64760096
-11.23382699 39.80387121 24.60014529
-4.084473791 44.14721195 27.2844775
-9.529757925 38.71832188 27.26998101
-9.832379418 43.08066575 22.53209473
14.44754652 51.19077244 31.63763728
4.53565441 49.02381722 30.2983853
12.17022777 49.44625036 34.82584582
12.27331468 53.77564724 28.1257951
-5.884144471 35.87442233 32.18231683
-2.126010594 42.73029662 30.02576092
-7.73348488 37.39682925 29.81975588
-2.047331124 37.42113436 33.59628824
-5.966528651 40.69453257 28.61753222
-6.552167581 49.89510956 17.73253842
-2.247213667 48.14247456 25.25925825
-8.268171874 46.46625401 20.24010323
-2.339154217 53.32891238 18.92415514
-6.200786847 45.53134036 23.86386336
6.668109793 40.65409815 36.47008041
2.235116367 44.92319352 31.56666757
9.264601774 44.80085446 35.72363139
2.134867183 39.02111913 35.0327372
6.910628002 47.13373433 33.14575879
0 41.05097833 32.63432329
7.598580927 57.86360364 20.5645119
2.386641525 51.12946339 26.82646315
9.96809625 56.01964974 24.40143966
2.508972425 57.20049139 20.2980133
7.390309984 54.26580974 28.44176908
0 52.51974096 22.98758082
0 -21.53915985 40.93437142
0 -15.25664273 42.32266406
0 -3.023441555 43.62361594
0 -9.098876816 43.19948712
0 21.53915985 40.93437142
0 15.25664273 42.32266406
0 3.023441555 43.62361594
0 9.098876816 43.19948712
-36.11733911 -61.33821129 -4.690889308
-31.28538961 -58.85526838 -13.3236113
-30.64328125 -61.43770072 -4.528524145
-21.56709938 -52.11400147 -27.85882646
-26.34055462 -55.57022473 -20.9540451
-20.60398922 -61.54302052 -4.295559691
-26.32125638 -59.379303 -13.01071912
-25.46425313 -61.50026113 -4.402016161
-28.52921864 -60.57581234 -8.899172026
-1.969436067 -27.72184198 -39.698832
-6.33399753 -34.31358324 -38.93792315
-16.93793799 -48.62282344 -34.3292836
-11.53068104 -42.11010062 -37.94785918
-2.549727589 -61.62344214 -4.125545901
-7.618936768 -60.363853 -12.32769865
-6.858181933 -61.6107287 -4.144631145
-17.12789743 -53.16441745 -27.71352019
-12.54011114 -57.58553314 -20.29032604
-19.3829949 -54.79396698 -24.31265171
-15.75378418 -61.57179195 -4.240076494
-12.0144514 -60.21560804 -12.42525231
-11.27075854 -61.59415783 -4.179839124
-18.63646627 -60.92533787 -8.521499115
-9.455150073 -61.10649398 -8.313878404
-23.93598699 -57.92039481 -17.06032013
-14.61293948 -58.84332546 -16.60546202
-21.66913577 -56.39685903 -20.75273699
-21.39994842 -59.7246173 -12.84144609
-17.04587203 -57.05523436 -20.52914686
-16.61518271 -59.99577954 -12.64760096
22.8382524 -38.78628896 -2.966212812
20.98416039 -39.47620301 -8.93659309
20.50571985 -41.11257763 -3.030375458
15.94359859 -38.52556646 -20.59479295
18.67809442 -39.40486141 -14.85851906
15.45015502 -46.14879175 -3.221078328
18.54789858 -41.84303644 -9.168312305
18.03999917 -43.56949542 -3.118582254
19.58195092 -41.57816585 -6.10823423
1.915379544 -26.96094073 -38.60918972
5.716122681 -30.96632901 -35.13956938
0 -29.98921482 -38.18263957
12.82440228 -36.81431874 -25.99209793
9.386394822 -34.2791574 -30.8909411
-4.221638427 -36.70922007 -37.14658782
3.915508852 -34.04727303 -34.45292532
-2.044339561 -33.24312747 -37.69493711
1.975182005 -32.11855233 -36.41976258
2.444051425 -59.06939322 -3.954558276
6.705361424 -53.12571342 -10.84950269
6.164354315 -55.37770287 -3.725327664
0 -60.67557862 -8.174811739
13.14533706 -40.80268405 -21.26960216
10.2226892 -46.94368345 -16.54065858
14.64354428 -41.39597032 -18.36782157
12.54634949 -49.03591492 -3.376806548
9.982925536 -50.03373947 -10.32426404
9.522869084 -52.04202533 -3.531622174
14.30509573 -46.76545318 -6.540985768
8.164138473 -52.76297833 -7.17869669
-5.038766915 -59.39205573 -16.41556047
4.544465562 -53.56571489 -14.80519947
-2.54847679 -60.47336802 -12.37870016
2.406616165 -57.10712595 -11.68964144
17.32472654 -41.92244096 -12.34815933
11.70401926 -47.12969731 -13.29990093
16.04834478 -41.76798962 -15.36965211
15.90009904 -44.37521585 -9.541156864
13.22946762 -44.28112414 -15.93287121
13.04507935 -47.10448982 -9.930011665
-14.44754652 -51.19077244 -31.63763728
-4.53565441 -49.02381722 -30.2983853
-12.17022777 -49.44625036 -34.82584582
-12.27331468 -53.77564724 -28.1257951
11.23382699 -39.80387121 -24.60014529
4.084473791 -44.14721195 -27.2844775
9.529757925 -38.71832188 -27.26998101
9.832379418 -43.08066575 -22.53209473
-6.668109793 -40.65409815 -36.47008041
-2.235116367 -44.92319352 -31.56666757
-9.264601774 -44.80085446 -35.72363139
-2.134867183 -39.02111913 -35.0327372
-6.910628002 -47.13373433 -33.14575879
-7.598580927 -57.86360364 -20.5645119
-2.386641525 -51.12946339 -26.82646315
-9.96809625 -56.01964974 -24.40143966
-2.508972425 -57.20049139 -20.2980133
-7.390309984 -54.26580974 -28.44176908
5.884144471 -35.87442233 -32.18231683
2.126010594 -42.73029662 -30.02576092
7.73348488 -37.39682925 -29.81975588
2.047331124 -37.42113436 -33.59628824
5.966528651 -40.69453257 -28.61753222
0 -41.05097833 -32.63432329
6.552167581 -49.89510956 -17.73253842
2.247213667 -48.14247456 -25.25925825
8.268171874 -46.46625401 -20.24010323
2.339154217 -53.32891238 -18.92415514
6.200786847 -45.53134036 -23.86386336
0 -52.51974096 -22.98758082
-22.8382524 38.78628896 -2.966212812
-20.98416039 39.47620301 -8.93659309
-20.50571985 41.11257763 -3.030375458
-15.94359859 38.52556646 -20.59479295
-18.67809442 39.40486141 -14.85851906
-15.45015502 46.14879175 -3.221078328
-18.54789858 41.84303644 -9.168312305
-18.03999917 43.56949542 -3.118582254
-19.58195092 41.57816585 -6.10823423
-1.915379544 26.96094073 -38.60918972
-5.716122681 30.96632901 -35.13956938
-12.82440228 36.81431874 -25.99209793
-9.386394822 34.2791574 -30.8909411
-2.444051425 59.06939322 -3.954558276
-6.705361424 53.12571342 -10.84950269
-6.164354315 55.37770287 -3.725327664
-13.14533706 40.80268405 -21.26960216
-10.2226892 46.94368345 -16.54065858
-14.64354428 41.39597032 -18.36782157
-12.54634949 49.03591492 -3.376806548
-9.982925536 50.03373947 -10.32426404
-9.522869084 52.04202533 -3.531622174
-14.30509573 46.76545318 -6.540985768
-8.164138473 52.76297833 -7.17869669
-17.32472654 41.92244096 -12.34815933
-11.70401926 47.12969731 -13.29990093
-16.04834478 41.76798962 -15.36965211
-15.90009904 44.37521585 -9.541156864
-13.22946762 44.28112414 -15.93287121
-13.04507935 47.10448982 -9.930011665
36.11733911 61.33821129 -4.690889308
31.28538961 58.85526838 -13.3236113
30.64328125 61.43770072 -4.528524145
21.56709938 52.11400147 -27.85882646
26.34055462 55.57022473 -20.9540451
20.60398922 61.54302052 -4.295559691
26.32125638 59.379303 -13.01071912
25.46425313 61.50026113 -4.402016161
28.52921864 60.57581234 -8.899172026
1.969436067 27.72184198 -39.698832
6.33399753 34.31358324 -38.93792315
0 29.98921482 -38.18263957
16.93793799 48.62282344 -34.3292836
11.53068104 42.11010062 -37.94785918
-3.915508852 34.04727303 -34.45292532
4.221638427 36.70922007 -37.14658782
-1.975182005 32.11855233 -36.41976258
2.044339561 33.24312747 -37.69493711
2.549727589 61.62344214 -4.125545901
7.618936768 60.363853 -12.32769865
6.858181933 61.6107287 -4.144631145
0 60.67557862 -8.174811739
17.12789743 53.16441745 -27.71352019
12.54011114 57.58553314 -20.29032604
19.3829949 54.79396698 -24.31265171
15.75378418 61.57179195 -4.240076494
12.0144514 60.21560804 -12.42525231
11.27075854 61.59415783 -4.179839124
18.63646627 60.92533787 -8.521499115
9.455150073 61.10649398 -8.313878404
-4.544465562 53.56571489 -14.80519947
5.038766915 59.39205573 -16.41556047
-2.406616165 57.10712595 -11.68964144
2.54847679 60.47336802 -12.37870016
23.93598699 57.92039481 -17.06032013
14.61293948 58.84332546 -16.60546202
21.66913577 56.39685903 -20.75273699
21.39994842 59.7246173 -12.84144609
17.04587203 57.05523436 -20.52914686
16.61518271 59.99577954 -12.64760096
-11.23382699 39.80387121 -24.60014529
-4.084473791 44.14721195 -27.2844775
-9.529757925 38.71832188 -27.26998101
-9.832379418 43.08066575 -22.53209473
14.44754652 51.19077244 -31.63763728
4.53565441 49.02381722 -30.2983853
12.17022777 49.44625036 -34.82584582
12.27331468 53.77564724 -28.1257951
-5.884144471 35.87442233 -32.18231683
-2.126010594 42.73029662 -30.02576092
-7.73348488 37.39682925 -29.81975588
-2.047331124 37.42113436 -33.59628824
-5.966528651 40.69453257 -28.61753222
-6.552167581 49.89510956 -17.73253842
-2.247213667 48.14247456 -25.25925825
-8.268171874 46.46625401 -20.24010323
-2.339154217 53.32891238 -18.92415514
-6.200786847 45.53134036 -23.86386336
6.668109793 40.65409815 -36.47008041
2.235116367 44.92319352 -31.56666757
9.264601774 44.80085446 -35.72363139
2.134867183 39.02111913 -35.0327372
6.910628002 47.13373433 -33.14575879
0 41.05097833 -32.63432329
7.598580927 57.86360364 -20.5645119
2.386641525 51.12946339 -26.82646315
9.96809625 56.01964974 -24.40143966
2.508972425 57.20049139 -20.2980133
7.390309984 54.26580974 -28.44176908
0 52.51974096 -22.98758082
0 -21.53915985 -40.93437142
0 -15.25664273 -42.32266406
0 -3.023441555 -43.62361594
0 -9.098876816 -43.19948712
0 21.53915985 -40.93437142
0 15.25664273 -42.32266406
0 3.023441555 -43.62361594
0 9.098876816 -43.19948712
42.95931724 61.51953101 -3.051948309
50.86744997 57.72270542 -9.389701453
40.27434778 60.36198373 -7.771870045
54.18836692 38.25873704 -18.87671537
53.69150236 48.38453343 -14.70192613
34.55664296 56.90969451 -16.25877342
46.84648466 55.35135111 -13.83676321
37.39606599 58.71678577 -12.19349896
43.98723314 58.42606989 -10.89992168
49.67154414 3.798671504 -29.24773915
53.5920242 12.13212205 -28.48763421
54.12612101 28.93445465 -22.39980423
53.89408094 20.32201612 -25.54605438
24.05725348 49.405244 -30.53412002
33.73426336 46.82774395 -28.94113738
26.51565251 51.23344562 -27.25174843
51.0912491 37.1190404 -22.9408286
43.09563452 42.92256805 -26.52760594
50.68102355 41.77985627 -21.05144626
31.71619257 54.95589987 -20.23287534
36.59091707 48.78016057 -25.57199666
29.07601093 53.09621107 -23.81020408
37.38492658 54.18784753 -19.22499811
31.5593014 50.1437923 -26.4996856
48.8107948 51.10955612 -16.61827872
41.71877883 46.96415937 -24.36291785
49.98034765 46.53487551 -18.94939756
43.20223852 52.99705438 -18.04528051
46.42838688 44.69028995 -22.88833508
39.7840232 50.80177844 -21.95692074
25.37559881 -36.33891408 -1.802752485
28.719967 -32.59047183 -5.301463236
24.57290261 -36.82912895 -4.741911818
34.78392558 -24.55857479 -12.11710741
31.83552589 -28.68884271 -8.717274228
22.63191773 -37.27143073 -10.64823406
27.80829089 -32.85681912 -8.213566914
23.65495666 -37.14142078 -7.713022257
26.23392479 -34.84522698 -6.500698158
45.38483077 -3.470841633 -26.72362446
42.94017932 -9.720765436 -22.8254883
37.60802496 -20.10429848 -15.56387897
40.32943035 -15.20714927 -19.11634455
17.43786569 -35.81132029 -22.13261312
23.05895628 -32.00896634 -19.78262915
18.87363455 -36.46756681 -19.39758189
33.57644969 -24.39411082 -15.07638961
28.36532254 -28.25141109 -17.46033228
32.22731654 -26.56719535 -13.38630467
21.46325175 -37.19022425 -13.69216359
24.37702865 -32.49755586 -17.03617578
20.22369679 -36.9308457 -16.56108704
24.17369519 -35.0387343 -12.43119318
21.68617578 -34.45662756 -18.20942843
29.37156581 -30.75482989 -9.999936881
27.08460289 -30.49000097 -15.81685691
30.82009068 -28.69546032 -11.68503579
26.81168587 -32.89043399 -11.19905841
29.65697707 -28.54673602 -14.62034058
25.66147387 -32.76814171 -14.16264376
3.022410787 -23.27094675 -39.52113538
8.714640705 -20.46299036 -38.49575808
4.900580725 -25.39513544 -38.06146684
2.984095892 -20.19255871 -40.48471079
19.39119035 -15.01182148 -36.2740521
14.11084836 -17.73822525 -37.42203525
8.628942185 -29.21460759 -34.51844923
10.55091298 -22.42507004 -36.93078309
6.787151874 -27.38992451 -36.38068433
7.787119869 -23.88220555 -37.4982317
2.930899189 -14.05828801 -41.99135895
8.66642048 -17.53254937 -39.55246461
2.956734842 -17.10376375 -41.30833651
5.879736353 -18.84942593 -40.02280267
42.85939161 -2.126229599 -29.92887251
36.23993668 -5.895118457 -31.93601465
41.98414391 -5.405642595 -28.01239966
24.72186339 -12.19767339 -35.01520197
30.27352827 -9.198790291 -33.59402478
39.95017658 -11.41353639 -24.25850288
35.69067819 -8.921976667 -30.20672079
40.99889206 -8.51408913 -26.11173709
38.74434422 -7.228114406 -29.16945305
15.61342173 -34.77246759 -25.26304704
17.73895087 -28.81795459 -28.70222543
13.9915747 -33.68449457 -27.7684475
18.57785938 -32.96121819 -24.07181357
21.27047396 -16.75860262 -34.41634982
19.60519926 -22.8521411 -31.72187876
18.65614854 -18.15222804 -35.07366781
10.52833866 -30.92357436 -32.37993083
16.06155974 -27.50362919 -30.96171223
12.28160366 -32.39357972 -30.16047848
11.5155071 -27.56929626 -33.81980988
15.07123686 -30.57160834 -29.42712708
24.21067014 -29.34689383 -21.75739272
20.68182472 -27.1959701 -27.59436262
21.45133599 -31.14507503 -22.89976509
19.663697 -30.07314121 -25.89814529
13.36854428 -20.95595992 -36.31121966
17.00932476 -24.33860758 -32.44633589
16.01285224 -19.55421572 -35.70829463
12.46363815 -24.23678768 -35.13018416
17.85943868 -21.26936208 -33.79436259
14.31680139 -25.94079403 -33.12481657
2.915464525 -1.80185617 -43.54840881
8.685697681 -5.368056383 -42.53041812
2.914987508 -4.823472575 -43.33184262
19.55379489 -12.08490985 -37.51115365
14.27311306 -8.821268999 -40.50821183
16.8806837 -13.45793992 -38.04437443
2.931415796 -10.89152326 -42.56822342
8.662670648 -8.37626737 -41.98127872
2.918341249 -7.869183138 -43.00471051
5.826296829 -12.74207541 -41.65571081
5.820588832 -6.61959897 -42.78096926
11.50422894 -16.14067451 -39.05726723
11.53995897 -10.15525625 -40.89314472
14.18946019 -14.81603797 -38.56074436
8.702852186 -14.50308528 -40.47632271
14.24616113 -11.8289494 -39.59336778
8.704121178 -11.43462417 -41.28929565
35.12531987 -21.70864154 -17.10382654
32.30404524 -19.96499793 -23.27152832
36.38107406 -19.35157525 -18.82887059
32.42240367 -23.67831347 -18.27416853
24.40212186 -15.08134071 -33.58747622
28.69263469 -17.73302346 -28.80832518
27.07474151 -13.64203989 -32.84299504
23.5330235 -18.16203835 -32.22346002
38.77131703 -14.27426766 -22.37573327
33.26091151 -17.43634929 -24.94963609
37.60619052 -16.86393535 -20.5935223
36.99625679 -13.12569144 -25.52421635
34.92144501 -18.45507232 -21.97872075
27.0465339 -27.44273734 -20.5681824
29.46770905 -21.8469635 -24.31034056
29.72106054 -25.5949433 -19.43348468
25.42145859 -26.53651437 -23.61726043
31.03955632 -22.82218128 -21.37865942
32.6442232 -10.61427336 -31.17597962
31.33809626 -16.25681104 -27.83797526
29.83063316 -12.14728784 -32.03931244
34.93534263 -11.89534145 -28.47865835
29.29622652 -15.00419554 -30.43561679
34.11674549 -14.74552072 -26.71759603
21.69956278 -24.14631952 -29.26889142
27.61372738 -20.69633851 -27.21505528
22.62893033 -21.19763176 -30.77672327
23.6234897 -25.42816373 -26.54351362
25.66546966 -19.48703327 -29.80295634
26.56186415 -23.63982151 -25.44574318
3.140417613 24.1795362 -41.06419623
9.664852372 22.69419792 -42.69319084
5.255423074 27.23395211 -40.81743008
3.083071983 20.86230279 -41.82750223
23.26345236 18.00955937 -43.51768343
16.43049143 20.65416271 -43.57373943
10.0602352 34.06046967 -40.2440659
12.16747381 25.86093288 -42.58914247
7.564217985 30.52581752 -40.54593618
8.679091379 26.61778011 -41.79344674
2.996333649 14.37214953 -42.92884664
9.451931162 19.12167199 -43.13743761
3.03838101 17.57606068 -42.44900944
6.254325876 20.05029567 -42.57259771
45.06632587 2.23571433 -31.46998291
41.13895174 6.692036905 -36.2532136
48.09415335 6.192333099 -32.08908221
41.32758009 0 -32.45929804
29.89530977 14.75023216 -42.34269452
35.97802241 10.93213451 -39.9242059
51.41516257 14.68901715 -31.22025923
43.72915935 10.9314409 -37.01007024
51.317191 10.65685232 -32.68334661
46.09858226 8.600115273 -34.70623797
34.56458861 -3.92819917 -34.15762158
37.32307046 4.24169534 -36.88362478
37.82284167 -2.051276312 -33.35592638
39.46186374 2.140166701 -34.80137831
21.21274586 47.24265639 -34.32294379
24.72413408 40.16578988 -40.00448929
18.86784861 45.42404678 -37.44616846
25.9335219 46.01178512 -33.60273601
26.87799807 21.1766644 -43.48951442
26.92281021 31.38166819 -43.56202199
23.2306289 22.60314728 -43.6737175
12.97272068 38.10315242 -39.89763361
21.92106396 37.53737646 -42.25702142
16.0866175 42.42956708 -39.50461961
14.09848931 33.75321861 -41.40575172
20.67488451 41.9384605 -40.36844882
35.28903658 42.77550369 -31.71318361
29.21837062 38.42126816 -38.98409957
30.67057308 44.53043391 -32.74150005
27.66269923 42.30660493 -36.43326094
15.90729337 24.93559474 -43.20689013
22.60962706 32.35206854 -43.12925787
19.53785509 23.85879964 -43.56897045
15.07797389 29.32062432 -42.4989873
23.02308448 27.41890878 -43.56522503
18.32148367 33.19692865 -42.39045925
2.923526641 1.806838831 -43.66883295
8.906108107 5.504277517 -43.60968059
2.93671364 4.859423125 -43.65480571
5.857933703 0 -43.47910732
22.54503371 13.93359711 -43.24941672
15.32005826 9.468316717 -43.47952423
19.34038548 15.41891018 -43.58785935
2.981746444 11.07852418 -43.29909424
9.012258887 8.714297601 -43.6754631
2.954121805 7.965663886 -43.53197319
6.067201282 13.26893197 -43.37808208
5.941840697 6.757495452 -43.672163
11.69621395 -3.590160444 -42.31729961
11.96250531 3.671898749 -43.28075079
8.807180485 -1.813186745 -43.02550833
8.881847178 1.828558823 -43.39027574
12.81957422 17.98613153 -43.52291132
12.32173522 10.84322561 -43.66345694
16.07068437 16.7803332 -43.67308858
9.342970298 15.56982609 -43.45346477
15.70050708 13.03652978 -43.63533064
9.197201854 12.0823854 -43.6282973
51.3547872 31.73900397 -25.00655867
45.65080985 28.2137521 -32.88641118
51.45734577 27.37084389 -26.63153108
48.03443823 35.07989406 -27.07354545
31.13783726 19.24424176 -42.85862411
39.99908642 24.72079493 -40.16036523
34.58770371 17.4275656 -41.95658824
31.67761634 24.44777582 -43.37574403
51.46567148 18.94789309 -29.70190919
45.97716889 24.10258588 -34.48834023
51.48952784 23.08971094 -28.19617529
48.9339197 17.36098695 -33.76017093
48.717447 25.74589934 -30.66159384
39.975877 40.5614818 -30.40061003
42.06989061 31.19005156 -34.70691822
44.17877763 38.04552354 -28.88684261
36.78324459 38.39665986 -34.17268384
45.00921976 33.09353271 -31.00033938
40.91024536 13.30197152 -39.0702198
43.13288973 22.37542549 -38.3154199
37.88235079 15.42601582 -40.68718443
46.29096458 15.76188433 -37.73555562
39.89890797 20.43440703 -41.45065824
46.15040682 19.94656203 -36.14142874
30.70234779 34.16422291 -41.41206406
39.02369243 29.24804526 -38.4602894
31.99371377 29.9700849 -43.51339903
33.68582844 36.25919675 -37.84962583
36.13152101 27.43359701 -41.95622201
38.01945859 33.83697808 -36.42189319
22.77089576 -10.3984875 -36.8440833
24.11992404 -3.610741587 -39.0268569
25.53148785 -8.92222472 -36.24998362
20.17369573 -8.803239692 -38.57148006
26.2630021 11.99318208 -42.49443005
25.30276627 3.787812527 -40.94073583
29.26416367 10.22664429 -41.54969188
22.36278261 9.758496318 -42.75694623
31.34004766 -5.730145817 -34.93552411
27.09405133 -1.918427324 -38.55811858
28.39620798 -7.364300565 -35.61156387
32.52297803 -1.981924452 -36.2256307
26.32635326 -5.488835997 -37.43644392
14.67736265 -5.423281059 -41.2985778
21.24727075 -1.890283425 -40.4958919
17.45305739 -7.129651298 -40.06788844
14.91719828 -1.843867111 -42.03717177
20.74191274 -5.38957912 -39.57477775
34.78541779 6.360089761 -38.77616317
27.8639223 1.972938976 -39.65373827
32.13689733 8.334414627 -40.3027465
33.68097562 2.052491905 -37.51546316
28.58018693 5.958742454 -40.64142704
30.26687013 0 -38.07293991
15.33102699 5.664809836 -43.13783247
21.70926428 1.931385115 -41.376421
18.71661387 7.645819719 -42.96870053
15.13705439 1.871042821 -42.65673377
22.07593098 5.736210454 -42.12003364
18.26206915 0 -41.72336135
42.95931724 61.51953101 3.051948309
50.86744997 57.72270542 9.389701453
40.27434778 60.36198373 7.771870045
48.51284194 61.76715093 0
54.18836692 38.25873704 18.87671537
53.69150236 48.38453343 14.70192613
34.55664296 56.90969451 16.25877342
46.84648466 55.35135111 13.83676321
37.39606599 58.71678577 12.19349896
43.98723314 58.42606989 10.89992168
56.79769935 57.47440897 -6.531856294
56.79769935 57.47440897 6.531856294
53.86054249 61.07336812 -3.31224064
53.86054249 61.07336812 3.31224064
49.67154414 3.798671504 29.24773915
53.5920242 12.13212205 28.48763421
54.12612101 28.93445465 22.39980423
53.89408094 20.32201612 25.54605438
24.05725348 49.405244 30.53412002
33.73426336 46.82774395 28.94113738
26.51565251 51.23344562 27.25174843
51.0912491 37.1190404 22.9408286
43.09563452 42.92256805 26.52760594
50.68102355 41.77985627 21.05144626
31.71619257 54.95589987 20.23287534
36.59091707 48.78016057 25.57199666
29.07601093 53.09621107 23.81020408
37.38492658 54.18784753 19.22499811
31.5593014 50.1437923 26.4996856
48.8107948 51.10955612 16.61827872
41.71877883 46.96415937 24.36291785
49.98034765 46.53487551 18.94939756
43.20223852 52.99705438 18.04528051
46.42838688 44.69028995 22.88833508
39.7840232 50.80177844 21.95692074
56.91546003 35.17568878 -16.06322228
61.10149562 37.76280106 -5.653074032
57.16448543 40.26193173 -14.06992043
56.91546003 35.17568878 16.06322228
61.10149562 37.76280106 5.653074032
57.16448543 40.26193173 14.06992043
57.43512955 51.52405018 -9.420544724
61.51455461 43.22509919 -3.060605826
57.37325707 45.74870528 -11.86451432
60.97500783 54.74270018 -3.335976673
59.81538336 42.06384869 -8.769979062
57.43512955 51.52405018 9.420544724
61.51455461 43.22509919 3.060605826
57.37325707 45.74870528 11.86451432
60.97500783 54.74270018 3.335976673
59.81538336 42.06384869 8.769979062
61.76715093 49.10307267 0
25.37559881 -36.33891408 1.802752485
28.719967 -32.59047183 5.301463236
24.57290261 -36.82912895 4.741911818
27.17174668 -34.59540425 0
34.78392558 -24.55857479 12.11710741
31.83552589 -28.68884271 8.717274228
22.63191773 -37.27143073 10.64823406
27.80829089 -32.85681912 8.213566914
23.65495666 -37.14142078 7.713022257
26.23392479 -34.84522698 6.500698158
30.60086532 -30.96545579 -3.519164632
30.60086532 -30.96545579 3.519164632
28.92142719 -32.79448902 -1.778569656
28.92142719 -32.79448902 1.778569656
45.38483077 -3.470841633 26.72362446
42.94017932 -9.720765436 22.8254883
37.60802496 -20.10429848 15.56387897
40.32943035 -15.20714927 19.11634455
17.43786569 -35.81132029 22.13261312
23.05895628 -32.00896634 19.78262915
18.87363455 -36.46756681 19.39758189
33.57644969 -24.39411082 15.07638961
28.36532254 -28.25141109 17.46033228
32.22731654 -26.56719535 13.38630467
21.46325175 -37.19022425 13.69216359
24.37702865 -32.49755586 17.03617578
20.22369679 -36.9308457 16.56108704
24.17369519 -35.0387343 12.43119318
21.68617578 -34.45662756 18.20942843
29.37156581 -30.75482989 9.999936881
27.08460289 -30.49000097 15.81685691
30.82009068 -28.69546032 11.68503579
26.81168587 -32.89043399 11.19905841
29.65697707 -28.54673602 14.62034058
25.66147387 -32.76814171 14.16264376
37.06320472 -22.90632025 -10.46033003
38.04999433 -23.51618977 -3.520362844
35.50858178 -25.00930577 -8.739743154
37.06320472 -22.90632025 10.46033003
38.04999433 -23.51618977 3.520362844
35.50858178 -25.00930577 8.739743154
32.31833128 -28.99220974 -5.300872264
36.2454757 -25.46900148 -1.803363688
33.91890519 -27.04650348 -7.01426687
32.519883 -29.19599797 -1.77918093
35.99898312 -25.31549066 -5.278079158
32.31833128 -28.99220974 5.300872264
36.2454757 -25.46900148 1.803363688
33.91890519 -27.04650348 7.01426687
32.519883 -29.19599797 1.77918093
35.99898312 -25.31549066 5.278079158
34.41123153 -27.3559194 0
3.022410787 -23.27094675 39.52113538
8.714640705 -20.46299036 38.49575808
4.900580725 -25.39513544 38.06146684
2.984095892 -20.19255871 40.48471079
19.39119035 -15.01182148 36.2740521
14.11084836 -17.73822525 37.42203525
8.628942185 -29.21460759 34.51844923
10.55091298 -22.42507004 36.93078309
6.787151874 -27.38992451 36.38068433
7.787119869 -23.88220555 37.4982317
2.930899189 -14.05828801 41.99135895
8.66642048 -17.53254937 39.55246461
2.956734842 -17.10376375 41.30833651
5.879736353 -18.84942593 40.02280267
42.85939161 -2.126229599 29.92887251
36.23993668 -5.895118457 31.93601465
41.98414391 -5.405642595 28.01239966
24.72186339 -12.19767339 35.01520197
30.27352827 -9.198790291 33.59402478
39.95017658 -11.41353639 24.25850288
35.69067819 -8.921976667 30.20672079
40.99889206 -8.51408913 26.11173709
38.74434422 -7.228114406 29.16945305
15.61342173 -34.77246759 25.26304704
17.73895087 -28.81795459 28.70222543
13.9915747 -33.68449457 27.7684475
18.57785938 -32.96121819 24.07181357
21.27047396 -16.75860262 34.41634982
19.60519926 -22.8521411 31.72187876
18.65614854 -18.15222804 35.07366781
10.52833866 -30.92357436 32.37993083
16.06155974 -27.50362919 30.96171223
12.28160366 -32.39357972 30.16047848
11.5155071 -27.56929626 33.81980988
15.07123686 -30.57160834 29.42712708
24.21067014 -29.34689383 21.75739272
20.68182472 -27.1959701 27.59436262
21.45133599 -31.14507503 22.89976509
19.663697 -30.07314121 25.89814529
13.36854428 -20.95595992 36.31121966
17.00932476 -24.33860758 32.44633589
16.01285224 -19.55421572 35.70829463
12.46363815 -24.23678768 35.13018416
17.85943868 -21.26936208 33.79436259
14.31680139 -25.94079403 33.12481657
2.915464525 -1.80185617 43.54840881
8.685697681 -5.368056383 42.53041812
2.914987508 -4.823472575 43.33184262
19.55379489 -12.08490985 37.51115365
14.27311306 -8.821268999 40.50821183
16.8806837 -13.45793992 38.04437443
2.931415796 -10.89152326 42.56822342
8.662670648 -8.37626737 41.98127872
2.918341249 -7.869183138 43.00471051
5.826296829 -12.74207541 41.65571081
5.820588832 -6.61959897 42.78096926
11.50422894 -16.14067451 39.05726723
11.53995897 -10.15525625 40.89314472
14.18946019 -14.81603797 38.56074436
8.702852186 -14.50308528 40.47632271
14.24616113 -11.8289494 39.59336778
8.704121178 -11.43462417 41.28929565
35.12531987 -21.70864154 17.10382654
32.30404524 -19.96499793 23.27152832
36.38107406 -19.35157525 18.82887059
32.42240367 -23.67831347 18.27416853
24.40212186 -15.08134071 33.58747622
28.69263469 -17.73302346 28.80832518
27.07474151 -13.64203989 32.84299504
23.5330235 -18.16203835 32.22346002
38.77131703 -14.27426766 22.37573327
33.26091151 -17.43634929 24.94963609
37.60619052 -16.86393535 20.5935223
36.99625679 -13.12569144 25.52421635
34.92144501 -18.45507232 21.97872075
27.0465339 -27.44273734 20.5681824
29.46770905 -21.8469635 24.31034056
29.72106054 -25.5949433 19.43348468
25.42145859 -26.53651437 23.61726043
31.03955632 -22.82218128 21.37865942
32.6442232 -10.61427336 31.17597962
31.33809626 -16.25681104 27.83797526
29.83063316 -12.14728784 32.03931244
34.93534263 -11.89534145 28.47865835
29.29622652 -15.00419554 30.43561679
34.11674549 -14.74552072 26.71759603
21.69956278 -24.14631952 29.26889142
27.61372738 -20.69633851 27.21505528
22.62893033 -21.19763176 30.77672327
23.6234897 -25.42816373 26.54351362
25.66546966 -19.48703327 29.80295634
26.56186415 -23.63982151 25.44574318
3.140417613 24.1795362 41.06419623
9.664852372 22.69419792 42.69319084
5.255423074 27.23395211 40.81743008
3.083071983 20.86230279 41.82750223
23.26345236 18.00955937 43.51768343
16.43049143 20.65416271 43.57373943
10.0602352 34.06046967 40.2440659
12.16747381 25.86093288 42.58914247
7.564217985 30.52581752 40.54593618
8.679091379 26.61778011 41.79344674
2.996333649 14.37214953 42.92884664
9.451931162 19.12167199 43.13743761
3.03838101 17.57606068 42.44900944
6.254325876 20.05029567 42.57259771
45.06632587 2.23571433 31.46998291
41.13895174 6.692036905 36.2532136
48.09415335 6.192333099 32.08908221
41.32758009 0 32.45929804
29.89530977 14.75023216 42.34269452
35.97802241 10.93213451 39.9242059
51.41516257 14.68901715 31.22025923
43.72915935 10.9314409 37.01007024
51.317191 10.65685232 32.68334661
46.09858226 8.600115273 34.70623797
34.56458861 -3.92819917 34.15762158
37.32307046 4.24169534 36.88362478
37.82284167 -2.051276312 33.35592638
39.46186374 2.140166701 34.80137831
21.21274586 47.24265639 34.32294379
24.72413408 40.16578988 40.00448929
18.86784861 45.42404678 37.44616846
25.9335219 46.01178512 33.60273601
26.87799807 21.1766644 43.48951442
26.92281021 31.38166819 43.56202199
23.2306289 22.60314728 43.6737175
12.97272068 38.10315242 39.89763361
21.92106396 37.53737646 42.25702142
16.0866175 42.42956708 39.50461961
14.09848931 33.75321861 41.40575172
20.67488451 41.9384605 40.36844882
35.28903658 42.77550369 31.71318361
29.21837062 38.42126816 38.98409957
30.67057308 44.53043391 32.74150005
27.66269923 42.30660493 36.43326094
15.90729337 24.93559474 43.20689013
22.60962706 32.35206854 43.12925787
19.53785509 23.85879964 43.56897045
15.07797389 29.32062432 42.4989873
23.02308448 27.41890878 43.56522503
18.32148367 33.19692865 42.39045925
2.923526641 1.806838831 43.66883295
8.906108107 5.504277517 43.60968059
2.93671364 4.859423125 43.65480571
5.857933703 0 43.47910732
22.54503371 13.93359711 43.24941672
15.32005826 9.468316717 43.47952423
19.34038548 15.41891018 43.58785935
2.981746444 11.07852418 43.29909424
9.012258887 8.714297601 43.6754631
2.954121805 7.965663886 43.53197319
6.067201282 13.26893197 43.37808208
5.941840697 6.757495452 43.672163
11.69621395 -3.590160444 42.31729961
11.96250531 3.671898749 43.28075079
8.807180485 -1.813186745 43.02550833
8.881847178 1.828558823 43.39027574
12.81957422 17.98613153 43.52291132
12.32173522 10.84322561 43.66345694
16.07068437 16.7803332 43.67308858
9.342970298 15.56982609 43.45346477
15.70050708 13.03652978 43.63533064
9.197201854 12.0823854 43.6282973
51.3547872 31.73900397 25.00655867
45.65080985 28.2137521 32.88641118
51.45734577 27.37084389 26.63153108
48.03443823 35.07989406 27.07354545
31.13783726 19.24424176 42.85862411
39.99908642 24.72079493 40.16036523
34.58770371 17.4275656 41.95658824
31.67761634 24.44777582 43.37574403
51.46567148 18.94789309 29.70190919
45.97716889 24.10258588 34.48834023
51.48952784 23.08971094 28.19617529
48.9339197 17.36098695 33.76017093
48.717447 25.74589934 30.66159384
39.975877 40.5614818 30.40061003
42.06989061 31.19005156 34.70691822
44.17877763 38.04552354 28.88684261
36.78324459 38.39665986 34.17268384
45.00921976 33.09353271 31.00033938
40.91024536 13.30197152 39.0702198
43.13288973 22.37542549 38.3154199
37.88235079 15.42601582 40.68718443
46.29096458 15.76188433 37.73555562
39.89890797 20.43440703 41.45065824
46.15040682 19.94656203 36.14142874
30.70234779 34.16422291 41.41206406
39.02369243 29.24804526 38.4602894
31.99371377 29.9700849 43.51339903
33.68582844 36.25919675 37.84962583
36.13152101 27.43359701 41.95622201
38.01945859 33.83697808 36.42189319
22.77089576 -10.3984875 36.8440833
24.11992404 -3.610741587 39.0268569
25.53148785 -8.92222472 36.24998362
20.17369573 -8.803239692 38.57148006
26.2630021 11.99318208 42.49443005
25.30276627 3.787812527 40.94073583
29.26416367 10.22664429 41.54969188
22.36278261 9.758496318 42.75694623
31.34004766 -5.730145817 34.93552411
27.09405133 -1.918427324 38.55811858
28.39620798 -7.364300565 35.61156387
32.52297803 -1.981924452 36.2256307
26.32635326 -5.488835997 37.43644392
14.67736265 -5.423281059 41.2985778
21.24727075 -1.890283425 40.4958919
17.45305739 -7.129651298 40.06788844
14.91719828 -1.843867111 42.03717177
20.74191274 -5.38957912 39.57477775
34.78541779 6.360089761 38.77616317
27.8639223 1.972938976 39.65373827
32.13689733 8.334414627 40.3027465
33.68097562 2.052491905 37.51546316
28.58018693 5.958742454 40.64142704
30.26687013 0 38.07293991
15.33102699 5.664809836 43.13783247
21.70926428 1.931385115 41.376421
18.71661387 7.645819719 42.96870053
15.13705439 1.871042821 42.65673377
22.07593098 5.736210454 42.12003364
18.26206915 0 41.72336135
49.55271335 0 -26.07402476
55.02879181 0 -19.83699834
53.05161089 3.910392121 -26.46055132
48.07991496 -3.543932361 -23.98081861
61.47257187 0 -4.260507165
59.19681966 0 -12.46830937
55.63367078 12.19000607 -24.66091783
58.44837794 4.079560837 -19.56793376
55.4160735 8.141156544 -26.09915106
56.27193798 4.027787457 -23.29945997
45.05771518 -9.872687062 -19.97287966
52.7975323 -3.685144954 -17.67608702
46.57168431 -6.841830331 -21.93373415
50.58203132 -3.6205199 -20.94354764
49.55271335 0 26.07402476
55.02879181 0 19.83699834
53.05161089 3.910392121 26.46055132
48.07991496 -3.543932361 23.98081861
61.47257187 0 4.260507165
59.19681966 0 12.46830937
55.63367078 12.19000607 24.66091783
58.44837794 4.079560837 19.56793376
55.4160735 8.141156544 26.09915106
56.27193798 4.027787457 23.29945997
45.05771518 -9.872687062 19.97287966
52.7975323 -3.685144954 17.67608702
46.57168431 -6.841830331 21.93373415
50.58203132 -3.6205199 20.94354764
56.61111186 29.51021128 -18.23831359
59.69303227 21.03290568 -12.99905059
56.36050927 25.00774278 -19.93714863
58.85542435 30.78262542 -13.43268153
61.71059307 4.131380453 -2.55333354
61.16245637 12.49079198 -7.719733988
61.3624239 4.127927369 -6.830541951
55.88169215 16.45982491 -23.0934796
59.3540804 16.74959598 -14.73977852
56.11443695 20.64881221 -21.56062189
57.47532046 12.35782267 -20.59400208
58.08305415 20.89896855 -17.35294437
61.62657786 32.33405967 -2.876630029
60.96788992 21.66776383 -8.00623218
60.6304298 31.77759057 -8.257089922
60.15625884 26.20329343 -10.7041615
59.74088517 4.11399303 -15.28532761
60.29981738 12.44262857 -12.03125317
60.69723541 4.118973101 -11.1066359
58.75149351 8.217448068 -17.97150849
60.93593049 8.290672292 -9.428758387
59.05537355 12.44935569 -16.35474743
38.89517063 -20.27525455 -12.53079644
44.53375081 -15.69151616 -9.697890321
40.42539639 -17.93716785 -14.30021032
39.67451535 -20.7506064 -9.054987461
57.80458787 -3.869882504 -2.39171892
50.73775955 -10.36182713 -6.403961353
57.25442893 -3.851577385 -6.373261579
43.48704048 -12.80900855 -17.97130766
46.46152051 -13.11134284 -11.53808664
41.96297048 -15.44140055 -16.12326148
46.91970324 -10.08824949 -16.8118152
43.37764506 -15.60778877 -12.95954341
40.47370723 -21.23563096 -1.88924788
45.14944229 -16.04594573 -5.928972091
40.20669949 -21.07311525 -5.475638788
42.37954253 -18.45998421 -7.540985367
54.73627983 -3.769356164 -14.00484721
49.85616806 -10.28762288 -9.9474958
56.21486087 -3.814794829 -10.28643211
50.66223996 -7.086021154 -15.49708477
53.38845328 -7.263796036 -8.260919667
48.53714082 -10.23202621 -13.44183656
56.61111186 29.51021128 18.23831359
59.69303227 21.03290568 12.99905059
56.36050927 25.00774278 19.93714863
58.85542435 30.78262542 13.43268153
61.71059307 4.131380453 2.55333354
61.16245637 12.49079198 7.719733988
61.3624239 4.127927369 6.830541951
61.76715093 8.321879116 0
55.88169215 16.45982491 23.0934796
59.3540804 16.74959598 14.73977852
56.11443695 20.64881221 21.56062189
57.47532046 12.35782267 20.59400208
58.08305415 20.89896855 17.35294437
61.62657786 32.33405967 2.876630029
60.96788992 21.66776383 8.00623218
60.6304298 31.77759057 8.257089922
61.76715093 27.03511761 0
60.15625884 26.20329343 10.7041615
59.74088517 4.11399303 15.28532761
60.29981738 12.44262857 12.03125317
60.69723541 4.118973101 11.1066359
58.75149351 8.217448068 17.97150849
60.93593049 8.290672292 9.428758387
59.05537355 12.44935569 16.35474743
61.46353674 16.98810374 -5.214509442
61.46353674 16.98810374 5.214509442
61.69835932 12.62945186 -2.600100537
61.67539838 21.88596682 -2.705254275
61.69835932 12.62945186 2.600100537
61.67539838 21.88596682 2.705254275
38.89517063 -20.27525455 12.53079644
44.53375081 -15.69151616 9.697890321
40.42539639 -17.93716785 14.30021032
39.67451535 -20.7506064 9.054987461
57.80458787 -3.869882504 2.39171892
50.73775955 -10.36182713 6.403961353
57.25442893 -3.851577385 6.373261579
54.43335329 -7.333797643 0
43.48704048 -12.80900855 17.97130766
46.46152051 -13.11134284 11.53808664
41.96297048 -15.44140055 16.12326148
46.91970324 -10.08824949 16.8118152
43.37764506 -15.60778877 12.95954341
40.47370723 -21.23563096 1.88924788
45.14944229 -16.04594573 5.928972091
40.20669949 -21.07311525 5.475638788
42.96265171 -18.80449923 0
42.37954253 -18.45998421 7.540985367
54.73627983 -3.769356164 14.00484721
49.85616806 -10.28762288 9.9474958
56.21486087 -3.814794829 10.28643211
50.66223996 -7.086021154 15.49708477
53.38845328 -7.263796036 8.260919667
48.53714082 -10.23202621 13.44183656
48.17955825 -13.31650239 -4.08750903
48.17955825 -13.31650239 4.08750903
51.20932379 -10.48238068 -2.158070195
45.54170608 -16.16080795 -1.997585719
51.20932379 -10.48238068 2.158070195
45.54170608 -16.16080795 1.997585719
-25.37559881 36.33891408 -1.802752485
-28.719967 32.59047183 -5.301463236
-24.57290261 36.82912895 -4.741911818
-34.78392558 24.55857479 -12.11710741
-31.83552589 28.68884271 -8.717274228
-22.63191773 37.27143073 -10.64823406
-27.80829089 32.85681912 -8.213566914
-23.65495666 37.14142078 -7.713022257
-26.23392479 34.84522698 -6.500698158
-45.38483077 3.470841633 -26.72362446
-42.94017932 9.720765436 -22.8254883
-37.60802496 20.10429848 -15.56387897
-40.32943035 15.20714927 -19.11634455
-17.43786569 35.81132029 -22.13261312
-23.05895628 32.00896634 -19.78262915
-18.87363455 36.46756681 -19.39758189
-33.57644969 24.39411082 -15.07638961
-28.36532254 28.25141109 -17.46033228
-32.22731654 26.56719535 -13.38630467
-21.46325175 37.19022425 -13.69216359
-24.37702865 32.49755586 -17.03617578
-20.22369679 36.9308457 -16.56108704
-24.17369519 35.0387343 -12.43119318
-21.68617578 34.45662756 -18.20942843
-29.37156581 30.75482989 -9.999936881
-27.08460289 30.49000097 -15.81685691
-30.82009068 28.69546032 -11.68503579
-26.81168587 32.89043399 -11.19905841
-29.65697707 28.54673602 -14.62034058
-25.66147387 32.76814171 -14.16264376
-42.95931724 -61.51953101 -3.051948309
-50.86744997 -57.72270542 -9.389701453
-40.27434778 -60.36198373 -7.771870045
-54.18836692 -38.25873704 -18.87671537
-53.69150236 -48.38453343 -14.70192613
-34.55664296 -56.90969451 -16.25877342
-46.84648466 -55.35135111 -13.83676321
-37.39606599 -58.71678577 -12.19349896
-43.98723314 -58.42606989 -10.89992168
-49.67154414 -3.798671504 -29.24773915
-53.5920242 -12.13212205 -28.48763421
-54.12612101 -28.93445465 -22.39980423
-53.89408094 -20.32201612 -25.54605438
-24.05725348 -49.405244 -30.53412002
-33.73426336 -46.82774395 -28.94113738
-26.51565251 -51.23344562 -27.25174843
-51.0912491 -37.1190404 -22.9408286
-43.09563452 -42.92256805 -26.52760594
-50.68102355 -41.77985627 -21.05144626
-31.71619257 -54.95589987 -20.23287534
-36.59091707 -48.78016057 -25.57199666
-29.07601093 -53.09621107 -23.81020408
-37.38492658 -54.18784753 -19.22499811
-31.5593014 -50.1437923 -26.4996856
-48.8107948 -51.10955612 -16.61827872
-41.71877883 -46.96415937 -24.36291785
-49.98034765 -46.53487551 -18.94939756
-43.20223852 -52.99705438 -18.04528051
-46.42838688 -44.69028995 -22.88833508
-39.7840232 -50.80177844 -21.95692074
-3.140417613 -24.1795362 -41.06419623
-9.664852372 -22.69419792 -42.69319084
-5.255423074 -27.23395211 -40.81743008
-3.083071983 -20.86230279 -41.82750223
-23.26345236 -18.00955937 -43.51768343
-16.43049143 -20.65416271 -43.57373943
-10.0602352 -34.06046967 -40.2440659
-12.16747381 -25.86093288 -42.58914247
-7.564217985 -30.52581752 -40.54593618
-8.679091379 -26.61778011 -41.79344674
-2.996333649 -14.37214953 -42.92884664
-9.451931162 -19.12167199 -43.13743761
-3.03838101 -17.57606068 -42.44900944
-6.254325876 -20.05029567 -42.57259771
-45.06632587 -2.23571433 -31.46998291
-41.13895174 -6.692036905 -36.2532136
-48.09415335 -6.192333099 -32.08908221
-29.89530977 -14.75023216 -42.34269452
-35.97802241 -10.93213451 -39.9242059
-51.41516257 -14.68901715 -31.22025923
-43.72915935 -10.9314409 -37.01007024
-51.317191 -10.65685232 -32.68334661
-46.09858226 -8.600115273 -34.70623797
-21.21274586 -47.24265639 -34.32294379
-24.72413408 -40.16578988 -40.00448929
-18.86784861 -45.42404678 -37.44616846
-25.9335219 -46.01178512 -33.60273601
-26.87799807 -21.1766644 -43.48951442
-26.92281021 -31.38166819 -43.56202199
-23.2306289 -22.60314728 -43.6737175
-12.97272068 -38.10315242 -39.89763361
-21.92106396 -37.53737646 -42.25702142
-16.0866175 -42.42956708 -39.50461961
-14.09848931 -33.75321861 -41.40575172
-20.67488451 -41.9384605 -40.36844882
-35.28903658 -42.77550369 -31.71318361
-29.21837062 -38.42126816 -38.98409957
-30.67057308 -44.53043391 -32.74150005
-27.66269923 -42.30660493 -36.43326094
-15.90729337 -24.93559474 -43.20689013
-22.60962706 -32.35206854 -43.12925787
-19.53785509 -23.85879964 -43.56897045
-15.07797389 -29.32062432 -42.4989873
-23.02308448 -27.41890878 -43.56522503
-18.32148367 -33.19692865 -42.39045925
-2.923526641 -1.806838831 -43.66883295
-8.906108107 -5.504277517 -43.60968059
-2.93671364 -4.859423125 -43.65480571
-22.54503371 -13.93359711 -43.24941672
-15.32005826 -9.468316717 -43.47952423
-19.34038548 -15.41891018 -43.58785935
-2.981746444 -11.07852418 -43.29909424
-9.012258887 -8.714297601 -43.6754631
-2.954121805 -7.965663886 -43.53197319
-6.067201282 -13.26893197 -43.37808208
-5.941840697 -6.757495452 -43.672163
-12.81957422 -17.98613153 -43.52291132
-12.32173522 -10.84322561 -43.66345694
-16.07068437 -16.7803332 -43.67308858
-9.342970298 -15.56982609 -43.45346477
-15.70050708 -13.03652978 -43.63533064
-9.197201854 -12.0823854 -43.6282973
-51.3547872 -31.73900397 -25.00655867
-45.65080985 -28.2137521 -32.88641118
-51.45734577 -27.37084389 -26.63153108
-48.03443823 -35.07989406 -27.07354545
-31.13783726 -19.24424176 -42.85862411
-39.99908642 -24.72079493 -40.16036523
-34.58770371 -17.4275656 -41.95658824
-31.67761634 -24.44777582 -43.37574403
-51.46567148 -18.94789309 -29.70190919
-45.97716889 -24.10258588 -34.48834023
-51.48952784 -23.08971094 -28.19617529
-48.9339197 -17.36098695 -33.76017093
-48.717447 -25.74589934 -30.66159384
-39.975877 -40.5614818 -30.40061003
-42.06989061 -31.19005156 -34.70691822
-44.17877763 -38.04552354 -28.88684261
-36.78324459 -38.39665986 -34.17268384
-45.00921976 -33.09353271 -31.00033938
-40.91024536 -13.30197152 -39.0702198
-43.13288973 -22.37542549 -38.3154199
-37.88235079 -15.42601582 -40.68718443
-46.29096458 -15.76188433 -37.73555562
-39.89890797 -20.43440703 -41.45065824
-46.15040682 -19.94656203 -36.14142874
-30.70234779 -34.16422291 -41.41206406
-39.02369243 -29.24804526 -38.4602894
-31.99371377 -29.9700849 -43.51339903
-33.68582844 -36.25919675 -37.84962583
-36.13152101 -27.43359701 -41.95622201
-38.01945859 -33.83697808 -36.42189319
-3.022410787 23.27094675 -39.52113538
-8.714640705 20.46299036 -38.49575808
-4.900580725 25.39513544 -38.06146684
-2.984095892 20.19255871 -40.48471079
-19.39119035 15.01182148 -36.2740521
-14.11084836 17.73822525 -37.42203525
-8.628942185 29.21460759 -34.51844923
-10.55091298 22.42507004 -36.93078309
-6.787151874 27.38992451 -36.38068433
-7.787119869 23.88220555 -37.4982317
-2.930899189 14.05828801 -41.99135895
-8.66642048 17.53254937 -39.55246461
-2.956734842 17.10376375 -41.30833651
-5.879736353 18.84942593 -40.02280267
-42.85939161 2.126229599 -29.92887251
-36.23993668 5.895118457 -31.93601465
-41.98414391 5.405642595 -28.01239966
-41.32758009 0 -32.45929804
-24.72186339 12.19767339 -35.01520197
-30.27352827 9.198790291 -33.59402478
-39.95017658 11.41353639 -24.25850288
-35.69067819 8.921976667 -30.20672079
-40.99889206 8.51408913 -26.11173709
-38.74434422 7.228114406 -29.16945305
-37.32307046 -4.24169534 -36.88362478
-34.56458861 3.92819917 -34.15762158
-39.46186374 -2.140166701 -34.80137831
-37.82284167 2.051276312 -33.35592638
-15.61342173 34.77246759 -25.26304704
-17.73895087 28.81795459 -28.70222543
-13.9915747 33.68449457 -27.7684475
-18.57785938 32.96121819 -24.07181357
-21.27047396 16.75860262 -34.41634982
-19.60519926 22.8521411 -31.72187876
-18.65614854 18.15222804 -35.07366781
-10.52833866 30.92357436 -32.37993083
-16.06155974 27.50362919 -30.96171223
-12.28160366 32.39357972 -30.16047848
-11.5155071 27.56929626 -33.81980988
-15.07123686 30.57160834 -29.42712708
-24.21067014 29.34689383 -21.75739272
-20.68182472 27.1959701 -27.59436262
-21.45133599 31.14507503 -22.89976509
-19.663697 30.07314121 -25.89814529
-13.36854428 20.95595992 -36.31121966
-17.00932476 24.33860758 -32.44633589
-16.01285224 19.55421572 -35.70829463
-12.46363815 24.23678768 -35.13018416
-17.85943868 21.26936208 -33.79436259
-14.31680139 25.94079403 -33.12481657
-2.915464525 1.80185617 -43.54840881
-8.685697681 5.368056383 -42.53041812
-2.914987508 4.823472575 -43.33184262
-5.857933703 0 -43.47910732
-19.55379489 12.08490985 -37.51115365
-14.27311306 8.821268999 -40.50821183
-16.8806837 13.45793992 -38.04437443
-2.931415796 10.89152326 -42.56822342
-8.662670648 8.37626737 -41.98127872
-2.918341249 7.869183138 -43.00471051
-5.826296829 12.74207541 -41.65571081
-5.820588832 6.61959897 -42.78096926
-11.96250531 -3.671898749 -43.28075079
-11.69621395 3.590160444 -42.31729961
-8.881847178 -1.828558823 -43.39027574
-8.807180485 1.813186745 -43.02550833
-11.50422894 16.14067451 -39.05726723
-11.53995897 10.15525625 -40.89314472
-14.18946019 14.81603797 -38.56074436
-8.702852186 14.50308528 -40.47632271
-14.24616113 11.8289494 -39.59336778
-8.704121178 11.43462417 -41.28929565
-35.12531987 21.70864154 -17.10382654
-32.30404524 19.96499793 -23.27152832
-36.38107406 19.35157525 -18.82887059
-32.42240367 23.67831347 -18.27416853
-24.40212186 15.08134071 -33.58747622
-28.69263469 17.73302346 -28.80832518
-27.07474151 13.64203989 -32.84299504
-23.5330235 18.16203835 -32.22346002
-38.77131703 14.27426766 -22.37573327
-33.26091151 17.43634929 -24.94963609
-37.60619052 16.86393535 -20.5935223
-36.99625679 13.12569144 -25.52421635
-34.92144501 18.45507232 -21.97872075
-27.0465339 27.44273734 -20.5681824
-29.46770905 21.8469635 -24.31034056
-29.72106054 25.5949433 -19.43348468
-25.42145859 26.53651437 -23.61726043
-31.03955632 22.82218128 -21.37865942
-32.6442232 10.61427336 -31.17597962
-31.33809626 16.25681104 -27.83797526
-29.83063316 12.14728784 -32.03931244
-34.93534263 11.89534145 -28.47865835
-29.29622652 15.00419554 -30.43561679
-34.11674549 14.74552072 -26.71759603
-21.69956278 24.14631952 -29.26889142
-27.61372738 20.69633851 -27.21505528
-22.62893033 21.19763176 -30.77672327
-23.6234897 25.42816373 -26.54351362
-25.66546966 19.48703327 -29.80295634
-26.56186415 23.63982151 -25.44574318
-26.2630021 -11.99318208 -42.49443005
-25.30276627 -3.787812527 -40.94073583
-29.26416367 -10.22664429 -41.54969188
-22.36278261 -9.758496318 -42.75694623
-22.77089576 10.3984875 -36.8440833
-24.11992404 3.610741587 -39.0268569
-25.53148785 8.92222472 -36.24998362
-20.17369573 8.803239692 -38.57148006
-34.78541779 -6.360089761 -38.77616317
-27.8639223 -1.972938976 -39.65373827
-32.13689733 -8.334414627 -40.3027465
-33.68097562 -2.052491905 -37.51546316
-28.58018693 -5.958742454 -40.64142704
-15.33102699 -5.664809836 -43.13783247
-21.70926428 -1.931385115 -41.376421
-18.71661387 -7.645819719 -42.96870053
-15.13705439 -1.871042821 -42.65673377
-22.07593098 -5.736210454 -42.12003364
-31.34004766 5.730145817 -34.93552411
-27.09405133 1.918427324 -38.55811858
-28.39620798 7.364300565 -35.61156387
-32.52297803 1.981924452 -36.2256307
-26.32635326 5.488835997 -37.43644392
-30.26687013 0 -38.07293991
-14.67736265 5.423281059 -41.2985778
-21.24727075 1.890283425 -40.4958919
-17.45305739 7.129651298 -40.06788844
-14.91719828 1.843867111 -42.03717177
-20.74191274 5.38957912 -39.57477775
-18.26206915 0 -41.72336135
-25.37559881 36.33891408 1.802752485
-28.719967 32.59047183 5.301463236
-24.57290261 36.82912895 4.741911818
-27.17174668 34.59540425 0
-34.78392558 24.55857479 12.11710741
-31.83552589 28.68884271 8.717274228
-22.63191773 37.27143073 10.64823406
-27.80829089 32.85681912 8.213566914
-23.65495666 37.14142078 7.713022257
-26.23392479 34.84522698 6.500698158
-30.60086532 30.96545579 -3.519164632
-30.60086532 30.96545579 3.519164632
-28.92142719 32.79448902 -1.778569656
-28.92142719 32.79448902 1.778569656
-45.38483077 3.470841633 26.72362446
-42.94017932 9.720765436 22.8254883
-37.60802496 20.10429848 15.56387897
-40.32943035 15.20714927 19.11634455
-17.43786569 35.81132029 22.13261312
-23.05895628 32.00896634 19.78262915
-18.87363455 36.46756681 19.39758189
-33.57644969 24.39411082 15.07638961
-28.36532254 28.25141109 17.46033228
-32.22731654 26.56719535 13.38630467
-21.46325175 37.19022425 13.69216359
-24.37702865 32.49755586 17.03617578
-20.22369679 36.9308457 16.56108704
-24.17369519 35.0387343 12.43119318
-21.68617578 34.45662756 18.20942843
-29.37156581 30.75482989 9.999936881
-27.08460289 30.49000097 15.81685691
-30.82009068 28.69546032 11.68503579
-26.81168587 32.89043399 11.19905841
-29.65697707 28.54673602 14.62034058
-25.66147387 32.76814171 14.16264376
-37.06320472 22.90632025 -10.46033003
-38.04999433 23.51618977 -3.520362844
-35.50858178 25.00930577 -8.739743154
-37.06320472 22.90632025 10.46033003
-38.04999433 23.51618977 3.520362844
-35.50858178 25.00930577 8.739743154
-32.31833128 28.99220974 -5.300872264
-36.2454757 25.46900148 -1.803363688
-33.91890519 27.04650348 -7.01426687
-32.519883 29.19599797 -1.77918093
-35.99898312 25.31549066 -5.278079158
-32.31833128 28.99220974 5.300872264
-36.2454757 25.46900148 1.803363688
-33.91890519 27.04650348 7.01426687
-32.519883 29.19599797 1.77918093
-35.99898312 25.31549066 5.278079158
-34.41123153 27.3559194 0
-42.95931724 -61.51953101 3.051948309
-50.86744997 -57.72270542 9.389701453
-40.27434778 -60.36198373 7.771870045
-48.51284194 -61.76715093 0
-54.18836692 -38.25873704 18.87671537
-53.69150236 -48.38453343 14.70192613
-34.55664296 -56.90969451 16.25877342
-46.84648466 -55.35135111 13.83676321
-37.39606599 -58.71678577 12.19349896
-43.98723314 -58.42606989 10.89992168
-56.79769935 -57.47440897 -6.531856294
-56.79769935 -57.47440897 6.531856294
-53.86054249 -61.07336812 -3.31224064
-53.86054249 -61.07336812 3.31224064
-49.67154414 -3.798671504 29.24773915
-53.5920242 -12.13212205 28.48763421
-54.12612101 -28.93445465 22.39980423
-53.89408094 -20.32201612 25.54605438
-24.05725348 -49.405244 30.53412002
-33.73426336 -46.82774395 28.94113738
-26.51565251 -51.23344562 27.25174843
-51.0912491 -37.1190404 22.9408286
-43.09563452 -42.92256805 26.52760594
-50.68102355 -41.77985627 21.05144626
-31.71619257 -54.95589987 20.23287534
-36.59091707 -48.78016057 25.57199666
-29.07601093 -53.09621107 23.81020408
-37.38492658 -54.18784753 19.22499811
-31.5593014 -50.1437923 26.4996856
-48.8107948 -51.10955612 16.61827872
-41.71877883 -46.96415937 24.36291785
-49.98034765 -46.53487551 18.94939756
-43.20223852 -52.99705438 18.04528051
-46.42838688 -44.69028995 22.88833508
-39.7840232 -50.80177844 21.95692074
-56.91546003 -35.17568878 -16.06322228
-61.10149562 -37.76280106 -5.653074032
-57.16448543 -40.26193173 -14.06992043
-56.91546003 -35.17568878 16.06322228
-61.10149562 -37.76280106 5.653074032
-57.16448543 -40.26193173 14.06992043
-57.43512955 -51.52405018 -9.420544724
-61.51455461 -43.22509919 -3.060605826
-57.37325707 -45.74870528 -11.86451432
-60.97500783 -54.74270018 -3.335976673
-59.81538336 -42.06384869 -8.769979062
-57.43512955 -51.52405018 9.420544724
-61.51455461 -43.22509919 3.060605826
-57.37325707 -45.74870528 11.86451432
-60.97500783 -54.74270018 3.335976673
-59.81538336 -42.06384869 8.769979062
-61.76715093 -49.10307267 0
-3.140417613 -24.1795362 41.06419623
-9.664852372 -22.69419792 42.69319084
-5.255423074 -27.23395211 40.81743008
-3.083071983 -20.86230279 41.82750223
-23.26345236 -18.00955937 43.51768343
-16.43049143 -20.65416271 43.57373943
-10.0602352 -34.06046967 40.2440659
-12.16747381 -25.86093288 42.58914247
-7.564217985 -30.52581752 40.54593618
-8.679091379 -26.61778011 41.79344674
-2.996333649 -14.37214953 42.92884664
-9.451931162 -19.12167199 43.13743761
-3.03838101 -17.57606068 42.44900944
-6.254325876 -20.05029567 42.57259771
-45.06632587 -2.23571433 31.46998291
-41.13895174 -6.692036905 36.2532136
-48.09415335 -6.192333099 32.08908221
-29.89530977 -14.75023216 42.34269452
-35.97802241 -10.93213451 39.9242059
-51.41516257 -14.68901715 31.22025923
-43.72915935 -10.9314409 37.01007024
-51.317191 -10.65685232 32.68334661
-46.09858226 -8.600115273 34.70623797
-21.21274586 -47.24265639 34.32294379
-24.72413408 -40.16578988 40.00448929
-18.86784861 -45.42404678 37.44616846
-25.9335219 -46.01178512 33.60273601
-26.87799807 -21.1766644 43.48951442
-26.92281021 -31.38166819 43.56202199
-23.2306289 -22.60314728 43.6737175
-12.97272068 -38.10315242 39.89763361
-21.92106396 -37.53737646 42.25702142
-16.0866175 -42.42956708 39.50461961
-14.09848931 -33.75321861 41.40575172
-20.67488451 -41.9384605 40.36844882
-35.28903658 -42.77550369 31.71318361
-29.21837062 -38.42126816 38.98409957
-30.67057308 -44.53043391 32.74150005
-27.66269923 -42.30660493 36.43326094
-15.90729337 -24.93559474 43.20689013
-22.60962706 -32.35206854 43.12925787
-19.53785509 -23.85879964 43.56897045
-15.07797389 -29.32062432 42.4989873
-23.02308448 -27.41890878 43.56522503
-18.32148367 -33.19692865 42.39045925
-2.923526641 -1.806838831 43.66883295
-8.906108107 -5.504277517 43.60968059
-2.93671364 -4.859423125 43.65480571
-22.54503371 -13.93359711 43.24941672
-15.32005826 -9.468316717 43.47952423
-19.34038548 -15.41891018 43.58785935
-2.981746444 -11.07852418 43.29909424
-9.012258887 -8.714297601 43.6754631
-2.954121805 -7.965663886 43.53197319
-6.067201282 -13.26893197 43.37808208
-5.941840697 -6.757495452 43.672163
-12.81957422 -17.98613153 43.52291132
-12.32173522 -10.84322561 43.66345694
-16.07068437 -16.7803332 43.67308858
-9.342970298 -15.56982609 43.45346477
-15.70050708 -13.03652978 43.63533064
-9.197201854 -12.0823854 43.6282973
-51.3547872 -31.73900397 25.00655867
-45.65080985 -28.2137521 32.88641118
-51.45734577 -27.37084389 26.63153108
-48.03443823 -35.07989406 27.07354545
-31.13783726 -19.24424176 42.85862411
-39.99908642 -24.72079493 40.16036523
-34.58770371 -17.4275656 41.95658824
-31.67761634 -24.44777582 43.37574403
-51.46567148 -18.94789309 29.70190919
-45.97716889 -24.10258588 34.48834023
-51.48952784 -23.08971094 28.19617529
-48.9339197 -17.36098695 33.76017093
-48.717447 -25.74589934 30.66159384
-39.975877 -40.5614818 30.40061003
-42.06989061 -31.19005156 34.70691822
-44.17877763 -38.04552354 28.88684261
-36.78324459 -38.39665986 34.17268384
-45.00921976 -33.09353271 31.00033938
-40.91024536 -13.30197152 39.0702198
-43.13288973 -22.37542549 38.3154199
-37.88235079 -15.42601582 40.68718443
-46.29096458 -15.76188433 37.73555562
-39.89890797 -20.43440703 41.45065824
-46.15040682 -19.94656203 36.14142874
-30.70234779 -34.16422291 41.41206406
-39.02369243 -29.24804526 38.4602894
-31.99371377 -29.9700849 43.51339903
-33.68582844 -36.25919675 37.84962583
-36.13152101 -27.43359701 41.95622201
-38.01945859 -33.83697808 36.42189319
-3.022410787 23.27094675 39.52113538
-8.714640705 20.46299036 38.49575808
-4.900580725 25.39513544 38.06146684
-2.984095892 20.19255871 40.48471079
-19.39119035 15.01182148 36.2740521
-14.11084836 17.73822525 37.42203525
-8.628942185 29.21460759 34.51844923
-10.55091298 22.42507004 36.93078309
-6.787151874 27.38992451 36.38068433
-7.787119869 23.88220555 37.4982317
-2.930899189 14.05828801 41.99135895
-8.66642048 17.53254937 39.55246461
-2.956734842 17.10376375 41.30833651
-5.879736353 18.84942593 40.02280267
-42.85939161 2.126229599 29.92887251
-36.23993668 5.895118457 31.93601465
-41.98414391 5.405642595 28.01239966
-41.32758009 0 32.45929804
-24.72186339 12.19767339 35.01520197
-30.27352827 9.198790291 33.59402478
-39.95017658 11.41353639 24.25850288
-35.69067819 8.921976667 30.20672079
-40.99889206 8.51408913 26.11173709
-38.74434422 7.228114406 29.16945305
-37.32307046 -4.24169534 36.88362478
-34.56458861 3.92819917 34.15762158
-39.46186374 -2.140166701 34.80137831
-37.82284167 2.051276312 33.35592638
-15.61342173 34.77246759 25.26304704
-17.73895087 28.81795459 28.70222543
-13.9915747 33.68449457 27.7684475
-18.57785938 32.96121819 24.07181357
-21.27047396 16.75860262 34.41634982
-19.60519926 22.8521411 31.72187876
-18.65614854 18.15222804 35.07366781
-10.52833866 30.92357436 32.37993083
-16.06155974 27.50362919 30.96171223
-12.28160366 32.39357972 30.16047848
-11.5155071 27.56929626 33.81980988
-15.07123686 30.57160834 29.42712708
-24.21067014 29.34689383 21.75739272
-20.68182472 27.1959701 27.59436262
-21.45133599 31.14507503 22.89976509
-19.663697 30.07314121 25.89814529
-13.36854428 20.95595992 36.31121966
-17.00932476 24.33860758 32.44633589
-16.01285224 19.55421572 35.70829463
-12.46363815 24.23678768 35.13018416
-17.85943868 21.26936208 33.79436259
-14.31680139 25.94079403 33.12481657
-2.915464525 1.80185617 43.54840881
-8.685697681 5.368056383 42.53041812
-2.914987508 4.823472575 43.33184262
-5.857933703 0 43.47910732
-19.55379489 12.08490985 37.51115365
-14.27311306 8.821268999 40.50821183
-16.8806837 13.45793992 38.04437443
-2.931415796 10.89152326 42.56822342
-8.662670648 8.37626737 41.98127872
-2.918341249 7.869183138 43.00471051
-5.826296829 12.74207541 41.65571081
-5.820588832 6.61959897 42.78096926
-11.96250531 -3.671898749 43.28075079
-11.69621395 3.590160444 42.31729961
-8.881847178 -1.828558823 43.39027574
-8.807180485 1.813186745 43.02550833
-11.50422894 16.14067451 39.05726723
-11.53995897 10.15525625 40.89314472
-14.18946019 14.81603797 38.56074436
-8.702852186 14.50308528 40.47632271
-14.24616113 11.8289494 39.59336778
-8.704121178 11.43462417 41.28929565
-35.12531987 21.70864154 17.10382654
-32.30404524 19.96499793 23.27152832
-36.38107406 19.35157525 18.82887059
-32.42240367 23.67831347 18.27416853
-24.40212186 15.08134071 33.58747622
-28.69263469 17.73302346 28.80832518
-27.07474151 13.64203989 32.84299504
-23.5330235 18.16203835 32.22346002
-38.77131703 14.27426766 22.37573327
-33.26091151 17.43634929 24.94963609
-37.60619052 16.86393535 20.5935223
-36.99625679 13.12569144 25.52421635
-34.92144501 18.45507232 21.97872075
-27.0465339 27.44273734 20.5681824
-29.46770905 21.8469635 24.31034056
-29.72106054 25.5949433 19.43348468
-25.42145859 26.53651437 23.61726043
-31.03955632 22.82218128 21.37865942
-32.6442232 10.61427336 31.17597962
-31.33809626 16.25681104 27.83797526
-29.83063316 12.14728784 32.03931244
-34.93534263 11.89534145 28.47865835
-29.29622652 15.00419554 30.43561679
-34.11674549 14.74552072 26.71759603
-21.69956278 24.14631952 29.26889142
-27.61372738 20.69633851 27.21505528
-22.62893033 21.19763176 30.77672327
-23.6234897 25.42816373 26.54351362
-25.66546966 19.48703327 29.80295634
-26.56186415 23.63982151 25.44574318
-26.2630021 -11.99318208 42.49443005
-25.30276627 -3.787812527 40.94073583
-29.26416367 -10.22664429 41.54969188
-22.36278261 -9.758496318 42.75694623
-22.77089576 10.3984875 36.8440833
-24.11992404 3.610741587 39.0268569
-25.53148785 8.92222472 36.24998362
-20.17369573 8.803239692 38.57148006
-34.78541779 -6.360089761 38.77616317
-27.8639223 -1.972938976 39.65373827
-32.13689733 -8.334414627 40.3027465
-33.68097562 -2.052491905 37.51546316
-28.58018693 -5.958742454 40.64142704
-15.33102699 -5.664809836 43.13783247
-21.70926428 -1.931385115 41.376421
-18.71661387 -7.645819719 42.96870053
-15.13705439 -1.871042821 42.65673377
-22.07593098 -5.736210454 42.12003364
-31.34004766 5.730145817 34.93552411
-27.09405133 1.918427324 38.55811858
-28.39620798 7.364300565 35.61156387
-32.52297803 1.981924452 36.2256307
-26.32635326 5.488835997 37.43644392
-30.26687013 0 38.07293991
-14.67736265 5.423281059 41.2985778
-21.24727075 1.890283425 40.4958919
-17.45305739 7.129651298 40.06788844
-14.91719828 1.843867111 42.03717177
-20.74191274 5.38957912 39.57477775
-18.26206915 0 41.72336135
-49.55271335 0 -26.07402476
-55.02879181 0 -19.83699834
-48.07991496 3.543932361 -23.98081861
-53.05161089 -3.910392121 -26.46055132
-61.47257187 0 -4.260507165
-59.19681966 0 -12.46830937
-45.05771518 9.872687062 -19.97287966
-52.7975323 3.685144954 -17.67608702
-46.57168431 6.841830331 -21.93373415
-50.58203132 3.6205199 -20.94354764
-55.63367078 -12.19000607 -24.66091783
-58.44837794 -4.079560837 -19.56793376
-55.4160735 -8.141156544 -26.09915106
-56.27193798 -4.027787457 -23.29945997
-49.55271335 0 26.07402476
-55.02879181 0 19.83699834
-48.07991496 3.543932361 23.98081861
-53.05161089 -3.910392121 26.46055132
-61.47257187 0 4.260507165
-59.19681966 0 12.46830937
-45.05771518 9.872687062 19.97287966
-52.7975323 3.685144954 17.67608702
-46.57168431 6.841830331 21.93373415
-50.58203132 3.6205199 20.94354764
-55.63367078 -12.19000607 24.66091783
-58.44837794 -4.079560837 19.56793376
-55.4160735 -8.141156544 26.09915106
-56.27193798 -4.027787457 23.29945997
-38.89517063 20.27525455 -12.53079644
-44.53375081 15.69151616 -9.697890321
-40.42539639 17.93716785 -14.30021032
-39.67451535 20.7506064 -9.054987461
-57.80458787 3.869882504 -2.39171892
-50.73775955 10.36182713 -6.403961353
-57.25442893 3.851577385 -6.373261579
-43.48704048 12.80900855 -17.97130766
-46.46152051 13.11134284 -11.53808664
-41.96297048 15.44140055 -16.12326148
-46.91970324 10.08824949 -16.8118152
-43.37764506 15.60778877 -12.95954341
-40.47370723 21.23563096 -1.88924788
-45.14944229 16.04594573 -5.928972091
-40.20669949 21.07311525 -5.475638788
-42.37954253 18.45998421 -7.540985367
-54.73627983 3.769356164 -14.00484721
-49.85616806 10.28762288 -9.9474958
-56.21486087 3.814794829 -10.28643211
-50.66223996 7.086021154 -15.49708477
-53.38845328 7.263796036 -8.260919667
-48.53714082 10.23202621 -13.44183656
-56.61111186 -29.51021128 -18.23831359
-59.69303227 -21.03290568 -12.99905059
-56.36050927 -25.00774278 -19.93714863
-58.85542435 -30.78262542 -13.43268153
-61.71059307 -4.131380453 -2.55333354
-61.16245637 -12.49079198 -7.719733988
-61.3624239 -4.127927369 -6.830541951
-55.88169215 -16.45982491 -23.0934796
-59.3540804 -16.74959598 -14.73977852
-56.11443695 -20.64881221 -21.56062189
-57.47532046 -12.35782267 -20.59400208
-58.08305415 -20.89896855 -17.35294437
-61.62657786 -32.33405967 -2.876630029
-60.96788992 -21.66776383 -8.00623218
-60.6304298 -31.77759057 -8.257089922
-60.15625884 -26.20329343 -10.7041615
-59.74088517 -4.11399303 -15.28532761
-60.29981738 -12.44262857 -12.03125317
-60.69723541 -4.118973101 -11.1066359
-58.75149351 -8.217448068 -17.97150849
-60.93593049 -8.290672292 -9.428758387
-59.05537355 -12.44935569 -16.35474743
-38.89517063 20.27525455 12.53079644
-44.53375081 15.69151616 9.697890321
-40.42539639 17.93716785 14.30021032
-39.67451535 20.7506064 9.054987461
-57.80458787 3.869882504 2.39171892
-50.73775955 10.36182713 6.403961353
-57.25442893 3.851577385 6.373261579
-54.43335329 7.333797643 0
-43.48704048 12.80900855 17.97130766
-46.46152051 13.11134284 11.53808664
-41.96297048 15.44140055 16.12326148
-46.91970324 10.08824949 16.8118152
-43.37764506 15.60778877 12.95954341
-40.47370723 21.23563096 1.88924788
-45.14944229 16.04594573 5.928972091
-40.20669949 21.07311525 5.475638788
-42.96265171 18.80449923 0
-42.37954253 18.45998421 7.540985367
-54.73627983 3.769356164 14.00484721
-49.85616806 10.28762288 9.9474958
-56.21486087 3.814794829 10.28643211
-50.66223996 7.086021154 15.49708477
-53.38845328 7.263796036 8.260919667
-48.53714082 10.23202621 13.44183656
-48.17955825 13.31650239 -4.08750903
-48.17955825 13.31650239 4.08750903
-51.20932379 10.48238068 -2.158070195
-45.54170608 16.16080795 -1.997585719
-51.20932379 10.48238068 2.158070195
-45.54170608 16.16080795 1.997585719
-56.61111186 -29.51021128 18.23831359
-59.69303227 -21.03290568 12.99905059
-56.36050927 -25.00774278 19.93714863
-58.85542435 -30.78262542 13.43268153
-61.71059307 -4.131380453 2.55333354
-61.16245637 -12.49079198 7.719733988
-61.3624239 -4.127927369 6.830541951
-61.76715093 -8.321879116 0
-55.88169215 -16.45982491 23.0934796
-59.3540804 -16.74959598 14.73977852
-56.11443695 -20.64881221 21.56062189
-57.47532046 -12.35782267 20.59400208
-58.08305415 -20.89896855 17.35294437
-61.62657786 -32.33405967 2.876630029
-60.96788992 -21.66776383 8.00623218
-60.6304298 -31.77759057 8.257089922
-61.76715093 -27.03511761 0
-60.15625884 -26.20329343 10.7041615
-59.74088517 -4.11399303 15.28532761
-60.29981738 -12.44262857 12.03125317
-60.69723541 -4.118973101 11.1066359
-58.75149351 -8.217448068 17.97150849
-60.93593049 -8.290672292 9.428758387
-59.05537355 -12.44935569 16.35474743
-61.46353674 -16.98810374 -5.214509442
-61.46353674 -16.98810374 5.214509442
-61.69835932 -12.62945186 -2.600100537
-61.67539838 -21.88596682 -2.705254275
-61.69835932 -12.62945186 2.600100537
-61.67539838 -21.88596682 2.705254275
