-13.82882067 22.37550187 0
22.37550187 36.20432255 0
-22.37550187 -36.20432255 0
13.82882067 -22.37550187 0
0 -14.49789684 23.45808985
0 14.49789684 23.45808985
0 -14.49789684 -23.45808985
0 14.49789684 -23.45808985
27.25960153 0 -16.84736026
27.25960153 0 16.84736026
-27.25960153 0 -16.84736026
-27.25960153 0 16.84736026
0 36.20432255 0
0 -36.20432255 0
-11.27763713 -29.52523732 18.24760019
8.457144774 -22.14109247 13.68394769
-8.457144774 22.14109247 13.68394769
11.27763713 29.52523732 18.24760019
0 0 25.60032198
-11.27763713 -29.52523732 -18.24760019
8.457144774 -22.14109247 -13.68394769
-8.457144774 22.14109247 -13.68394769
11.27763713 29.52523732 -18.24760019
0 0 -25.60032198
31.76349211 19.63091773 -12.13257438
21.22396949 -13.11713452 -8.106834969
12.91850203 -7.984073339 -20.90257537
15.60594062 9.645001728 -25.25094235
31.76349211 19.63091773 12.13257438
21.22396949 -13.11713452 8.106834969
12.91850203 -7.984073339 20.90257537
15.60594062 9.645001728 25.25094235
36.20432255 0 0
-21.22396949 13.11713452 -8.106834969
-31.76349211 -19.63091773 -12.13257438
-15.60594062 -9.645001728 -25.25094235
-12.91850203 7.984073339 -20.90257537
-21.22396949 13.11713452 8.106834969
-31.76349211 -19.63091773 12.13257438
-15.60594062 -9.645001728 25.25094235
-12.91850203 7.984073339 20.90257537
-36.20432255 0 0
-8.009545348 28.1947772 0
10.28488933 36.20432255 0
-10.28488933 -36.20432255 0
8.009545348 -28.1947772 0
-16.87917317 -33.55960921 10.1103393
-5.160173635 -22.28852171 22.55407572
-5.925172005 -34.68656108 9.587129693
11.65636228 -23.17548136 6.981963896
4.439556119 -19.17593282 19.40440225
5.010299552 -29.33080446 8.106834969
0 -27.25960153 16.84736026
-11.65636228 23.17548136 6.981963896
-4.439556119 19.17593282 19.40440225
-5.010299552 29.33080446 8.106834969
16.87917317 33.55960921 10.1103393
5.160173635 22.28852171 22.55407572
5.925172005 34.68656108 9.587129693
0 27.25960153 16.84736026
0 -7.130086443 25.09895255
0 7.130086443 25.09895255
-16.87917317 -33.55960921 -10.1103393
-5.160173635 -22.28852171 -22.55407572
-5.925172005 -34.68656108 -9.587129693
11.65636228 -23.17548136 -6.981963896
4.439556119 -19.17593282 -19.40440225
5.010299552 -29.33080446 -8.106834969
0 -27.25960153 -16.84736026
-11.65636228 23.17548136 -6.981963896
-4.439556119 19.17593282 -19.40440225
-5.010299552 29.33080446 -8.106834969
16.87917317 33.55960921 -10.1103393
5.160173635 22.28852171 -22.55407572
5.925172005 34.68656108 -9.587129693
0 27.25960153 -16.84736026
0 -7.130086443 -25.09895255
0 7.130086443 -25.09895255
30.94987425 31.31862295 -7.165424751
31.50467838 9.491260337 -15.84562319
22.5690636 26.42431992 -16.33112784
17.761307 -17.97292204 -4.112046071
24.41322014 -7.354851404 -12.27889657
15.08556029 -17.66248163 -10.91601397
6.704252684 -11.19272447 -22.25366464
19.45482681 -4.451092815 -19.22576368
10.96103167 -15.14777322 -17.7353218
6.746467656 -4.169546315 -24.40894928
17.93037228 -11.0815795 -15.31436622
7.635222149 12.74697446 -25.34386474
22.68117219 5.189252185 -22.41412173
15.39995937 21.28222042 -24.91765768
7.05612108 4.360922656 -25.5292859
25.09943139 15.5123017 -21.4374737
14.49789684 0 -23.45808985
30.94987425 31.31862295 7.165424751
31.50467838 9.491260337 15.84562319
22.5690636 26.42431992 16.33112784
36.20432255 22.37550187 0
17.761307 -17.97292204 4.112046071
24.41322014 -7.354851404 12.27889657
15.08556029 -17.66248163 10.91601397
22.37550187 -13.82882067 0
6.704252684 -11.19272447 22.25366464
19.45482681 -4.451092815 19.22576368
10.96103167 -15.14777322 17.7353218
6.746467656 -4.169546315 24.40894928
17.93037228 -11.0815795 15.31436622
7.635222149 12.74697446 25.34386474
22.68117219 5.189252185 22.41412173
15.39995937 21.28222042 24.91765768
7.05612108 4.360922656 25.5292859
25.09943139 15.5123017 21.4374737
14.49789684 0 23.45808985
33.59457698 0 -9.543515306
33.59457698 0 9.543515306
35.50731101 9.813979392 -6.065372829
27.86977993 -7.70301772 -4.760726767
35.50731101 9.813979392 6.065372829
27.86977993 -7.70301772 4.760726767
-17.761307 17.97292204 -4.112046071
-24.41322014 7.354851404 -12.27889657
-15.08556029 17.66248163 -10.91601397
-30.94987425 -31.31862295 -7.165424751
-31.50467838 -9.491260337 -15.84562319
-22.5690636 -26.42431992 -16.33112784
-7.635222149 -12.74697446 -25.34386474
-22.68117219 -5.189252185 -22.41412173
-15.39995937 -21.28222042 -24.91765768
-7.05612108 -4.360922656 -25.5292859
-25.09943139 -15.5123017 -21.4374737
-6.704252684 11.19272447 -22.25366464
-19.45482681 4.451092815 -19.22576368
-10.96103167 15.14777322 -17.7353218
-6.746467656 4.169546315 -24.40894928
-17.93037228 11.0815795 -15.31436622
-14.49789684 0 -23.45808985
-17.761307 17.97292204 4.112046071
-24.41322014 7.354851404 12.27889657
-15.08556029 17.66248163 10.91601397
-22.37550187 13.82882067 0
-30.94987425 -31.31862295 7.165424751
-31.50467838 -9.491260337 15.84562319
-22.5690636 -26.42431992 16.33112784
-36.20432255 -22.37550187 0
-7.635222149 -12.74697446 25.34386474
-22.68117219 -5.189252185 22.41412173
-15.39995937 -21.28222042 24.91765768
-7.05612108 -4.360922656 25.5292859
-25.09943139 -15.5123017 21.4374737
-6.704252684 11.19272447 22.25366464
-19.45482681 4.451092815 19.22576368
-10.96103167 15.14777322 17.7353218
-6.746467656 4.169546315 24.40894928
-17.93037228 11.0815795 15.31436622
-14.49789684 0 23.45808985
-33.59457698 0 -9.543515306
-33.59457698 0 9.543515306
-27.86977993 7.70301772 -4.760726767
-35.50731101 -9.813979392 -6.065372829
-27.86977993 7.70301772 4.760726767
-35.50731101 -9.813979392 6.065372829
-11.07647206 25.12785048 0
-4.426184648 31.7781379 0
15.95903189 36.20432255 0
5.04268114 36.20432255 0
-15.95903189 -36.20432255 0
-5.04268114 -36.20432255 0
11.07647206 -25.12785048 0
4.426184648 -31.7781379 0
-19.78788565 -35.32958629 5.359114221
-14.02687657 -31.56326606 14.34759767
-13.80870406 -35.62932106 5.074941195
-2.385411169 -18.11106773 23.05923564
-8.547281184 -27.35043669 21.87686351
-2.985403701 -35.85311332 4.830484658
-8.726407515 -32.57661316 14.11962396
-8.148238733 -35.77368677 4.915679698
-11.26157223 -34.25077459 9.871864959
12.8766567 -22.990175 3.487359654
10.176702 -22.89960643 10.4093898
10.00744909 -25.82129467 3.677913251
2.242181542 -17.02360679 21.67466691
6.529786261 -20.89465666 16.71306228
0 -20.73753423 20.98460918
2.740846231 -32.91610796 4.43478236
6.88658975 -25.70837654 11.14273628
6.633915697 -29.12526621 4.002116995
0 -33.7198786 9.319945227
8.564510754 -26.04797281 7.507627874
-5.644546643 -30.31571886 18.73614465
4.575023644 -24.57152706 15.18603888
-2.619091956 -25.18339119 20.02005708
-2.966609455 -32.90020301 14.40022479
2.389617182 -22.97691921 18.2659766
2.604042509 -28.87927397 12.64028787
-12.8766567 22.990175 3.487359654
-10.176702 22.89960643 10.4093898
-10.00744909 25.82129467 3.677913251
-2.242181542 17.02360679 21.67466691
-6.529786261 20.89465666 16.71306228
-2.740846231 32.91610796 4.43478236
-6.88658975 25.70837654 11.14273628
-6.633915697 29.12526621 4.002116995
-8.564510754 26.04797281 7.507627874
19.78788565 35.32958629 5.359114221
14.02687657 31.56326606 14.34759767
13.80870406 35.62932106 5.074941195
2.385411169 18.11106773 23.05923564
8.547281184 27.35043669 21.87686351
0 20.73753423 20.98460918
2.985403701 35.85311332 4.830484658
8.726407515 32.57661316 14.11962396
8.148238733 35.77368677 4.915679698
0 33.7198786 9.319945227
11.26157223 34.25077459 9.871864959
-4.575023644 24.57152706 15.18603888
5.644546643 30.31571886 18.73614465
-2.389617182 22.97691921 18.2659766
-2.604042509 28.87927397 12.64028787
2.619091956 25.18339119 20.02005708
2.966609455 32.90020301 14.40022479
0 -10.77352145 24.44058312
0 -3.548545103 25.47705633
0 10.77352145 24.44058312
0 3.548545103 25.47705633
-19.78788565 -35.32958629 -5.359114221
-14.02687657 -31.56326606 -14.34759767
-13.80870406 -35.62932106 -5.074941195
-2.385411169 -18.11106773 -23.05923564
-8.547281184 -27.35043669 -21.87686351
-2.985403701 -35.85311332 -4.830484658
-8.726407515 -32.57661316 -14.11962396
-8.148238733 -35.77368677 -4.915679698
-11.26157223 -34.25077459 -9.871864959
12.8766567 -22.990175 -3.487359654
10.176702 -22.89960643 -10.4093898
10.00744909 -25.82129467 -3.677913251
2.242181542 -17.02360679 -21.67466691
6.529786261 -20.89465666 -16.71306228
0 -20.73753423 -20.98460918
2.740846231 -32.91610796 -4.43478236
6.88658975 -25.70837654 -11.14273628
6.633915697 -29.12526621 -4.002116995
0 -33.7198786 -9.319945227
8.564510754 -26.04797281 -7.507627874
-5.644546643 -30.31571886 -18.73614465
4.575023644 -24.57152706 -15.18603888
-2.619091956 -25.18339119 -20.02005708
-2.966609455 -32.90020301 -14.40022479
2.389617182 -22.97691921 -18.2659766
2.604042509 -28.87927397 -12.64028787
-12.8766567 22.990175 -3.487359654
-10.176702 22.89960643 -10.4093898
-10.00744909 25.82129467 -3.677913251
-2.242181542 17.02360679 -21.67466691
-6.529786261 20.89465666 -16.71306228
-2.740846231 32.91610796 -4.43478236
-6.88658975 25.70837654 -11.14273628
-6.633915697 29.12526621 -4.002116995
-8.564510754 26.04797281 -7.507627874
19.78788565 35.32958629 -5.359114221
14.02687657 31.56326606 -14.34759767
13.80870406 35.62932106 -5.074941195
2.385411169 18.11106773 -23.05923564
8.547281184 27.35043669 -21.87686351
0 20.73753423 -20.98460918
2.985403701 35.85311332 -4.830484658
8.726407515 32.57661316 -14.11962396
8.148238733 35.77368677 -4.915679698
0 33.7198786 -9.319945227
11.26157223 34.25077459 -9.871864959
-4.575023644 24.57152706 -15.18603888
5.644546643 30.31571886 -18.73614465
-2.389617182 22.97691921 -18.2659766
-2.604042509 28.87927397 -12.64028787
2.619091956 25.18339119 -20.02005708
2.966609455 32.90020301 -14.40022479
0 -10.77352145 -24.44058312
0 -3.548545103 -25.47705633
0 10.77352145 -24.44058312
0 3.548545103 -25.47705633
27.80799619 35.405485 -3.662594921
31.68829646 25.34659847 -9.902905143
23.80273448 33.0278588 -8.876169772
31.19391676 4.731778107 -17.47152239
31.66476694 14.39373655 -14.07198408
16.93790755 28.27777251 -17.47662454
27.75342279 23.60847153 -14.59083783
20.1210159 30.54288653 -13.49478503
26.45617334 28.69955159 -12.09608425
15.87330406 -20.21008723 -2.090675014
19.53464506 -15.62522634 -6.104769224
14.80679775 -20.54540523 -5.521535803
25.90124101 -3.928936724 -14.507127
22.84852977 -10.38617207 -10.15400327
11.90039955 -19.86767199 -12.27889657
18.15284484 -15.44173214 -9.543515306
13.45546641 -20.4248526 -9.024326985
16.58645465 -17.99292002 -7.583528814
3.468720689 -12.80783456 -22.86729893
9.820815615 -9.601284589 -21.60480265
5.637307968 -15.11725758 -20.97618865
3.414526384 -9.290784374 -23.97215103
23.12372938 -2.392082859 -18.16172207
16.09471894 -6.288199781 -20.12160432
22.24643696 -5.978684616 -16.03270849
9.796290516 -18.63365186 -15.85073102
11.99258012 -11.62290882 -19.40440225
7.823175924 -17.11060324 -18.56151432
13.20126411 -16.62651446 -14.50959332
8.926332069 -13.30935388 -20.20305969
3.408865568 -2.106794784 -25.30148674
9.940745305 -6.143718472 -22.93515856
3.4060296 -5.645840254 -24.78726108
6.762940556 -7.714990419 -23.46425458
19.82319885 -12.25141066 -11.8737609
15.60594062 -9.645001728 -18.34588349
21.09021443 -9.31830427 -13.89379289
16.58071609 -14.46962609 -13.16490072
18.77072661 -7.91135324 -17.30346188
14.4544469 -13.15109024 -16.56332229
3.730834889 13.77565977 -24.59526849
11.63674376 11.37662012 -25.5996612
6.553530552 17.5742411 -24.3854148
3.592865898 9.776038779 -25.22420806
25.36326688 2.62375653 -19.92068824
19.35965096 7.563807321 -24.20341963
28.69779265 7.712473313 -20.68211393
21.06761649 0 -20.8195642
13.50463472 25.6873417 -21.85095798
15.82043372 15.33276882 -25.59799947
10.17194884 22.24776516 -24.13428714
18.87932057 23.77782112 -20.75038129
11.18021949 16.66994869 -25.3043064
3.446846229 2.130268123 -25.58338908
11.02064476 6.811133038 -25.42668856
3.51059384 5.819166109 -25.54822367
6.944372104 0 -25.1249743
7.375569604 8.413862041 -25.58979211
28.42609999 17.56829596 -17.0267532
21.22396949 13.11713452 -24.95027252
28.64386476 12.65573891 -18.86998
24.11416665 21.04390264 -19.14637512
25.38393805 10.69864288 -23.39973373
20.49563505 18.64754479 -23.48590791
13.75352112 -4.143456028 -22.25366464
15.13210311 4.55877468 -24.48425716
17.17518419 -2.246916009 -21.60480265
10.49767729 -2.162640455 -23.98405018
18.28563328 2.392188735 -23.0016455
10.88138113 2.241687795 -24.8606986
27.80799619 35.405485 3.662594921
31.68829646 25.34659847 9.902905143
23.80273448 33.0278588 8.876169772
35.77804912 36.20432255 0
31.19391676 4.731778107 17.47152239
31.66476694 14.39373655 14.07198408
16.93790755 28.27777251 17.47662454
27.75342279 23.60847153 14.59083783
20.1210159 30.54288653 13.49478503
26.45617334 28.69955159 12.09608425
34.77897396 21.494588 -6.475569378
34.77897396 21.494588 6.475569378
35.36789795 28.11644113 -3.678288453
35.36789795 28.11644113 3.678288453
15.87330406 -20.21008723 2.090675014
19.53464506 -15.62522634 6.104769224
14.80679775 -20.54540523 5.521535803
17.99496183 -18.20936072 0
25.90124101 -3.928936724 14.507127
22.84852977 -10.38617207 10.15400327
11.90039955 -19.86767199 12.27889657
18.15284484 -15.44173214 9.543515306
13.45546641 -20.4248526 9.024326985
16.58645465 -17.99292002 7.583528814
22.08496811 -13.64926093 -4.112046071
22.08496811 -13.64926093 4.112046071
20.10249645 -15.98089485 -2.090675014
20.10249645 -15.98089485 2.090675014
3.468720689 -12.80783456 22.86729893
9.820815615 -9.601284589 21.60480265
5.637307968 -15.11725758 20.97618865
3.414526384 -9.290784374 23.97215103
23.12372938 -2.392082859 18.16172207
16.09471894 -6.288199781 20.12160432
22.24643696 -5.978684616 16.03270849
9.796290516 -18.63365186 15.85073102
11.99258012 -11.62290882 19.40440225
7.823175924 -17.11060324 18.56151432
13.20126411 -16.62651446 14.50959332
8.926332069 -13.30935388 20.20305969
3.408865568 -2.106794784 25.30148674
9.940745305 -6.143718472 22.93515856
3.4060296 -5.645840254 24.78726108
6.762940556 -7.714990419 23.46425458
19.82319885 -12.25141066 11.8737609
15.60594062 -9.645001728 18.34588349
21.09021443 -9.31830427 13.89379289
16.58071609 -14.46962609 13.16490072
18.77072661 -7.91135324 17.30346188
14.4544469 -13.15109024 16.56332229
3.730834889 13.77565977 24.59526849
11.63674376 11.37662012 25.5996612
6.553530552 17.5742411 24.3854148
3.592865898 9.776038779 25.22420806
25.36326688 2.62375653 19.92068824
19.35965096 7.563807321 24.20341963
28.69779265 7.712473313 20.68211393
21.06761649 0 20.8195642
13.50463472 25.6873417 21.85095798
15.82043372 15.33276882 25.59799947
10.17194884 22.24776516 24.13428714
18.87932057 23.77782112 20.75038129
11.18021949 16.66994869 25.3043064
3.446846229 2.130268123 25.58338908
11.02064476 6.811133038 25.42668856
3.51059384 5.819166109 25.54822367
6.944372104 0 25.1249743
7.375569604 8.413862041 25.58979211
28.42609999 17.56829596 17.0267532
21.22396949 13.11713452 24.95027252
28.64386476 12.65573891 18.86998
24.11416665 21.04390264 19.14637512
25.38393805 10.69864288 23.39973373
20.49563505 18.64754479 23.48590791
13.75352112 -4.143456028 22.25366464
15.13210311 4.55877468 24.48425716
17.17518419 -2.246916009 21.60480265
10.49767729 -2.162640455 23.98405018
18.28563328 2.392188735 23.0016455
10.88138113 2.241687795 24.8606986
30.72338942 0 -13.54301136
35.52175764 0 -4.947610802
33.51951447 4.774426225 -12.99101532
28.57227564 -4.069755313 -11.07363506
30.72338942 0 13.54301136
35.52175764 0 4.947610802
33.51951447 4.774426225 12.99101532
28.57227564 -4.069755313 11.07363506
34.23605349 14.83887225 -9.170927408
36.06050716 4.858426799 -3.002672894
33.86074748 9.75945013 -11.13333226
35.94768936 15.73409159 -3.241401128
35.18087089 4.834220579 -8.013211964
24.41878091 -10.58378912 -6.541141409
31.73524612 -4.275685019 -2.642518667
26.43472161 -7.619097819 -8.69167283
25.08373922 -10.97900469 -2.261799354
30.62600307 -4.208333977 -6.975741306
34.23605349 14.83887225 9.170927408
36.06050716 4.858426799 3.002672894
33.86074748 9.75945013 11.13333226
35.94768936 15.73409159 3.241401128
35.18087089 4.834220579 8.013211964
36.20432255 10.00662864 0
24.41878091 -10.58378912 6.541141409
31.73524612 -4.275685019 2.642518667
26.43472161 -7.619097819 8.69167283
25.08373922 -10.97900469 2.261799354
30.62600307 -4.208333977 6.975741306
28.36455293 -7.839769616 0
-15.87330406 20.21008723 -2.090675014
-19.53464506 15.62522634 -6.104769224
-14.80679775 20.54540523 -5.521535803
-25.90124101 3.928936724 -14.507127
-22.84852977 10.38617207 -10.15400327
-11.90039955 19.86767199 -12.27889657
-18.15284484 15.44173214 -9.543515306
-13.45546641 20.4248526 -9.024326985
-16.58645465 17.99292002 -7.583528814
-27.80799619 -35.405485 -3.662594921
-31.68829646 -25.34659847 -9.902905143
-23.80273448 -33.0278588 -8.876169772
-31.19391676 -4.731778107 -17.47152239
-31.66476694 -14.39373655 -14.07198408
-16.93790755 -28.27777251 -17.47662454
-27.75342279 -23.60847153 -14.59083783
-20.1210159 -30.54288653 -13.49478503
-26.45617334 -28.69955159 -12.09608425
-3.730834889 -13.77565977 -24.59526849
-11.63674376 -11.37662012 -25.5996612
-6.553530552 -17.5742411 -24.3854148
-3.592865898 -9.776038779 -25.22420806
-25.36326688 -2.62375653 -19.92068824
-19.35965096 -7.563807321 -24.20341963
-28.69779265 -7.712473313 -20.68211393
-13.50463472 -25.6873417 -21.85095798
-15.82043372 -15.33276882 -25.59799947
-10.17194884 -22.24776516 -24.13428714
-18.87932057 -23.77782112 -20.75038129
-11.18021949 -16.66994869 -25.3043064
-3.446846229 -2.130268123 -25.58338908
-11.02064476 -6.811133038 -25.42668856
-3.51059384 -5.819166109 -25.54822367
-7.375569604 -8.413862041 -25.58979211
-28.42609999 -17.56829596 -17.0267532
-21.22396949 -13.11713452 -24.95027252
-28.64386476 -12.65573891 -18.86998
-24.11416665 -21.04390264 -19.14637512
-25.38393805 -10.69864288 -23.39973373
-20.49563505 -18.64754479 -23.48590791
-3.468720689 12.80783456 -22.86729893
-9.820815615 9.601284589 -21.60480265
-5.637307968 15.11725758 -20.97618865
-3.414526384 9.290784374 -23.97215103
-23.12372938 2.392082859 -18.16172207
-16.09471894 6.288199781 -20.12160432
-22.24643696 5.978684616 -16.03270849
-21.06761649 0 -20.8195642
-9.796290516 18.63365186 -15.85073102
-11.99258012 11.62290882 -19.40440225
-7.823175924 17.11060324 -18.56151432
-13.20126411 16.62651446 -14.50959332
-8.926332069 13.30935388 -20.20305969
-3.408865568 2.106794784 -25.30148674
-9.940745305 6.143718472 -22.93515856
-3.4060296 5.645840254 -24.78726108
-6.944372104 0 -25.1249743
-6.762940556 7.714990419 -23.46425458
-19.82319885 12.25141066 -11.8737609
-15.60594062 9.645001728 -18.34588349
-21.09021443 9.31830427 -13.89379289
-16.58071609 14.46962609 -13.16490072
-18.77072661 7.91135324 -17.30346188
-14.4544469 13.15109024 -16.56332229
-15.13210311 -4.55877468 -24.48425716
-13.75352112 4.143456028 -22.25366464
-18.28563328 -2.392188735 -23.0016455
-10.88138113 -2.241687795 -24.8606986
-17.17518419 2.246916009 -21.60480265
-10.49767729 2.162640455 -23.98405018
-15.87330406 20.21008723 2.090675014
-19.53464506 15.62522634 6.104769224
-14.80679775 20.54540523 5.521535803
-17.99496183 18.20936072 0
-25.90124101 3.928936724 14.507127
-22.84852977 10.38617207 10.15400327
-11.90039955 19.86767199 12.27889657
-18.15284484 15.44173214 9.543515306
-13.45546641 20.4248526 9.024326985
-16.58645465 17.99292002 7.583528814
-22.08496811 13.64926093 -4.112046071
-22.08496811 13.64926093 4.112046071
-20.10249645 15.98089485 -2.090675014
-20.10249645 15.98089485 2.090675014
-27.80799619 -35.405485 3.662594921
-31.68829646 -25.34659847 9.902905143
-23.80273448 -33.0278588 8.876169772
-35.77804912 -36.20432255 0
-31.19391676 -4.731778107 17.47152239
-31.66476694 -14.39373655 14.07198408
-16.93790755 -28.27777251 17.47662454
-27.75342279 -23.60847153 14.59083783
-20.1210159 -30.54288653 13.49478503
-26.45617334 -28.69955159 12.09608425
-34.77897396 -21.494588 -6.475569378
-34.77897396 -21.494588 6.475569378
-35.36789795 -28.11644113 -3.678288453
-35.36789795 -28.11644113 3.678288453
-3.730834889 -13.77565977 24.59526849
-11.63674376 -11.37662012 25.5996612
-6.553530552 -17.5742411 24.3854148
-3.592865898 -9.776038779 25.22420806
-25.36326688 -2.62375653 19.92068824
-19.35965096 -7.563807321 24.20341963
-28.69779265 -7.712473313 20.68211393
-13.50463472 -25.6873417 21.85095798
-15.82043372 -15.33276882 25.59799947
-10.17194884 -22.24776516 24.13428714
-18.87932057 -23.77782112 20.75038129
-11.18021949 -16.66994869 25.3043064
-3.446846229 -2.130268123 25.58338908
-11.02064476 -6.811133038 25.42668856
-3.51059384 -5.819166109 25.54822367
-7.375569604 -8.413862041 25.58979211
-28.42609999 -17.56829596 17.0267532
-21.22396949 -13.11713452 24.95027252
-28.64386476 -12.65573891 18.86998
-24.11416665 -21.04390264 19.14637512
-25.38393805 -10.69864288 23.39973373
-20.49563505 -18.64754479 23.48590791
-3.468720689 12.80783456 22.86729893
-9.820815615 9.601284589 21.60480265
-5.637307968 15.11725758 20.97618865
-3.414526384 9.290784374 23.97215103
-23.12372938 2.392082859 18.16172207
-16.09471894 6.288199781 20.12160432
-22.24643696 5.978684616 16.03270849
-21.06761649 0 20.8195642
-9.796290516 18.63365186 15.85073102
-11.99258012 11.62290882 19.40440225
-7.823175924 17.11060324 18.56151432
-13.20126411 16.62651446 14.50959332
-8.926332069 13.30935388 20.20305969
-3.408865568 2.106794784 25.30148674
-9.940745305 6.143718472 22.93515856
-3.4060296 5.645840254 24.78726108
-6.944372104 0 25.1249743
-6.762940556 7.714990419 23.46425458
-19.82319885 12.25141066 11.8737609
-15.60594062 9.645001728 18.34588349
-21.09021443 9.31830427 13.89379289
-16.58071609 14.46962609 13.16490072
-18.77072661 7.91135324 17.30346188
-14.4544469 13.15109024 16.56332229
-15.13210311 -4.55877468 24.48425716
-13.75352112 4.143456028 22.25366464
-18.28563328 -2.392188735 23.0016455
-10.88138113 -2.241687795 24.8606986
-17.17518419 2.246916009 21.60480265
-10.49767729 2.162640455 23.98405018
-30.72338942 0 -13.54301136
-35.52175764 0 -4.947610802
-28.57227564 4.069755313 -11.07363506
-33.51951447 -4.774426225 -12.99101532
-30.72338942 0 13.54301136
-35.52175764 0 4.947610802
-28.57227564 4.069755313 11.07363506
-33.51951447 -4.774426225 12.99101532
-24.41878091 10.58378912 -6.541141409
-31.73524612 4.275685019 -2.642518667
-26.43472161 7.619097819 -8.69167283
-25.08373922 10.97900469 -2.261799354
-30.62600307 4.208333977 -6.975741306
-34.23605349 -14.83887225 -9.170927408
-36.06050716 -4.858426799 -3.002672894
-33.86074748 -9.75945013 -11.13333226
-35.94768936 -15.73409159 -3.241401128
-35.18087089 -4.834220579 -8.013211964
-24.41878091 10.58378912 6.541141409
-31.73524612 4.275685019 2.642518667
-26.43472161 7.619097819 8.69167283
-25.08373922 10.97900469 2.261799354
-30.62600307 4.208333977 6.975741306
-28.36455293 7.839769616 0
-34.23605349 -14.83887225 9.170927408
-36.06050716 -4.858426799 3.002672894
-33.86074748 -9.75945013 11.13333226
-35.94768936 -15.73409159 3.241401128
-35.18087089 -4.834220579 8.013211964
-36.20432255 -10.00662864 0
-12.48225728 23.72206526 0
-9.592967426 26.61135512 0
-2.346592886 33.85772966 0
-6.2988332 29.90548935 0
19.05026665 36.20432255 0
13.05107858 36.20432255 0
2.509229254 36.20432255 0
7.625522733 36.20432255 0
-19.05026665 -36.20432255 0
-13.05107858 -36.20432255 0
-2.509229254 -36.20432255 0
-7.625522733 -36.20432255 0
12.48225728 -23.72206526 0
9.592967426 -26.61135512 0
2.346592886 -33.85772966 0
6.2988332 -29.90548935 0
-21.16989006 -35.952903 2.74952733
-18.33768143 -34.49754583 7.809528429
-17.96131474 -36.01121794 2.654358285
-12.64138317 -30.54620604 16.32922878
-15.43930586 -32.57204371 12.2820463
-12.07686384 -36.07295029 2.51780803
-15.42799436 -34.80470454 7.626129174
-14.92566874 -36.04788722 2.58020664
-16.72217381 -35.50602894 5.216178658
-1.154369232 -16.24893643 23.26915353
-3.7126221 -20.11263296 22.82315288
-9.928037167 -28.49987989 20.1218356
-6.758616666 -24.68249939 22.24283479
-1.494502477 -36.12008879 2.418155804
-4.465778979 -35.38179067 7.225782174
-4.019868604 -36.1126369 2.429342467
-10.03938038 -31.16189898 16.24405868
-7.350286059 -33.75330065 11.89301267
-11.36118776 -32.11704643 14.25066676
-9.233954862 -36.08981444 2.485286997
-7.042174798 -35.29489806 7.282962473
-6.606265165 -36.10292402 2.449979343
-10.92361596 -35.71090054 4.994808695
-5.542060753 -35.81708375 4.873113472
-14.02988774 -33.94957715 9.999770485
-8.565257846 -34.49054558 9.733159034
-12.70119099 -33.05656881 12.16405116
-12.54340897 -35.00710776 7.526911139
-9.991301844 -33.44247025 12.03299559
-9.738856735 -35.16604734 7.413290361
13.38645937 -22.73427372 1.738621966
12.29969814 -23.13866133 5.238112716
12.01926403 -24.09780925 1.776230389
9.345213066 -22.5814533 12.07147352
10.94801597 -23.09684502 8.709202358
9.055985058 -27.04974596 1.888009354
10.87170272 -24.52596186 5.373933084
10.57400154 -25.53791201 1.827932098
11.47780425 -24.37071007 3.580292743
1.122684433 -15.80294023 22.63046841
3.350459689 -18.1506666 20.59677814
0 -17.57793892 22.38044944
7.516921044 -21.57841911 15.23506076
5.501760411 -20.09245452 18.10647858
-2.47447967 -21.51681636 21.77317598
2.295044264 -19.95653735 20.1943072
-1.198273318 -19.48519385 22.09458654
1.157737168 -18.82603311 21.34715317
1.432561236 -34.6230534 2.317932771
3.930294083 -31.13921292 6.359349411
3.613187083 -32.45919856 2.183571078
0 -35.56450615 4.791600656
7.705034405 -23.91616761 12.46700755
5.991947685 -27.51566539 9.695175014
8.583196605 -24.26391762 10.76615202
7.353942619 -28.74201017 1.979288207
5.851412128 -29.32687706 6.051484969
5.581753711 -30.50401779 2.070032151
8.384817692 -27.41119714 3.833946604
4.785344607 -30.92659864 4.207735771
-2.953433012 -34.81217945 9.621849756
2.663702219 -31.39711627 8.677949506
-1.493769331 -35.44598202 7.2556763
1.410618857 -33.4728861 6.851790034
10.15475019 -24.57250418 7.237775038
6.860217476 -27.62469593 7.795630779
9.406609206 -24.48197376 9.008798915
9.319716152 -26.01017861 5.592472947
7.754346859 -25.9550275 9.338925295
7.646269146 -27.60992076 5.820397085
-8.468314084 -30.00506271 18.54414859
-2.658537633 -28.7349192 17.75915673
-7.133481875 -28.98252501 20.41289158
-7.193905442 -31.52016644 16.48571032
6.58461803 -23.33072143 14.41917883
2.394081714 -25.87653594 15.99257872
5.58579155 -22.69443536 15.98408173
5.763170722 -25.2513884 13.20700749
-3.908459336 -23.82907516 21.37664656
-1.31009562 -26.33137135 18.50255026
-5.430372388 -26.25966328 20.93912142
-1.25133536 -22.87191755 20.53415931
-4.050609449 -27.6270622 19.42812198
-4.453847565 -33.91628946 12.05372453
-1.398910882 -29.9691269 15.72411727
-5.84272006 -32.83547059 14.3027091
-1.470614162 -33.5276115 11.8975185
-4.331771214 -31.80747128 16.67091595
3.44894432 -21.02750633 18.86340816
1.246144142 -25.04602233 17.59936012
4.53292044 -21.919853 17.47861191
1.200026798 -21.93409924 19.69219622
3.497233149 -23.85277548 16.77393811
0 -24.06170331 19.12834814
3.840500734 -29.24562025 10.39378587
1.317186355 -28.21832723 14.80551263
4.846322955 -27.23582394 11.86357497
1.371076575 -31.25831637 11.0922425
3.634541721 -26.68783176 13.98761305
0 -30.784027 13.47398703
-13.38645937 22.73427372 1.738621966
-12.29969814 23.13866133 5.238112716
-12.01926403 24.09780925 1.776230389
-9.345213066 22.5814533 12.07147352
-10.94801597 23.09684502 8.709202358
-9.055985058 27.04974596 1.888009354
-10.87170272 24.52596186 5.373933084
-10.57400154 25.53791201 1.827932098
-11.47780425 24.37071007 3.580292743
-1.122684433 15.80294023 22.63046841
-3.350459689 18.1506666 20.59677814
-7.516921044 21.57841911 15.23506076
-5.501760411 20.09245452 18.10647858
-1.432561236 34.6230534 2.317932771
-3.930294083 31.13921292 6.359349411
-3.613187083 32.45919856 2.183571078
-7.705034405 23.91616761 12.46700755
-5.991947685 27.51566539 9.695175014
-8.583196605 24.26391762 10.76615202
-7.353942619 28.74201017 1.979288207
-5.851412128 29.32687706 6.051484969
-5.581753711 30.50401779 2.070032151
-8.384817692 27.41119714 3.833946604
-4.785344607 30.92659864 4.207735771
-10.15475019 24.57250418 7.237775038
-6.860217476 27.62469593 7.795630779
-9.406609206 24.48197376 9.008798915
-9.319716152 26.01017861 5.592472947
-7.754346859 25.9550275 9.338925295
-7.646269146 27.60992076 5.820397085
21.16989006 35.952903 2.74952733
18.33768143 34.49754583 7.809528429
17.96131474 36.01121794 2.654358285
12.64138317 30.54620604 16.32922878
15.43930586 32.57204371 12.2820463
12.07686384 36.07295029 2.51780803
15.42799436 34.80470454 7.626129174
14.92566874 36.04788722 2.58020664
16.72217381 35.50602894 5.216178658
1.154369232 16.24893643 23.26915353
3.7126221 20.11263296 22.82315288
0 17.57793892 22.38044944
9.928037167 28.49987989 20.1218356
6.758616666 24.68249939 22.24283479
-2.295044264 19.95653735 20.1943072
2.47447967 21.51681636 21.77317598
-1.157737168 18.82603311 21.34715317
1.198273318 19.48519385 22.09458654
1.494502477 36.12008879 2.418155804
4.465778979 35.38179067 7.225782174
4.019868604 36.1126369 2.429342467
0 35.56450615 4.791600656
10.03938038 31.16189898 16.24405868
7.350286059 33.75330065 11.89301267
11.36118776 32.11704643 14.25066676
9.233954862 36.08981444 2.485286997
7.042174798 35.29489806 7.282962473
6.606265165 36.10292402 2.449979343
10.92361596 35.71090054 4.994808695
5.542060753 35.81708375 4.873113472
-2.663702219 31.39711627 8.677949506
2.953433012 34.81217945 9.621849756
-1.410618857 33.4728861 6.851790034
1.493769331 35.44598202 7.2556763
14.02988774 33.94957715 9.999770485
8.565257846 34.49054558 9.733159034
12.70119099 33.05656881 12.16405116
12.54340897 35.00710776 7.526911139
9.991301844 33.44247025 12.03299559
9.738856735 35.16604734 7.413290361
-6.58461803 23.33072143 14.41917883
-2.394081714 25.87653594 15.99257872
-5.58579155 22.69443536 15.98408173
-5.763170722 25.2513884 13.20700749
8.468314084 30.00506271 18.54414859
2.658537633 28.7349192 17.75915673
7.133481875 28.98252501 20.41289158
7.193905442 31.52016644 16.48571032
-3.44894432 21.02750633 18.86340816
-1.246144142 25.04602233 17.59936012
-4.53292044 21.919853 17.47861191
-1.200026798 21.93409924 19.69219622
-3.497233149 23.85277548 16.77393811
-3.840500734 29.24562025 10.39378587
-1.317186355 28.21832723 14.80551263
-4.846322955 27.23582394 11.86357497
-1.371076575 31.25831637 11.0922425
-3.634541721 26.68783176 13.98761305
3.908459336 23.82907516 21.37664656
1.31009562 26.33137135 18.50255026
5.430372388 26.25966328 20.93912142
1.25133536 22.87191755 20.53415931
4.050609449 27.6270622 19.42812198
0 24.06170331 19.12834814
4.453847565 33.91628946 12.05372453
1.398910882 29.9691269 15.72411727
5.84272006 32.83547059 14.3027091
1.470614162 33.5276115 11.8975185
4.331771214 31.80747128 16.67091595
0 30.784027 13.47398703
0 -12.62500664 23.99335511
0 -8.942559373 24.80709176
0 -1.772166137 25.56963432
0 -5.333234027 25.3210346
0 12.62500664 23.99335511
0 8.942559373 24.80709176
0 1.772166137 25.56963432
0 5.333234027 25.3210346
-21.16989006 -35.952903 -2.74952733
-18.33768143 -34.49754583 -7.809528429
-17.96131474 -36.01121794 -2.654358285
-12.64138317 -30.54620604 -16.32922878
-15.43930586 -32.57204371 -12.2820463
-12.07686384 -36.07295029 -2.51780803
-15.42799436 -34.80470454 -7.626129174
-14.92566874 -36.04788722 -2.58020664
-16.72217381 -35.50602894 -5.216178658
-1.154369232 -16.24893643 -23.26915353
-3.7126221 -20.11263296 -22.82315288
-9.928037167 -28.49987989 -20.1218356
-6.758616666 -24.68249939 -22.24283479
-1.494502477 -36.12008879 -2.418155804
-4.465778979 -35.38179067 -7.225782174
-4.019868604 -36.1126369 -2.429342467
-10.03938038 -31.16189898 -16.24405868
-7.350286059 -33.75330065 -11.89301267
-11.36118776 -32.11704643 -14.25066676
-9.233954862 -36.08981444 -2.485286997
-7.042174798 -35.29489806 -7.282962473
-6.606265165 -36.10292402 -2.449979343
-10.92361596 -35.71090054 -4.994808695
-5.542060753 -35.81708375 -4.873113472
-14.02988774 -33.94957715 -9.999770485
-8.565257846 -34.49054558 -9.733159034
-12.70119099 -33.05656881 -12.16405116
-12.54340897 -35.00710776 -7.526911139
-9.991301844 -33.44247025 -12.03299559
-9.738856735 -35.16604734 -7.413290361
13.38645937 -22.73427372 -1.738621966
12.29969814 -23.13866133 -5.238112716
12.01926403 -24.09780925 -1.776230389
9.345213066 -22.5814533 -12.07147352
10.94801597 -23.09684502 -8.709202358
9.055985058 -27.04974596 -1.888009354
10.87170272 -24.52596186 -5.373933084
10.57400154 -25.53791201 -1.827932098
11.47780425 -24.37071007 -3.580292743
1.122684433 -15.80294023 -22.63046841
3.350459689 -18.1506666 -20.59677814
0 -17.57793892 -22.38044944
7.516921044 -21.57841911 -15.23506076
5.501760411 -20.09245452 -18.10647858
-2.47447967 -21.51681636 -21.77317598
2.295044264 -19.95653735 -20.1943072
-1.198273318 -19.48519385 -22.09458654
1.157737168 -18.82603311 -21.34715317
1.432561236 -34.6230534 -2.317932771
3.930294083 -31.13921292 -6.359349411
3.613187083 -32.45919856 -2.183571078
0 -35.56450615 -4.791600656
7.705034405 -23.91616761 -12.46700755
5.991947685 -27.51566539 -9.695175014
8.583196605 -24.26391762 -10.76615202
7.353942619 -28.74201017 -1.979288207
5.851412128 -29.32687706 -6.051484969
5.581753711 -30.50401779 -2.070032151
8.384817692 -27.41119714 -3.833946604
4.785344607 -30.92659864 -4.207735771
-2.953433012 -34.81217945 -9.621849756
2.663702219 -31.39711627 -8.677949506
-1.493769331 -35.44598202 -7.2556763
1.410618857 -33.4728861 -6.851790034
10.15475019 -24.57250418 -7.237775038
6.860217476 -27.62469593 -7.795630779
9.406609206 -24.48197376 -9.008798915
9.319716152 -26.01017861 -5.592472947
7.754346859 -25.9550275 -9.338925295
7.646269146 -27.60992076 -5.820397085
-8.468314084 -30.00506271 -18.54414859
-2.658537633 -28.7349192 -17.75915673
-7.133481875 -28.98252501 -20.41289158
-7.193905442 -31.52016644 -16.48571032
6.58461803 -23.33072143 -14.41917883
2.394081714 -25.87653594 -15.99257872
5.58579155 -22.69443536 -15.98408173
5.763170722 -25.2513884 -13.20700749
-3.908459336 -23.82907516 -21.37664656
-1.31009562 -26.33137135 -18.50255026
-5.430372388 -26.25966328 -20.93912142
-1.25133536 -22.87191755 -20.53415931
-4.050609449 -27.6270622 -19.42812198
-4.453847565 -33.91628946 -12.05372453
-1.398910882 -29.9691269 -15.72411727
-5.84272006 -32.83547059 -14.3027091
-1.470614162 -33.5276115 -11.8975185
-4.331771214 -31.80747128 -16.67091595
3.44894432 -21.02750633 -18.86340816
1.246144142 -25.04602233 -17.59936012
4.53292044 -21.919853 -17.47861191
1.200026798 -21.93409924 -19.69219622
3.497233149 -23.85277548 -16.77393811
0 -24.06170331 -19.12834814
3.840500734 -29.24562025 -10.39378587
1.317186355 -28.21832723 -14.80551263
4.846322955 -27.23582394 -11.86357497
1.371076575 -31.25831637 -11.0922425
3.634541721 -26.68783176 -13.98761305
0 -30.784027 -13.47398703
-13.38645937 22.73427372 -1.738621966
-12.29969814 23.13866133 -5.238112716
-12.01926403 24.09780925 -1.776230389
-9.345213066 22.5814533 -12.07147352
-10.94801597 23.09684502 -8.709202358
-9.055985058 27.04974596 -1.888009354
-10.87170272 24.52596186 -5.373933084
-10.57400154 25.53791201 -1.827932098
-11.47780425 24.37071007 -3.580292743
-1.122684433 15.80294023 -22.63046841
-3.350459689 18.1506666 -20.59677814
-7.516921044 21.57841911 -15.23506076
-5.501760411 20.09245452 -18.10647858
-1.432561236 34.6230534 -2.317932771
-3.930294083 31.13921292 -6.359349411
-3.613187083 32.45919856 -2.183571078
-7.705034405 23.91616761 -12.46700755
-5.991947685 27.51566539 -9.695175014
-8.583196605 24.26391762 -10.76615202
-7.353942619 28.74201017 -1.979288207
-5.851412128 29.32687706 -6.051484969
-5.581753711 30.50401779 -2.070032151
-8.384817692 27.41119714 -3.833946604
-4.785344607 30.92659864 -4.207735771
-10.15475019 24.57250418 -7.237775038
-6.860217476 27.62469593 -7.795630779
-9.406609206 24.48197376 -9.008798915
-9.319716152 26.01017861 -5.592472947
-7.754346859 25.9550275 -9.338925295
-7.646269146 27.60992076 -5.820397085
21.16989006 35.952903 -2.74952733
18.33768143 34.49754583 -7.809528429
17.96131474 36.01121794 -2.654358285
12.64138317 30.54620604 -16.32922878
15.43930586 32.57204371 -12.2820463
12.07686384 36.07295029 -2.51780803
15.42799436 34.80470454 -7.626129174
14.92566874 36.04788722 -2.58020664
16.72217381 35.50602894 -5.216178658
1.154369232 16.24893643 -23.26915353
3.7126221 20.11263296 -22.82315288
0 17.57793892 -22.38044944
9.928037167 28.49987989 -20.1218356
6.758616666 24.68249939 -22.24283479
-2.295044264 19.95653735 -20.1943072
2.47447967 21.51681636 -21.77317598
-1.157737168 18.82603311 -21.34715317
1.198273318 19.48519385 -22.09458654
1.494502477 36.12008879 -2.418155804
4.465778979 35.38179067 -7.225782174
4.019868604 36.1126369 -2.429342467
0 35.56450615 -4.791600656
10.03938038 31.16189898 -16.24405868
7.350286059 33.75330065 -11.89301267
11.36118776 32.11704643 -14.25066676
9.233954862 36.08981444 -2.485286997
7.042174798 35.29489806 -7.282962473
6.606265165 36.10292402 -2.449979343
10.92361596 35.71090054 -4.994808695
5.542060753 35.81708375 -4.873113472
-2.663702219 31.39711627 -8.677949506
2.953433012 34.81217945 -9.621849756
-1.410618857 33.4728861 -6.851790034
1.493769331 35.44598202 -7.2556763
14.02988774 33.94957715 -9.999770485
8.565257846 34.49054558 -9.733159034
12.70119099 33.05656881 -12.16405116
12.54340897 35.00710776 -7.526911139
9.991301844 33.44247025 -12.03299559
9.738856735 35.16604734 -7.413290361
-6.58461803 23.33072143 -14.41917883
-2.394081714 25.87653594 -15.99257872
-5.58579155 22.69443536 -15.98408173
-5.763170722 25.2513884 -13.20700749
8.468314084 30.00506271 -18.54414859
2.658537633 28.7349192 -17.75915673
7.133481875 28.98252501 -20.41289158
7.193905442 31.52016644 -16.48571032
-3.44894432 21.02750633 -18.86340816
-1.246144142 25.04602233 -17.59936012
-4.53292044 21.919853 -17.47861191
-1.200026798 21.93409924 -19.69219622
-3.497233149 23.85277548 -16.77393811
-3.840500734 29.24562025 -10.39378587
-1.317186355 28.21832723 -14.80551263
-4.846322955 27.23582394 -11.86357497
-1.371076575 31.25831637 -11.0922425
-3.634541721 26.68783176 -13.98761305
3.908459336 23.82907516 -21.37664656
1.31009562 26.33137135 -18.50255026
5.430372388 26.25966328 -20.93912142
1.25133536 22.87191755 -20.53415931
4.050609449 27.6270622 -19.42812198
0 24.06170331 -19.12834814
4.453847565 33.91628946 -12.05372453
1.398910882 29.9691269 -15.72411727
5.84272006 32.83547059 -14.3027091
1.470614162 33.5276115 -11.8975185
4.331771214 31.80747128 -16.67091595
0 30.784027 -13.47398703
0 -12.62500664 -23.99335511
0 -8.942559373 -24.80709176
0 -1.772166137 -25.56963432
0 -5.333234027 -25.3210346
0 12.62500664 -23.99335511
0 8.942559373 -24.80709176
0 1.772166137 -25.56963432
0 5.333234027 -25.3210346
25.18026093 36.05918211 -1.788875144
29.81554982 33.83370309 -5.503698566
23.60648752 35.38069501 -4.555419599
31.76207878 22.42505337 -11.06443606
31.47084559 28.36020811 -8.617416662
20.25510047 33.35716324 -9.529950279
27.45869309 32.44375268 -8.110308326
21.91940562 34.41637536 -7.147122095
25.78276564 34.24597456 -6.388902097
29.11457916 2.226560985 -17.14332887
31.41253726 7.111146514 -16.69779943
31.72559384 16.95969966 -13.12946648
31.58958541 11.91158756 -14.97361589
14.10096712 28.95848946 -17.89733075
19.77306923 27.44770838 -16.96361669
15.54193809 30.03007525 -15.97339484
29.9467279 21.75702928 -13.44658359
25.26016222 25.15872069 -15.5489445
29.70627746 24.4889293 -12.33913721
18.59019314 32.2119621 -11.8593384
21.44747401 28.5921018 -14.98882175
17.04267175 31.12192035 -13.95616109
21.91287634 31.76177435 -11.2685792
18.49823264 29.39138366 -15.53257922
28.61005781 29.95745841 -9.740671442
24.45312925 27.52766719 -14.28012985
29.29558188 27.27604588 -11.10703814
25.32264731 31.06380045 -10.57709715
27.21362842 26.19485677 -13.41581493
23.31908768 29.77705697 -12.86987385
14.87370472 -21.29976446 -1.056668981
16.83397944 -19.10264495 -3.107410364
14.40321074 -21.58709999 -2.779433766
20.38832036 -14.39481261 -7.102345802
18.66013941 -16.81573619 -5.109560715
13.26551795 -21.84635166 -6.241377409
16.29960776 -19.25876229 -4.814316693
13.86516405 -21.77014736 -4.520926437
15.37680564 -20.42425169 -3.810332342
26.60195634 -2.034406122 -15.66383919
25.1690434 -5.697749078 -13.37897779
22.04364368 -11.7839741 -9.122643443
23.63877373 -8.913549175 -11.20489279
10.2210658 -20.99051957 -12.97285454
13.51582319 -18.76180016 -11.59543019
11.06263026 -21.37517323 -11.36973781
19.68056801 -14.29841337 -8.836905446
16.62610742 -16.55933913 -10.23423442
18.88978438 -15.57214952 -7.846275645
12.58051371 -21.79875313 -8.025552408
14.28840079 -19.048183 -9.985618466
11.85395847 -21.64672046 -9.70714899
14.1692185 -20.53767446 -7.286444668
12.71117886 -20.19647724 -10.67331114
17.21590888 -18.02669808 -5.861383192
15.87542382 -17.87147072 -9.270924442
18.06495017 -16.81961505 -6.849090469
15.71545569 -19.27846538 -6.564238706
17.38320041 -16.73244148 -8.569595943
15.0412681 -19.20678474 -8.301320608
1.77156196 -13.64007971 -23.16499808
5.108017096 -11.99421848 -22.56398136
2.87243628 -14.88515596 -22.30942502
1.749103991 -11.83570713 -23.72979012
11.36599146 -8.799059348 -21.26174613
8.270961145 -10.39711916 -21.93462729
5.057785593 -17.12390907 -20.23271352
6.184333435 -13.14427582 -21.64668376
3.978234902 -16.05438565 -21.32424776
4.564358161 -13.99836418 -21.97928923
1.717923167 -8.240153314 -24.61289991
5.079753197 -10.27656388 -23.18336146
1.73306653 -10.02523462 -24.21255176
3.446360536 -11.04844057 -23.45904636
25.12169032 -1.24627251 -17.54256975
21.24174965 -3.455376634 -18.7190401
24.60867087 -3.168474264 -16.41924449
14.49052292 -7.149568906 -20.52388117
17.74458698 -5.391797512 -19.69086951
23.41647716 -6.689953262 -14.21892785
20.91980617 -5.229545416 -17.70542831
24.03117336 -4.990465392 -15.3051863
22.70968814 -4.23670157 -17.0974421
9.151682535 -20.38160436 -14.8077334
10.39754447 -16.89141408 -16.82358036
8.201049845 -19.74389765 -16.27625388
10.889264 -19.31995498 -14.10950141
12.46751855 -9.822921171 -20.17286876
11.49143107 -13.39460012 -18.59352606
10.93515257 -10.63978359 -20.55815046
6.171101678 -18.12560631 -18.97923803
9.414355052 -16.12103274 -18.14796051
7.198763964 -18.98723822 -17.67832375
6.749722582 -16.15952297 -19.82321164
8.8338852 -17.91930423 -17.24847568
14.19089107 -17.2014476 -12.75292209
12.1224865 -15.94070082 -16.17421542
12.57352939 -18.25543716 -13.42251454
11.52571906 -17.6271317 -15.17999117
7.835865532 -12.28316866 -21.2835316
9.969879955 -14.26588059 -19.01816082
9.38580554 -11.46154748 -20.93013191
7.30546203 -14.20619966 -20.59127707
10.46816744 -12.46686683 -19.80829591
8.39167887 -15.20498938 -19.41584686
1.708876263 -1.056143613 -25.52555226
5.091052374 -3.146443406 -24.92886514
1.708596663 -2.827239953 -25.39861372
11.46130081 -7.083473457 -21.98686333
8.366071308 -5.17051642 -23.74356506
9.894478023 -7.888264074 -22.29940644
1.718225973 -6.383979435 -24.95102442
5.077555262 -4.909682267 -24.60699146
1.710562432 -4.612458892 -25.20686784
3.415037386 -7.468665804 -24.41616243
3.411691689 -3.880025105 -25.07572369
6.743111979 -9.460727545 -22.89310547
6.76405485 -5.952422402 -23.96919041
8.317038841 -8.68430241 -22.60207255
5.10110735 -8.500867687 -23.72487351
8.350273645 -6.933444285 -23.20733653
5.10185116 -6.702313698 -24.20139111
20.5884259 -12.72434698 -10.02527142
18.93475829 -11.70232419 -13.64042059
21.3244762 -11.34277138 -11.03639222
19.00413314 -13.87885446 -10.71125803
14.30310897 -8.839807491 -19.68703112
16.81795882 -10.39407017 -16.88576988
15.86964365 -7.996172804 -19.25065942
13.7936939 -10.64553383 -18.88752391
22.72549804 -8.366748064 -13.11535747
19.49561782 -10.22017697 -14.62403007
22.04256844 -9.884661113 -12.07072874
21.68506064 -7.693519282 -14.9608157
20.46892628 -10.81729335 -12.88265175
15.85310998 -16.08534147 -12.05587596
17.27226247 -12.80542329 -14.2493121
17.42076243 -15.00227174 -11.39078194
14.90058506 -15.55416611 -13.84306871
18.19358821 -13.37703941 -12.53093059
19.13415089 -6.221471614 -18.27355163
18.36857501 -9.528800045 -16.31700702
17.48498754 -7.120035816 -18.77958728
20.47707226 -6.972359452 -16.6925383
17.17174936 -8.794589468 -17.83959387
19.99725808 -8.642969286 -15.66030568
12.71902554 -14.15317247 -17.15572711
16.18556592 -12.13099364 -15.95188745
13.26376691 -12.42482267 -18.03953071
13.84671995 -14.90451522 -15.55826866
15.0436102 -11.42216902 -17.468765
15.56902468 -13.85629271 -14.91481928
1.84073072 14.17264216 -24.06945088
5.664976082 13.30202299 -25.02427307
3.080424291 15.96296367 -23.92481087
1.807118037 12.22827227 -24.5168566
13.63568693 10.55615949 -25.50754282
9.630601418 12.10627263 -25.5403996
5.896726569 19.96427246 -23.58873803
7.131867666 15.15817941 -24.96328595
4.433706001 17.89246431 -23.76567689
5.087180143 15.60179937 -24.49689525
1.756277054 8.424120741 -25.16240084
5.540174013 11.20801542 -25.28466477
1.78092278 10.30206769 -24.88114809
3.665923196 11.75232079 -24.95358837
26.41526723 1.310446111 -18.44587932
24.11326823 3.922484022 -21.24953181
28.19000414 3.629586624 -18.80875943
24.22383123 0 -19.02575848
17.52289723 8.645730857 -24.81883245
21.08823069 6.407783393 -23.40125465
30.13658719 8.609850167 -18.29950578
25.63149775 6.40737684 -21.69315729
30.07916193 6.246428935 -19.15708276
27.02031607 5.040888929 -20.34278439
20.25975775 -2.302482592 -20.02121727
21.87661987 2.48623587 -21.61904229
22.16955678 -1.202339239 -19.55131003
23.13025648 1.254441631 -20.39855014
12.43368168 27.69090599 -20.11811957
14.49185387 23.54285717 -23.44831211
11.05923887 26.62494248 -21.94877278
15.20072688 26.96944062 -19.69597553
15.75432405 12.41253283 -25.49103178
15.78059033 18.39411435 -25.53353152
13.61644772 13.24865438 -25.59900095
7.603856691 22.33385869 -23.38567951
12.84885668 22.00223362 -24.76861585
9.429042456 24.86975211 -23.15531749
8.263716988 19.7841797 -24.26965091
12.11841855 24.58189391 -23.66164409
20.68438714 25.07252009 -18.58842947
17.12611475 22.52031969 -22.85021882
17.97731162 26.10115843 -19.19116894
16.21427037 24.79767882 -21.35506512
9.323933051 14.61579984 -25.32537381
13.25245245 18.96290677 -25.27987028
11.45195783 13.98464499 -25.5376043
8.837834059 17.18604993 -24.91044222
13.49479722 16.07137455 -25.53540895
10.73899143 19.45811478 -24.84682937
1.713601808 1.05906416 -25.59613791
5.220244186 3.226288337 -25.56146623
1.721331262 2.848312081 -25.58791595
3.433581087 0 -25.48493175
13.21459158 8.167066741 -25.35030043
8.97972988 5.549778276 -25.48517611
11.33621259 9.037671144 -25.54867588
1.747726881 6.493588527 -25.37941852
5.282463618 5.107815989 -25.60002412
1.731534919 4.669010312 -25.51591865
3.556241608 7.777478572 -25.4257166
3.482762502 3.960852027 -25.59808979
6.855642458 -2.104343891 -24.80394743
7.011727011 2.152254146 -25.36866664
5.16225855 -1.06278494 -25.21905832
5.206023836 1.07179516 -25.43286382
7.514091115 10.54242745 -25.51060711
7.222286759 6.35567015 -25.5929868
9.419703382 9.835658381 -25.59863231
5.476307473 9.126129298 -25.46990157
9.202726916 7.641257886 -25.57650079
5.390866463 7.081993772 -25.57237826
30.10119865 18.60356387 -14.65739479
26.75785785 16.53726562 -19.27610744
30.16131254 16.0432017 -15.60985939
28.1550026 20.56179992 -15.86894259
18.25119479 11.27985872 -25.12124046
23.44514527 14.48989665 -23.53967755
20.27330648 10.21502848 -24.59251934
18.56758199 14.32986867 -25.42434618
30.16619259 11.10615631 -17.40953702
26.94915059 14.12753835 -20.21506537
30.1801758 13.53384979 -16.52696311
28.68222648 10.17600394 -19.78825475
28.55534274 15.09075341 -17.97204852
23.43154125 23.77478883 -17.81907494
24.65893062 18.28179979 -20.34318312
25.89503791 22.30007997 -16.93179225
21.56020524 22.50589573 -20.0300459
26.38179494 19.39751007 -18.17060151
23.97921381 7.796844443 -22.90069751
25.28199906 13.11517707 -22.45827758
22.20443757 9.041836054 -23.84846843
27.13307943 9.238702705 -22.11839476
23.38642647 11.97746459 -24.29597251
27.05069262 11.69151814 -21.18401001
17.99593612 20.02508659 -24.27335084
22.87342586 17.1435083 -22.54319168
18.75285998 17.56672607 -25.50503156
19.74467949 21.25303878 -22.1852561
21.17820267 16.07998393 -24.59230467
22.28480221 19.83327465 -21.34840201
13.34697881 -6.094990457 -21.59586537
14.13770097 -2.116407363 -22.87528069
14.96507784 -5.22969081 -21.24763858
11.82465074 -5.159948686 -22.60836519
15.39384908 7.02970796 -24.90777102
14.8310145 2.220196082 -23.99708555
17.15295597 5.994265931 -24.35402028
13.10776655 5.719864733 -25.06164278
18.36971881 -3.358679238 -20.47717863
15.88096195 -1.124470865 -22.60053347
16.64421067 -4.316526001 -20.87343394
19.063084 -1.1616892 -21.23336431
15.43098185 -3.217237413 -21.94307282
8.603018976 -3.178812909 -24.20683177
12.45391817 -1.107974543 -23.73634383
10.22997029 -4.178988206 -23.48547302
8.743596716 -1.080767991 -24.63975273
12.15770661 -3.159058787 -23.19644013
20.38919501 3.727915853 -22.72833857
16.33221567 1.156422434 -23.2427222
18.83678588 4.885150616 -23.6231332
19.74183505 1.203051749 -21.98938932
16.75204847 3.492669332 -23.8216481
17.74068436 0 -22.31614986
8.986159114 3.320383074 -25.28489621
12.724712 1.13206597 -24.25245894
10.97059384 4.481536206 -25.18576088
8.872463621 1.096696816 -25.00290405
12.93963076 3.362233976 -24.68832155
10.70416608 0 -24.45581526
25.18026093 36.05918211 1.788875144
29.81554982 33.83370309 5.503698566
23.60648752 35.38069501 4.555419599
28.43541512 36.20432255 0
31.76207878 22.42505337 11.06443606
31.47084559 28.36020811 8.617416662
20.25510047 33.35716324 9.529950279
27.45869309 32.44375268 8.110308326
21.91940562 34.41637536 7.147122095
25.78276564 34.24597456 6.388902097
33.29151817 33.68816611 -3.828595435
33.29151817 33.68816611 3.828595435
31.56992711 35.79766729 -1.941443416
31.56992711 35.79766729 1.941443416
29.11457916 2.226560985 17.14332887
31.41253726 7.111146514 16.69779943
31.72559384 16.95969966 13.12946648
31.58958541 11.91158756 14.97361589
14.10096712 28.95848946 17.89733075
19.77306923 27.44770838 16.96361669
15.54193809 30.03007525 15.97339484
29.9467279 21.75702928 13.44658359
25.26016222 25.15872069 15.5489445
29.70627746 24.4889293 12.33913721
18.59019314 32.2119621 11.8593384
21.44747401 28.5921018 14.98882175
17.04267175 31.12192035 13.95616109
21.91287634 31.76177435 11.2685792
18.49823264 29.39138366 15.53257922
28.61005781 29.95745841 9.740671442
24.45312925 27.52766719 14.28012985
29.29558188 27.27604588 11.10703814
25.32264731 31.06380045 10.57709715
27.21362842 26.19485677 13.41581493
23.31908768 29.77705697 12.86987385
33.36054265 20.61794924 -9.415329536
35.814154 22.13436445 -3.313504226
33.5065069 23.59920995 -8.246971566
33.36054265 20.61794924 9.415329536
35.814154 22.13436445 3.313504226
33.5065069 23.59920995 8.246971566
33.66514279 30.20041079 -5.521777104
36.05626523 25.33604691 -1.793949678
33.62887673 26.81523848 -6.954290375
35.74001419 32.0869968 -1.955356102
35.06030956 24.65538919 -5.140453233
33.66514279 30.20041079 5.521777104
36.05626523 25.33604691 1.793949678
33.62887673 26.81523848 6.954290375
35.74001419 32.0869968 1.955356102
35.06030956 24.65538919 5.140453233
36.20432255 28.78137415 0
14.87370472 -21.29976446 1.056668981
16.83397944 -19.10264495 3.107410364
14.40321074 -21.58709999 2.779433766
15.92650246 -20.27782009 0
20.38832036 -14.39481261 7.102345802
18.66013941 -16.81573619 5.109560715
13.26551795 -21.84635166 6.241377409
16.29960776 -19.25876229 4.814316693
13.86516405 -21.77014736 4.520926437
15.37680564 -20.42425169 3.810332342
17.93645298 -18.15015477 -2.062730262
17.93645298 -18.15015477 2.062730262
16.95206372 -19.222228 -1.042494409
16.95206372 -19.222228 1.042494409
26.60195634 -2.034406122 15.66383919
25.1690434 -5.697749078 13.37897779
22.04364368 -11.7839741 9.122643443
23.63877373 -8.913549175 11.20489279
10.2210658 -20.99051957 12.97285454
13.51582319 -18.76180016 11.59543019
11.06263026 -21.37517323 11.36973781
19.68056801 -14.29841337 8.836905446
16.62610742 -16.55933913 10.23423442
18.88978438 -15.57214952 7.846275645
12.58051371 -21.79875313 8.025552408
14.28840079 -19.048183 9.985618466
11.85395847 -21.64672046 9.70714899
14.1692185 -20.53767446 7.286444668
12.71117886 -20.19647724 10.67331114
17.21590888 -18.02669808 5.861383192
15.87542382 -17.87147072 9.270924442
18.06495017 -16.81961505 6.849090469
15.71545569 -19.27846538 6.564238706
17.38320041 -16.73244148 8.569595943
15.0412681 -19.20678474 8.301320608
21.72430164 -13.4263568 -6.131238963
22.3027005 -13.78382695 -2.063432584
20.81307181 -14.65900498 -5.122730697
21.72430164 -13.4263568 6.131238963
22.3027005 -13.78382695 2.063432584
20.81307181 -14.65900498 5.122730697
18.94313194 -16.99355235 -3.107063971
21.2449963 -14.92845195 -1.057027233
19.88129557 -15.85309215 -4.111356544
19.06126988 -17.1130012 -1.042852702
21.10051664 -14.83847281 -3.093703973
18.94313194 -16.99355235 3.107063971
21.2449963 -14.92845195 1.057027233
19.88129557 -15.85309215 4.111356544
19.06126988 -17.1130012 1.042852702
21.10051664 -14.83847281 3.093703973
20.16986872 -16.03445383 0
1.77156196 -13.64007971 23.16499808
5.108017096 -11.99421848 22.56398136
2.87243628 -14.88515596 22.30942502
1.749103991 -11.83570713 23.72979012
11.36599146 -8.799059348 21.26174613
8.270961145 -10.39711916 21.93462729
5.057785593 -17.12390907 20.23271352
6.184333435 -13.14427582 21.64668376
3.978234902 -16.05438565 21.32424776
4.564358161 -13.99836418 21.97928923
1.717923167 -8.240153314 24.61289991
5.079753197 -10.27656388 23.18336146
1.73306653 -10.02523462 24.21255176
3.446360536 -11.04844057 23.45904636
25.12169032 -1.24627251 17.54256975
21.24174965 -3.455376634 18.7190401
24.60867087 -3.168474264 16.41924449
14.49052292 -7.149568906 20.52388117
17.74458698 -5.391797512 19.69086951
23.41647716 -6.689953262 14.21892785
20.91980617 -5.229545416 17.70542831
24.03117336 -4.990465392 15.3051863
22.70968814 -4.23670157 17.0974421
9.151682535 -20.38160436 14.8077334
10.39754447 -16.89141408 16.82358036
8.201049845 -19.74389765 16.27625388
10.889264 -19.31995498 14.10950141
12.46751855 -9.822921171 20.17286876
11.49143107 -13.39460012 18.59352606
10.93515257 -10.63978359 20.55815046
6.171101678 -18.12560631 18.97923803
9.414355052 -16.12103274 18.14796051
7.198763964 -18.98723822 17.67832375
6.749722582 -16.15952297 19.82321164
8.8338852 -17.91930423 17.24847568
14.19089107 -17.2014476 12.75292209
12.1224865 -15.94070082 16.17421542
12.57352939 -18.25543716 13.42251454
11.52571906 -17.6271317 15.17999117
7.835865532 -12.28316866 21.2835316
9.969879955 -14.26588059 19.01816082
9.38580554 -11.46154748 20.93013191
7.30546203 -14.20619966 20.59127707
10.46816744 -12.46686683 19.80829591
8.39167887 -15.20498938 19.41584686
1.708876263 -1.056143613 25.52555226
5.091052374 -3.146443406 24.92886514
1.708596663 -2.827239953 25.39861372
11.46130081 -7.083473457 21.98686333
8.366071308 -5.17051642 23.74356506
9.894478023 -7.888264074 22.29940644
1.718225973 -6.383979435 24.95102442
5.077555262 -4.909682267 24.60699146
1.710562432 -4.612458892 25.20686784
3.415037386 -7.468665804 24.41616243
3.411691689 -3.880025105 25.07572369
6.743111979 -9.460727545 22.89310547
6.76405485 -5.952422402 23.96919041
8.317038841 -8.68430241 22.60207255
5.10110735 -8.500867687 23.72487351
8.350273645 -6.933444285 23.20733653
5.10185116 -6.702313698 24.20139111
20.5884259 -12.72434698 10.02527142
18.93475829 -11.70232419 13.64042059
21.3244762 -11.34277138 11.03639222
19.00413314 -13.87885446 10.71125803
14.30310897 -8.839807491 19.68703112
16.81795882 -10.39407017 16.88576988
15.86964365 -7.996172804 19.25065942
13.7936939 -10.64553383 18.88752391
22.72549804 -8.366748064 13.11535747
19.49561782 -10.22017697 14.62403007
22.04256844 -9.884661113 12.07072874
21.68506064 -7.693519282 14.9608157
20.46892628 -10.81729335 12.88265175
15.85310998 -16.08534147 12.05587596
17.27226247 -12.80542329 14.2493121
17.42076243 -15.00227174 11.39078194
14.90058506 -15.55416611 13.84306871
18.19358821 -13.37703941 12.53093059
19.13415089 -6.221471614 18.27355163
18.36857501 -9.528800045 16.31700702
17.48498754 -7.120035816 18.77958728
20.47707226 -6.972359452 16.6925383
17.17174936 -8.794589468 17.83959387
19.99725808 -8.642969286 15.66030568
12.71902554 -14.15317247 17.15572711
16.18556592 -12.13099364 15.95188745
13.26376691 -12.42482267 18.03953071
13.84671995 -14.90451522 15.55826866
15.0436102 -11.42216902 17.468765
15.56902468 -13.85629271 14.91481928
1.84073072 14.17264216 24.06945088
5.664976082 13.30202299 25.02427307
3.080424291 15.96296367 23.92481087
1.807118037 12.22827227 24.5168566
13.63568693 10.55615949 25.50754282
9.630601418 12.10627263 25.5403996
5.896726569 19.96427246 23.58873803
7.131867666 15.15817941 24.96328595
4.433706001 17.89246431 23.76567689
5.087180143 15.60179937 24.49689525
1.756277054 8.424120741 25.16240084
5.540174013 11.20801542 25.28466477
1.78092278 10.30206769 24.88114809
3.665923196 11.75232079 24.95358837
26.41526723 1.310446111 18.44587932
24.11326823 3.922484022 21.24953181
28.19000414 3.629586624 18.80875943
24.22383123 0 19.02575848
17.52289723 8.645730857 24.81883245
21.08823069 6.407783393 23.40125465
30.13658719 8.609850167 18.29950578
25.63149775 6.40737684 21.69315729
30.07916193 6.246428935 19.15708276
27.02031607 5.040888929 20.34278439
20.25975775 -2.302482592 20.02121727
21.87661987 2.48623587 21.61904229
22.16955678 -1.202339239 19.55131003
23.13025648 1.254441631 20.39855014
12.43368168 27.69090599 20.11811957
14.49185387 23.54285717 23.44831211
11.05923887 26.62494248 21.94877278
15.20072688 26.96944062 19.69597553
15.75432405 12.41253283 25.49103178
15.78059033 18.39411435 25.53353152
13.61644772 13.24865438 25.59900095
7.603856691 22.33385869 23.38567951
12.84885668 22.00223362 24.76861585
9.429042456 24.86975211 23.15531749
8.263716988 19.7841797 24.26965091
12.11841855 24.58189391 23.66164409
20.68438714 25.07252009 18.58842947
17.12611475 22.52031969 22.85021882
17.97731162 26.10115843 19.19116894
16.21427037 24.79767882 21.35506512
9.323933051 14.61579984 25.32537381
13.25245245 18.96290677 25.27987028
11.45195783 13.98464499 25.5376043
8.837834059 17.18604993 24.91044222
13.49479722 16.07137455 25.53540895
10.73899143 19.45811478 24.84682937
1.713601808 1.05906416 25.59613791
5.220244186 3.226288337 25.56146623
1.721331262 2.848312081 25.58791595
3.433581087 0 25.48493175
13.21459158 8.167066741 25.35030043
8.97972988 5.549778276 25.48517611
11.33621259 9.037671144 25.54867588
1.747726881 6.493588527 25.37941852
5.282463618 5.107815989 25.60002412
1.731534919 4.669010312 25.51591865
3.556241608 7.777478572 25.4257166
3.482762502 3.960852027 25.59808979
6.855642458 -2.104343891 24.80394743
7.011727011 2.152254146 25.36866664
5.16225855 -1.06278494 25.21905832
5.206023836 1.07179516 25.43286382
7.514091115 10.54242745 25.51060711
7.222286759 6.35567015 25.5929868
9.419703382 9.835658381 25.59863231
5.476307473 9.126129298 25.46990157
9.202726916 7.641257886 25.57650079
5.390866463 7.081993772 25.57237826
30.10119865 18.60356387 14.65739479
26.75785785 16.53726562 19.27610744
30.16131254 16.0432017 15.60985939
28.1550026 20.56179992 15.86894259
18.25119479 11.27985872 25.12124046
23.44514527 14.48989665 23.53967755
20.27330648 10.21502848 24.59251934
18.56758199 14.32986867 25.42434618
30.16619259 11.10615631 17.40953702
26.94915059 14.12753835 20.21506537
30.1801758 13.53384979 16.52696311
28.68222648 10.17600394 19.78825475
28.55534274 15.09075341 17.97204852
23.43154125 23.77478883 17.81907494
24.65893062 18.28179979 20.34318312
25.89503791 22.30007997 16.93179225
21.56020524 22.50589573 20.0300459
26.38179494 19.39751007 18.17060151
23.97921381 7.796844443 22.90069751
25.28199906 13.11517707 22.45827758
22.20443757 9.041836054 23.84846843
27.13307943 9.238702705 22.11839476
23.38642647 11.97746459 24.29597251
27.05069262 11.69151814 21.18401001
17.99593612 20.02508659 24.27335084
22.87342586 17.1435083 22.54319168
18.75285998 17.56672607 25.50503156
19.74467949 21.25303878 22.1852561
21.17820267 16.07998393 24.59230467
22.28480221 19.83327465 21.34840201
13.34697881 -6.094990457 21.59586537
14.13770097 -2.116407363 22.87528069
14.96507784 -5.22969081 21.24763858
11.82465074 -5.159948686 22.60836519
15.39384908 7.02970796 24.90777102
14.8310145 2.220196082 23.99708555
17.15295597 5.994265931 24.35402028
13.10776655 5.719864733 25.06164278
18.36971881 -3.358679238 20.47717863
15.88096195 -1.124470865 22.60053347
16.64421067 -4.316526001 20.87343394
19.063084 -1.1616892 21.23336431
15.43098185 -3.217237413 21.94307282
8.603018976 -3.178812909 24.20683177
12.45391817 -1.107974543 23.73634383
10.22997029 -4.178988206 23.48547302
8.743596716 -1.080767991 24.63975273
12.15770661 -3.159058787 23.19644013
20.38919501 3.727915853 22.72833857
16.33221567 1.156422434 23.2427222
18.83678588 4.885150616 23.6231332
19.74183505 1.203051749 21.98938932
16.75204847 3.492669332 23.8216481
17.74068436 0 22.31614986
8.986159114 3.320383074 25.28489621
12.724712 1.13206597 24.25245894
10.97059384 4.481536206 25.18576088
8.872463621 1.096696816 25.00290405
12.93963076 3.362233976 24.68832155
10.70416608 0 24.45581526
29.04492744 0 -15.28308151
32.25468713 0 -11.62729826
31.09577831 2.292045132 -15.50964097
28.18165842 -2.077247669 -14.05616543
36.03165738 0 -2.497262271
34.69774338 0 -7.308200025
32.60923211 7.145074771 -14.45480016
34.25905025 2.391202025 -11.4695882
32.4816892 4.771873932 -15.29780909
32.98334734 2.360855472 -13.65679251
26.41022014 -5.786796726 -11.70694401
30.94685217 -2.160018303 -10.36069733
27.29762106 -4.010284243 -12.85628322
29.64825396 -2.122138844 -12.2758933
29.04492744 0 15.28308151
32.25468713 0 11.62729826
31.09577831 2.292045132 15.50964097
28.18165842 -2.077247669 14.05616543
36.03165738 0 2.497262271
34.69774338 0 7.308200025
32.60923211 7.145074771 14.45480016
34.25905025 2.391202025 11.4695882
32.4816892 4.771873932 15.29780909
32.98334734 2.360855472 13.65679251
26.41022014 -5.786796726 11.70694401
30.94685217 -2.160018303 10.36069733
27.29762106 -4.010284243 12.85628322
29.64825396 -2.122138844 12.2758933
33.1821514 17.29717482 -10.69024195
34.98859445 12.3282698 -7.619289759
33.03526269 14.65808884 -11.68600055
34.49763725 18.04299021 -7.87345907
36.17117161 2.421575679 -1.496616076
35.84988566 7.321378027 -4.524860465
35.96709503 2.419551682 -4.003667649
32.75460785 9.647795005 -13.53605876
34.78992051 9.817642005 -8.639603538
32.89102936 12.10313648 -12.63758644
33.68870037 7.243439126 -12.07100996
34.04491862 12.24976362 -10.17128985
36.12192676 18.95235101 -1.686113733
35.73584208 12.70038684 -4.692789094
35.53804253 18.62618109 -4.839827357
35.26011101 15.35885131 -6.274158834
35.01664304 2.41138418 -8.959372783
35.3442567 7.293147432 -7.052023025
35.5772001 2.414303209 -6.510065987
34.43671902 4.816591601 -10.53385627
35.71710932 4.859511395 -5.526591476
34.61483588 7.297090476 -9.586204678
22.79809384 -11.88417863 -7.344826323
26.10310261 -9.19745696 -5.684341011
23.69502345 -10.51372778 -8.381954146
23.25490053 -12.16280233 -5.307508632
33.88169783 -2.268300744 -1.401886956
29.73953281 -6.073502275 -3.753630837
33.55922656 -2.257571344 -3.735636409
25.4895817 -7.507898129 -10.53373856
27.23304943 -7.685108965 -6.762957395
24.59626024 -9.05085369 -9.450521035
27.50160958 -5.913146922 -9.854111302
25.42546045 -9.148380817 -7.596132939
23.72334047 -12.4470956 -1.107367567
26.46398525 -9.405203022 -3.475219671
23.56683601 -12.35183831 -3.209501974
24.84043062 -10.82017241 -4.420088387
32.08323357 -2.209378032 -8.208829421
29.222795 -6.030008047 -5.830645271
32.94989204 -2.236011543 -6.029310087
29.69526761 -4.153414745 -9.083492556
31.29321579 -4.257616073 -4.842072132
28.44965771 -5.997420502 -7.878825219
33.1821514 17.29717482 10.69024195
34.98859445 12.3282698 7.619289759
33.03526269 14.65808884 11.68600055
34.49763725 18.04299021 7.87345907
36.17117161 2.421575679 1.496616076
35.84988566 7.321378027 4.524860465
35.96709503 2.419551682 4.003667649
36.20432255 4.877803026 0
32.75460785 9.647795005 13.53605876
34.78992051 9.817642005 8.639603538
32.89102936 12.10313648 12.63758644
33.68870037 7.243439126 12.07100996
34.04491862 12.24976362 10.17128985
36.12192676 18.95235101 1.686113733
35.73584208 12.70038684 4.692789094
35.53804253 18.62618109 4.839827357
36.20432255 15.84641842 0
35.26011101 15.35885131 6.274158834
35.01664304 2.41138418 8.959372783
35.3442567 7.293147432 7.052023025
35.5772001 2.414303209 6.510065987
34.43671902 4.816591601 10.53385627
35.71710932 4.859511395 5.526591476
34.61483588 7.297090476 9.586204678
36.02636151 9.957441424 -3.056443092
36.02636151 9.957441424 3.056443092
36.1640009 7.40265241 -1.524028178
36.15054252 12.82828478 -1.585663202
36.1640009 7.40265241 1.524028178
36.15054252 12.82828478 1.585663202
22.79809384 -11.88417863 7.344826323
26.10310261 -9.19745696 5.684341011
23.69502345 -10.51372778 8.381954146
23.25490053 -12.16280233 5.307508632
33.88169783 -2.268300744 1.401886956
29.73953281 -6.073502275 3.753630837
33.55922656 -2.257571344 3.735636409
31.90567559 -4.298646957 0
25.4895817 -7.507898129 10.53373856
27.23304943 -7.685108965 6.762957395
24.59626024 -9.05085369 9.450521035
27.50160958 -5.913146922 9.854111302
25.42546045 -9.148380817 7.596132939
23.72334047 -12.4470956 1.107367567
26.46398525 -9.405203022 3.475219671
23.56683601 -12.35183831 3.209501974
25.18221541 -11.02210714 0
24.84043062 -10.82017241 4.420088387
32.08323357 -2.209378032 8.208829421
29.222795 -6.030008047 5.830645271
32.94989204 -2.236011543 6.029310087
29.69526761 -4.153414745 9.083492556
31.29321579 -4.257616073 4.842072132
28.44965771 -5.997420502 7.878825219
28.24006354 -7.805361594 -2.395860795
28.24006354 -7.805361594 2.395860795
30.01593643 -6.144163773 -1.264935621
26.69390754 -9.472528596 -1.170868926
30.01593643 -6.144163773 1.264935621
26.69390754 -9.472528596 1.170868926
-14.87370472 21.29976446 -1.056668981
-16.83397944 19.10264495 -3.107410364
-14.40321074 21.58709999 -2.779433766
-20.38832036 14.39481261 -7.102345802
-18.66013941 16.81573619 -5.109560715
-13.26551795 21.84635166 -6.241377409
-16.29960776 19.25876229 -4.814316693
-13.86516405 21.77014736 -4.520926437
-15.37680564 20.42425169 -3.810332342
-26.60195634 2.034406122 -15.66383919
-25.1690434 5.697749078 -13.37897779
-22.04364368 11.7839741 -9.122643443
-23.63877373 8.913549175 -11.20489279
-10.2210658 20.99051957 -12.97285454
-13.51582319 18.76180016 -11.59543019
-11.06263026 21.37517323 -11.36973781
-19.68056801 14.29841337 -8.836905446
-16.62610742 16.55933913 -10.23423442
-18.88978438 15.57214952 -7.846275645
-12.58051371 21.79875313 -8.025552408
-14.28840079 19.048183 -9.985618466
-11.85395847 21.64672046 -9.70714899
-14.1692185 20.53767446 -7.286444668
-12.71117886 20.19647724 -10.67331114
-17.21590888 18.02669808 -5.861383192
-15.87542382 17.87147072 -9.270924442
-18.06495017 16.81961505 -6.849090469
-15.71545569 19.27846538 -6.564238706
-17.38320041 16.73244148 -8.569595943
-15.0412681 19.20678474 -8.301320608
-25.18026093 -36.05918211 -1.788875144
-29.81554982 -33.83370309 -5.503698566
-23.60648752 -35.38069501 -4.555419599
-31.76207878 -22.42505337 -11.06443606
-31.47084559 -28.36020811 -8.617416662
-20.25510047 -33.35716324 -9.529950279
-27.45869309 -32.44375268 -8.110308326
-21.91940562 -34.41637536 -7.147122095
-25.78276564 -34.24597456 -6.388902097
-29.11457916 -2.226560985 -17.14332887
-31.41253726 -7.111146514 -16.69779943
-31.72559384 -16.95969966 -13.12946648
-31.58958541 -11.91158756 -14.97361589
-14.10096712 -28.95848946 -17.89733075
-19.77306923 -27.44770838 -16.96361669
-15.54193809 -30.03007525 -15.97339484
-29.9467279 -21.75702928 -13.44658359
-25.26016222 -25.15872069 -15.5489445
-29.70627746 -24.4889293 -12.33913721
-18.59019314 -32.2119621 -11.8593384
-21.44747401 -28.5921018 -14.98882175
-17.04267175 -31.12192035 -13.95616109
-21.91287634 -31.76177435 -11.2685792
-18.49823264 -29.39138366 -15.53257922
-28.61005781 -29.95745841 -9.740671442
-24.45312925 -27.52766719 -14.28012985
-29.29558188 -27.27604588 -11.10703814
-25.32264731 -31.06380045 -10.57709715
-27.21362842 -26.19485677 -13.41581493
-23.31908768 -29.77705697 -12.86987385
-1.84073072 -14.17264216 -24.06945088
-5.664976082 -13.30202299 -25.02427307
-3.080424291 -15.96296367 -23.92481087
-1.807118037 -12.22827227 -24.5168566
-13.63568693 -10.55615949 -25.50754282
-9.630601418 -12.10627263 -25.5403996
-5.896726569 -19.96427246 -23.58873803
-7.131867666 -15.15817941 -24.96328595
-4.433706001 -17.89246431 -23.76567689
-5.087180143 -15.60179937 -24.49689525
-1.756277054 -8.424120741 -25.16240084
-5.540174013 -11.20801542 -25.28466477
-1.78092278 -10.30206769 -24.88114809
-3.665923196 -11.75232079 -24.95358837
-26.41526723 -1.310446111 -18.44587932
-24.11326823 -3.922484022 -21.24953181
-28.19000414 -3.629586624 -18.80875943
-17.52289723 -8.645730857 -24.81883245
-21.08823069 -6.407783393 -23.40125465
-30.13658719 -8.609850167 -18.29950578
-25.63149775 -6.40737684 -21.69315729
-30.07916193 -6.246428935 -19.15708276
-27.02031607 -5.040888929 -20.34278439
-12.43368168 -27.69090599 -20.11811957
-14.49185387 -23.54285717 -23.44831211
-11.05923887 -26.62494248 -21.94877278
-15.20072688 -26.96944062 -19.69597553
-15.75432405 -12.41253283 -25.49103178
-15.78059033 -18.39411435 -25.53353152
-13.61644772 -13.24865438 -25.59900095
-7.603856691 -22.33385869 -23.38567951
-12.84885668 -22.00223362 -24.76861585
-9.429042456 -24.86975211 -23.15531749
-8.263716988 -19.7841797 -24.26965091
-12.11841855 -24.58189391 -23.66164409
-20.68438714 -25.07252009 -18.58842947
-17.12611475 -22.52031969 -22.85021882
-17.97731162 -26.10115843 -19.19116894
-16.21427037 -24.79767882 -21.35506512
-9.323933051 -14.61579984 -25.32537381
-13.25245245 -18.96290677 -25.27987028
-11.45195783 -13.98464499 -25.5376043
-8.837834059 -17.18604993 -24.91044222
-13.49479722 -16.07137455 -25.53540895
-10.73899143 -19.45811478 -24.84682937
-1.713601808 -1.05906416 -25.59613791
-5.220244186 -3.226288337 -25.56146623
-1.721331262 -2.848312081 -25.58791595
-13.21459158 -8.167066741 -25.35030043
-8.97972988 -5.549778276 -25.48517611
-11.33621259 -9.037671144 -25.54867588
-1.747726881 -6.493588527 -25.37941852
-5.282463618 -5.107815989 -25.60002412
-1.731534919 -4.669010312 -25.51591865
-3.556241608 -7.777478572 -25.4257166
-3.482762502 -3.960852027 -25.59808979
-7.514091115 -10.54242745 -25.51060711
-7.222286759 -6.35567015 -25.5929868
-9.419703382 -9.835658381 -25.59863231
-5.476307473 -9.126129298 -25.46990157
-9.202726916 -7.641257886 -25.57650079
-5.390866463 -7.081993772 -25.57237826
-30.10119865 -18.60356387 -14.65739479
-26.75785785 -16.53726562 -19.27610744
-30.16131254 -16.0432017 -15.60985939
-28.1550026 -20.56179992 -15.86894259
-18.25119479 -11.27985872 -25.12124046
-23.44514527 -14.48989665 -23.53967755
-20.27330648 -10.21502848 -24.59251934
-18.56758199 -14.32986867 -25.42434618
-30.16619259 -11.10615631 -17.40953702
-26.94915059 -14.12753835 -20.21506537
-30.1801758 -13.53384979 -16.52696311
-28.68222648 -10.17600394 -19.78825475
-28.55534274 -15.09075341 -17.97204852
-23.43154125 -23.77478883 -17.81907494
-24.65893062 -18.28179979 -20.34318312
-25.89503791 -22.30007997 -16.93179225
-21.56020524 -22.50589573 -20.0300459
-26.38179494 -19.39751007 -18.17060151
-23.97921381 -7.796844443 -22.90069751
-25.28199906 -13.11517707 -22.45827758
-22.20443757 -9.041836054 -23.84846843
-27.13307943 -9.238702705 -22.11839476
-23.38642647 -11.97746459 -24.29597251
-27.05069262 -11.69151814 -21.18401001
-17.99593612 -20.02508659 -24.27335084
-22.87342586 -17.1435083 -22.54319168
-18.75285998 -17.56672607 -25.50503156
-19.74467949 -21.25303878 -22.1852561
-21.17820267 -16.07998393 -24.59230467
-22.28480221 -19.83327465 -21.34840201
-1.77156196 13.64007971 -23.16499808
-5.108017096 11.99421848 -22.56398136
-2.87243628 14.88515596 -22.30942502
-1.749103991 11.83570713 -23.72979012
-11.36599146 8.799059348 -21.26174613
-8.270961145 10.39711916 -21.93462729
-5.057785593 17.12390907 -20.23271352
-6.184333435 13.14427582 -21.64668376
-3.978234902 16.05438565 -21.32424776
-4.564358161 13.99836418 -21.97928923
-1.717923167 8.240153314 -24.61289991
-5.079753197 10.27656388 -23.18336146
-1.73306653 10.02523462 -24.21255176
-3.446360536 11.04844057 -23.45904636
-25.12169032 1.24627251 -17.54256975
-21.24174965 3.455376634 -18.7190401
-24.60867087 3.168474264 -16.41924449
-24.22383123 0 -19.02575848
-14.49052292 7.149568906 -20.52388117
-17.74458698 5.391797512 -19.69086951
-23.41647716 6.689953262 -14.21892785
-20.91980617 5.229545416 -17.70542831
-24.03117336 4.990465392 -15.3051863
-22.70968814 4.23670157 -17.0974421
-21.87661987 -2.48623587 -21.61904229
-20.25975775 2.302482592 -20.02121727
-23.13025648 -1.254441631 -20.39855014
-22.16955678 1.202339239 -19.55131003
-9.151682535 20.38160436 -14.8077334
-10.39754447 16.89141408 -16.82358036
-8.201049845 19.74389765 -16.27625388
-10.889264 19.31995498 -14.10950141
-12.46751855 9.822921171 -20.17286876
-11.49143107 13.39460012 -18.59352606
-10.93515257 10.63978359 -20.55815046
-6.171101678 18.12560631 -18.97923803
-9.414355052 16.12103274 -18.14796051
-7.198763964 18.98723822 -17.67832375
-6.749722582 16.15952297 -19.82321164
-8.8338852 17.91930423 -17.24847568
-14.19089107 17.2014476 -12.75292209
-12.1224865 15.94070082 -16.17421542
-12.57352939 18.25543716 -13.42251454
-11.52571906 17.6271317 -15.17999117
-7.835865532 12.28316866 -21.2835316
-9.969879955 14.26588059 -19.01816082
-9.38580554 11.46154748 -20.93013191
-7.30546203 14.20619966 -20.59127707
-10.46816744 12.46686683 -19.80829591
-8.39167887 15.20498938 -19.41584686
-1.708876263 1.056143613 -25.52555226
-5.091052374 3.146443406 -24.92886514
-1.708596663 2.827239953 -25.39861372
-3.433581087 0 -25.48493175
-11.46130081 7.083473457 -21.98686333
-8.366071308 5.17051642 -23.74356506
-9.894478023 7.888264074 -22.29940644
-1.718225973 6.383979435 -24.95102442
-5.077555262 4.909682267 -24.60699146
-1.710562432 4.612458892 -25.20686784
-3.415037386 7.468665804 -24.41616243
-3.411691689 3.880025105 -25.07572369
-7.011727011 -2.152254146 -25.36866664
-6.855642458 2.104343891 -24.80394743
-5.206023836 -1.07179516 -25.43286382
-5.16225855 1.06278494 -25.21905832
-6.743111979 9.460727545 -22.89310547
-6.76405485 5.952422402 -23.96919041
-8.317038841 8.68430241 -22.60207255
-5.10110735 8.500867687 -23.72487351
-8.350273645 6.933444285 -23.20733653
-5.10185116 6.702313698 -24.20139111
-20.5884259 12.72434698 -10.02527142
-18.93475829 11.70232419 -13.64042059
-21.3244762 11.34277138 -11.03639222
-19.00413314 13.87885446 -10.71125803
-14.30310897 8.839807491 -19.68703112
-16.81795882 10.39407017 -16.88576988
-15.86964365 7.996172804 -19.25065942
-13.7936939 10.64553383 -18.88752391
-22.72549804 8.366748064 -13.11535747
-19.49561782 10.22017697 -14.62403007
-22.04256844 9.884661113 -12.07072874
-21.68506064 7.693519282 -14.9608157
-20.46892628 10.81729335 -12.88265175
-15.85310998 16.08534147 -12.05587596
-17.27226247 12.80542329 -14.2493121
-17.42076243 15.00227174 -11.39078194
-14.90058506 15.55416611 -13.84306871
-18.19358821 13.37703941 -12.53093059
-19.13415089 6.221471614 -18.27355163
-18.36857501 9.528800045 -16.31700702
-17.48498754 7.120035816 -18.77958728
-20.47707226 6.972359452 -16.6925383
-17.17174936 8.794589468 -17.83959387
-19.99725808 8.642969286 -15.66030568
-12.71902554 14.15317247 -17.15572711
-16.18556592 12.13099364 -15.95188745
-13.26376691 12.42482267 -18.03953071
-13.84671995 14.90451522 -15.55826866
-15.0436102 11.42216902 -17.468765
-15.56902468 13.85629271 -14.91481928
-15.39384908 -7.02970796 -24.90777102
-14.8310145 -2.220196082 -23.99708555
-17.15295597 -5.994265931 -24.35402028
-13.10776655 -5.719864733 -25.06164278
-13.34697881 6.094990457 -21.59586537
-14.13770097 2.116407363 -22.87528069
-14.96507784 5.22969081 -21.24763858
-11.82465074 5.159948686 -22.60836519
-20.38919501 -3.727915853 -22.72833857
-16.33221567 -1.156422434 -23.2427222
-18.83678588 -4.885150616 -23.6231332
-19.74183505 -1.203051749 -21.98938932
-16.75204847 -3.492669332 -23.8216481
-8.986159114 -3.320383074 -25.28489621
-12.724712 -1.13206597 -24.25245894
-10.97059384 -4.481536206 -25.18576088
-8.872463621 -1.096696816 -25.00290405
-12.93963076 -3.362233976 -24.68832155
-18.36971881 3.358679238 -20.47717863
-15.88096195 1.124470865 -22.60053347
-16.64421067 4.316526001 -20.87343394
-19.063084 1.1616892 -21.23336431
-15.43098185 3.217237413 -21.94307282
-17.74068436 0 -22.31614986
-8.603018976 3.178812909 -24.20683177
-12.45391817 1.107974543 -23.73634383
-10.22997029 4.178988206 -23.48547302
-8.743596716 1.080767991 -24.63975273
-12.15770661 3.159058787 -23.19644013
-10.70416608 0 -24.45581526
-14.87370472 21.29976446 1.056668981
-16.83397944 19.10264495 3.107410364
-14.40321074 21.58709999 2.779433766
-15.92650246 20.27782009 0
-20.38832036 14.39481261 7.102345802
-18.66013941 16.81573619 5.109560715
-13.26551795 21.84635166 6.241377409
-16.29960776 19.25876229 4.814316693
-13.86516405 21.77014736 4.520926437
-15.37680564 20.42425169 3.810332342
-17.93645298 18.15015477 -2.062730262
-17.93645298 18.15015477 2.062730262
-16.95206372 19.222228 -1.042494409
-16.95206372 19.222228 1.042494409
-26.60195634 2.034406122 15.66383919
-25.1690434 5.697749078 13.37897779
-22.04364368 11.7839741 9.122643443
-23.63877373 8.913549175 11.20489279
-10.2210658 20.99051957 12.97285454
-13.51582319 18.76180016 11.59543019
-11.06263026 21.37517323 11.36973781
-19.68056801 14.29841337 8.836905446
-16.62610742 16.55933913 10.23423442
-18.88978438 15.57214952 7.846275645
-12.58051371 21.79875313 8.025552408
-14.28840079 19.048183 9.985618466
-11.85395847 21.64672046 9.70714899
-14.1692185 20.53767446 7.286444668
-12.71117886 20.19647724 10.67331114
-17.21590888 18.02669808 5.861383192
-15.87542382 17.87147072 9.270924442
-18.06495017 16.81961505 6.849090469
-15.71545569 19.27846538 6.564238706
-17.38320041 16.73244148 8.569595943
-15.0412681 19.20678474 8.301320608
-21.72430164 13.4263568 -6.131238963
-22.3027005 13.78382695 -2.063432584
-20.81307181 14.65900498 -5.122730697
-21.72430164 13.4263568 6.131238963
-22.3027005 13.78382695 2.063432584
-20.81307181 14.65900498 5.122730697
-18.94313194 16.99355235 -3.107063971
-21.2449963 14.92845195 -1.057027233
-19.88129557 15.85309215 -4.111356544
-19.06126988 17.1130012 -1.042852702
-21.10051664 14.83847281 -3.093703973
-18.94313194 16.99355235 3.107063971
-21.2449963 14.92845195 1.057027233
-19.88129557 15.85309215 4.111356544
-19.06126988 17.1130012 1.042852702
-21.10051664 14.83847281 3.093703973
-20.16986872 16.03445383 0
-25.18026093 -36.05918211 1.788875144
-29.81554982 -33.83370309 5.503698566
-23.60648752 -35.38069501 4.555419599
-28.43541512 -36.20432255 0
-31.76207878 -22.42505337 11.06443606
-31.47084559 -28.36020811 8.617416662
-20.25510047 -33.35716324 9.529950279
-27.45869309 -32.44375268 8.110308326
-21.91940562 -34.41637536 7.147122095
-25.78276564 -34.24597456 6.388902097
-33.29151817 -33.68816611 -3.828595435
-33.29151817 -33.68816611 3.828595435
-31.56992711 -35.79766729 -1.941443416
-31.56992711 -35.79766729 1.941443416
-29.11457916 -2.226560985 17.14332887
-31.41253726 -7.111146514 16.69779943
-31.72559384 -16.95969966 13.12946648
-31.58958541 -11.91158756 14.97361589
-14.10096712 -28.95848946 17.89733075
-19.77306923 -27.44770838 16.96361669
-15.54193809 -30.03007525 15.97339484
-29.9467279 -21.75702928 13.44658359
-25.26016222 -25.15872069 15.5489445
-29.70627746 -24.4889293 12.33913721
-18.59019314 -32.2119621 11.8593384
-21.44747401 -28.5921018 14.98882175
-17.04267175 -31.12192035 13.95616109
-21.91287634 -31.76177435 11.2685792
-18.49823264 -29.39138366 15.53257922
-28.61005781 -29.95745841 9.740671442
-24.45312925 -27.52766719 14.28012985
-29.29558188 -27.27604588 11.10703814
-25.32264731 -31.06380045 10.57709715
-27.21362842 -26.19485677 13.41581493
-23.31908768 -29.77705697 12.86987385
-33.36054265 -20.61794924 -9.415329536
-35.814154 -22.13436445 -3.313504226
-33.5065069 -23.59920995 -8.246971566
-33.36054265 -20.61794924 9.415329536
-35.814154 -22.13436445 3.313504226
-33.5065069 -23.59920995 8.246971566
-33.66514279 -30.20041079 -5.521777104
-36.05626523 -25.33604691 -1.793949678
-33.62887673 -26.81523848 -6.954290375
-35.74001419 -32.0869968 -1.955356102
-35.06030956 -24.65538919 -5.140453233
-33.66514279 -30.20041079 5.521777104
-36.05626523 -25.33604691 1.793949678
-33.62887673 -26.81523848 6.954290375
-35.74001419 -32.0869968 1.955356102
-35.06030956 -24.65538919 5.140453233
-36.20432255 -28.78137415 0
-1.84073072 -14.17264216 24.06945088
-5.664976082 -13.30202299 25.02427307
-3.080424291 -15.96296367 23.92481087
-1.807118037 -12.22827227 24.5168566
-13.63568693 -10.55615949 25.50754282
-9.630601418 -12.10627263 25.5403996
-5.896726569 -19.96427246 23.58873803
-7.131867666 -15.15817941 24.96328595
-4.433706001 -17.89246431 23.76567689
-5.087180143 -15.60179937 24.49689525
-1.756277054 -8.424120741 25.16240084
-5.540174013 -11.20801542 25.28466477
-1.78092278 -10.30206769 24.88114809
-3.665923196 -11.75232079 24.95358837
-26.41526723 -1.310446111 18.44587932
-24.11326823 -3.922484022 21.24953181
-28.19000414 -3.629586624 18.80875943
-17.52289723 -8.645730857 24.81883245
-21.08823069 -6.407783393 23.40125465
-30.13658719 -8.609850167 18.29950578
-25.63149775 -6.40737684 21.69315729
-30.07916193 -6.246428935 19.15708276
-27.02031607 -5.040888929 20.34278439
-12.43368168 -27.69090599 20.11811957
-14.49185387 -23.54285717 23.44831211
-11.05923887 -26.62494248 21.94877278
-15.20072688 -26.96944062 19.69597553
-15.75432405 -12.41253283 25.49103178
-15.78059033 -18.39411435 25.53353152
-13.61644772 -13.24865438 25.59900095
-7.603856691 -22.33385869 23.38567951
-12.84885668 -22.00223362 24.76861585
-9.429042456 -24.86975211 23.15531749
-8.263716988 -19.7841797 24.26965091
-12.11841855 -24.58189391 23.66164409
-20.68438714 -25.07252009 18.58842947
-17.12611475 -22.52031969 22.85021882
-17.97731162 -26.10115843 19.19116894
-16.21427037 -24.79767882 21.35506512
-9.323933051 -14.61579984 25.32537381
-13.25245245 -18.96290677 25.27987028
-11.45195783 -13.98464499 25.5376043
-8.837834059 -17.18604993 24.91044222
-13.49479722 -16.07137455 25.53540895
-10.73899143 -19.45811478 24.84682937
-1.713601808 -1.05906416 25.59613791
-5.220244186 -3.226288337 25.56146623
-1.721331262 -2.848312081 25.58791595
-13.21459158 -8.167066741 25.35030043
-8.97972988 -5.549778276 25.48517611
-11.33621259 -9.037671144 25.54867588
-1.747726881 -6.493588527 25.37941852
-5.282463618 -5.107815989 25.60002412
-1.731534919 -4.669010312 25.51591865
-3.556241608 -7.777478572 25.4257166
-3.482762502 -3.960852027 25.59808979
-7.514091115 -10.54242745 25.51060711
-7.222286759 -6.35567015 25.5929868
-9.419703382 -9.835658381 25.59863231
-5.476307473 -9.126129298 25.46990157
-9.202726916 -7.641257886 25.57650079
-5.390866463 -7.081993772 25.57237826
-30.10119865 -18.60356387 14.65739479
-26.75785785 -16.53726562 19.27610744
-30.16131254 -16.0432017 15.60985939
-28.1550026 -20.56179992 15.86894259
-18.25119479 -11.27985872 25.12124046
-23.44514527 -14.48989665 23.53967755
-20.27330648 -10.21502848 24.59251934
-18.56758199 -14.32986867 25.42434618
-30.16619259 -11.10615631 17.40953702
-26.94915059 -14.12753835 20.21506537
-30.1801758 -13.53384979 16.52696311
-28.68222648 -10.17600394 19.78825475
-28.55534274 -15.09075341 17.97204852
-23.43154125 -23.77478883 17.81907494
-24.65893062 -18.28179979 20.34318312
-25.89503791 -22.30007997 16.93179225
-21.56020524 -22.50589573 20.0300459
-26.38179494 -19.39751007 18.17060151
-23.97921381 -7.796844443 22.90069751
-25.28199906 -13.11517707 22.45827758
-22.20443757 -9.041836054 23.84846843
-27.13307943 -9.238702705 22.11839476
-23.38642647 -11.97746459 24.29597251
-27.05069262 -11.69151814 21.18401001
-17.99593612 -20.02508659 24.27335084
-22.87342586 -17.1435083 22.54319168
-18.75285998 -17.56672607 25.50503156
-19.74467949 -21.25303878 22.1852561
-21.17820267 -16.07998393 24.59230467
-22.28480221 -19.83327465 21.34840201
-1.77156196 13.64007971 23.16499808
-5.108017096 11.99421848 22.56398136
-2.87243628 14.88515596 22.30942502
-1.749103991 11.83570713 23.72979012
-11.36599146 8.799059348 21.26174613
-8.270961145 10.39711916 21.93462729
-5.057785593 17.12390907 20.23271352
-6.184333435 13.14427582 21.64668376
-3.978234902 16.05438565 21.32424776
-4.564358161 13.99836418 21.97928923
-1.717923167 8.240153314 24.61289991
-5.079753197 10.27656388 23.18336146
-1.73306653 10.02523462 24.21255176
-3.446360536 11.04844057 23.45904636
-25.12169032 1.24627251 17.54256975
-21.24174965 3.455376634 18.7190401
-24.60867087 3.168474264 16.41924449
-24.22383123 0 19.02575848
-14.49052292 7.149568906 20.52388117
-17.74458698 5.391797512 19.69086951
-23.41647716 6.689953262 14.21892785
-20.91980617 5.229545416 17.70542831
-24.03117336 4.990465392 15.3051863
-22.70968814 4.23670157 17.0974421
-21.87661987 -2.48623587 21.61904229
-20.25975775 2.302482592 20.02121727
-23.13025648 -1.254441631 20.39855014
-22.16955678 1.202339239 19.55131003
-9.151682535 20.38160436 14.8077334
-10.39754447 16.89141408 16.82358036
-8.201049845 19.74389765 16.27625388
-10.889264 19.31995498 14.10950141
-12.46751855 9.822921171 20.17286876
-11.49143107 13.39460012 18.59352606
-10.93515257 10.63978359 20.55815046
-6.171101678 18.12560631 18.97923803
-9.414355052 16.12103274 18.14796051
-7.198763964 18.98723822 17.67832375
-6.749722582 16.15952297 19.82321164
-8.8338852 17.91930423 17.24847568
-14.19089107 17.2014476 12.75292209
-12.1224865 15.94070082 16.17421542
-12.57352939 18.25543716 13.42251454
-11.52571906 17.6271317 15.17999117
-7.835865532 12.28316866 21.2835316
-9.969879955 14.26588059 19.01816082
-9.38580554 11.46154748 20.93013191
-7.30546203 14.20619966 20.59127707
-10.46816744 12.46686683 19.80829591
-8.39167887 15.20498938 19.41584686
-1.708876263 1.056143613 25.52555226
-5.091052374 3.146443406 24.92886514
-1.708596663 2.827239953 25.39861372
-3.433581087 0 25.48493175
-11.46130081 7.083473457 21.98686333
-8.366071308 5.17051642 23.74356506
-9.894478023 7.888264074 22.29940644
-1.718225973 6.383979435 24.95102442
-5.077555262 4.909682267 24.60699146
-1.710562432 4.612458892 25.20686784
-3.415037386 7.468665804 24.41616243
-3.411691689 3.880025105 25.07572369
-7.011727011 -2.152254146 25.36866664
-6.855642458 2.104343891 24.80394743
-5.206023836 -1.07179516 25.43286382
-5.16225855 1.06278494 25.21905832
-6.743111979 9.460727545 22.89310547
-6.76405485 5.952422402 23.96919041
-8.317038841 8.68430241 22.60207255
-5.10110735 8.500867687 23.72487351
-8.350273645 6.933444285 23.20733653
-5.10185116 6.702313698 24.20139111
-20.5884259 12.72434698 10.02527142
-18.93475829 11.70232419 13.64042059
-21.3244762 11.34277138 11.03639222
-19.00413314 13.87885446 10.71125803
-14.30310897 8.839807491 19.68703112
-16.81795882 10.39407017 16.88576988
-15.86964365 7.996172804 19.25065942
-13.7936939 10.64553383 18.88752391
-22.72549804 8.366748064 13.11535747
-19.49561782 10.22017697 14.62403007
-22.04256844 9.884661113 12.07072874
-21.68506064 7.693519282 14.9608157
-20.46892628 10.81729335 12.88265175
-15.85310998 16.08534147 12.05587596
-17.27226247 12.80542329 14.2493121
-17.42076243 15.00227174 11.39078194
-14.90058506 15.55416611 13.84306871
-18.19358821 13.37703941 12.53093059
-19.13415089 6.221471614 18.27355163
-18.36857501 9.528800045 16.31700702
-17.48498754 7.120035816 18.77958728
-20.47707226 6.972359452 16.6925383
-17.17174936 8.794589468 17.83959387
-19.99725808 8.642969286 15.66030568
-12.71902554 14.15317247 17.15572711
-16.18556592 12.13099364 15.95188745
-13.26376691 12.42482267 18.03953071
-13.84671995 14.90451522 15.55826866
-15.0436102 11.42216902 17.468765
-15.56902468 13.85629271 14.91481928
-15.39384908 -7.02970796 24.90777102
-14.8310145 -2.220196082 23.99708555
-17.15295597 -5.994265931 24.35402028
-13.10776655 -5.719864733 25.06164278
-13.34697881 6.094990457 21.59586537
-14.13770097 2.116407363 22.87528069
-14.96507784 5.22969081 21.24763858
-11.82465074 5.159948686 22.60836519
-20.38919501 -3.727915853 22.72833857
-16.33221567 -1.156422434 23.2427222
-18.83678588 -4.885150616 23.6231332
-19.74183505 -1.203051749 21.98938932
-16.75204847 -3.492669332 23.8216481
-8.986159114 -3.320383074 25.28489621
-12.724712 -1.13206597 24.25245894
-10.97059384 -4.481536206 25.18576088
-8.872463621 -1.096696816 25.00290405
-12.93963076 -3.362233976 24.68832155
-18.36971881 3.358679238 20.47717863
-15.88096195 1.124470865 22.60053347
-16.64421067 4.316526001 20.87343394
-19.063084 1.1616892 21.23336431
-15.43098185 3.217237413 21.94307282
-17.74068436 0 22.31614986
-8.603018976 3.178812909 24.20683177
-12.45391817 1.107974543 23.73634383
-10.22997029 4.178988206 23.48547302
-8.743596716 1.080767991 24.63975273
-12.15770661 3.159058787 23.19644013
-10.70416608 0 24.45581526
-29.04492744 0 -15.28308151
-32.25468713 0 -11.62729826
-28.18165842 2.077247669 -14.05616543
-31.09577831 -2.292045132 -15.50964097
-36.03165738 0 -2.497262271
-34.69774338 0 -7.308200025
-26.41022014 5.786796726 -11.70694401
-30.94685217 2.160018303 -10.36069733
-27.29762106 4.010284243 -12.85628322
-29.64825396 2.122138844 -12.2758933
-32.60923211 -7.145074771 -14.45480016
-34.25905025 -2.391202025 -11.4695882
-32.4816892 -4.771873932 -15.29780909
-32.98334734 -2.360855472 -13.65679251
-29.04492744 0 15.28308151
-32.25468713 0 11.62729826
-28.18165842 2.077247669 14.05616543
-31.09577831 -2.292045132 15.50964097
-36.03165738 0 2.497262271
-34.69774338 0 7.308200025
-26.41022014 5.786796726 11.70694401
-30.94685217 2.160018303 10.36069733
-27.29762106 4.010284243 12.85628322
-29.64825396 2.122138844 12.2758933
-32.60923211 -7.145074771 14.45480016
-34.25905025 -2.391202025 11.4695882
-32.4816892 -4.771873932 15.29780909
-32.98334734 -2.360855472 13.65679251
-22.79809384 11.88417863 -7.344826323
-26.10310261 9.19745696 -5.684341011
-23.69502345 10.51372778 -8.381954146
-23.25490053 12.16280233 -5.307508632
-33.88169783 2.268300744 -1.401886956
-29.73953281 6.073502275 -3.753630837
-33.55922656 2.257571344 -3.735636409
-25.4895817 7.507898129 -10.53373856
-27.23304943 7.685108965 -6.762957395
-24.59626024 9.05085369 -9.450521035
-27.50160958 5.913146922 -9.854111302
-25.42546045 9.148380817 -7.596132939
-23.72334047 12.4470956 -1.107367567
-26.46398525 9.405203022 -3.475219671
-23.56683601 12.35183831 -3.209501974
-24.84043062 10.82017241 -4.420088387
-32.08323357 2.209378032 -8.208829421
-29.222795 6.030008047 -5.830645271
-32.94989204 2.236011543 -6.029310087
-29.69526761 4.153414745 -9.083492556
-31.29321579 4.257616073 -4.842072132
-28.44965771 5.997420502 -7.878825219
-33.1821514 -17.29717482 -10.69024195
-34.98859445 -12.3282698 -7.619289759
-33.03526269 -14.65808884 -11.68600055
-34.49763725 -18.04299021 -7.87345907
-36.17117161 -2.421575679 -1.496616076
-35.84988566 -7.321378027 -4.524860465
-35.96709503 -2.419551682 -4.003667649
-32.75460785 -9.647795005 -13.53605876
-34.78992051 -9.817642005 -8.639603538
-32.89102936 -12.10313648 -12.63758644
-33.68870037 -7.243439126 -12.07100996
-34.04491862 -12.24976362 -10.17128985
-36.12192676 -18.95235101 -1.686113733
-35.73584208 -12.70038684 -4.692789094
-35.53804253 -18.62618109 -4.839827357
-35.26011101 -15.35885131 -6.274158834
-35.01664304 -2.41138418 -8.959372783
-35.3442567 -7.293147432 -7.052023025
-35.5772001 -2.414303209 -6.510065987
-34.43671902 -4.816591601 -10.53385627
-35.71710932 -4.859511395 -5.526591476
-34.61483588 -7.297090476 -9.586204678
-22.79809384 11.88417863 7.344826323
-26.10310261 9.19745696 5.684341011
-23.69502345 10.51372778 8.381954146
-23.25490053 12.16280233 5.307508632
-33.88169783 2.268300744 1.401886956
-29.73953281 6.073502275 3.753630837
-33.55922656 2.257571344 3.735636409
-31.90567559 4.298646957 0
-25.4895817 7.507898129 10.53373856
-27.23304943 7.685108965 6.762957395
-24.59626024 9.05085369 9.450521035
-27.50160958 5.913146922 9.854111302
-25.42546045 9.148380817 7.596132939
-23.72334047 12.4470956 1.107367567
-26.46398525 9.405203022 3.475219671
-23.56683601 12.35183831 3.209501974
-25.18221541 11.02210714 0
-24.84043062 10.82017241 4.420088387
-32.08323357 2.209378032 8.208829421
-29.222795 6.030008047 5.830645271
-32.94989204 2.236011543 6.029310087
-29.69526761 4.153414745 9.083492556
-31.29321579 4.257616073 4.842072132
-28.44965771 5.997420502 7.878825219
-28.24006354 7.805361594 -2.395860795
-28.24006354 7.805361594 2.395860795
-30.01593643 6.144163773 -1.264935621
-26.69390754 9.472528596 -1.170868926
-30.01593643 6.144163773 1.264935621
-26.69390754 9.472528596 1.170868926
-33.1821514 -17.29717482 10.69024195
-34.98859445 -12.3282698 7.619289759
-33.03526269 -14.65808884 11.68600055
-34.49763725 -18.04299021 7.87345907
-36.17117161 -2.421575679 1.496616076
-35.84988566 -7.321378027 4.524860465
-35.96709503 -2.419551682 4.003667649
-36.20432255 -4.877803026 0
-32.75460785 -9.647795005 13.53605876
-34.78992051 -9.817642005 8.639603538
-32.89102936 -12.10313648 12.63758644
-33.68870037 -7.243439126 12.07100996
-34.04491862 -12.24976362 10.17128985
-36.12192676 -18.95235101 1.686113733
-35.73584208 -12.70038684 4.692789094
-35.53804253 -18.62618109 4.839827357
-36.20432255 -15.84641842 0
-35.26011101 -15.35885131 6.274158834
-35.01664304 -2.41138418 8.959372783
-35.3442567 -7.293147432 7.052023025
-35.5772001 -2.414303209 6.510065987
-34.43671902 -4.816591601 10.53385627
-35.71710932 -4.859511395 5.526591476
-34.61483588 -7.297090476 9.586204678
-36.02636151 -9.957441424 -3.056443092
-36.02636151 -9.957441424 3.056443092
-36.1640009 -7.40265241 -1.524028178
-36.15054252 -12.82828478 -1.585663202
-36.1640009 -7.40265241 1.524028178
-36.15054252 -12.82828478 1.585663202
