-11.626573 18.81219 0
12.189567 19.723134 0
-12.189567 -19.723134 0
11.626573 -18.81219 0
0 -6.7151808 10.865391
0 6.7151808 10.865391
0 -6.7151808 -10.865391
0 6.7151808 -10.865391
15.902969 0 -9.8285756
15.902969 0 9.8285756
-15.902969 0 -9.8285756
-15.902969 0 9.8285756
0 20.96077 0
0 -20.96077 0
-5.0827161 -13.306724 8.2240075
4.9903282 -13.064849 8.0745206
-4.9903282 13.064849 8.0745206
5.0827161 13.306724 8.2240075
0 0 11.807906
-5.0827161 -13.306724 -8.2240075
4.9903282 -13.064849 -8.0745206
-4.9903282 13.064849 -8.0745206
5.0827161 13.306724 -8.2240075
0 0 -11.807906
16.496502 10.195399 -6.3011029
18.158888 -11.22281 -6.9360779
6.9034117 -4.266543 -11.169955
6.8570334 4.2378797 -11.094913
16.496502 10.195399 6.3011029
18.158888 -11.22281 6.9360779
6.9034117 -4.266543 11.169955
6.8570334 4.2378797 11.094913
26.555926 0 0
-18.158888 11.22281 -6.9360779
-16.496502 -10.195399 -6.3011029
-6.8570334 -4.2378797 -11.094913
-6.9034117 4.266543 -11.169955
-18.158888 11.22281 6.9360779
-16.496502 -10.195399 6.3011029
-6.8570334 -4.2378797 11.094913
-6.9034117 4.266543 11.169955
-26.555926 0 0
-5.7011902 20.069028 0
6.0283987 21.22085 0
-6.0283987 -21.22085 0
5.7011902 -20.069028 0
-8.7621562 -17.421146 5.2483834
-2.2571373 -9.7493335 9.8654908
-3.1326666 -18.338949 5.068761
8.4088255 -16.718645 5.0367443
2.2484492 -9.7118067 9.8275169
3.0511048 -17.861479 4.9367913
0 -13.361715 8.2579941
-8.4088255 16.718645 5.0367443
-2.2484492 9.7118067 9.8275169
-3.0511048 17.861479 4.9367913
8.7621562 17.421146 5.2483834
2.2571373 9.7493335 9.8654908
3.1326666 18.338949 5.068761
0 13.361715 8.2579941
0 -3.2886301 11.576461
0 3.2886301 11.576461
-8.7621562 -17.421146 -5.2483834
-2.2571373 -9.7493335 -9.8654908
-3.1326666 -18.338949 -5.068761
8.4088255 -16.718645 -5.0367443
2.2484492 -9.7118067 -9.8275169
3.0511048 -17.861479 -4.9367913
0 -13.361715 -8.2579941
-8.4088255 16.718645 -5.0367443
-2.2484492 9.7118067 -9.8275169
-3.0511048 17.861479 -4.9367913
8.7621562 17.421146 -5.2483834
2.2571373 9.7493335 -9.8654908
3.1326666 18.338949 -5.068761
0 13.361715 -8.2579941
0 -3.2886301 -11.576461
0 3.2886301 -11.576461
15.390037 15.5734 -3.5630566
16.666712 5.0210989 -8.3827056
10.649938 12.469165 -7.7063676
15.927029 -16.116789 -3.6873793
17.988896 -5.4194267 -9.0477124
10.661582 -12.482798 -7.7147932
3.3413743 -5.5784118 -11.091143
11.078221 -2.5345993 -10.947785
6.2017468 -8.5706033 -10.034637
3.2254868 -1.9934605 -11.669921
11.64672 -7.1980686 -9.9474861
3.337956 5.5727048 -11.079796
10.919036 2.4981792 -10.790474
6.2054129 8.5756698 -10.040569
3.2218054 1.9911852 -11.656601
11.317577 6.9946472 -9.6663647
7.1105525 0 -11.505116
15.390037 15.5734 3.5630566
16.666712 5.0210989 8.3827056
10.649938 12.469165 7.7063676
20.169242 12.465277 0
15.927029 -16.116789 3.6873793
17.988896 -5.4194267 9.0477124
10.661582 -12.482798 7.7147932
23.58148 -14.574156 0
3.3413743 -5.5784118 11.091143
11.078221 -2.5345993 10.947785
6.2017468 -8.5706033 10.034637
3.2254868 -1.9934605 11.669921
11.64672 -7.1980686 9.9474861
3.337956 5.5727048 11.079796
10.919036 2.4981792 10.790474
6.2054129 8.5756698 10.040569
3.2218054 1.9911852 11.656601
11.317577 6.9946472 9.6663647
7.1105525 0 11.505116
22.484446 0 -6.3873599
22.484446 0 6.3873599
22.326111 6.1707853 -3.8137551
25.663296 -7.0931605 -4.3838143
22.326111 6.1707853 3.8137551
25.663296 -7.0931605 4.3838143
-15.927029 16.116789 -3.6873793
-17.988896 5.4194267 -9.0477124
-10.661582 12.482798 -7.7147932
-15.390037 -15.5734 -3.5630566
-16.666712 -5.0210989 -8.3827056
-10.649938 -12.469165 -7.7063676
-3.337956 -5.5727048 -11.079796
-10.919036 -2.4981792 -10.790474
-6.2054129 -8.5756698 -10.040569
-3.2218054 -1.9911852 -11.656601
-11.317577 -6.9946472 -9.6663647
-3.3413743 5.5784118 -11.091143
-11.078221 2.5345993 -10.947785
-6.2017468 8.5706033 -10.034637
-3.2254868 1.9934605 -11.669921
-11.64672 7.1980686 -9.9474861
-7.1105525 0 -11.505116
-15.927029 16.116789 3.6873793
-17.988896 5.4194267 9.0477124
-10.661582 12.482798 7.7147932
-23.58148 14.574156 0
-15.390037 -15.5734 3.5630566
-16.666712 -5.0210989 8.3827056
-10.649938 -12.469165 7.7063676
-20.169242 -12.465277 0
-3.337956 -5.5727048 11.079796
-10.919036 -2.4981792 10.790474
-6.2054129 -8.5756698 10.040569
-3.2218054 -1.9911852 11.656601
-11.317577 -6.9946472 9.6663647
-3.3413743 5.5784118 11.091143
-11.078221 2.5345993 10.947785
-6.2017468 8.5706033 10.034637
-3.2254868 1.9934605 11.669921
-11.64672 7.1980686 9.9474861
-7.1105525 0 11.505116
-22.484446 0 -6.3873599
-22.484446 0 6.3873599
-25.663296 7.0931605 -4.3838143
-22.326111 -6.1707853 -3.8137551
-25.663296 7.0931605 4.3838143
-22.326111 -6.1707853 3.8137551
-8.5916104 19.490746 0
-2.863996 20.562283 0
9.162235 20.785253 0
2.9552071 21.21714 0
-9.162235 -20.785253 0
-2.9552071 -21.21714 0
8.5916104 -19.490746 0
2.863996 -20.562283 0
-10.743727 -19.18201 2.9097024
-6.8155129 -15.336262 6.971348
-7.770195 -20.048715 2.8556831
-1.078299 -8.1869099 10.423675
-3.5763814 -11.444059 9.1537888
-1.6903684 -20.300426 2.7350735
-4.2459138 -15.850451 6.8700328
-4.6382819 -20.363719 2.7981885
-5.9362668 -18.054472 5.2037161
10.228406 -18.261949 2.7701392
6.6161228 -14.887594 6.7673988
7.3383374 -18.934433 2.6969678
1.0772734 -8.1791231 10.413761
3.5425271 -11.335729 9.0671384
0 -9.7547894 9.8710117
1.661048 -19.948304 2.6876321
4.1391876 -15.45203 6.6973463
4.4420794 -19.50232 2.6798233
0 -18.18275 5.0255885
5.6968594 -17.326342 4.9938522
-2.4940648 -13.395118 8.2786382
2.4662911 -13.245951 8.1864478
-1.1982699 -11.521741 9.1594464
-1.4238902 -15.791184 6.911708
1.1937606 -11.478383 9.1249779
1.4101936 -15.639286 6.8452234
-10.228406 18.261949 2.7701392
-6.6161228 14.887594 6.7673988
-7.3383374 18.934433 2.6969678
-1.0772734 8.1791231 10.413761
-3.5425271 11.335729 9.0671384
-1.661048 19.948304 2.6876321
-4.1391876 15.45203 6.6973463
-4.4420794 19.50232 2.6798233
-5.6968594 17.326342 4.9938522
10.743727 19.18201 2.9097024
6.8155129 15.336262 6.971348
7.770195 20.048715 2.8556831
1.078299 8.1869099 10.423675
3.5763814 11.444059 9.1537888
0 9.7547894 9.8710117
1.6903684 20.300426 2.7350735
4.2459138 15.850451 6.8700328
4.6382819 20.363719 2.7981885
0 18.18275 5.0255885
5.9362668 18.054472 5.2037161
-2.4662911 13.245951 8.1864478
2.4940648 13.395118 8.2786382
-1.1937606 11.478383 9.1249779
-1.4101936 15.639286 6.8452234
1.1982699 11.521741 9.1594464
1.4238902 15.791184 6.911708
0 -4.9739463 11.28379
0 -1.636618 11.750227
0 4.9739463 11.28379
0 1.636618 11.750227
-10.743727 -19.18201 -2.9097024
-6.8155129 -15.336262 -6.971348
-7.770195 -20.048715 -2.8556831
-1.078299 -8.1869099 -10.423675
-3.5763814 -11.444059 -9.1537888
-1.6903684 -20.300426 -2.7350735
-4.2459138 -15.850451 -6.8700328
-4.6382819 -20.363719 -2.7981885
-5.9362668 -18.054472 -5.2037161
10.228406 -18.261949 -2.7701392
6.6161228 -14.887594 -6.7673988
7.3383374 -18.934433 -2.6969678
1.0772734 -8.1791231 -10.413761
3.5425271 -11.335729 -9.0671384
0 -9.7547894 -9.8710117
1.661048 -19.948304 -2.6876321
4.1391876 -15.45203 -6.6973463
4.4420794 -19.50232 -2.6798233
0 -18.18275 -5.0255885
5.6968594 -17.326342 -4.9938522
-2.4940648 -13.395118 -8.2786382
2.4662911 -13.245951 -8.1864478
-1.1982699 -11.521741 -9.1594464
-1.4238902 -15.791184 -6.911708
1.1937606 -11.478383 -9.1249779
1.4101936 -15.639286 -6.8452234
-10.228406 18.261949 -2.7701392
-6.6161228 14.887594 -6.7673988
-7.3383374 18.934433 -2.6969678
-1.0772734 8.1791231 -10.413761
-3.5425271 11.335729 -9.0671384
-1.661048 19.948304 -2.6876321
-4.1391876 15.45203 -6.6973463
-4.4420794 19.50232 -2.6798233
-5.6968594 17.326342 -4.9938522
10.743727 19.18201 -2.9097024
6.8155129 15.336262 -6.971348
7.770195 20.048715 -2.8556831
1.078299 8.1869099 -10.423675
3.5763814 11.444059 -9.1537888
0 9.7547894 -9.8710117
1.6903684 20.300426 -2.7350735
4.2459138 15.850451 -6.8700328
4.6382819 20.363719 -2.7981885
0 18.18275 -5.0255885
5.9362668 18.054472 -5.2037161
-2.4662911 13.245951 -8.1864478
2.4940648 13.395118 -8.2786382
-1.1937606 11.478383 -9.1249779
-1.4101936 15.639286 -6.8452234
1.1982699 11.521741 -9.1594464
1.4238902 15.791184 -6.911708
0 -4.9739463 -11.28379
0 -1.636618 -11.750227
0 4.9739463 -11.28379
0 1.636618 -11.750227
14.160235 18.028986 -1.8650465
16.100262 12.878158 -5.0314907
12.14327 16.849586 -4.5282919
16.434311 2.4929063 -9.2047573
16.677214 7.5808999 -7.4114391
7.8040157 13.028775 -8.0522256
13.566104 11.540017 -7.1321228
9.8542903 14.958413 -6.6090863
13.039405 14.145095 -5.9617747
14.003293 -17.829166 -1.8443756
17.319683 -13.853539 -5.4125716
11.905873 -16.520182 -4.4397653
17.091094 -2.5925331 -9.5726172
18.387759 -8.3584557 -8.1716138
7.6774524 -12.817478 -7.9216368
14.110093 -12.002762 -7.4181149
9.6512008 -14.650132 -6.4728779
13.214128 -14.334634 -6.0416602
1.6678188 -6.1582207 -10.994979
5.0696759 -4.9563502 -11.152775
2.8354333 -7.6036249 -10.550529
1.6212576 -4.4113745 -11.382261
13.451267 -1.3914946 -10.564826
8.893281 -3.4746011 -11.118373
14.228051 -3.8237597 -10.253965
5.6657254 -10.77685 -9.1673363
6.6136392 -6.4097737 -10.701093
4.1910095 -9.1664436 -9.9437215
8.269272 -10.414849 -9.0888094
4.7043268 -7.0142529 -10.647352
1.586389 -0.9804423 -11.774591
4.9750949 -3.0747777 -11.478474
1.6002603 -2.6525941 -11.645838
3.3006687 -3.7653189 -11.451784
14.661975 -9.061599 -8.7822752
9.0939698 -5.6203824 -10.690603
14.659854 -6.4771736 -9.6576057
11.302986 -9.8638674 -8.974443
11.471003 -4.8347173 -10.574341
8.754045 -7.9646933 -10.031243
1.6678157 6.1582093 -10.994959
5.0531475 4.9401912 -11.116414
2.8388714 7.6128448 -10.563323
1.6203586 4.4089284 -11.37595
13.275136 1.3732743 -10.42649
8.7959457 3.4365722 -10.996684
13.721889 3.6877298 -9.8891815
11.121256 0 -10.990313
5.7172779 10.874909 -9.25075
6.5803876 6.3775471 -10.647291
4.2086039 9.2049254 -9.9854665
8.2817012 10.430503 -9.1024704
4.7012959 7.0097338 -10.640492
1.5859772 0.98018779 -11.771535
4.9601041 3.0655129 -11.443888
1.5993358 2.6510617 -11.63911
3.2471107 0 -11.748157
3.2953786 3.759284 -11.433429
13.871685 8.5731726 -8.3089045
8.9664248 5.5415553 -10.540665
13.903348 6.142926 -9.1592353
11.079799 9.6690964 -8.7972346
11.188352 4.7155876 -10.313784
8.6700186 7.8882435 -9.9349573
7.0687071 -2.1295548 -11.437408
7.0363892 2.1198185 -11.385117
8.9841316 -1.1753347 -11.301212
5.0953809 -1.0497062 -11.64142
8.9443069 1.1701246 -11.251116
5.0887242 1.0483348 -11.626212
14.160235 18.028986 1.8650465
16.100262 12.878158 5.0314907
12.14327 16.849586 4.5282919
16.484082 16.68048 0
16.434311 2.4929063 9.2047573
16.677214 7.5808999 7.4114391
7.8040157 13.028775 8.0522256
13.566104 11.540017 7.1321228
9.8542903 14.958413 6.6090863
13.039405 14.145095 5.9617747
18.932956 11.701211 -3.5251665
18.932956 11.701211 3.5251665
18.07844 14.371829 -1.8801716
18.07844 14.371829 1.8801716
14.003293 -17.829166 1.8443756
17.319683 -13.853539 5.4125716
11.905873 -16.520182 4.4397653
17.145443 -17.349721 0
17.091094 -2.5925331 9.5726172
18.387759 -8.3584557 8.1716138
7.6774524 -12.817478 7.9216368
14.110093 -12.002762 7.4181149
9.6512008 -14.650132 6.4728779
13.214128 -14.334634 6.0416602
21.73605 -13.433618 -4.0470803
21.73605 -13.433618 4.0470803
19.943281 -15.854323 -2.0741165
19.943281 -15.854323 2.0741165
1.6678188 -6.1582207 10.994979
5.0696759 -4.9563502 11.152775
2.8354333 -7.6036249 10.550529
1.6212576 -4.4113745 11.382261
13.451267 -1.3914946 10.564826
8.893281 -3.4746011 11.118373
14.228051 -3.8237597 10.253965
5.6657254 -10.77685 9.1673363
6.6136392 -6.4097737 10.701093
4.1910095 -9.1664436 9.9437215
8.269272 -10.414849 9.0888094
4.7043268 -7.0142529 10.647352
1.586389 -0.9804423 11.774591
4.9750949 -3.0747777 11.478474
1.6002603 -2.6525941 11.645838
3.3006687 -3.7653189 11.451784
14.661975 -9.061599 8.7822752
9.0939698 -5.6203824 10.690603
14.659854 -6.4771736 9.6576057
11.302986 -9.8638674 8.974443
11.471003 -4.8347173 10.574341
8.754045 -7.9646933 10.031243
1.6678157 6.1582093 10.994959
5.0531475 4.9401912 11.116414
2.8388714 7.6128448 10.563323
1.6203586 4.4089284 11.37595
13.275136 1.3732743 10.42649
8.7959457 3.4365722 10.996684
13.721889 3.6877298 9.8891815
11.121256 0 10.990313
5.7172779 10.874909 9.25075
6.5803876 6.3775471 10.647291
4.2086039 9.2049254 9.9854665
8.2817012 10.430503 9.1024704
4.7012959 7.0097338 10.640492
1.5859772 0.98018779 11.771535
4.9601041 3.0655129 11.443888
1.5993358 2.6510617 11.63911
3.2471107 0 11.748157
3.2953786 3.759284 11.433429
13.871685 8.5731726 8.3089045
8.9664248 5.5415553 10.540665
13.903348 6.142926 9.1592353
11.079799 9.6690964 8.7972346
11.188352 4.7155876 10.313784
8.6700186 7.8882435 9.9349573
7.0687071 -2.1295548 11.437408
7.0363892 2.1198185 11.385117
8.9841316 -1.1753347 11.301212
5.0953809 -1.0497062 11.64142
8.9443069 1.1701246 11.251116
5.0887242 1.0483348 11.626212
19.20599 0 -8.4660889
25.289815 0 -3.5224654
19.529005 2.7816571 -7.5687733
20.750305 -2.9556156 -8.0421073
19.20599 0 8.4660889
25.289815 0 3.5224654
19.529005 2.7816571 7.5687733
20.750305 -2.9556156 8.0421073
19.428509 8.4208644 -5.2043804
24.910004 3.3561212 -2.074197
19.589374 5.6461105 -6.4409391
21.684526 9.4911893 -1.9552925
22.599521 3.1054112 -5.1475347
22.490615 -9.7480674 -6.024637
26.850111 -3.6175115 -2.235745
22.017664 -6.3459996 -7.2393548
25.853531 -11.315938 -2.3312115
24.376236 -3.3495505 -5.5522204
19.428509 8.4208644 5.2043804
24.910004 3.3561212 2.074197
19.589374 5.6461105 6.4409391
21.684526 9.4911893 1.9552925
22.599521 3.1054112 5.1475347
23.894875 6.6043809 0
22.490615 -9.7480674 6.024637
26.850111 -3.6175115 2.235745
22.017664 -6.3459996 7.2393548
25.853531 -11.315938 2.3312115
24.376236 -3.3495505 5.5522204
27.491232 -7.5983896 0
-14.003293 17.829166 -1.8443756
-17.319683 13.853539 -5.4125716
-11.905873 16.520182 -4.4397653
-17.091094 2.5925331 -9.5726172
-18.387759 8.3584557 -8.1716138
-7.6774524 12.817478 -7.9216368
-14.110093 12.002762 -7.4181149
-9.6512008 14.650132 -6.4728779
-13.214128 14.334634 -6.0416602
-14.160235 -18.028986 -1.8650465
-16.100262 -12.878158 -5.0314907
-12.14327 -16.849586 -4.5282919
-16.434311 -2.4929063 -9.2047573
-16.677214 -7.5808999 -7.4114391
-7.8040157 -13.028775 -8.0522256
-13.566104 -11.540017 -7.1321228
-9.8542903 -14.958413 -6.6090863
-13.039405 -14.145095 -5.9617747
-1.6678157 -6.1582093 -10.994959
-5.0531475 -4.9401912 -11.116414
-2.8388714 -7.6128448 -10.563323
-1.6203586 -4.4089284 -11.37595
-13.275136 -1.3732743 -10.42649
-8.7959457 -3.4365722 -10.996684
-13.721889 -3.6877298 -9.8891815
-5.7172779 -10.874909 -9.25075
-6.5803876 -6.3775471 -10.647291
-4.2086039 -9.2049254 -9.9854665
-8.2817012 -10.430503 -9.1024704
-4.7012959 -7.0097338 -10.640492
-1.5859772 -0.98018779 -11.771535
-4.9601041 -3.0655129 -11.443888
-1.5993358 -2.6510617 -11.63911
-3.2953786 -3.759284 -11.433429
-13.871685 -8.5731726 -8.3089045
-8.9664248 -5.5415553 -10.540665
-13.903348 -6.142926 -9.1592353
-11.079799 -9.6690964 -8.7972346
-11.188352 -4.7155876 -10.313784
-8.6700186 -7.8882435 -9.9349573
-1.6678188 6.1582207 -10.994979
-5.0696759 4.9563502 -11.152775
-2.8354333 7.6036249 -10.550529
-1.6212576 4.4113745 -11.382261
-13.451267 1.3914946 -10.564826
-8.893281 3.4746011 -11.118373
-14.228051 3.8237597 -10.253965
-11.121256 0 -10.990313
-5.6657254 10.77685 -9.1673363
-6.6136392 6.4097737 -10.701093
-4.1910095 9.1664436 -9.9437215
-8.269272 10.414849 -9.0888094
-4.7043268 7.0142529 -10.647352
-1.586389 0.9804423 -11.774591
-4.9750949 3.0747777 -11.478474
-1.6002603 2.6525941 -11.645838
-3.2471107 0 -11.748157
-3.3006687 3.7653189 -11.451784
-14.661975 9.061599 -8.7822752
-9.0939698 5.6203824 -10.690603
-14.659854 6.4771736 -9.6576057
-11.302986 9.8638674 -8.974443
-11.471003 4.8347173 -10.574341
-8.754045 7.9646933 -10.031243
-7.0363892 -2.1198185 -11.385117
-7.0687071 2.1295548 -11.437408
-8.9443069 -1.1701246 -11.251116
-5.0887242 -1.0483348 -11.626212
-8.9841316 1.1753347 -11.301212
-5.0953809 1.0497062 -11.64142
-14.003293 17.829166 1.8443756
-17.319683 13.853539 5.4125716
-11.905873 16.520182 4.4397653
-17.145443 17.349721 0
-17.091094 2.5925331 9.5726172
-18.387759 8.3584557 8.1716138
-7.6774524 12.817478 7.9216368
-14.110093 12.002762 7.4181149
-9.6512008 14.650132 6.4728779
-13.214128 14.334634 6.0416602
-21.73605 13.433618 -4.0470803
-21.73605 13.433618 4.0470803
-19.943281 15.854323 -2.0741165
-19.943281 15.854323 2.0741165
-14.160235 -18.028986 1.8650465
-16.100262 -12.878158 5.0314907
-12.14327 -16.849586 4.5282919
-16.484082 -16.68048 0
-16.434311 -2.4929063 9.2047573
-16.677214 -7.5808999 7.4114391
-7.8040157 -13.028775 8.0522256
-13.566104 -11.540017 7.1321228
-9.8542903 -14.958413 6.6090863
-13.039405 -14.145095 5.9617747
-18.932956 -11.701211 -3.5251665
-18.932956 -11.701211 3.5251665
-18.07844 -14.371829 -1.8801716
-18.07844 -14.371829 1.8801716
-1.6678157 -6.1582093 10.994959
-5.0531475 -4.9401912 11.116414
-2.8388714 -7.6128448 10.563323
-1.6203586 -4.4089284 11.37595
-13.275136 -1.3732743 10.42649
-8.7959457 -3.4365722 10.996684
-13.721889 -3.6877298 9.8891815
-5.7172779 -10.874909 9.25075
-6.5803876 -6.3775471 10.647291
-4.2086039 -9.2049254 9.9854665
-8.2817012 -10.430503 9.1024704
-4.7012959 -7.0097338 10.640492
-1.5859772 -0.98018779 11.771535
-4.9601041 -3.0655129 11.443888
-1.5993358 -2.6510617 11.63911
-3.2953786 -3.759284 11.433429
-13.871685 -8.5731726 8.3089045
-8.9664248 -5.5415553 10.540665
-13.903348 -6.142926 9.1592353
-11.079799 -9.6690964 8.7972346
-11.188352 -4.7155876 10.313784
-8.6700186 -7.8882435 9.9349573
-1.6678188 6.1582207 10.994979
-5.0696759 4.9563502 11.152775
-2.8354333 7.6036249 10.550529
-1.6212576 4.4113745 11.382261
-13.451267 1.3914946 10.564826
-8.893281 3.4746011 11.118373
-14.228051 3.8237597 10.253965
-11.121256 0 10.990313
-5.6657254 10.77685 9.1673363
-6.6136392 6.4097737 10.701093
-4.1910095 9.1664436 9.9437215
-8.269272 10.414849 9.0888094
-4.7043268 7.0142529 10.647352
-1.586389 0.9804423 11.774591
-4.9750949 3.0747777 11.478474
-1.6002603 2.6525941 11.645838
-3.2471107 0 11.748157
-3.3006687 3.7653189 11.451784
-14.661975 9.061599 8.7822752
-9.0939698 5.6203824 10.690603
-14.659854 6.4771736 9.6576057
-11.302986 9.8638674 8.974443
-11.471003 4.8347173 10.574341
-8.754045 7.9646933 10.031243
-7.0363892 -2.1198185 11.385117
-7.0687071 2.1295548 11.437408
-8.9443069 -1.1701246 11.251116
-5.0887242 -1.0483348 11.626212
-8.9841316 1.1753347 11.301212
-5.0953809 1.0497062 11.64142
-19.20599 0 -8.4660889
-25.289815 0 -3.5224654
-20.750305 2.9556156 -8.0421073
-19.529005 -2.7816571 -7.5687733
-19.20599 0 8.4660889
-25.289815 0 3.5224654
-20.750305 2.9556156 8.0421073
-19.529005 -2.7816571 7.5687733
-22.490615 9.7480674 -6.024637
-26.850111 3.6175115 -2.235745
-22.017664 6.3459996 -7.2393548
-25.853531 11.315938 -2.3312115
-24.376236 3.3495505 -5.5522204
-19.428509 -8.4208644 -5.2043804
-24.910004 -3.3561212 -2.074197
-19.589374 -5.6461105 -6.4409391
-21.684526 -9.4911893 -1.9552925
-22.599521 -3.1054112 -5.1475347
-22.490615 9.7480674 6.024637
-26.850111 3.6175115 2.235745
-22.017664 6.3459996 7.2393548
-25.853531 11.315938 2.3312115
-24.376236 3.3495505 5.5522204
-27.491232 7.5983896 0
-19.428509 -8.4208644 5.2043804
-24.910004 -3.3561212 2.074197
-19.589374 -5.6461105 6.4409391
-21.684526 -9.4911893 1.9552925
-22.599521 -3.1054112 5.1475347
-23.894875 -6.6043809 0
-10.084864 19.165909 0
-7.1343114 19.790924 0
-1.4398759 20.775197 0
-4.281206 20.326234 0
10.702324 20.339368 0
7.5959478 21.071526 0
1.4632054 21.111805 0
4.4780216 21.260672 0
-10.702324 -20.339368 0
-7.5959478 -21.071526 0
-1.4632054 -21.111805 0
-4.4780216 -21.260672 0
10.084864 -19.165909 0
7.1343114 -19.790924 0
1.4398759 -20.775197 0
4.281206 -20.326234 0
-11.587273 -19.67871 1.5049452
-9.7721884 -18.383814 4.1617139
-10.096058 -20.241911 1.4920152
-5.9195253 -14.303739 7.6464167
-7.7672531 -16.386443 6.1788893
-6.9931154 -20.888064 1.4579383
-8.350494 -18.838254 4.1276879
-8.5468565 -20.642031 1.4774987
-9.2722894 -19.687762 2.8923224
-0.52871466 -7.4422036 10.657545
-1.6528731 -8.9542187 10.160952
-4.3032178 -12.353015 8.7216274
-2.8963762 -10.577579 9.5320714
-0.86224673 -20.839329 1.3951445
-2.4524749 -19.430642 3.9681877
-2.3329233 -20.957902 1.4098644
-4.6939878 -14.56998 7.5950319
-3.7285638 -17.121964 6.032943
-5.5270391 -15.624438 6.9327252
-5.374683 -21.006309 1.4465773
-3.8769503 -19.431009 4.0095119
-3.8464475 -21.020652 1.4264818
-6.1984432 -20.263619 2.8342298
-3.1509311 -20.363754 2.7706021
-7.3511471 -17.788334 5.2395133
-4.5279389 -18.233086 5.1453384
-6.4218289 -16.713679 6.1502465
-6.856533 -19.135738 4.1143931
-5.0655884 -16.955327 6.1007268
-5.3524251 -19.327077 4.0743059
11.021448 -18.717766 1.4314563
9.3341555 -17.559769 3.9751674
9.5103973 -19.067702 1.4054651
5.780235 -13.967162 7.4664915
7.4954583 -15.813042 5.9626751
6.590813 -19.686408 1.3740655
7.938881 -17.909678 3.9242257
8.0287618 -19.390749 1.3879354
8.7649186 -18.610466 2.7340573
0.52856448 -7.4400897 10.654518
1.6493937 -8.9353694 10.139563
0 -8.1875882 10.424539
4.2453641 -12.186937 8.6043713
2.8781917 -10.511169 9.4722257
-1.1222921 -9.7588812 9.8751522
1.1199794 -9.7387712 9.8548026
-0.55124176 -8.9637752 10.164174
0.55083069 -8.9570907 10.156595
0.85415726 -20.643817 1.3820555
2.3960643 -18.983708 3.8769134
2.2757645 -20.444414 1.3753214
0 -20.148096 2.7145499
4.5899953 -14.247191 7.4267685
3.6293652 -16.666434 5.8724362
5.368975 -15.177605 6.7344608
5.1089575 -19.967753 1.3750582
3.7445038 -18.767197 3.8725367
3.6993971 -20.217029 1.3719471
5.8819722 -19.229029 2.6895239
3.0538274 -19.736195 2.6852191
-1.5514893 -18.287438 5.0545236
1.5303195 -18.037909 4.9855555
-0.81429528 -19.322592 3.9552713
0.80780604 -19.168608 3.9237512
7.0387073 -17.032291 5.0168226
4.3713654 -17.602597 4.9674155
6.1935401 -16.119526 5.9316121
6.5249105 -18.210221 3.9153967
4.9009176 -16.404148 5.902406
5.1224353 -18.496607 3.899236
-3.7733164 -13.369673 8.2629126
-1.2388877 -13.390572 8.2758285
-3.055141 -12.41269 8.7424716
-3.3309856 -14.594746 7.6333592
3.7150497 -13.163222 8.1353186
1.2316751 -13.312613 8.2276475
3.0222259 -12.27896 8.648283
3.2729201 -14.340331 7.5002949
-1.7431152 -10.627416 9.5336687
-0.6186107 -12.433343 8.7366719
-2.3769163 -11.494059 9.1652164
-0.5810952 -10.621263 9.5356544
-1.8235539 -12.437495 8.7463941
-2.2411583 -17.066542 6.0653861
-0.67922754 -14.551217 7.6346918
-2.8192002 -15.843608 6.9012721
-0.74635726 -17.015732 6.0381571
-1.9864282 -14.58601 7.6448122
1.7358548 -10.583151 9.4939593
0.61709999 -12.402979 8.715336
2.3602619 -11.413524 9.1009985
0.58025438 -10.605894 9.5218567
1.8109143 -12.351287 8.6857704
0 -11.508172 9.1486594
2.2029084 -16.775266 5.9618678
0.67655397 -14.493941 7.6046402
2.7680915 -15.556382 6.7761603
0.74193423 -16.914894 6.002374
1.9643585 -14.423956 7.5598764
0 -15.730766 6.8852637
-11.021448 18.717766 1.4314563
-9.3341555 17.559769 3.9751674
-9.5103973 19.067702 1.4054651
-5.780235 13.967162 7.4664915
-7.4954583 15.813042 5.9626751
-6.590813 19.686408 1.3740655
-7.938881 17.909678 3.9242257
-8.0287618 19.390749 1.3879354
-8.7649186 18.610466 2.7340573
-0.52856448 7.4400897 10.654518
-1.6493937 8.9353694 10.139563
-4.2453641 12.186937 8.6043713
-2.8781917 10.511169 9.4722257
-0.85415726 20.643817 1.3820555
-2.3960643 18.983708 3.8769134
-2.2757645 20.444414 1.3753214
-4.5899953 14.247191 7.4267685
-3.6293652 16.666434 5.8724362
-5.368975 15.177605 6.7344608
-5.1089575 19.967753 1.3750582
-3.7445038 18.767197 3.8725367
-3.6993971 20.217029 1.3719471
-5.8819722 19.229029 2.6895239
-3.0538274 19.736195 2.6852191
-7.0387073 17.032291 5.0168226
-4.3713654 17.602597 4.9674155
-6.1935401 16.119526 5.9316121
-6.5249105 18.210221 3.9153967
-4.9009176 16.404148 5.902406
-5.1224353 18.496607 3.899236
11.587273 19.67871 1.5049452
9.7721884 18.383814 4.1617139
10.096058 20.241911 1.4920152
5.9195253 14.303739 7.6464167
7.7672531 16.386443 6.1788893
6.9931154 20.888064 1.4579383
8.350494 18.838254 4.1276879
8.5468565 20.642031 1.4774987
9.2722894 19.687762 2.8923224
0.52871466 7.4422036 10.657545
1.6528731 8.9542187 10.160952
0 8.1875882 10.424539
4.3032178 12.353015 8.7216274
2.8963762 10.577579 9.5320714
-1.1199794 9.7387712 9.8548026
1.1222921 9.7588812 9.8751522
-0.55083069 8.9570907 10.156595
0.55124176 8.9637752 10.164174
0.86224673 20.839329 1.3951445
2.4524749 19.430642 3.9681877
2.3329233 20.957902 1.4098644
0 20.148096 2.7145499
4.6939878 14.56998 7.5950319
3.7285638 17.121964 6.032943
5.5270391 15.624438 6.9327252
5.374683 21.006309 1.4465773
3.8769503 19.431009 4.0095119
3.8464475 21.020652 1.4264818
6.1984432 20.263619 2.8342298
3.1509311 20.363754 2.7706021
-1.5303195 18.037909 4.9855555
1.5514893 18.287438 5.0545236
-0.80780604 19.168608 3.9237512
0.81429528 19.322592 3.9552713
7.3511471 17.788334 5.2395133
4.5279389 18.233086 5.1453384
6.4218289 16.713679 6.1502465
6.856533 19.135738 4.1143931
5.0655884 16.955327 6.1007268
5.3524251 19.327077 4.0743059
-3.7150497 13.163222 8.1353186
-1.2316751 13.312613 8.2276475
-3.0222259 12.27896 8.648283
-3.2729201 14.340331 7.5002949
3.7733164 13.369673 8.2629126
1.2388877 13.390572 8.2758285
3.055141 12.41269 8.7424716
3.3309856 14.594746 7.6333592
-1.7358548 10.583151 9.4939593
-0.61709999 12.402979 8.715336
-2.3602619 11.413524 9.1009985
-0.58025438 10.605894 9.5218567
-1.8109143 12.351287 8.6857704
-2.2029084 16.775266 5.9618678
-0.67655397 14.493941 7.6046402
-2.7680915 15.556382 6.7761603
-0.74193423 16.914894 6.002374
-1.9643585 14.423956 7.5598764
1.7431152 10.627416 9.5336687
0.6186107 12.433343 8.7366719
2.3769163 11.494059 9.1652164
0.5810952 10.621263 9.5356544
1.8235539 12.437495 8.7463941
0 11.508172 9.1486594
2.2411583 17.066542 6.0653861
0.67922754 14.551217 7.6346918
2.8192002 15.843608 6.9012721
0.74635726 17.015732 6.0381571
1.9864282 14.58601 7.6448122
0 15.730766 6.8852637
0 -5.8359296 11.090967
0 -4.1258439 11.44529
0 -0.81737718 11.793497
0 -2.4596675 11.677966
0 5.8359296 11.090967
0 4.1258439 11.44529
0 0.81737718 11.793497
0 2.4596675 11.677966
-11.587273 -19.67871 -1.5049452
-9.7721884 -18.383814 -4.1617139
-10.096058 -20.241911 -1.4920152
-5.9195253 -14.303739 -7.6464167
-7.7672531 -16.386443 -6.1788893
-6.9931154 -20.888064 -1.4579383
-8.350494 -18.838254 -4.1276879
-8.5468565 -20.642031 -1.4774987
-9.2722894 -19.687762 -2.8923224
-0.52871466 -7.4422036 -10.657545
-1.6528731 -8.9542187 -10.160952
-4.3032178 -12.353015 -8.7216274
-2.8963762 -10.577579 -9.5320714
-0.86224673 -20.839329 -1.3951445
-2.4524749 -19.430642 -3.9681877
-2.3329233 -20.957902 -1.4098644
-4.6939878 -14.56998 -7.5950319
-3.7285638 -17.121964 -6.032943
-5.5270391 -15.624438 -6.9327252
-5.374683 -21.006309 -1.4465773
-3.8769503 -19.431009 -4.0095119
-3.8464475 -21.020652 -1.4264818
-6.1984432 -20.263619 -2.8342298
-3.1509311 -20.363754 -2.7706021
-7.3511471 -17.788334 -5.2395133
-4.5279389 -18.233086 -5.1453384
-6.4218289 -16.713679 -6.1502465
-6.856533 -19.135738 -4.1143931
-5.0655884 -16.955327 -6.1007268
-5.3524251 -19.327077 -4.0743059
11.021448 -18.717766 -1.4314563
9.3341555 -17.559769 -3.9751674
9.5103973 -19.067702 -1.4054651
5.780235 -13.967162 -7.4664915
7.4954583 -15.813042 -5.9626751
6.590813 -19.686408 -1.3740655
7.938881 -17.909678 -3.9242257
8.0287618 -19.390749 -1.3879354
8.7649186 -18.610466 -2.7340573
0.52856448 -7.4400897 -10.654518
1.6493937 -8.9353694 -10.139563
0 -8.1875882 -10.424539
4.2453641 -12.186937 -8.6043713
2.8781917 -10.511169 -9.4722257
-1.1222921 -9.7588812 -9.8751522
1.1199794 -9.7387712 -9.8548026
-0.55124176 -8.9637752 -10.164174
0.55083069 -8.9570907 -10.156595
0.85415726 -20.643817 -1.3820555
2.3960643 -18.983708 -3.8769134
2.2757645 -20.444414 -1.3753214
0 -20.148096 -2.7145499
4.5899953 -14.247191 -7.4267685
3.6293652 -16.666434 -5.8724362
5.368975 -15.177605 -6.7344608
5.1089575 -19.967753 -1.3750582
3.7445038 -18.767197 -3.8725367
3.6993971 -20.217029 -1.3719471
5.8819722 -19.229029 -2.6895239
3.0538274 -19.736195 -2.6852191
-1.5514893 -18.287438 -5.0545236
1.5303195 -18.037909 -4.9855555
-0.81429528 -19.322592 -3.9552713
0.80780604 -19.168608 -3.9237512
7.0387073 -17.032291 -5.0168226
4.3713654 -17.602597 -4.9674155
6.1935401 -16.119526 -5.9316121
6.5249105 -18.210221 -3.9153967
4.9009176 -16.404148 -5.902406
5.1224353 -18.496607 -3.899236
-3.7733164 -13.369673 -8.2629126
-1.2388877 -13.390572 -8.2758285
-3.055141 -12.41269 -8.7424716
-3.3309856 -14.594746 -7.6333592
3.7150497 -13.163222 -8.1353186
1.2316751 -13.312613 -8.2276475
3.0222259 -12.27896 -8.648283
3.2729201 -14.340331 -7.5002949
-1.7431152 -10.627416 -9.5336687
-0.6186107 -12.433343 -8.7366719
-2.3769163 -11.494059 -9.1652164
-0.5810952 -10.621263 -9.5356544
-1.8235539 -12.437495 -8.7463941
-2.2411583 -17.066542 -6.0653861
-0.67922754 -14.551217 -7.6346918
-2.8192002 -15.843608 -6.9012721
-0.74635726 -17.015732 -6.0381571
-1.9864282 -14.58601 -7.6448122
1.7358548 -10.583151 -9.4939593
0.61709999 -12.402979 -8.715336
2.3602619 -11.413524 -9.1009985
0.58025438 -10.605894 -9.5218567
1.8109143 -12.351287 -8.6857704
0 -11.508172 -9.1486594
2.2029084 -16.775266 -5.9618678
0.67655397 -14.493941 -7.6046402
2.7680915 -15.556382 -6.7761603
0.74193423 -16.914894 -6.002374
1.9643585 -14.423956 -7.5598764
0 -15.730766 -6.8852637
-11.021448 18.717766 -1.4314563
-9.3341555 17.559769 -3.9751674
-9.5103973 19.067702 -1.4054651
-5.780235 13.967162 -7.4664915
-7.4954583 15.813042 -5.9626751
-6.590813 19.686408 -1.3740655
-7.938881 17.909678 -3.9242257
-8.0287618 19.390749 -1.3879354
-8.7649186 18.610466 -2.7340573
-0.52856448 7.4400897 -10.654518
-1.6493937 8.9353694 -10.139563
-4.2453641 12.186937 -8.6043713
-2.8781917 10.511169 -9.4722257
-0.85415726 20.643817 -1.3820555
-2.3960643 18.983708 -3.8769134
-2.2757645 20.444414 -1.3753214
-4.5899953 14.247191 -7.4267685
-3.6293652 16.666434 -5.8724362
-5.368975 15.177605 -6.7344608
-5.1089575 19.967753 -1.3750582
-3.7445038 18.767197 -3.8725367
-3.6993971 20.217029 -1.3719471
-5.8819722 19.229029 -2.6895239
-3.0538274 19.736195 -2.6852191
-7.0387073 17.032291 -5.0168226
-4.3713654 17.602597 -4.9674155
-6.1935401 16.119526 -5.9316121
-6.5249105 18.210221 -3.9153967
-4.9009176 16.404148 -5.902406
-5.1224353 18.496607 -3.899236
11.587273 19.67871 -1.5049452
9.7721884 18.383814 -4.1617139
10.096058 20.241911 -1.4920152
5.9195253 14.303739 -7.6464167
7.7672531 16.386443 -6.1788893
6.9931154 20.888064 -1.4579383
8.350494 18.838254 -4.1276879
8.5468565 20.642031 -1.4774987
9.2722894 19.687762 -2.8923224
0.52871466 7.4422036 -10.657545
1.6528731 8.9542187 -10.160952
0 8.1875882 -10.424539
4.3032178 12.353015 -8.7216274
2.8963762 10.577579 -9.5320714
-1.1199794 9.7387712 -9.8548026
1.1222921 9.7588812 -9.8751522
-0.55083069 8.9570907 -10.156595
0.55124176 8.9637752 -10.164174
0.86224673 20.839329 -1.3951445
2.4524749 19.430642 -3.9681877
2.3329233 20.957902 -1.4098644
0 20.148096 -2.7145499
4.6939878 14.56998 -7.5950319
3.7285638 17.121964 -6.032943
5.5270391 15.624438 -6.9327252
5.374683 21.006309 -1.4465773
3.8769503 19.431009 -4.0095119
3.8464475 21.020652 -1.4264818
6.1984432 20.263619 -2.8342298
3.1509311 20.363754 -2.7706021
-1.5303195 18.037909 -4.9855555
1.5514893 18.287438 -5.0545236
-0.80780604 19.168608 -3.9237512
0.81429528 19.322592 -3.9552713
7.3511471 17.788334 -5.2395133
4.5279389 18.233086 -5.1453384
6.4218289 16.713679 -6.1502465
6.856533 19.135738 -4.1143931
5.0655884 16.955327 -6.1007268
5.3524251 19.327077 -4.0743059
-3.7150497 13.163222 -8.1353186
-1.2316751 13.312613 -8.2276475
-3.0222259 12.27896 -8.648283
-3.2729201 14.340331 -7.5002949
3.7733164 13.369673 -8.2629126
1.2388877 13.390572 -8.2758285
3.055141 12.41269 -8.7424716
3.3309856 14.594746 -7.6333592
-1.7358548 10.583151 -9.4939593
-0.61709999 12.402979 -8.715336
-2.3602619 11.413524 -9.1009985
-0.58025438 10.605894 -9.5218567
-1.8109143 12.351287 -8.6857704
-2.2029084 16.775266 -5.9618678
-0.67655397 14.493941 -7.6046402
-2.7680915 15.556382 -6.7761603
-0.74193423 16.914894 -6.002374
-1.9643585 14.423956 -7.5598764
1.7431152 10.627416 -9.5336687
0.6186107 12.433343 -8.7366719
2.3769163 11.494059 -9.1652164
0.5810952 10.621263 -9.5356544
1.8235539 12.437495 -8.7463941
0 11.508172 -9.1486594
2.2411583 17.066542 -6.0653861
0.67922754 14.551217 -7.6346918
2.8192002 15.843608 -6.9012721
0.74635726 17.015732 -6.0381571
1.9864282 14.58601 -7.6448122
0 15.730766 -6.8852637
0 -5.8359296 -11.090967
0 -4.1258439 -11.44529
0 -0.81737718 -11.793497
0 -2.4596675 -11.677966
0 5.8359296 -11.090967
0 4.1258439 -11.44529
0 0.81737718 -11.793497
0 2.4596675 -11.677966
13.273077 19.007599 -0.94295599
14.856638 16.858823 -2.7424098
12.494388 18.726214 -2.4110821
16.329299 11.529012 -5.6883708
15.794579 14.233413 -4.3249067
10.456187 17.219797 -4.9195974
13.795243 16.299736 -4.0746176
11.512789 18.076606 -3.7539023
13.225775 17.567144 -3.2773126
16.211811 1.2398114 -9.5458846
16.582214 3.7538691 -8.8145214
16.610911 8.8797728 -6.8743363
16.696541 6.295819 -7.9142411
6.4260242 13.196822 -8.1560845
9.2140017 12.790287 -7.9048322
7.3391426 14.180664 -7.5428831
15.031346 10.92064 -6.7493266
12.103495 12.054889 -7.4503311
14.839997 12.233631 -6.1641097
9.3522071 16.204939 -5.966102
10.282777 13.708198 -7.1862409
8.322448 15.197768 -6.8152123
10.994943 15.936699 -5.6540907
8.8026814 13.986362 -7.3914276
14.244715 14.915575 -4.849801
11.830585 13.318067 -6.908821
14.581889 13.576664 -5.5285333
12.640648 15.506536 -5.2799123
13.332147 12.833044 -6.5725017
11.448589 14.619152 -6.3185102
12.860994 -18.41748 -0.9136805
15.029695 -17.055202 -2.7743547
12.065898 -18.084006 -2.3283951
17.811253 -12.57532 -6.2046149
16.690726 -15.040984 -4.5702917
10.102828 -16.637867 -4.7533433
13.840824 -16.353592 -4.0880806
11.110631 -17.445165 -3.6227732
13.011759 -17.282877 -3.2242799
16.521285 -1.2634786 -9.7281097
17.589357 -3.9818654 -9.3498833
18.353445 -9.8112873 -7.5954746
18.262339 -6.8862396 -8.6564369
6.305934 -12.950199 -8.0036629
9.122622 -12.66344 -7.8264361
7.1692923 -13.85248 -7.3683177
16.058906 -11.667187 -7.2107183
12.316579 -12.267117 -7.5814951
15.67765 -12.924166 -6.5120469
9.0616448 -15.70147 -5.7807421
10.183253 -13.575519 -7.1166869
8.0939894 -14.780575 -6.6281286
10.765038 -15.603461 -5.535863
8.6368186 -13.722827 -7.252156
14.576904 -15.263409 -4.9628992
11.900897 -13.397219 -6.9498815
15.180819 -14.134306 -5.7556099
12.603928 -15.461491 -5.2645746
13.701745 -13.188806 -6.7547067
11.364703 -14.512034 -6.2722131
0.83623015 -6.438525 -10.934571
2.5008425 -5.8722691 -11.047137
1.3810645 -7.156768 -10.726349
0.82199777 -5.5622336 -11.151901
5.970132 -4.6218181 -11.168003
4.1955608 -5.2740842 -11.126647
2.5531301 -8.6440136 -10.213313
3.0976393 -6.5837695 -10.842497
1.9562487 -7.8945491 -10.48594
2.2404953 -6.8713427 -10.78892
0.80198983 -3.8468072 -11.490209
2.4650791 -4.9869634 -11.250314
0.81152268 -4.6943987 -11.337727
1.6461877 -5.2773953 -11.205442
14.679256 -0.72822938 -10.250579
12.245018 -1.9918862 -10.790777
15.197466 -1.9567403 -10.139959
7.8758647 -3.8859217 -11.155105
9.9601151 -3.0264398 -11.052572
16.030971 -4.5799564 -9.7343086
12.581133 -3.1450391 -10.648012
15.655537 -3.2511277 -9.9708368
13.867165 -2.5870474 -10.440172
5.3471457 -11.908565 -8.6518635
5.9497954 -9.6657877 -9.6269711
4.5952063 -11.062887 -9.1198989
6.6360007 -11.773728 -8.598438
6.7739402 -5.3370589 -10.960465
6.422875 -7.4866083 -10.39243
5.8231687 -5.6658793 -10.947591
3.2153513 -9.4440499 -9.8888207
5.1836272 -8.8763832 -9.9924276
3.8814006 -10.237463 -9.5317276
3.4966427 -8.3713187 -10.269265
4.9080738 -9.9558989 -9.5831891
9.4214932 -11.420236 -8.4668093
7.1988673 -9.4662914 -9.6049627
7.9972077 -11.611101 -8.5371922
6.9349915 -10.606194 -9.1337564
4.0083691 -6.2833484 -10.887406
5.4338436 -7.7752756 -10.365392
4.898103 -5.9813555 -10.922658
3.7616968 -7.3149946 -10.602771
5.6434352 -6.7209428 -10.67874
4.4603997 -8.0818548 -10.320037
0.78995903 -0.48822153 -11.799649
2.3959171 -1.4807582 -11.731856
0.79167333 -1.3099935 -11.768374
5.9121006 -3.6538791 -11.341518
4.0825215 -2.5231371 -11.586516
5.0297385 -4.0099039 -11.335634
0.79996934 -2.9722446 -11.616664
2.4067828 -2.3272103 -11.663819
0.79445622 -2.1422174 -11.707116
1.612801 -3.527186 -11.530888
1.595304 -1.8142962 -11.725386
3.3253832 -4.6655824 -11.289795
3.2673411 -2.8752863 -11.578191
4.1645884 -4.3484882 -11.317529
2.455915 -4.0927209 -11.422279
4.1274899 -3.4271597 -11.471246
2.4370759 -3.2015923 -11.560633
16.357838 -10.1097 -7.9652408
13.09158 -8.0910412 -9.4310501
16.470454 -8.7608526 -8.5242136
14.447576 -10.551168 -8.1430555
7.9600009 -4.9195511 -10.956274
10.318383 -6.3771116 -10.359988
9.0114056 -4.5405403 -10.931279
7.819077 -6.0345147 -10.706559
16.302232 -6.0019219 -9.4083569
13.103276 -6.8691233 -9.8290142
16.452265 -7.377773 -9.0094233
14.488707 -5.1403659 -9.9959542
14.708719 -7.7731742 -9.2573154
11.01826 -11.179666 -8.3790988
11.513632 -8.5360519 -9.4985433
12.657624 -10.90039 -8.2763446
9.7322191 -10.159101 -9.0415093
12.919196 -9.4989833 -8.8981647
11.299484 -3.6740285 -10.791265
11.587871 -6.0112723 -10.293633
10.129329 -4.124749 -10.879311
12.816382 -4.3639256 -10.447682
10.24935 -5.2492512 -10.647968
12.992136 -5.6153016 -10.174436
7.4433767 -8.2826623 -10.039805
10.150081 -7.6074305 -10.00354
7.6458243 -7.1622196 -10.398787
8.5360796 -9.1881781 -9.5911971
8.9478391 -6.79383 -10.390305
9.9772325 -8.8796477 -9.5579924
0.83632134 6.4392271 -10.935763
2.4999182 5.8700988 -11.043054
1.3817822 7.1604874 -10.731924
0.82191677 5.5616854 -11.150802
5.9411831 4.5994072 -11.11385
4.1872405 5.263625 -11.104581
2.5596697 8.6661546 -10.239474
3.0975653 6.5836121 -10.842238
1.9588122 7.9048944 -10.499681
2.2414635 6.8743119 -10.793582
0.80176118 3.8457104 -11.486933
2.4631132 4.9829862 -11.241342
0.81133851 4.6933333 -11.335154
1.6455997 5.2755104 -11.20144
14.553563 0.72199384 -10.162807
12.065119 1.9626222 -10.632243
14.839434 1.9106422 -9.9010749
13.405326 0 -10.528743
7.8065903 3.8517419 -11.056988
9.8313388 2.9873103 -10.909671
15.190151 4.3397389 -9.2237468
12.290715 3.0724401 -10.402217
15.048597 3.1250869 -9.5842838
13.5262 2.5234373 -10.18347
11.133515 -1.2653026 -11.002428
11.047427 1.2555189 -10.917354
12.251579 -0.66444965 -10.804655
12.188233 0.66101415 -10.748791
5.421231 12.07356 -8.7717361
5.9770807 9.7101142 -9.6711197
4.641486 11.174304 -9.2117481
6.7203544 11.92339 -8.7077372
6.7306662 5.3029641 -10.890447
6.4057423 7.4666381 -10.364709
5.7993841 5.6427372 -10.902876
3.2296771 9.4861273 -9.9328798
5.1989457 8.9026145 -10.021957
3.9082367 10.308245 -9.5976302
3.5051976 8.3917998 -10.294389
4.9394727 10.019591 -9.6444965
9.4306676 11.431356 -8.475054
7.2075203 9.4776699 -9.6165078
8.0660801 11.711097 -8.610715
6.980858 10.676341 -9.194165
4.004637 6.2774982 -10.877269
5.4331043 7.7742178 -10.363982
4.8870311 5.967835 -10.897968
3.7639347 7.3193464 -10.609079
5.6294149 6.7042456 -10.65221
4.4674338 8.0946 -10.336312
0.78990895 0.48819058 -11.798901
2.3944617 1.4798587 -11.72473
0.7915447 1.3097806 -11.766462
1.5889712 0 -11.793758
5.8851712 3.6372358 -11.289858
4.0747002 2.5183032 -11.564318
5.0128113 3.9964088 -11.297485
0.79973937 2.9713901 -11.613325
2.4046947 2.3251912 -11.653699
0.79426425 2.1416998 -11.704287
1.6117922 3.5249796 -11.523675
1.5945886 1.8134827 -11.720128
3.2422579 -0.99521316 -11.730599
3.2402341 0.99459195 -11.723277
2.4095233 -0.49606293 -11.771187
2.4090001 0.49595521 -11.76863
3.3204954 4.6587247 -11.2732
3.2625288 2.8710515 -11.561139
4.1549312 4.3384046 -11.291285
2.4534207 4.0885642 -11.410679
4.118111 3.4193721 -11.44518
2.4345759 3.198308 -11.548773
15.18646 9.3857485 -7.394853
12.575526 7.7721022 -9.0592896
15.2615 8.1177939 -7.8985245
13.748456 10.040596 -7.7490122
7.8823387 4.8715532 -10.849379
10.112028 6.2495768 -10.1528
8.8938893 4.4813278 -10.788726
7.7487488 5.9802377 -10.61026
15.26376 5.6195923 -8.8090332
12.587493 6.5987345 -9.4421155
15.288765 6.8560186 -8.3722791
13.836758 4.9090648 -9.5461662
13.907118 7.3495487 -8.7528066
10.891892 11.051447 -8.2829995
11.220507 8.3187333 -9.2567207
12.305774 10.597387 -8.0462834
9.6619057 10.085704 -8.9761861
12.462151 9.1629361 -8.5833728
11.072368 3.6001818 -10.574364
11.269444 5.8460865 -10.010771
9.9611173 4.0562518 -10.698645
12.425307 4.2307662 -10.128885
10.053681 5.1490382 -10.444689
12.522468 5.4123074 -9.8066284
7.4172106 8.2535459 -10.004512
9.9688979 7.4716348 -9.8249723
7.5932449 7.1129659 -10.327275
8.4951026 9.1440707 -9.5451551
8.8342766 6.7076054 -10.258435
9.8408849 8.7582996 -9.4273741
7.0017009 -3.1973753 -11.32899
7.1047369 -1.0635759 -11.495706
7.956787 -2.780576 -11.297164
5.9995016 -2.6180156 -11.470861
6.9592207 3.1779764 -11.260256
7.0873066 1.0609666 -11.467503
7.8989274 2.7603564 -11.215014
5.9762702 2.6078781 -11.426443
9.9998837 -1.8283569 -11.147117
8.0234846 -0.5681126 -11.418391
8.9617134 -2.3241396 -11.238847
10.031486 -0.61131076 -11.173543
8.0061923 -1.6692276 -11.384918
4.1462603 -1.5320419 -11.666582
6.0809042 -0.54099336 -11.589801
5.0451737 -2.0609758 -11.582467
4.154055 -0.51346943 -11.706268
6.0556725 -1.5735061 -11.553992
9.9147126 1.8127844 -11.052175
8.0097661 0.56714125 -11.398868
8.8881876 2.3050713 -11.146638
10.001363 0.60947512 -11.139991
7.9678222 1.6612278 -11.330355
8.9863439 0 -11.303994
4.1407697 1.5300131 -11.651133
6.0751943 0.54048538 -11.578918
5.0333321 2.0561385 -11.555281
4.1521063 0.51322856 -11.700777
6.0399807 1.5694287 -11.524053
5.1022766 0 -11.657175
13.273077 19.007599 0.94295599
14.856638 16.858823 2.7424098
12.494388 18.726214 2.4110821
14.437347 18.381809 0
16.329299 11.529012 5.6883708
15.794579 14.233413 4.3249067
10.456187 17.219797 4.9195974
13.795243 16.299736 4.0746176
11.512789 18.076606 3.7539023
13.225775 17.567144 3.2773126
16.176501 16.369234 -1.860332
16.176501 16.369234 1.860332
15.414009 17.478202 -0.94790924
15.414009 17.478202 0.94790924
16.211811 1.2398114 9.5458846
16.582214 3.7538691 8.8145214
16.610911 8.8797728 6.8743363
16.696541 6.295819 7.9142411
6.4260242 13.196822 8.1560845
9.2140017 12.790287 7.9048322
7.3391426 14.180664 7.5428831
15.031346 10.92064 6.7493266
12.103495 12.054889 7.4503311
14.839997 12.233631 6.1641097
9.3522071 16.204939 5.966102
10.282777 13.708198 7.1862409
8.322448 15.197768 6.8152123
10.994943 15.936699 5.6540907
8.8026814 13.986362 7.3914276
14.244715 14.915575 4.849801
11.830585 13.318067 6.908821
14.581889 13.576664 5.5285333
12.640648 15.506536 5.2799123
13.332147 12.833044 6.5725017
11.448589 14.619152 6.3185102
17.768994 10.981842 -5.0149343
19.821754 12.250518 -1.8338969
17.536091 12.350971 -4.316166
17.768994 10.981842 5.0149343
19.821754 12.250518 1.8338969
17.536091 12.350971 4.316166
16.787096 15.05941 -2.7534297
19.220408 13.505812 -0.9562955
17.21517 13.727158 -3.5600146
17.389815 15.612387 -0.95140647
18.577231 13.064028 -2.7237463
16.787096 15.05941 2.7534297
19.220408 13.505812 0.9562955
17.21517 13.727158 3.5600146
17.389815 15.612387 0.95140647
18.577231 13.064028 2.7237463
18.420238 14.643548 0
12.860994 -18.41748 0.9136805
15.029695 -17.055202 2.7743547
12.065898 -18.084006 2.3283951
14.262556 -18.159262 0
17.811253 -12.57532 6.2046149
16.690726 -15.040984 4.5702917
10.102828 -16.637867 4.7533433
13.840824 -16.353592 4.0880806
11.110631 -17.445165 3.6227732
13.011759 -17.282877 3.2242799
16.80511 -17.005333 -1.9326234
16.80511 -17.005333 1.9326234
15.600486 -17.689652 -0.95937697
15.600486 -17.689652 0.95937697
16.521285 -1.2634786 9.7281097
17.589357 -3.9818654 9.3498833
18.353445 -9.8112873 7.5954746
18.262339 -6.8862396 8.6564369
6.305934 -12.950199 8.0036629
9.122622 -12.66344 7.8264361
7.1692923 -13.85248 7.3683177
16.058906 -11.667187 7.2107183
12.316579 -12.267117 7.5814951
15.67765 -12.924166 6.5120469
9.0616448 -15.70147 5.7807421
10.183253 -13.575519 7.1166869
8.0939894 -14.780575 6.6281286
10.765038 -15.603461 5.535863
8.6368186 -13.722827 7.252156
14.576904 -15.263409 4.9628992
11.900897 -13.397219 6.9498815
15.180819 -14.134306 5.7556099
12.603928 -15.461491 5.2645746
13.701745 -13.188806 6.7547067
11.364703 -14.512034 6.2722131
20.001801 -12.361793 -5.6450986
23.065231 -14.255096 -2.1339814
19.492343 -13.728793 -4.7976592
20.001801 -12.361793 5.6450986
23.065231 -14.255096 2.1339814
19.492343 -13.728793 4.7976592
17.912308 -16.068818 -2.9379875
21.895452 -15.385515 -1.0893901
18.788247 -14.981509 -3.8853194
18.644557 -16.738881 -1.0200541
20.974956 -14.750175 -3.0752946
17.912308 -16.068818 2.9379875
21.895452 -15.385515 1.0893901
18.788247 -14.981509 3.8853194
18.644557 -16.738881 1.0200541
20.974956 -14.750175 3.0752946
20.397971 -16.215788 0
0.83623015 -6.438525 10.934571
2.5008425 -5.8722691 11.047137
1.3810645 -7.156768 10.726349
0.82199777 -5.5622336 11.151901
5.970132 -4.6218181 11.168003
4.1955608 -5.2740842 11.126647
2.5531301 -8.6440136 10.213313
3.0976393 -6.5837695 10.842497
1.9562487 -7.8945491 10.48594
2.2404953 -6.8713427 10.78892
0.80198983 -3.8468072 11.490209
2.4650791 -4.9869634 11.250314
0.81152268 -4.6943987 11.337727
1.6461877 -5.2773953 11.205442
14.679256 -0.72822938 10.250579
12.245018 -1.9918862 10.790777
15.197466 -1.9567403 10.139959
7.8758647 -3.8859217 11.155105
9.9601151 -3.0264398 11.052572
16.030971 -4.5799564 9.7343086
12.581133 -3.1450391 10.648012
15.655537 -3.2511277 9.9708368
13.867165 -2.5870474 10.440172
5.3471457 -11.908565 8.6518635
5.9497954 -9.6657877 9.6269711
4.5952063 -11.062887 9.1198989
6.6360007 -11.773728 8.598438
6.7739402 -5.3370589 10.960465
6.422875 -7.4866083 10.39243
5.8231687 -5.6658793 10.947591
3.2153513 -9.4440499 9.8888207
5.1836272 -8.8763832 9.9924276
3.8814006 -10.237463 9.5317276
3.4966427 -8.3713187 10.269265
4.9080738 -9.9558989 9.5831891
9.4214932 -11.420236 8.4668093
7.1988673 -9.4662914 9.6049627
7.9972077 -11.611101 8.5371922
6.9349915 -10.606194 9.1337564
4.0083691 -6.2833484 10.887406
5.4338436 -7.7752756 10.365392
4.898103 -5.9813555 10.922658
3.7616968 -7.3149946 10.602771
5.6434352 -6.7209428 10.67874
4.4603997 -8.0818548 10.320037
0.78995903 -0.48822153 11.799649
2.3959171 -1.4807582 11.731856
0.79167333 -1.3099935 11.768374
5.9121006 -3.6538791 11.341518
4.0825215 -2.5231371 11.586516
5.0297385 -4.0099039 11.335634
0.79996934 -2.9722446 11.616664
2.4067828 -2.3272103 11.663819
0.79445622 -2.1422174 11.707116
1.612801 -3.527186 11.530888
1.595304 -1.8142962 11.725386
3.3253832 -4.6655824 11.289795
3.2673411 -2.8752863 11.578191
4.1645884 -4.3484882 11.317529
2.455915 -4.0927209 11.422279
4.1274899 -3.4271597 11.471246
2.4370759 -3.2015923 11.560633
16.357838 -10.1097 7.9652408
13.09158 -8.0910412 9.4310501
16.470454 -8.7608526 8.5242136
14.447576 -10.551168 8.1430555
7.9600009 -4.9195511 10.956274
10.318383 -6.3771116 10.359988
9.0114056 -4.5405403 10.931279
7.819077 -6.0345147 10.706559
16.302232 -6.0019219 9.4083569
13.103276 -6.8691233 9.8290142
16.452265 -7.377773 9.0094233
14.488707 -5.1403659 9.9959542
14.708719 -7.7731742 9.2573154
11.01826 -11.179666 8.3790988
11.513632 -8.5360519 9.4985433
12.657624 -10.90039 8.2763446
9.7322191 -10.159101 9.0415093
12.919196 -9.4989833 8.8981647
11.299484 -3.6740285 10.791265
11.587871 -6.0112723 10.293633
10.129329 -4.124749 10.879311
12.816382 -4.3639256 10.447682
10.24935 -5.2492512 10.647968
12.992136 -5.6153016 10.174436
7.4433767 -8.2826623 10.039805
10.150081 -7.6074305 10.00354
7.6458243 -7.1622196 10.398787
8.5360796 -9.1881781 9.5911971
8.9478391 -6.79383 10.390305
9.9772325 -8.8796477 9.5579924
0.83632134 6.4392271 10.935763
2.4999182 5.8700988 11.043054
1.3817822 7.1604874 10.731924
0.82191677 5.5616854 11.150802
5.9411831 4.5994072 11.11385
4.1872405 5.263625 11.104581
2.5596697 8.6661546 10.239474
3.0975653 6.5836121 10.842238
1.9588122 7.9048944 10.499681
2.2414635 6.8743119 10.793582
0.80176118 3.8457104 11.486933
2.4631132 4.9829862 11.241342
0.81133851 4.6933333 11.335154
1.6455997 5.2755104 11.20144
14.553563 0.72199384 10.162807
12.065119 1.9626222 10.632243
14.839434 1.9106422 9.9010749
13.405326 0 10.528743
7.8065903 3.8517419 11.056988
9.8313388 2.9873103 10.909671
15.190151 4.3397389 9.2237468
12.290715 3.0724401 10.402217
15.048597 3.1250869 9.5842838
13.5262 2.5234373 10.18347
11.133515 -1.2653026 11.002428
11.047427 1.2555189 10.917354
12.251579 -0.66444965 10.804655
12.188233 0.66101415 10.748791
5.421231 12.07356 8.7717361
5.9770807 9.7101142 9.6711197
4.641486 11.174304 9.2117481
6.7203544 11.92339 8.7077372
6.7306662 5.3029641 10.890447
6.4057423 7.4666381 10.364709
5.7993841 5.6427372 10.902876
3.2296771 9.4861273 9.9328798
5.1989457 8.9026145 10.021957
3.9082367 10.308245 9.5976302
3.5051976 8.3917998 10.294389
4.9394727 10.019591 9.6444965
9.4306676 11.431356 8.475054
7.2075203 9.4776699 9.6165078
8.0660801 11.711097 8.610715
6.980858 10.676341 9.194165
4.004637 6.2774982 10.877269
5.4331043 7.7742178 10.363982
4.8870311 5.967835 10.897968
3.7639347 7.3193464 10.609079
5.6294149 6.7042456 10.65221
4.4674338 8.0946 10.336312
0.78990895 0.48819058 11.798901
2.3944617 1.4798587 11.72473
0.7915447 1.3097806 11.766462
1.5889712 0 11.793758
5.8851712 3.6372358 11.289858
4.0747002 2.5183032 11.564318
5.0128113 3.9964088 11.297485
0.79973937 2.9713901 11.613325
2.4046947 2.3251912 11.653699
0.79426425 2.1416998 11.704287
1.6117922 3.5249796 11.523675
1.5945886 1.8134827 11.720128
3.2422579 -0.99521316 11.730599
3.2402341 0.99459195 11.723277
2.4095233 -0.49606293 11.771187
2.4090001 0.49595521 11.76863
3.3204954 4.6587247 11.2732
3.2625288 2.8710515 11.561139
4.1549312 4.3384046 11.291285
2.4534207 4.0885642 11.410679
4.118111 3.4193721 11.44518
2.4345759 3.198308 11.548773
15.18646 9.3857485 7.394853
12.575526 7.7721022 9.0592896
15.2615 8.1177939 7.8985245
13.748456 10.040596 7.7490122
7.8823387 4.8715532 10.849379
10.112028 6.2495768 10.1528
8.8938893 4.4813278 10.788726
7.7487488 5.9802377 10.61026
15.26376 5.6195923 8.8090332
12.587493 6.5987345 9.4421155
15.288765 6.8560186 8.3722791
13.836758 4.9090648 9.5461662
13.907118 7.3495487 8.7528066
10.891892 11.051447 8.2829995
11.220507 8.3187333 9.2567207
12.305774 10.597387 8.0462834
9.6619057 10.085704 8.9761861
12.462151 9.1629361 8.5833728
11.072368 3.6001818 10.574364
11.269444 5.8460865 10.010771
9.9611173 4.0562518 10.698645
12.425307 4.2307662 10.128885
10.053681 5.1490382 10.444689
12.522468 5.4123074 9.8066284
7.4172106 8.2535459 10.004512
9.9688979 7.4716348 9.8249723
7.5932449 7.1129659 10.327275
8.4951026 9.1440707 9.5451551
8.8342766 6.7076054 10.258435
9.8408849 8.7582996 9.4273741
7.0017009 -3.1973753 11.32899
7.1047369 -1.0635759 11.495706
7.956787 -2.780576 11.297164
5.9995016 -2.6180156 11.470861
6.9592207 3.1779764 11.260256
7.0873066 1.0609666 11.467503
7.8989274 2.7603564 11.215014
5.9762702 2.6078781 11.426443
9.9998837 -1.8283569 11.147117
8.0234846 -0.5681126 11.418391
8.9617134 -2.3241396 11.238847
10.031486 -0.61131076 11.173543
8.0061923 -1.6692276 11.384918
4.1462603 -1.5320419 11.666582
6.0809042 -0.54099336 11.589801
5.0451737 -2.0609758 11.582467
4.154055 -0.51346943 11.706268
6.0556725 -1.5735061 11.553992
9.9147126 1.8127844 11.052175
8.0097661 0.56714125 11.398868
8.8881876 2.3050713 11.146638
10.001363 0.60947512 11.139991
7.9678222 1.6612278 11.330355
8.9863439 0 11.303994
4.1407697 1.5300131 11.651133
6.0751943 0.54048538 11.578918
5.0333321 2.0561385 11.555281
4.1521063 0.51322856 11.700777
6.0399807 1.5694287 11.524053
5.1022766 0 11.657175
17.536857 0 -9.2276772
20.870254 0 -7.5233924
17.801124 1.3121068 -8.8786666
18.238267 -1.3443282 -9.0967002
26.213835 0 -1.8168141
23.990419 0 -5.0529735
18.080612 3.9616795 -8.0146517
21.004446 1.4660614 -7.0320788
17.979459 2.6413562 -8.4677347
19.418859 1.3899475 -8.0404007
19.482556 -4.2688622 -8.6360957
21.744027 -1.5176825 -7.2796834
18.902263 -2.776925 -8.9023451
20.006998 -1.4320448 -8.2839204
17.536857 0 9.2276772
20.870254 0 7.5233924
17.801124 1.3121068 8.8786666
18.238267 -1.3443282 9.0967002
26.213835 0 1.8168141
23.990419 0 5.0529735
18.080612 3.9616795 8.0146517
21.004446 1.4660614 7.0320788
17.979459 2.6413562 8.4677347
19.418859 1.3899475 8.0404007
19.482556 -4.2688622 8.6360957
21.744027 -1.5176825 7.2796834
18.902263 -2.776925 8.9023451
20.006998 -1.4320448 8.2839204
17.962065 9.3632558 -5.7868103
20.890113 7.3606543 -4.5491345
18.066373 8.016237 -6.3908571
19.239622 10.062727 -4.3910942
25.890772 1.7333268 -1.0712549
23.690997 4.8382509 -2.9902035
25.175543 1.6935904 -2.8024089
18.133606 5.3412122 -7.4938328
21.007436 5.928254 -5.2169109
18.122709 6.668737 -6.9632149
19.595887 4.2133301 -7.0214091
19.540021 7.0307302 -5.8377939
21.049208 11.044039 -0.98254335
22.098194 7.853617 -2.9019091
20.35508 10.668494 -2.7721019
20.701613 9.0173565 -3.6836301
22.595797 1.5560357 -5.7813699
22.509475 4.6447411 -4.4911777
24.002175 1.6288108 -4.392019
21.096865 2.9507743 -6.4533252
23.903416 3.2521927 -3.6986312
21.095501 4.4471042 -5.842171
20.353361 -10.609789 -6.5572105
24.328305 -8.5721052 -5.2978524
20.426242 -9.0633353 -7.2256447
22.313414 -11.670385 -5.0926314
26.874079 -1.799157 -1.1119402
26.471615 -5.4061176 -3.3411644
26.16385 -1.7600751 -2.9124221
19.982314 -5.885745 -8.2578237
23.970304 -6.7643691 -5.952699
20.294508 -7.4679084 -7.7976761
21.461264 -4.6144066 -7.6897931
22.377649 -8.0517425 -6.6855663
25.052487 -13.144469 -1.16941
26.018033 -9.2467132 -3.4166577
24.019289 -12.588978 -3.2711203
24.430019 -10.641403 -4.3470601
23.47471 -1.6165611 -6.006249
25.130037 -5.1854836 -5.0140423
24.96193 -1.6939407 -4.5676391
22.630581 -3.1652919 -6.9224739
25.815433 -3.5123333 -3.9944821
23.401672 -4.9332638 -6.4808401
17.962065 9.3632558 5.7868103
20.890113 7.3606543 4.5491345
18.066373 8.016237 6.3908571
19.239622 10.062727 4.3910942
25.890772 1.7333268 1.0712549
23.690997 4.8382509 2.9902035
25.175543 1.6935904 2.8024089
25.385129 3.4201346 0
18.133606 5.3412122 7.4938328
21.007436 5.928254 5.2169109
18.122709 6.668737 6.9632149
19.595887 4.2133301 7.0214091
19.540021 7.0307302 5.8377939
21.049208 11.044039 0.98254335
22.098194 7.853617 2.9019091
20.35508 10.668494 2.7721019
22.102235 9.6740177 0
20.701613 9.0173565 3.6836301
22.595797 1.5560357 5.7813699
22.509475 4.6447411 4.4911777
24.002175 1.6288108 4.392019
21.096865 2.9507743 6.4533252
23.903416 3.2521927 3.6986312
21.095501 4.4471042 5.842171
23.450332 6.4815123 -1.9895044
23.450332 6.4815123 1.9895044
24.548944 5.0250884 -1.0345449
22.90951 8.1296074 -1.0048747
24.548944 5.0250884 1.0345449
22.90951 8.1296074 1.0048747
20.353361 -10.609789 6.5572105
24.328305 -8.5721052 5.2978524
20.426242 -9.0633353 7.2256447
22.313414 -11.670385 5.0926314
26.874079 -1.799157 1.1119402
26.471615 -5.4061176 3.3411644
26.16385 -1.7600751 2.9124221
27.322073 -3.6810988 0
19.982314 -5.885745 8.2578237
23.970304 -6.7643691 5.952699
20.294508 -7.4679084 7.7976761
21.461264 -4.6144066 7.6897931
22.377649 -8.0517425 6.6855663
25.052487 -13.144469 1.16941
26.018033 -9.2467132 3.4166577
24.019289 -12.588978 3.2711203
26.423707 -11.565501 0
24.430019 -10.641403 4.3470601
23.47471 -1.6165611 6.006249
25.130037 -5.1854836 5.0140423
24.96193 -1.6939407 4.5676391
22.630581 -3.1652919 6.9224739
25.815433 -3.5123333 3.9944821
23.401672 -4.9332638 6.4808401
27.005928 -7.4642548 -2.2911579
27.005928 -7.4642548 2.2911579
27.383794 -5.6053728 -1.1540115
27.036359 -9.59405 -1.1858898
27.383794 -5.6053728 1.1540115
27.036359 -9.59405 1.1858898
-12.860994 18.41748 -0.9136805
-15.029695 17.055202 -2.7743547
-12.065898 18.084006 -2.3283951
-17.811253 12.57532 -6.2046149
-16.690726 15.040984 -4.5702917
-10.102828 16.637867 -4.7533433
-13.840824 16.353592 -4.0880806
-11.110631 17.445165 -3.6227732
-13.011759 17.282877 -3.2242799
-16.521285 1.2634786 -9.7281097
-17.589357 3.9818654 -9.3498833
-18.353445 9.8112873 -7.5954746
-18.262339 6.8862396 -8.6564369
-6.305934 12.950199 -8.0036629
-9.122622 12.66344 -7.8264361
-7.1692923 13.85248 -7.3683177
-16.058906 11.667187 -7.2107183
-12.316579 12.267117 -7.5814951
-15.67765 12.924166 -6.5120469
-9.0616448 15.70147 -5.7807421
-10.183253 13.575519 -7.1166869
-8.0939894 14.780575 -6.6281286
-10.765038 15.603461 -5.535863
-8.6368186 13.722827 -7.252156
-14.576904 15.263409 -4.9628992
-11.900897 13.397219 -6.9498815
-15.180819 14.134306 -5.7556099
-12.603928 15.461491 -5.2645746
-13.701745 13.188806 -6.7547067
-11.364703 14.512034 -6.2722131
-13.273077 -19.007599 -0.94295599
-14.856638 -16.858823 -2.7424098
-12.494388 -18.726214 -2.4110821
-16.329299 -11.529012 -5.6883708
-15.794579 -14.233413 -4.3249067
-10.456187 -17.219797 -4.9195974
-13.795243 -16.299736 -4.0746176
-11.512789 -18.076606 -3.7539023
-13.225775 -17.567144 -3.2773126
-16.211811 -1.2398114 -9.5458846
-16.582214 -3.7538691 -8.8145214
-16.610911 -8.8797728 -6.8743363
-16.696541 -6.295819 -7.9142411
-6.4260242 -13.196822 -8.1560845
-9.2140017 -12.790287 -7.9048322
-7.3391426 -14.180664 -7.5428831
-15.031346 -10.92064 -6.7493266
-12.103495 -12.054889 -7.4503311
-14.839997 -12.233631 -6.1641097
-9.3522071 -16.204939 -5.966102
-10.282777 -13.708198 -7.1862409
-8.322448 -15.197768 -6.8152123
-10.994943 -15.936699 -5.6540907
-8.8026814 -13.986362 -7.3914276
-14.244715 -14.915575 -4.849801
-11.830585 -13.318067 -6.908821
-14.581889 -13.576664 -5.5285333
-12.640648 -15.506536 -5.2799123
-13.332147 -12.833044 -6.5725017
-11.448589 -14.619152 -6.3185102
-0.83632134 -6.4392271 -10.935763
-2.4999182 -5.8700988 -11.043054
-1.3817822 -7.1604874 -10.731924
-0.82191677 -5.5616854 -11.150802
-5.9411831 -4.5994072 -11.11385
-4.1872405 -5.263625 -11.104581
-2.5596697 -8.6661546 -10.239474
-3.0975653 -6.5836121 -10.842238
-1.9588122 -7.9048944 -10.499681
-2.2414635 -6.8743119 -10.793582
-0.80176118 -3.8457104 -11.486933
-2.4631132 -4.9829862 -11.241342
-0.81133851 -4.6933333 -11.335154
-1.6455997 -5.2755104 -11.20144
-14.553563 -0.72199384 -10.162807
-12.065119 -1.9626222 -10.632243
-14.839434 -1.9106422 -9.9010749
-7.8065903 -3.8517419 -11.056988
-9.8313388 -2.9873103 -10.909671
-15.190151 -4.3397389 -9.2237468
-12.290715 -3.0724401 -10.402217
-15.048597 -3.1250869 -9.5842838
-13.5262 -2.5234373 -10.18347
-5.421231 -12.07356 -8.7717361
-5.9770807 -9.7101142 -9.6711197
-4.641486 -11.174304 -9.2117481
-6.7203544 -11.92339 -8.7077372
-6.7306662 -5.3029641 -10.890447
-6.4057423 -7.4666381 -10.364709
-5.7993841 -5.6427372 -10.902876
-3.2296771 -9.4861273 -9.9328798
-5.1989457 -8.9026145 -10.021957
-3.9082367 -10.308245 -9.5976302
-3.5051976 -8.3917998 -10.294389
-4.9394727 -10.019591 -9.6444965
-9.4306676 -11.431356 -8.475054
-7.2075203 -9.4776699 -9.6165078
-8.0660801 -11.711097 -8.610715
-6.980858 -10.676341 -9.194165
-4.004637 -6.2774982 -10.877269
-5.4331043 -7.7742178 -10.363982
-4.8870311 -5.967835 -10.897968
-3.7639347 -7.3193464 -10.609079
-5.6294149 -6.7042456 -10.65221
-4.4674338 -8.0946 -10.336312
-0.78990895 -0.48819058 -11.798901
-2.3944617 -1.4798587 -11.72473
-0.7915447 -1.3097806 -11.766462
-5.8851712 -3.6372358 -11.289858
-4.0747002 -2.5183032 -11.564318
-5.0128113 -3.9964088 -11.297485
-0.79973937 -2.9713901 -11.613325
-2.4046947 -2.3251912 -11.653699
-0.79426425 -2.1416998 -11.704287
-1.6117922 -3.5249796 -11.523675
-1.5945886 -1.8134827 -11.720128
-3.3204954 -4.6587247 -11.2732
-3.2625288 -2.8710515 -11.561139
-4.1549312 -4.3384046 -11.291285
-2.4534207 -4.0885642 -11.410679
-4.118111 -3.4193721 -11.44518
-2.4345759 -3.198308 -11.548773
-15.18646 -9.3857485 -7.394853
-12.575526 -7.7721022 -9.0592896
-15.2615 -8.1177939 -7.8985245
-13.748456 -10.040596 -7.7490122
-7.8823387 -4.8715532 -10.849379
-10.112028 -6.2495768 -10.1528
-8.8938893 -4.4813278 -10.788726
-7.7487488 -5.9802377 -10.61026
-15.26376 -5.6195923 -8.8090332
-12.587493 -6.5987345 -9.4421155
-15.288765 -6.8560186 -8.3722791
-13.836758 -4.9090648 -9.5461662
-13.907118 -7.3495487 -8.7528066
-10.891892 -11.051447 -8.2829995
-11.220507 -8.3187333 -9.2567207
-12.305774 -10.597387 -8.0462834
-9.6619057 -10.085704 -8.9761861
-12.462151 -9.1629361 -8.5833728
-11.072368 -3.6001818 -10.574364
-11.269444 -5.8460865 -10.010771
-9.9611173 -4.0562518 -10.698645
-12.425307 -4.2307662 -10.128885
-10.053681 -5.1490382 -10.444689
-12.522468 -5.4123074 -9.8066284
-7.4172106 -8.2535459 -10.004512
-9.9688979 -7.4716348 -9.8249723
-7.5932449 -7.1129659 -10.327275
-8.4951026 -9.1440707 -9.5451551
-8.8342766 -6.7076054 -10.258435
-9.8408849 -8.7582996 -9.4273741
-0.83623015 6.438525 -10.934571
-2.5008425 5.8722691 -11.047137
-1.3810645 7.156768 -10.726349
-0.82199777 5.5622336 -11.151901
-5.970132 4.6218181 -11.168003
-4.1955608 5.2740842 -11.126647
-2.5531301 8.6440136 -10.213313
-3.0976393 6.5837695 -10.842497
-1.9562487 7.8945491 -10.48594
-2.2404953 6.8713427 -10.78892
-0.80198983 3.8468072 -11.490209
-2.4650791 4.9869634 -11.250314
-0.81152268 4.6943987 -11.337727
-1.6461877 5.2773953 -11.205442
-14.679256 0.72822938 -10.250579
-12.245018 1.9918862 -10.790777
-15.197466 1.9567403 -10.139959
-13.405326 0 -10.528743
-7.8758647 3.8859217 -11.155105
-9.9601151 3.0264398 -11.052572
-16.030971 4.5799564 -9.7343086
-12.581133 3.1450391 -10.648012
-15.655537 3.2511277 -9.9708368
-13.867165 2.5870474 -10.440172
-11.047427 -1.2555189 -10.917354
-11.133515 1.2653026 -11.002428
-12.188233 -0.66101415 -10.748791
-12.251579 0.66444965 -10.804655
-5.3471457 11.908565 -8.6518635
-5.9497954 9.6657877 -9.6269711
-4.5952063 11.062887 -9.1198989
-6.6360007 11.773728 -8.598438
-6.7739402 5.3370589 -10.960465
-6.422875 7.4866083 -10.39243
-5.8231687 5.6658793 -10.947591
-3.2153513 9.4440499 -9.8888207
-5.1836272 8.8763832 -9.9924276
-3.8814006 10.237463 -9.5317276
-3.4966427 8.3713187 -10.269265
-4.9080738 9.9558989 -9.5831891
-9.4214932 11.420236 -8.4668093
-7.1988673 9.4662914 -9.6049627
-7.9972077 11.611101 -8.5371922
-6.9349915 10.606194 -9.1337564
-4.0083691 6.2833484 -10.887406
-5.4338436 7.7752756 -10.365392
-4.898103 5.9813555 -10.922658
-3.7616968 7.3149946 -10.602771
-5.6434352 6.7209428 -10.67874
-4.4603997 8.0818548 -10.320037
-0.78995903 0.48822153 -11.799649
-2.3959171 1.4807582 -11.731856
-0.79167333 1.3099935 -11.768374
-1.5889712 0 -11.793758
-5.9121006 3.6538791 -11.341518
-4.0825215 2.5231371 -11.586516
-5.0297385 4.0099039 -11.335634
-0.79996934 2.9722446 -11.616664
-2.4067828 2.3272103 -11.663819
-0.79445622 2.1422174 -11.707116
-1.612801 3.527186 -11.530888
-1.595304 1.8142962 -11.725386
-3.2402341 -0.99459195 -11.723277
-3.2422579 0.99521316 -11.730599
-2.4090001 -0.49595521 -11.76863
-2.4095233 0.49606293 -11.771187
-3.3253832 4.6655824 -11.289795
-3.2673411 2.8752863 -11.578191
-4.1645884 4.3484882 -11.317529
-2.455915 4.0927209 -11.422279
-4.1274899 3.4271597 -11.471246
-2.4370759 3.2015923 -11.560633
-16.357838 10.1097 -7.9652408
-13.09158 8.0910412 -9.4310501
-16.470454 8.7608526 -8.5242136
-14.447576 10.551168 -8.1430555
-7.9600009 4.9195511 -10.956274
-10.318383 6.3771116 -10.359988
-9.0114056 4.5405403 -10.931279
-7.819077 6.0345147 -10.706559
-16.302232 6.0019219 -9.4083569
-13.103276 6.8691233 -9.8290142
-16.452265 7.377773 -9.0094233
-14.488707 5.1403659 -9.9959542
-14.708719 7.7731742 -9.2573154
-11.01826 11.179666 -8.3790988
-11.513632 8.5360519 -9.4985433
-12.657624 10.90039 -8.2763446
-9.7322191 10.159101 -9.0415093
-12.919196 9.4989833 -8.8981647
-11.299484 3.6740285 -10.791265
-11.587871 6.0112723 -10.293633
-10.129329 4.124749 -10.879311
-12.816382 4.3639256 -10.447682
-10.24935 5.2492512 -10.647968
-12.992136 5.6153016 -10.174436
-7.4433767 8.2826623 -10.039805
-10.150081 7.6074305 -10.00354
-7.6458243 7.1622196 -10.398787
-8.5360796 9.1881781 -9.5911971
-8.9478391 6.79383 -10.390305
-9.9772325 8.8796477 -9.5579924
-6.9592207 -3.1779764 -11.260256
-7.0873066 -1.0609666 -11.467503
-7.8989274 -2.7603564 -11.215014
-5.9762702 -2.6078781 -11.426443
-7.0017009 3.1973753 -11.32899
-7.1047369 1.0635759 -11.495706
-7.956787 2.780576 -11.297164
-5.9995016 2.6180156 -11.470861
-9.9147126 -1.8127844 -11.052175
-8.0097661 -0.56714125 -11.398868
-8.8881876 -2.3050713 -11.146638
-10.001363 -0.60947512 -11.139991
-7.9678222 -1.6612278 -11.330355
-4.1407697 -1.5300131 -11.651133
-6.0751943 -0.54048538 -11.578918
-5.0333321 -2.0561385 -11.555281
-4.1521063 -0.51322856 -11.700777
-6.0399807 -1.5694287 -11.524053
-9.9998837 1.8283569 -11.147117
-8.0234846 0.5681126 -11.418391
-8.9617134 2.3241396 -11.238847
-10.031486 0.61131076 -11.173543
-8.0061923 1.6692276 -11.384918
-8.9863439 0 -11.303994
-4.1462603 1.5320419 -11.666582
-6.0809042 0.54099336 -11.589801
-5.0451737 2.0609758 -11.582467
-4.154055 0.51346943 -11.706268
-6.0556725 1.5735061 -11.553992
-5.1022766 0 -11.657175
-12.860994 18.41748 0.9136805
-15.029695 17.055202 2.7743547
-12.065898 18.084006 2.3283951
-14.262556 18.159262 0
-17.811253 12.57532 6.2046149
-16.690726 15.040984 4.5702917
-10.102828 16.637867 4.7533433
-13.840824 16.353592 4.0880806
-11.110631 17.445165 3.6227732
-13.011759 17.282877 3.2242799
-16.80511 17.005333 -1.9326234
-16.80511 17.005333 1.9326234
-15.600486 17.689652 -0.95937697
-15.600486 17.689652 0.95937697
-16.521285 1.2634786 9.7281097
-17.589357 3.9818654 9.3498833
-18.353445 9.8112873 7.5954746
-18.262339 6.8862396 8.6564369
-6.305934 12.950199 8.0036629
-9.122622 12.66344 7.8264361
-7.1692923 13.85248 7.3683177
-16.058906 11.667187 7.2107183
-12.316579 12.267117 7.5814951
-15.67765 12.924166 6.5120469
-9.0616448 15.70147 5.7807421
-10.183253 13.575519 7.1166869
-8.0939894 14.780575 6.6281286
-10.765038 15.603461 5.535863
-8.6368186 13.722827 7.252156
-14.576904 15.263409 4.9628992
-11.900897 13.397219 6.9498815
-15.180819 14.134306 5.7556099
-12.603928 15.461491 5.2645746
-13.701745 13.188806 6.7547067
-11.364703 14.512034 6.2722131
-20.001801 12.361793 -5.6450986
-23.065231 14.255096 -2.1339814
-19.492343 13.728793 -4.7976592
-20.001801 12.361793 5.6450986
-23.065231 14.255096 2.1339814
-19.492343 13.728793 4.7976592
-17.912308 16.068818 -2.9379875
-21.895452 15.385515 -1.0893901
-18.788247 14.981509 -3.8853194
-18.644557 16.738881 -1.0200541
-20.974956 14.750175 -3.0752946
-17.912308 16.068818 2.9379875
-21.895452 15.385515 1.0893901
-18.788247 14.981509 3.8853194
-18.644557 16.738881 1.0200541
-20.974956 14.750175 3.0752946
-20.397971 16.215788 0
-13.273077 -19.007599 0.94295599
-14.856638 -16.858823 2.7424098
-12.494388 -18.726214 2.4110821
-14.437347 -18.381809 0
-16.329299 -11.529012 5.6883708
-15.794579 -14.233413 4.3249067
-10.456187 -17.219797 4.9195974
-13.795243 -16.299736 4.0746176
-11.512789 -18.076606 3.7539023
-13.225775 -17.567144 3.2773126
-16.176501 -16.369234 -1.860332
-16.176501 -16.369234 1.860332
-15.414009 -17.478202 -0.94790924
-15.414009 -17.478202 0.94790924
-16.211811 -1.2398114 9.5458846
-16.582214 -3.7538691 8.8145214
-16.610911 -8.8797728 6.8743363
-16.696541 -6.295819 7.9142411
-6.4260242 -13.196822 8.1560845
-9.2140017 -12.790287 7.9048322
-7.3391426 -14.180664 7.5428831
-15.031346 -10.92064 6.7493266
-12.103495 -12.054889 7.4503311
-14.839997 -12.233631 6.1641097
-9.3522071 -16.204939 5.966102
-10.282777 -13.708198 7.1862409
-8.322448 -15.197768 6.8152123
-10.994943 -15.936699 5.6540907
-8.8026814 -13.986362 7.3914276
-14.244715 -14.915575 4.849801
-11.830585 -13.318067 6.908821
-14.581889 -13.576664 5.5285333
-12.640648 -15.506536 5.2799123
-13.332147 -12.833044 6.5725017
-11.448589 -14.619152 6.3185102
-17.768994 -10.981842 -5.0149343
-19.821754 -12.250518 -1.8338969
-17.536091 -12.350971 -4.316166
-17.768994 -10.981842 5.0149343
-19.821754 -12.250518 1.8338969
-17.536091 -12.350971 4.316166
-16.787096 -15.05941 -2.7534297
-19.220408 -13.505812 -0.9562955
-17.21517 -13.727158 -3.5600146
-17.389815 -15.612387 -0.95140647
-18.577231 -13.064028 -2.7237463
-16.787096 -15.05941 2.7534297
-19.220408 -13.505812 0.9562955
-17.21517 -13.727158 3.5600146
-17.389815 -15.612387 0.95140647
-18.577231 -13.064028 2.7237463
-18.420238 -14.643548 0
-0.83632134 -6.4392271 10.935763
-2.4999182 -5.8700988 11.043054
-1.3817822 -7.1604874 10.731924
-0.82191677 -5.5616854 11.150802
-5.9411831 -4.5994072 11.11385
-4.1872405 -5.263625 11.104581
-2.5596697 -8.6661546 10.239474
-3.0975653 -6.5836121 10.842238
-1.9588122 -7.9048944 10.499681
-2.2414635 -6.8743119 10.793582
-0.80176118 -3.8457104 11.486933
-2.4631132 -4.9829862 11.241342
-0.81133851 -4.6933333 11.335154
-1.6455997 -5.2755104 11.20144
-14.553563 -0.72199384 10.162807
-12.065119 -1.9626222 10.632243
-14.839434 -1.9106422 9.9010749
-7.8065903 -3.8517419 11.056988
-9.8313388 -2.9873103 10.909671
-15.190151 -4.3397389 9.2237468
-12.290715 -3.0724401 10.402217
-15.048597 -3.1250869 9.5842838
-13.5262 -2.5234373 10.18347
-5.421231 -12.07356 8.7717361
-5.9770807 -9.7101142 9.6711197
-4.641486 -11.174304 9.2117481
-6.7203544 -11.92339 8.7077372
-6.7306662 -5.3029641 10.890447
-6.4057423 -7.4666381 10.364709
-5.7993841 -5.6427372 10.902876
-3.2296771 -9.4861273 9.9328798
-5.1989457 -8.9026145 10.021957
-3.9082367 -10.308245 9.5976302
-3.5051976 -8.3917998 10.294389
-4.9394727 -10.019591 9.6444965
-9.4306676 -11.431356 8.475054
-7.2075203 -9.4776699 9.6165078
-8.0660801 -11.711097 8.610715
-6.980858 -10.676341 9.194165
-4.004637 -6.2774982 10.877269
-5.4331043 -7.7742178 10.363982
-4.8870311 -5.967835 10.897968
-3.7639347 -7.3193464 10.609079
-5.6294149 -6.7042456 10.65221
-4.4674338 -8.0946 10.336312
-0.78990895 -0.48819058 11.798901
-2.3944617 -1.4798587 11.72473
-0.7915447 -1.3097806 11.766462
-5.8851712 -3.6372358 11.289858
-4.0747002 -2.5183032 11.564318
-5.0128113 -3.9964088 11.297485
-0.79973937 -2.9713901 11.613325
-2.4046947 -2.3251912 11.653699
-0.79426425 -2.1416998 11.704287
-1.6117922 -3.5249796 11.523675
-1.5945886 -1.8134827 11.720128
-3.3204954 -4.6587247 11.2732
-3.2625288 -2.8710515 11.561139
-4.1549312 -4.3384046 11.291285
-2.4534207 -4.0885642 11.410679
-4.118111 -3.4193721 11.44518
-2.4345759 -3.198308 11.548773
-15.18646 -9.3857485 7.394853
-12.575526 -7.7721022 9.0592896
-15.2615 -8.1177939 7.8985245
-13.748456 -10.040596 7.7490122
-7.8823387 -4.8715532 10.849379
-10.112028 -6.2495768 10.1528
-8.8938893 -4.4813278 10.788726
-7.7487488 -5.9802377 10.61026
-15.26376 -5.6195923 8.8090332
-12.587493 -6.5987345 9.4421155
-15.288765 -6.8560186 8.3722791
-13.836758 -4.9090648 9.5461662
-13.907118 -7.3495487 8.7528066
-10.891892 -11.051447 8.2829995
-11.220507 -8.3187333 9.2567207
-12.305774 -10.597387 8.0462834
-9.6619057 -10.085704 8.9761861
-12.462151 -9.1629361 8.5833728
-11.072368 -3.6001818 10.574364
-11.269444 -5.8460865 10.010771
-9.9611173 -4.0562518 10.698645
-12.425307 -4.2307662 10.128885
-10.053681 -5.1490382 10.444689
-12.522468 -5.4123074 9.8066284
-7.4172106 -8.2535459 10.004512
-9.9688979 -7.4716348 9.8249723
-7.5932449 -7.1129659 10.327275
-8.4951026 -9.1440707 9.5451551
-8.8342766 -6.7076054 10.258435
-9.8408849 -8.7582996 9.4273741
-0.83623015 6.438525 10.934571
-2.5008425 5.8722691 11.047137
-1.3810645 7.156768 10.726349
-0.82199777 5.5622336 11.151901
-5.970132 4.6218181 11.168003
-4.1955608 5.2740842 11.126647
-2.5531301 8.6440136 10.213313
-3.0976393 6.5837695 10.842497
-1.9562487 7.8945491 10.48594
-2.2404953 6.8713427 10.78892
-0.80198983 3.8468072 11.490209
-2.4650791 4.9869634 11.250314
-0.81152268 4.6943987 11.337727
-1.6461877 5.2773953 11.205442
-14.679256 0.72822938 10.250579
-12.245018 1.9918862 10.790777
-15.197466 1.9567403 10.139959
-13.405326 0 10.528743
-7.8758647 3.8859217 11.155105
-9.9601151 3.0264398 11.052572
-16.030971 4.5799564 9.7343086
-12.581133 3.1450391 10.648012
-15.655537 3.2511277 9.9708368
-13.867165 2.5870474 10.440172
-11.047427 -1.2555189 10.917354
-11.133515 1.2653026 11.002428
-12.188233 -0.66101415 10.748791
-12.251579 0.66444965 10.804655
-5.3471457 11.908565 8.6518635
-5.9497954 9.6657877 9.6269711
-4.5952063 11.062887 9.1198989
-6.6360007 11.773728 8.598438
-6.7739402 5.3370589 10.960465
-6.422875 7.4866083 10.39243
-5.8231687 5.6658793 10.947591
-3.2153513 9.4440499 9.8888207
-5.1836272 8.8763832 9.9924276
-3.8814006 10.237463 9.5317276
-3.4966427 8.3713187 10.269265
-4.9080738 9.9558989 9.5831891
-9.4214932 11.420236 8.4668093
-7.1988673 9.4662914 9.6049627
-7.9972077 11.611101 8.5371922
-6.9349915 10.606194 9.1337564
-4.0083691 6.2833484 10.887406
-5.4338436 7.7752756 10.365392
-4.898103 5.9813555 10.922658
-3.7616968 7.3149946 10.602771
-5.6434352 6.7209428 10.67874
-4.4603997 8.0818548 10.320037
-0.78995903 0.48822153 11.799649
-2.3959171 1.4807582 11.731856
-0.79167333 1.3099935 11.768374
-1.5889712 0 11.793758
-5.9121006 3.6538791 11.341518
-4.0825215 2.5231371 11.586516
-5.0297385 4.0099039 11.335634
-0.79996934 2.9722446 11.616664
-2.4067828 2.3272103 11.663819
-0.79445622 2.1422174 11.707116
-1.612801 3.527186 11.530888
-1.595304 1.8142962 11.725386
-3.2402341 -0.99459195 11.723277
-3.2422579 0.99521316 11.730599
-2.4090001 -0.49595521 11.76863
-2.4095233 0.49606293 11.771187
-3.3253832 4.6655824 11.289795
-3.2673411 2.8752863 11.578191
-4.1645884 4.3484882 11.317529
-2.455915 4.0927209 11.422279
-4.1274899 3.4271597 11.471246
-2.4370759 3.2015923 11.560633
-16.357838 10.1097 7.9652408
-13.09158 8.0910412 9.4310501
-16.470454 8.7608526 8.5242136
-14.447576 10.551168 8.1430555
-7.9600009 4.9195511 10.956274
-10.318383 6.3771116 10.359988
-9.0114056 4.5405403 10.931279
-7.819077 6.0345147 10.706559
-16.302232 6.0019219 9.4083569
-13.103276 6.8691233 9.8290142
-16.452265 7.377773 9.0094233
-14.488707 5.1403659 9.9959542
-14.708719 7.7731742 9.2573154
-11.01826 11.179666 8.3790988
-11.513632 8.5360519 9.4985433
-12.657624 10.90039 8.2763446
-9.7322191 10.159101 9.0415093
-12.919196 9.4989833 8.8981647
-11.299484 3.6740285 10.791265
-11.587871 6.0112723 10.293633
-10.129329 4.124749 10.879311
-12.816382 4.3639256 10.447682
-10.24935 5.2492512 10.647968
-12.992136 5.6153016 10.174436
-7.4433767 8.2826623 10.039805
-10.150081 7.6074305 10.00354
-7.6458243 7.1622196 10.398787
-8.5360796 9.1881781 9.5911971
-8.9478391 6.79383 10.390305
-9.9772325 8.8796477 9.5579924
-6.9592207 -3.1779764 11.260256
-7.0873066 -1.0609666 11.467503
-7.8989274 -2.7603564 11.215014
-5.9762702 -2.6078781 11.426443
-7.0017009 3.1973753 11.32899
-7.1047369 1.0635759 11.495706
-7.956787 2.780576 11.297164
-5.9995016 2.6180156 11.470861
-9.9147126 -1.8127844 11.052175
-8.0097661 -0.56714125 11.398868
-8.8881876 -2.3050713 11.146638
-10.001363 -0.60947512 11.139991
-7.9678222 -1.6612278 11.330355
-4.1407697 -1.5300131 11.651133
-6.0751943 -0.54048538 11.578918
-5.0333321 -2.0561385 11.555281
-4.1521063 -0.51322856 11.700777
-6.0399807 -1.5694287 11.524053
-9.9998837 1.8283569 11.147117
-8.0234846 0.5681126 11.418391
-8.9617134 2.3241396 11.238847
-10.031486 0.61131076 11.173543
-8.0061923 1.6692276 11.384918
-8.9863439 0 11.303994
-4.1462603 1.5320419 11.666582
-6.0809042 0.54099336 11.589801
-5.0451737 2.0609758 11.582467
-4.154055 0.51346943 11.706268
-6.0556725 1.5735061 11.553992
-5.1022766 0 11.657175
-17.536857 0 -9.2276772
-20.870254 0 -7.5233924
-18.238267 1.3443282 -9.0967002
-17.801124 -1.3121068 -8.8786666
-26.213835 0 -1.8168141
-23.990419 0 -5.0529735
-19.482556 4.2688622 -8.6360957
-21.744027 1.5176825 -7.2796834
-18.902263 2.776925 -8.9023451
-20.006998 1.4320448 -8.2839204
-18.080612 -3.9616795 -8.0146517
-21.004446 -1.4660614 -7.0320788
-17.979459 -2.6413562 -8.4677347
-19.418859 -1.3899475 -8.0404007
-17.536857 0 9.2276772
-20.870254 0 7.5233924
-18.238267 1.3443282 9.0967002
-17.801124 -1.3121068 8.8786666
-26.213835 0 1.8168141
-23.990419 0 5.0529735
-19.482556 4.2688622 8.6360957
-21.744027 1.5176825 7.2796834
-18.902263 2.776925 8.9023451
-20.006998 1.4320448 8.2839204
-18.080612 -3.9616795 8.0146517
-21.004446 -1.4660614 7.0320788
-17.979459 -2.6413562 8.4677347
-19.418859 -1.3899475 8.0404007
-20.353361 10.609789 -6.5572105
-24.328305 8.5721052 -5.2978524
-20.426242 9.0633353 -7.2256447
-22.313414 11.670385 -5.0926314
-26.874079 1.799157 -1.1119402
-26.471615 5.4061176 -3.3411644
-26.16385 1.7600751 -2.9124221
-19.982314 5.885745 -8.2578237
-23.970304 6.7643691 -5.952699
-20.294508 7.4679084 -7.7976761
-21.461264 4.6144066 -7.6897931
-22.377649 8.0517425 -6.6855663
-25.052487 13.144469 -1.16941
-26.018033 9.2467132 -3.4166577
-24.019289 12.588978 -3.2711203
-24.430019 10.641403 -4.3470601
-23.47471 1.6165611 -6.006249
-25.130037 5.1854836 -5.0140423
-24.96193 1.6939407 -4.5676391
-22.630581 3.1652919 -6.9224739
-25.815433 3.5123333 -3.9944821
-23.401672 4.9332638 -6.4808401
-17.962065 -9.3632558 -5.7868103
-20.890113 -7.3606543 -4.5491345
-18.066373 -8.016237 -6.3908571
-19.239622 -10.062727 -4.3910942
-25.890772 -1.7333268 -1.0712549
-23.690997 -4.8382509 -2.9902035
-25.175543 -1.6935904 -2.8024089
-18.133606 -5.3412122 -7.4938328
-21.007436 -5.928254 -5.2169109
-18.122709 -6.668737 -6.9632149
-19.595887 -4.2133301 -7.0214091
-19.540021 -7.0307302 -5.8377939
-21.049208 -11.044039 -0.98254335
-22.098194 -7.853617 -2.9019091
-20.35508 -10.668494 -2.7721019
-20.701613 -9.0173565 -3.6836301
-22.595797 -1.5560357 -5.7813699
-22.509475 -4.6447411 -4.4911777
-24.002175 -1.6288108 -4.392019
-21.096865 -2.9507743 -6.4533252
-23.903416 -3.2521927 -3.6986312
-21.095501 -4.4471042 -5.842171
-20.353361 10.609789 6.5572105
-24.328305 8.5721052 5.2978524
-20.426242 9.0633353 7.2256447
-22.313414 11.670385 5.0926314
-26.874079 1.799157 1.1119402
-26.471615 5.4061176 3.3411644
-26.16385 1.7600751 2.9124221
-27.322073 3.6810988 0
-19.982314 5.885745 8.2578237
-23.970304 6.7643691 5.952699
-20.294508 7.4679084 7.7976761
-21.461264 4.6144066 7.6897931
-22.377649 8.0517425 6.6855663
-25.052487 13.144469 1.16941
-26.018033 9.2467132 3.4166577
-24.019289 12.588978 3.2711203
-26.423707 11.565501 0
-24.430019 10.641403 4.3470601
-23.47471 1.6165611 6.006249
-25.130037 5.1854836 5.0140423
-24.96193 1.6939407 4.5676391
-22.630581 3.1652919 6.9224739
-25.815433 3.5123333 3.9944821
-23.401672 4.9332638 6.4808401
-27.005928 7.4642548 -2.2911579
-27.005928 7.4642548 2.2911579
-27.383794 5.6053728 -1.1540115
-27.036359 9.59405 -1.1858898
-27.383794 5.6053728 1.1540115
-27.036359 9.59405 1.1858898
-17.962065 -9.3632558 5.7868103
-20.890113 -7.3606543 4.5491345
-18.066373 -8.016237 6.3908571
-19.239622 -10.062727 4.3910942
-25.890772 -1.7333268 1.0712549
-23.690997 -4.8382509 2.9902035
-25.175543 -1.6935904 2.8024089
-25.385129 -3.4201346 0
-18.133606 -5.3412122 7.4938328
-21.007436 -5.928254 5.2169109
-18.122709 -6.668737 6.9632149
-19.595887 -4.2133301 7.0214091
-19.540021 -7.0307302 5.8377939
-21.049208 -11.044039 0.98254335
-22.098194 -7.853617 2.9019091
-20.35508 -10.668494 2.7721019
-22.102235 -9.6740177 0
-20.701613 -9.0173565 3.6836301
-22.595797 -1.5560357 5.7813699
-22.509475 -4.6447411 4.4911777
-24.002175 -1.6288108 4.392019
-21.096865 -2.9507743 6.4533252
-23.903416 -3.2521927 3.6986312
-21.095501 -4.4471042 5.842171
-23.450332 -6.4815123 -1.9895044
-23.450332 -6.4815123 1.9895044
-24.548944 -5.0250884 -1.0345449
-22.90951 -8.1296074 -1.0048747
-24.548944 -5.0250884 1.0345449
-22.90951 -8.1296074 1.0048747
