-10.176206 16.465447 0
16.465447 26.641653 0
-16.465447 -26.641653 0
10.176206 -16.465447 0
0 -10.668559 17.26209
0 10.668559 17.26209
0 -10.668559 -17.26209
0 10.668559 -17.26209
20.059507 0 -12.397457
20.059507 0 12.397457
-20.059507 0 -12.397457
-20.059507 0 12.397457
0 26.641653 0
0 -26.641653 0
-8.298868 -21.726719 13.427851
6.223354 -16.292952 10.069598
-6.223354 16.292952 10.069598
8.298868 21.726719 13.427851
0 0 18.838493
-8.298868 -21.726719 -13.427851
6.223354 -16.292952 -10.069598
-6.223354 16.292952 -10.069598
8.298868 21.726719 -13.427851
0 0 -18.838493
23.373782 14.445792 -8.9279902
15.61807 -9.6524979 -5.9655718
9.5063303 -5.8752352 -15.381566
11.483934 7.0974616 -18.581396
23.373782 14.445792 8.9279902
15.61807 -9.6524979 5.9655718
9.5063303 -5.8752352 15.381566
11.483934 7.0974616 18.581396
26.641653 0 0
-15.61807 9.6524979 -5.9655718
-23.373782 -14.445792 -8.9279902
-11.483934 -7.0974616 -18.581396
-9.5063303 5.8752352 -15.381566
-15.61807 9.6524979 5.9655718
-23.373782 -14.445792 8.9279902
-11.483934 -7.0974616 18.581396
-9.5063303 5.8752352 15.381566
-26.641653 0 0
-5.8939793 20.747674 0
7.5683353 26.641653 0
-7.5683353 -26.641653 0
5.8939793 -20.747674 0
-12.420867 -24.695489 7.4398893
-3.7972139 -16.401441 16.596854
-4.3601527 -25.524779 7.0548753
8.5775603 -17.054127 5.1378136
3.2669335 -14.110982 14.279106
3.6869261 -21.583641 5.9655718
0 -20.059507 12.397457
-8.5775603 17.054127 5.1378136
-3.2669335 14.110982 14.279106
-3.6869261 21.583641 5.9655718
12.420867 24.695489 7.4398893
3.7972139 16.401441 16.596854
4.3601527 25.524779 7.0548753
0 20.059507 12.397457
0 -5.2468124 18.469551
0 5.2468124 18.469551
-12.420867 -24.695489 -7.4398893
-3.7972139 -16.401441 -16.596854
-4.3601527 -25.524779 -7.0548753
8.5775603 -17.054127 -5.1378136
3.2669335 -14.110982 -14.279106
3.6869261 -21.583641 -5.9655718
0 -20.059507 -12.397457
-8.5775603 17.054127 -5.1378136
-3.2669335 14.110982 -14.279106
-3.6869261 21.583641 -5.9655718
12.420867 24.695489 -7.4398893
3.7972139 16.401441 -16.596854
4.3601527 25.524779 -7.0548753
0 20.059507 -12.397457
0 -5.2468124 -18.469551
0 5.2468124 -18.469551
22.775065 23.046416 -5.2728168
23.183329 6.984328 -11.660309
16.607883 19.444848 -12.017577
13.070002 -13.225723 -3.0259289
17.964942 -5.4122101 -9.0356642
11.101002 -12.99728 -8.0327606
4.9334544 -8.2363834 -16.375791
14.316212 -3.275423 -14.147651
8.0658878 -11.146783 -13.050881
4.9645191 -3.0682415 -17.961799
13.194412 -8.1545952 -11.269373
5.6185263 9.3801084 -18.649774
16.69038 3.8186119 -16.493866
11.332359 15.660935 -18.336142
5.1923836 3.2090695 -18.78622
18.469903 11.415028 -15.775181
10.668559 0 -17.26209
22.775065 23.046416 5.2728168
23.183329 6.984328 11.660309
16.607883 19.444848 12.017577
26.641653 16.465447 0
13.070002 -13.225723 3.0259289
17.964942 -5.4122101 9.0356642
11.101002 -12.99728 8.0327606
16.465447 -10.176206 0
4.9334544 -8.2363834 16.375791
14.316212 -3.275423 14.147651
8.0658878 -11.146783 13.050881
4.9645191 -3.0682415 17.961799
13.194412 -8.1545952 11.269373
5.6185263 9.3801084 18.649774
16.69038 3.8186119 16.493866
11.332359 15.660935 18.336142
5.1923836 3.2090695 18.78622
18.469903 11.415028 15.775181
10.668559 0 17.26209
24.721221 0 -7.0227808
24.721221 0 7.0227808
26.128744 7.2218071 -4.4633222
20.508518 -5.668415 -3.5032731
26.128744 7.2218071 4.4633222
20.508518 -5.668415 3.5032731
-13.070002 13.225723 -3.0259289
-17.964942 5.4122101 -9.0356642
-11.101002 12.99728 -8.0327606
-22.775065 -23.046416 -5.2728168
-23.183329 -6.984328 -11.660309
-16.607883 -19.444848 -12.017577
-5.6185263 -9.3801084 -18.649774
-16.69038 -3.8186119 -16.493866
-11.332359 -15.660935 -18.336142
-5.1923836 -3.2090695 -18.78622
-18.469903 -11.415028 -15.775181
-4.9334544 8.2363834 -16.375791
-14.316212 3.275423 -14.147651
-8.0658878 11.146783 -13.050881
-4.9645191 3.0682415 -17.961799
-13.194412 8.1545952 -11.269373
-10.668559 0 -17.26209
-13.070002 13.225723 3.0259289
-17.964942 5.4122101 9.0356642
-11.101002 12.99728 8.0327606
-16.465447 10.176206 0
-22.775065 -23.046416 5.2728168
-23.183329 -6.984328 11.660309
-16.607883 -19.444848 12.017577
-26.641653 -16.465447 0
-5.6185263 -9.3801084 18.649774
-16.69038 -3.8186119 16.493866
-11.332359 -15.660935 18.336142
-5.1923836 -3.2090695 18.78622
-18.469903 -11.415028 15.775181
-4.9334544 8.2363834 16.375791
-14.316212 3.275423 14.147651
-8.0658878 11.146783 13.050881
-4.9645191 3.0682415 17.961799
-13.194412 8.1545952 11.269373
-10.668559 0 17.26209
-24.721221 0 -7.0227808
-24.721221 0 7.0227808
-20.508518 5.668415 -3.5032731
-26.128744 -7.2218071 -4.4633222
-20.508518 5.668415 3.5032731
-26.128744 -7.2218071 4.4633222
-8.1508368 18.490816 0
-3.2570938 23.384559 0
11.743763 26.641653 0
3.7107547 26.641653 0
-11.743763 -26.641653 0
-3.7107547 -26.641653 0
8.1508368 -18.490816 0
3.2570938 -23.384559 0
-14.561299 -25.997961 3.9436081
-10.321949 -23.226442 10.557958
-10.161403 -26.218527 3.7344939
-1.7553511 -13.32738 16.968586
-6.2896826 -20.126349 16.098514
-2.1968672 -26.383209 3.5546058
-6.4214962 -23.972133 10.390199
-5.9960395 -26.324761 3.6172983
-8.2870464 -25.204097 7.2644033
9.4755376 -16.917766 2.5662412
7.4887236 -16.85112 7.6599514
7.3641755 -19.001101 2.7064638
1.6499528 -12.527151 15.949724
4.8050699 -15.375738 12.298631
0 -15.260117 15.441932
2.0169049 -24.221956 3.2634206
5.0676306 -18.918008 8.1995986
4.8816955 -21.432392 2.9450354
0 -24.813427 6.8582625
6.3023614 -19.167906 5.5246336
-4.1536491 -22.30841 13.787355
3.3666199 -18.081435 11.174941
-1.9273096 -18.531687 14.732147
-2.1830371 -24.210253 10.596685
1.7584462 -16.908012 13.441373
1.9162352 -21.251374 9.301601
-9.4755376 16.917766 2.5662412
-7.4887236 16.85112 7.6599514
-7.3641755 19.001101 2.7064638
-1.6499528 12.527151 15.949724
-4.8050699 15.375738 12.298631
-2.0169049 24.221956 3.2634206
-5.0676306 18.918008 8.1995986
-4.8816955 21.432392 2.9450354
-6.3023614 19.167906 5.5246336
14.561299 25.997961 3.9436081
10.321949 23.226442 10.557958
10.161403 26.218527 3.7344939
1.7553511 13.32738 16.968586
6.2896826 20.126349 16.098514
0 15.260117 15.441932
2.1968672 26.383209 3.5546058
6.4214962 23.972133 10.390199
5.9960395 26.324761 3.6172983
0 24.813427 6.8582625
8.2870464 25.204097 7.2644033
-3.3666199 18.081435 11.174941
4.1536491 22.30841 13.787355
-1.7584462 16.908012 13.441373
-1.9162352 21.251374 9.301601
1.9273096 18.531687 14.732147
2.1830371 24.210253 10.596685
0 -7.9279047 17.985077
0 -2.6112657 18.747786
0 7.9279047 17.985077
0 2.6112657 18.747786
-14.561299 -25.997961 -3.9436081
-10.321949 -23.226442 -10.557958
-10.161403 -26.218527 -3.7344939
-1.7553511 -13.32738 -16.968586
-6.2896826 -20.126349 -16.098514
-2.1968672 -26.383209 -3.5546058
-6.4214962 -23.972133 -10.390199
-5.9960395 -26.324761 -3.6172983
-8.2870464 -25.204097 -7.2644033
9.4755376 -16.917766 -2.5662412
7.4887236 -16.85112 -7.6599514
7.3641755 -19.001101 -2.7064638
1.6499528 -12.527151 -15.949724
4.8050699 -15.375738 -12.298631
0 -15.260117 -15.441932
2.0169049 -24.221956 -3.2634206
5.0676306 -18.918008 -8.1995986
4.8816955 -21.432392 -2.9450354
0 -24.813427 -6.8582625
6.3023614 -19.167906 -5.5246336
-4.1536491 -22.30841 -13.787355
3.3666199 -18.081435 -11.174941
-1.9273096 -18.531687 -14.732147
-2.1830371 -24.210253 -10.596685
1.7584462 -16.908012 -13.441373
1.9162352 -21.251374 -9.301601
-9.4755376 16.917766 -2.5662412
-7.4887236 16.85112 -7.6599514
-7.3641755 19.001101 -2.7064638
-1.6499528 12.527151 -15.949724
-4.8050699 15.375738 -12.298631
-2.0169049 24.221956 -3.2634206
-5.0676306 18.918008 -8.1995986
-4.8816955 21.432392 -2.9450354
-6.3023614 19.167906 -5.5246336
14.561299 25.997961 -3.9436081
10.321949 23.226442 -10.557958
10.161403 26.218527 -3.7344939
1.7553511 13.32738 -16.968586
6.2896826 20.126349 -16.098514
0 15.260117 -15.441932
2.1968672 26.383209 -3.5546058
6.4214962 23.972133 -10.390199
5.9960395 26.324761 -3.6172983
0 24.813427 -6.8582625
8.2870464 25.204097 -7.2644033
-3.3666199 18.081435 -11.174941
4.1536491 22.30841 -13.787355
-1.7584462 16.908012 -13.441373
-1.9162352 21.251374 -9.301601
1.9273096 18.531687 -14.732147
2.1830371 24.210253 -10.596685
0 -7.9279047 -17.985077
0 -2.6112657 -18.747786
0 7.9279047 -17.985077
0 2.6112657 -18.747786
20.463053 26.053813 -2.6951915
23.318448 18.651786 -7.2872448
17.515704 24.304191 -6.5317017
22.954649 3.4819707 -12.856759
23.301133 10.59191 -10.355142
12.464088 20.808747 -12.860513
20.422894 17.372752 -10.736951
14.80644 22.475575 -9.9303993
19.468288 21.119122 -8.9011382
11.680679 -14.871985 -1.5384638
14.374947 -11.498126 -4.4923128
10.895869 -15.118735 -4.0631292
19.059931 -2.8911843 -10.675351
16.813534 -7.6428662 -7.4720203
8.7571398 -14.620012 -9.0356642
13.358123 -11.363098 -7.0227808
9.9014659 -15.030024 -6.6407261
12.205464 -13.240439 -5.5804868
2.5525254 -9.4248935 -16.827345
7.2268377 -7.0652915 -15.898313
4.1483224 -11.124327 -15.435735
2.5126455 -6.8368039 -17.640372
17.016045 -1.7602606 -13.364655
11.843611 -4.6272938 -14.806873
16.370472 -4.399531 -11.79798
7.2087904 -13.711934 -11.664068
8.8249727 -8.5529429 -14.279106
5.7568357 -12.591169 -13.65885
9.7144063 -12.234943 -10.677166
6.5686146 -9.7939462 -14.866813
2.5084798 -1.5503258 -18.61859
7.3150902 -4.5209744 -16.877281
2.5063929 -4.1546011 -18.240187
4.976641 -5.6772253 -17.266627
14.587285 -9.0154382 -8.7375373
11.483934 -7.0974616 -13.500174
15.519643 -6.8570549 -10.224017
12.201242 -10.647755 -9.6876475
13.812803 -5.8217227 -12.733088
10.636585 -9.6774848 -12.188442
2.7454072 10.137086 -18.098905
8.5631236 8.3717066 -18.838007
4.8225426 12.932346 -17.94448
2.6438801 7.1938878 -18.561723
18.664052 1.9307421 -14.659025
14.246175 5.5659743 -17.810556
21.117827 5.6753731 -15.219335
15.503014 0 -15.32048
9.9376474 18.902529 -16.079451
11.641773 11.282915 -18.836784
7.4852259 16.37145 -17.759683
13.892714 17.497371 -15.269571
8.2271814 12.266905 -18.620665
2.5364287 1.5675991 -18.826033
8.1097552 5.0121044 -18.710722
2.5833386 4.2821463 -18.800156
5.1101509 0 -18.4887
5.427456 6.1915036 -18.830745
20.917897 12.927971 -12.529467
15.61807 9.6524979 -18.360142
21.078143 9.312971 -13.885841
17.744877 15.485564 -14.089232
18.679263 7.8728039 -17.219148
15.082111 13.722158 -17.282561
10.120795 -3.0490425 -16.375791
11.135252 3.3546628 -18.017216
12.638692 -1.6534367 -15.898313
7.7249194 -1.5914209 -17.649129
13.455838 1.7603385 -16.926207
8.0072754 1.6495894 -18.294227
20.463053 26.053813 2.6951915
23.318448 18.651786 7.2872448
17.515704 24.304191 6.5317017
26.327971 26.641653 0
22.954649 3.4819707 12.856759
23.301133 10.59191 10.355142
12.464088 20.808747 12.860513
20.422894 17.372752 10.736951
14.80644 22.475575 9.9303993
19.468288 21.119122 8.9011382
25.592783 15.81721 -4.7651733
25.592783 15.81721 4.7651733
26.026154 20.690029 -2.7067399
26.026154 20.690029 2.7067399
11.680679 -14.871985 1.5384638
14.374947 -11.498126 4.4923128
10.895869 -15.118735 4.0631292
13.241942 -13.399711 0
19.059931 -2.8911843 10.675351
16.813534 -7.6428662 7.4720203
8.7571398 -14.620012 9.0356642
13.358123 -11.363098 7.0227808
9.9014659 -15.030024 6.6407261
12.205464 -13.240439 5.5804868
16.251652 -10.044073 -3.0259289
16.251652 -10.044073 3.0259289
14.792812 -11.759851 -1.5384638
14.792812 -11.759851 1.5384638
2.5525254 -9.4248935 16.827345
7.2268377 -7.0652915 15.898313
4.1483224 -11.124327 15.435735
2.5126455 -6.8368039 17.640372
17.016045 -1.7602606 13.364655
11.843611 -4.6272938 14.806873
16.370472 -4.399531 11.79798
7.2087904 -13.711934 11.664068
8.8249727 -8.5529429 14.279106
5.7568357 -12.591169 13.65885
9.7144063 -12.234943 10.677166
6.5686146 -9.7939462 14.866813
2.5084798 -1.5503258 18.61859
7.3150902 -4.5209744 16.877281
2.5063929 -4.1546011 18.240187
4.976641 -5.6772253 17.266627
14.587285 -9.0154382 8.7375373
11.483934 -7.0974616 13.500174
15.519643 -6.8570549 10.224017
12.201242 -10.647755 9.6876475
13.812803 -5.8217227 12.733088
10.636585 -9.6774848 12.188442
2.7454072 10.137086 18.098905
8.5631236 8.3717066 18.838007
4.8225426 12.932346 17.94448
2.6438801 7.1938878 18.561723
18.664052 1.9307421 14.659025
14.246175 5.5659743 17.810556
21.117827 5.6753731 15.219335
15.503014 0 15.32048
9.9376474 18.902529 16.079451
11.641773 11.282915 18.836784
7.4852259 16.37145 17.759683
13.892714 17.497371 15.269571
8.2271814 12.266905 18.620665
2.5364287 1.5675991 18.826033
8.1097552 5.0121044 18.710722
2.5833386 4.2821463 18.800156
5.1101509 0 18.4887
5.427456 6.1915036 18.830745
20.917897 12.927971 12.529467
15.61807 9.6524979 18.360142
21.078143 9.312971 13.885841
17.744877 15.485564 14.089232
18.679263 7.8728039 17.219148
15.082111 13.722158 17.282561
10.120795 -3.0490425 16.375791
11.135252 3.3546628 18.017216
12.638692 -1.6534367 15.898313
7.7249194 -1.5914209 17.649129
13.455838 1.7603385 16.926207
8.0072754 1.6495894 18.294227
22.608402 0 -9.9658876
26.139374 0 -3.6407954
24.665985 3.5133541 -9.5596906
21.025463 -2.9948084 -8.1487491
22.608402 0 9.9658876
26.139374 0 3.6407954
24.665985 3.5133541 9.5596906
21.025463 -2.9948084 8.1487491
25.193264 10.919472 -6.7486048
26.535824 3.5751676 -2.2095751
24.917088 7.1816807 -8.1926785
26.452804 11.578236 -2.3852479
25.888526 3.557355 -5.8966775
17.969034 -7.7882865 -4.8134258
23.352996 -3.1463458 -1.9445486
19.452503 -5.6066609 -6.395936
18.458356 -8.0791136 -1.6643889
22.536738 -3.0967842 -5.1332345
25.193264 10.919472 6.7486048
26.535824 3.5751676 2.2095751
24.917088 7.1816807 8.1926785
26.452804 11.578236 2.3852479
25.888526 3.557355 5.8966775
26.641653 7.3635718 0
17.969034 -7.7882865 4.8134258
23.352996 -3.1463458 1.9445486
19.452503 -5.6066609 6.395936
18.458356 -8.0791136 1.6643889
22.536738 -3.0967842 5.1332345
20.872606 -5.7690465 0
-11.680679 14.871985 -1.5384638
-14.374947 11.498126 -4.4923128
-10.895869 15.118735 -4.0631292
-19.059931 2.8911843 -10.675351
-16.813534 7.6428662 -7.4720203
-8.7571398 14.620012 -9.0356642
-13.358123 11.363098 -7.0227808
-9.9014659 15.030024 -6.6407261
-12.205464 13.240439 -5.5804868
-20.463053 -26.053813 -2.6951915
-23.318448 -18.651786 -7.2872448
-17.515704 -24.304191 -6.5317017
-22.954649 -3.4819707 -12.856759
-23.301133 -10.59191 -10.355142
-12.464088 -20.808747 -12.860513
-20.422894 -17.372752 -10.736951
-14.80644 -22.475575 -9.9303993
-19.468288 -21.119122 -8.9011382
-2.7454072 -10.137086 -18.098905
-8.5631236 -8.3717066 -18.838007
-4.8225426 -12.932346 -17.94448
-2.6438801 -7.1938878 -18.561723
-18.664052 -1.9307421 -14.659025
-14.246175 -5.5659743 -17.810556
-21.117827 -5.6753731 -15.219335
-9.9376474 -18.902529 -16.079451
-11.641773 -11.282915 -18.836784
-7.4852259 -16.37145 -17.759683
-13.892714 -17.497371 -15.269571
-8.2271814 -12.266905 -18.620665
-2.5364287 -1.5675991 -18.826033
-8.1097552 -5.0121044 -18.710722
-2.5833386 -4.2821463 -18.800156
-5.427456 -6.1915036 -18.830745
-20.917897 -12.927971 -12.529467
-15.61807 -9.6524979 -18.360142
-21.078143 -9.312971 -13.885841
-17.744877 -15.485564 -14.089232
-18.679263 -7.8728039 -17.219148
-15.082111 -13.722158 -17.282561
-2.5525254 9.4248935 -16.827345
-7.2268377 7.0652915 -15.898313
-4.1483224 11.124327 -15.435735
-2.5126455 6.8368039 -17.640372
-17.016045 1.7602606 -13.364655
-11.843611 4.6272938 -14.806873
-16.370472 4.399531 -11.79798
-15.503014 0 -15.32048
-7.2087904 13.711934 -11.664068
-8.8249727 8.5529429 -14.279106
-5.7568357 12.591169 -13.65885
-9.7144063 12.234943 -10.677166
-6.5686146 9.7939462 -14.866813
-2.5084798 1.5503258 -18.61859
-7.3150902 4.5209744 -16.877281
-2.5063929 4.1546011 -18.240187
-5.1101509 0 -18.4887
-4.976641 5.6772253 -17.266627
-14.587285 9.0154382 -8.7375373
-11.483934 7.0974616 -13.500174
-15.519643 6.8570549 -10.224017
-12.201242 10.647755 -9.6876475
-13.812803 5.8217227 -12.733088
-10.636585 9.6774848 -12.188442
-11.135252 -3.3546628 -18.017216
-10.120795 3.0490425 -16.375791
-13.455838 -1.7603385 -16.926207
-8.0072754 -1.6495894 -18.294227
-12.638692 1.6534367 -15.898313
-7.7249194 1.5914209 -17.649129
-11.680679 14.871985 1.5384638
-14.374947 11.498126 4.4923128
-10.895869 15.118735 4.0631292
-13.241942 13.399711 0
-19.059931 2.8911843 10.675351
-16.813534 7.6428662 7.4720203
-8.7571398 14.620012 9.0356642
-13.358123 11.363098 7.0227808
-9.9014659 15.030024 6.6407261
-12.205464 13.240439 5.5804868
-16.251652 10.044073 -3.0259289
-16.251652 10.044073 3.0259289
-14.792812 11.759851 -1.5384638
-14.792812 11.759851 1.5384638
-20.463053 -26.053813 2.6951915
-23.318448 -18.651786 7.2872448
-17.515704 -24.304191 6.5317017
-26.327971 -26.641653 0
-22.954649 -3.4819707 12.856759
-23.301133 -10.59191 10.355142
-12.464088 -20.808747 12.860513
-20.422894 -17.372752 10.736951
-14.80644 -22.475575 9.9303993
-19.468288 -21.119122 8.9011382
-25.592783 -15.81721 -4.7651733
-25.592783 -15.81721 4.7651733
-26.026154 -20.690029 -2.7067399
-26.026154 -20.690029 2.7067399
-2.7454072 -10.137086 18.098905
-8.5631236 -8.3717066 18.838007
-4.8225426 -12.932346 17.94448
-2.6438801 -7.1938878 18.561723
-18.664052 -1.9307421 14.659025
-14.246175 -5.5659743 17.810556
-21.117827 -5.6753731 15.219335
-9.9376474 -18.902529 16.079451
-11.641773 -11.282915 18.836784
-7.4852259 -16.37145 17.759683
-13.892714 -17.497371 15.269571
-8.2271814 -12.266905 18.620665
-2.5364287 -1.5675991 18.826033
-8.1097552 -5.0121044 18.710722
-2.5833386 -4.2821463 18.800156
-5.427456 -6.1915036 18.830745
-20.917897 -12.927971 12.529467
-15.61807 -9.6524979 18.360142
-21.078143 -9.312971 13.885841
-17.744877 -15.485564 14.089232
-18.679263 -7.8728039 17.219148
-15.082111 -13.722158 17.282561
-2.5525254 9.4248935 16.827345
-7.2268377 7.0652915 15.898313
-4.1483224 11.124327 15.435735
-2.5126455 6.8368039 17.640372
-17.016045 1.7602606 13.364655
-11.843611 4.6272938 14.806873
-16.370472 4.399531 11.79798
-15.503014 0 15.32048
-7.2087904 13.711934 11.664068
-8.8249727 8.5529429 14.279106
-5.7568357 12.591169 13.65885
-9.7144063 12.234943 10.677166
-6.5686146 9.7939462 14.866813
-2.5084798 1.5503258 18.61859
-7.3150902 4.5209744 16.877281
-2.5063929 4.1546011 18.240187
-5.1101509 0 18.4887
-4.976641 5.6772253 17.266627
-14.587285 9.0154382 8.7375373
-11.483934 7.0974616 13.500174
-15.519643 6.8570549 10.224017
-12.201242 10.647755 9.6876475
-13.812803 5.8217227 12.733088
-10.636585 9.6774848 12.188442
-11.135252 -3.3546628 18.017216
-10.120795 3.0490425 16.375791
-13.455838 -1.7603385 16.926207
-8.0072754 -1.6495894 18.294227
-12.638692 1.6534367 15.898313
-7.7249194 1.5914209 17.649129
-22.608402 0 -9.9658876
-26.139374 0 -3.6407954
-21.025463 2.9948084 -8.1487491
-24.665985 -3.5133541 -9.5596906
-22.608402 0 9.9658876
-26.139374 0 3.6407954
-21.025463 2.9948084 8.1487491
-24.665985 -3.5133541 9.5596906
-17.969034 7.7882865 -4.8134258
-23.352996 3.1463458 -1.9445486
-19.452503 5.6066609 -6.395936
-18.458356 8.0791136 -1.6643889
-22.536738 3.0967842 -5.1332345
-25.193264 -10.919472 -6.7486048
-26.535824 -3.5751676 -2.2095751
-24.917088 -7.1816807 -8.1926785
-26.452804 -11.578236 -2.3852479
-25.888526 -3.557355 -5.8966775
-17.969034 7.7882865 4.8134258
-23.352996 3.1463458 1.9445486
-19.452503 5.6066609 6.395936
-18.458356 8.0791136 1.6643889
-22.536738 3.0967842 5.1332345
-20.872606 5.7690465 0
-25.193264 -10.919472 6.7486048
-26.535824 -3.5751676 2.2095751
-24.917088 -7.1816807 8.1926785
-26.452804 -11.578236 2.3852479
-25.888526 -3.557355 5.8966775
-26.641653 -7.3635718 0
-9.1853111 17.456342 0
-7.0591712 19.582482 0
-1.7267859 24.914867 0
-4.6351186 22.006534 0
14.018508 26.641653 0
9.6038893 26.641653 0
1.846465 26.641653 0
5.6113888 26.641653 0
-14.018508 -26.641653 0
-9.6038893 -26.641653 0
-1.846465 -26.641653 0
-5.6113888 -26.641653 0
9.1853111 -17.456342 0
7.0591712 -19.582482 0
1.7267859 -24.914867 0
4.6351186 -22.006534 0
-15.578274 -26.456641 2.023293
-13.494139 -25.385688 5.746793
-13.217182 -26.499553 1.953261
-9.302407 -22.478018 12.01618
-11.361313 -23.96877 9.037982
-8.8869945 -26.54498 1.8527779
-11.352989 -25.611717 5.6118351
-10.983343 -26.526537 1.8986951
-12.305336 -26.1278 3.8384262
-0.84946499 -11.957095 17.123058
-2.732005 -14.800271 16.79486
-7.3057387 -20.972189 14.807043
-4.9734592 -18.163096 16.367821
-1.0997586 -26.579668 1.7794469
-3.2862301 -26.036377 5.317232
-2.9580983 -26.574184 1.7876788
-7.3876728 -22.931088 11.953506
-5.4088506 -24.838021 8.7517041
-8.3603504 -23.633952 10.48663
-6.7949848 -26.55739 1.8288466
-5.1821209 -25.972435 5.3593092
-4.8613484 -26.567037 1.8028648
-8.0383547 -26.278559 3.6755269
-4.0782329 -26.356696 3.5859751
-10.324165 -24.982455 7.3585251
-6.3029111 -25.380537 7.1623339
-9.3464177 -24.325317 8.951153
-9.2303108 -25.760659 5.5388236
-7.3522933 -24.60929 8.8547132
-7.1665266 -25.877618 5.4552135
9.8506858 -16.729456 1.2793987
9.0509714 -17.027033 3.8545668
8.8446086 -17.73284 1.3070736
6.8768563 -16.617 8.8830279
8.0563099 -16.996261 6.4088355
6.6640223 -19.90508 1.3893283
8.0001533 -18.047905 3.9545129
7.7810841 -18.792568 1.3451193
8.4461649 -17.93366 2.6346279
0.82614912 -11.6289 16.653069
2.4655007 -13.35652 15.156539
0 -12.935067 16.469088
5.5314722 -15.878898 11.211015
4.0485771 -14.785422 13.324003
-1.8208939 -15.833567 16.022214
1.6888528 -14.685405 14.860373
-0.88177266 -14.338558 16.25873
0.85194335 -13.853502 15.708717
1.054178 -25.478045 1.7056958
2.8921831 -22.914394 4.6796506
2.6588338 -23.885731 1.6068231
0 -26.170832 3.5259923
5.669899 -17.599176 9.1740893
4.4092909 -20.247936 7.1343826
6.3161117 -17.855074 7.9224818
5.4115413 -21.150366 1.4564976
4.3058751 -21.580751 4.4531026
4.1074417 -22.446973 1.5232733
6.1701307 -20.171061 2.821284
3.5213886 -22.757937 3.096344
-2.173341 -25.617217 7.0804248
1.9601369 -23.104177 6.3858375
-1.0992191 -26.083613 5.3392301
1.0380312 -24.631672 5.0420226
7.4725699 -18.082154 5.3260571
5.0482241 -20.328168 5.7365661
6.9220358 -18.015535 6.6292994
6.8580939 -19.140094 4.1153297
5.7061865 -19.09951 6.8722293
5.6266555 -20.317296 4.2830521
-6.2315732 -22.079807 13.646071
-1.9563365 -21.145148 13.06842
-5.249311 -21.327353 15.021222
-5.2937749 -23.194726 12.13133
4.8454189 -17.168364 10.610632
1.7617315 -19.041751 11.768449
4.1104131 -16.70014 11.762197
4.240941 -18.581724 9.7186326
-2.8761156 -17.535087 15.73042
-0.96405927 -19.37645 13.61546
-3.9960449 -19.323683 15.408459
-0.9208194 -16.830744 15.110459
-2.9807195 -20.32991 14.29656
-3.2774501 -24.957959 8.869967
-1.0294157 -22.053363 11.570897
-4.2994789 -24.162618 10.524926
-1.08218 -24.671943 8.7550198
-3.1876179 -23.406145 12.267617
2.5379726 -15.473498 13.881005
0.91699934 -18.430601 12.950831
3.3356374 -16.130149 12.861976
0.883063 -16.140632 14.490885
2.5735068 -17.552527 12.343428
0 -17.706271 14.075966
2.826107 -21.520957 7.6484689
0.96927713 -20.765003 10.894924
3.5662607 -20.042009 8.7300417
1.0089333 -23.002038 8.1624418
2.674548 -19.638759 10.293056
0 -22.653023 9.9150947
-9.8506858 16.729456 1.2793987
-9.0509714 17.027033 3.8545668
-8.8446086 17.73284 1.3070736
-6.8768563 16.617 8.8830279
-8.0563099 16.996261 6.4088355
-6.6640223 19.90508 1.3893283
-8.0001533 18.047905 3.9545129
-7.7810841 18.792568 1.3451193
-8.4461649 17.93366 2.6346279
-0.82614912 11.6289 16.653069
-2.4655007 13.35652 15.156539
-5.5314722 15.878898 11.211015
-4.0485771 14.785422 13.324003
-1.054178 25.478045 1.7056958
-2.8921831 22.914394 4.6796506
-2.6588338 23.885731 1.6068231
-5.669899 17.599176 9.1740893
-4.4092909 20.247936 7.1343826
-6.3161117 17.855074 7.9224818
-5.4115413 21.150366 1.4564976
-4.3058751 21.580751 4.4531026
-4.1074417 22.446973 1.5232733
-6.1701307 20.171061 2.821284
-3.5213886 22.757937 3.096344
-7.4725699 18.082154 5.3260571
-5.0482241 20.328168 5.7365661
-6.9220358 18.015535 6.6292994
-6.8580939 19.140094 4.1153297
-5.7061865 19.09951 6.8722293
-5.6266555 20.317296 4.2830521
15.578274 26.456641 2.023293
13.494139 25.385688 5.746793
13.217182 26.499553 1.953261
9.302407 22.478018 12.01618
11.361313 23.96877 9.037982
8.8869945 26.54498 1.8527779
11.352989 25.611717 5.6118351
10.983343 26.526537 1.8986951
12.305336 26.1278 3.8384262
0.84946499 11.957095 17.123058
2.732005 14.800271 16.79486
0 12.935067 16.469088
7.3057387 20.972189 14.807043
4.9734592 18.163096 16.367821
-1.6888528 14.685405 14.860373
1.8208939 15.833567 16.022214
-0.85194335 13.853502 15.708717
0.88177266 14.338558 16.25873
1.0997586 26.579668 1.7794469
3.2862301 26.036377 5.317232
2.9580983 26.574184 1.7876788
0 26.170832 3.5259923
7.3876728 22.931088 11.953506
5.4088506 24.838021 8.7517041
8.3603504 23.633952 10.48663
6.7949848 26.55739 1.8288466
5.1821209 25.972435 5.3593092
4.8613484 26.567037 1.8028648
8.0383547 26.278559 3.6755269
4.0782329 26.356696 3.5859751
-1.9601369 23.104177 6.3858375
2.173341 25.617217 7.0804248
-1.0380312 24.631672 5.0420226
1.0992191 26.083613 5.3392301
10.324165 24.982455 7.3585251
6.3029111 25.380537 7.1623339
9.3464177 24.325317 8.951153
9.2303108 25.760659 5.5388236
7.3522933 24.60929 8.8547132
7.1665266 25.877618 5.4552135
-4.8454189 17.168364 10.610632
-1.7617315 19.041751 11.768449
-4.1104131 16.70014 11.762197
-4.240941 18.581724 9.7186326
6.2315732 22.079807 13.646071
1.9563365 21.145148 13.06842
5.249311 21.327353 15.021222
5.2937749 23.194726 12.13133
-2.5379726 15.473498 13.881005
-0.91699934 18.430601 12.950831
-3.3356374 16.130149 12.861976
-0.883063 16.140632 14.490885
-2.5735068 17.552527 12.343428
-2.826107 21.520957 7.6484689
-0.96927713 20.765003 10.894924
-3.5662607 20.042009 8.7300417
-1.0089333 23.002038 8.1624418
-2.674548 19.638759 10.293056
2.8761156 17.535087 15.73042
0.96405927 19.37645 13.61546
3.9960449 19.323683 15.408459
0.9208194 16.830744 15.110459
2.9807195 20.32991 14.29656
0 17.706271 14.075966
3.2774501 24.957959 8.869967
1.0294157 22.053363 11.570897
4.2994789 24.162618 10.524926
1.08218 24.671943 8.7550198
3.1876179 23.406145 12.267617
0 22.653023 9.9150947
0 -9.290356 17.655976
0 -6.5805558 18.25478
0 -1.3040828 18.815911
0 -3.9245637 18.632974
0 9.290356 17.655976
0 6.5805558 18.25478
0 1.3040828 18.815911
0 3.9245637 18.632974
-15.578274 -26.456641 -2.023293
-13.494139 -25.385688 -5.746793
-13.217182 -26.499553 -1.953261
-9.302407 -22.478018 -12.01618
-11.361313 -23.96877 -9.037982
-8.8869945 -26.54498 -1.8527779
-11.352989 -25.611717 -5.6118351
-10.983343 -26.526537 -1.8986951
-12.305336 -26.1278 -3.8384262
-0.84946499 -11.957095 -17.123058
-2.732005 -14.800271 -16.79486
-7.3057387 -20.972189 -14.807043
-4.9734592 -18.163096 -16.367821
-1.0997586 -26.579668 -1.7794469
-3.2862301 -26.036377 -5.317232
-2.9580983 -26.574184 -1.7876788
-7.3876728 -22.931088 -11.953506
-5.4088506 -24.838021 -8.7517041
-8.3603504 -23.633952 -10.48663
-6.7949848 -26.55739 -1.8288466
-5.1821209 -25.972435 -5.3593092
-4.8613484 -26.567037 -1.8028648
-8.0383547 -26.278559 -3.6755269
-4.0782329 -26.356696 -3.5859751
-10.324165 -24.982455 -7.3585251
-6.3029111 -25.380537 -7.1623339
-9.3464177 -24.325317 -8.951153
-9.2303108 -25.760659 -5.5388236
-7.3522933 -24.60929 -8.8547132
-7.1665266 -25.877618 -5.4552135
9.8506858 -16.729456 -1.2793987
9.0509714 -17.027033 -3.8545668
8.8446086 -17.73284 -1.3070736
6.8768563 -16.617 -8.8830279
8.0563099 -16.996261 -6.4088355
6.6640223 -19.90508 -1.3893283
8.0001533 -18.047905 -3.9545129
7.7810841 -18.792568 -1.3451193
8.4461649 -17.93366 -2.6346279
0.82614912 -11.6289 -16.653069
2.4655007 -13.35652 -15.156539
0 -12.935067 -16.469088
5.5314722 -15.878898 -11.211015
4.0485771 -14.785422 -13.324003
-1.8208939 -15.833567 -16.022214
1.6888528 -14.685405 -14.860373
-0.88177266 -14.338558 -16.25873
0.85194335 -13.853502 -15.708717
1.054178 -25.478045 -1.7056958
2.8921831 -22.914394 -4.6796506
2.6588338 -23.885731 -1.6068231
0 -26.170832 -3.5259923
5.669899 -17.599176 -9.1740893
4.4092909 -20.247936 -7.1343826
6.3161117 -17.855074 -7.9224818
5.4115413 -21.150366 -1.4564976
4.3058751 -21.580751 -4.4531026
4.1074417 -22.446973 -1.5232733
6.1701307 -20.171061 -2.821284
3.5213886 -22.757937 -3.096344
-2.173341 -25.617217 -7.0804248
1.9601369 -23.104177 -6.3858375
-1.0992191 -26.083613 -5.3392301
1.0380312 -24.631672 -5.0420226
7.4725699 -18.082154 -5.3260571
5.0482241 -20.328168 -5.7365661
6.9220358 -18.015535 -6.6292994
6.8580939 -19.140094 -4.1153297
5.7061865 -19.09951 -6.8722293
5.6266555 -20.317296 -4.2830521
-6.2315732 -22.079807 -13.646071
-1.9563365 -21.145148 -13.06842
-5.249311 -21.327353 -15.021222
-5.2937749 -23.194726 -12.13133
4.8454189 -17.168364 -10.610632
1.7617315 -19.041751 -11.768449
4.1104131 -16.70014 -11.762197
4.240941 -18.581724 -9.7186326
-2.8761156 -17.535087 -15.73042
-0.96405927 -19.37645 -13.61546
-3.9960449 -19.323683 -15.408459
-0.9208194 -16.830744 -15.110459
-2.9807195 -20.32991 -14.29656
-3.2774501 -24.957959 -8.869967
-1.0294157 -22.053363 -11.570897
-4.2994789 -24.162618 -10.524926
-1.08218 -24.671943 -8.7550198
-3.1876179 -23.406145 -12.267617
2.5379726 -15.473498 -13.881005
0.91699934 -18.430601 -12.950831
3.3356374 -16.130149 -12.861976
0.883063 -16.140632 -14.490885
2.5735068 -17.552527 -12.343428
0 -17.706271 -14.075966
2.826107 -21.520957 -7.6484689
0.96927713 -20.765003 -10.894924
3.5662607 -20.042009 -8.7300417
1.0089333 -23.002038 -8.1624418
2.674548 -19.638759 -10.293056
0 -22.653023 -9.9150947
-9.8506858 16.729456 -1.2793987
-9.0509714 17.027033 -3.8545668
-8.8446086 17.73284 -1.3070736
-6.8768563 16.617 -8.8830279
-8.0563099 16.996261 -6.4088355
-6.6640223 19.90508 -1.3893283
-8.0001533 18.047905 -3.9545129
-7.7810841 18.792568 -1.3451193
-8.4461649 17.93366 -2.6346279
-0.82614912 11.6289 -16.653069
-2.4655007 13.35652 -15.156539
-5.5314722 15.878898 -11.211015
-4.0485771 14.785422 -13.324003
-1.054178 25.478045 -1.7056958
-2.8921831 22.914394 -4.6796506
-2.6588338 23.885731 -1.6068231
-5.669899 17.599176 -9.1740893
-4.4092909 20.247936 -7.1343826
-6.3161117 17.855074 -7.9224818
-5.4115413 21.150366 -1.4564976
-4.3058751 21.580751 -4.4531026
-4.1074417 22.446973 -1.5232733
-6.1701307 20.171061 -2.821284
-3.5213886 22.757937 -3.096344
-7.4725699 18.082154 -5.3260571
-5.0482241 20.328168 -5.7365661
-6.9220358 18.015535 -6.6292994
-6.8580939 19.140094 -4.1153297
-5.7061865 19.09951 -6.8722293
-5.6266555 20.317296 -4.2830521
15.578274 26.456641 -2.023293
13.494139 25.385688 -5.746793
13.217182 26.499553 -1.953261
9.302407 22.478018 -12.01618
11.361313 23.96877 -9.037982
8.8869945 26.54498 -1.8527779
11.352989 25.611717 -5.6118351
10.983343 26.526537 -1.8986951
12.305336 26.1278 -3.8384262
0.84946499 11.957095 -17.123058
2.732005 14.800271 -16.79486
0 12.935067 -16.469088
7.3057387 20.972189 -14.807043
4.9734592 18.163096 -16.367821
-1.6888528 14.685405 -14.860373
1.8208939 15.833567 -16.022214
-0.85194335 13.853502 -15.708717
0.88177266 14.338558 -16.25873
1.0997586 26.579668 -1.7794469
3.2862301 26.036377 -5.317232
2.9580983 26.574184 -1.7876788
0 26.170832 -3.5259923
7.3876728 22.931088 -11.953506
5.4088506 24.838021 -8.7517041
8.3603504 23.633952 -10.48663
6.7949848 26.55739 -1.8288466
5.1821209 25.972435 -5.3593092
4.8613484 26.567037 -1.8028648
8.0383547 26.278559 -3.6755269
4.0782329 26.356696 -3.5859751
-1.9601369 23.104177 -6.3858375
2.173341 25.617217 -7.0804248
-1.0380312 24.631672 -5.0420226
1.0992191 26.083613 -5.3392301
10.324165 24.982455 -7.3585251
6.3029111 25.380537 -7.1623339
9.3464177 24.325317 -8.951153
9.2303108 25.760659 -5.5388236
7.3522933 24.60929 -8.8547132
7.1665266 25.877618 -5.4552135
-4.8454189 17.168364 -10.610632
-1.7617315 19.041751 -11.768449
-4.1104131 16.70014 -11.762197
-4.240941 18.581724 -9.7186326
6.2315732 22.079807 -13.646071
1.9563365 21.145148 -13.06842
5.249311 21.327353 -15.021222
5.2937749 23.194726 -12.13133
-2.5379726 15.473498 -13.881005
-0.91699934 18.430601 -12.950831
-3.3356374 16.130149 -12.861976
-0.883063 16.140632 -14.490885
-2.5735068 17.552527 -12.343428
-2.826107 21.520957 -7.6484689
-0.96927713 20.765003 -10.894924
-3.5662607 20.042009 -8.7300417
-1.0089333 23.002038 -8.1624418
-2.674548 19.638759 -10.293056
2.8761156 17.535087 -15.73042
0.96405927 19.37645 -13.61546
3.9960449 19.323683 -15.408459
0.9208194 16.830744 -15.110459
2.9807195 20.32991 -14.29656
0 17.706271 -14.075966
3.2774501 24.957959 -8.869967
1.0294157 22.053363 -11.570897
4.2994789 24.162618 -10.524926
1.08218 24.671943 -8.7550198
3.1876179 23.406145 -12.267617
0 22.653023 -9.9150947
0 -9.290356 -17.655976
0 -6.5805558 -18.25478
0 -1.3040828 -18.815911
0 -3.9245637 -18.632974
0 9.290356 -17.655976
0 6.5805558 -18.25478
0 1.3040828 -18.815911
0 3.9245637 -18.632974
18.529383 26.534849 -1.3163785
21.940351 24.897187 -4.0500033
17.371292 26.035571 -3.3521939
23.372742 16.50191 -8.1419799
23.158432 20.869409 -6.3412932
14.905109 24.546516 -7.0127988
20.206012 23.874365 -5.9681277
16.12982 25.325957 -5.2593484
18.972748 25.200565 -4.7013975
21.424528 1.6384581 -12.615251
23.115525 5.2328751 -12.2874
23.345894 12.480124 -9.6615726
23.245809 8.7653727 -11.018626
10.37647 21.309666 -13.170098
14.550397 20.197929 -12.483006
11.436837 22.098213 -11.754332
22.036881 16.010332 -9.8949293
18.58818 18.513533 -11.441992
21.85994 18.020654 -9.0799934
13.679954 23.703797 -8.7269242
15.78254 21.040053 -11.029815
12.541181 22.901669 -10.269912
16.125015 23.372518 -8.2922026
13.612283 21.62822 -11.42995
21.053266 22.044777 -7.167862
17.994309 20.256768 -10.508311
21.557722 20.071607 -8.1733295
18.634161 22.8589 -7.7833621
20.025676 19.275993 -9.8722876
17.159803 21.912025 -9.4705463
10.945104 -15.673845 -0.77757037
12.38761 -14.057052 -2.2866482
10.598882 -15.885286 -2.0453002
15.003141 -10.592702 -5.2263989
13.731426 -12.374186 -3.7599694
9.7616887 -16.076062 -4.5928386
11.994383 -14.171934 -3.5427083
10.20295 -16.019985 -3.3268114
11.315321 -15.029582 -2.803907
19.575566 -1.4970572 -11.52654
18.521129 -4.1927992 -9.8451803
16.221243 -8.6714659 -6.7130741
17.39505 -6.5592081 -8.2453377
7.5213695 -15.446281 -9.5463266
9.9458807 -13.806235 -8.5327222
8.1406511 -15.729336 -8.3666421
14.482328 -10.521765 -6.5028083
12.234644 -12.185511 -7.5310599
13.900414 -11.459068 -5.7738341
9.257615 -16.041035 -5.9057584
10.514397 -14.016975 -7.348111
8.7229653 -15.929159 -7.1431939
10.426694 -15.113046 -5.3618716
9.3537675 -14.86197 -7.854163
12.66866 -13.265295 -4.3132125
11.682239 -13.151068 -6.8221896
13.293444 -12.37704 -5.0400361
11.564523 -14.186433 -4.8304224
12.791765 -12.312892 -6.3061034
11.068409 -14.133685 -6.1086878
1.3036382 -10.037317 -17.046413
3.7588335 -8.8261783 -16.604143
2.113738 -10.953531 -16.416823
1.2871121 -8.7095347 -17.462026
8.3638853 -6.4749585 -15.645868
6.0863472 -7.6509218 -16.141021
3.7218696 -12.600961 -14.888635
4.5508617 -9.6724703 -15.929132
2.9274613 -11.813931 -15.691861
3.3587715 -10.300968 -16.173886
1.2641671 -6.0636766 -18.11188
3.7380349 -7.5622089 -17.059926
1.2753106 -7.3772633 -17.817276
2.5360712 -8.1302093 -17.262794
18.486283 -0.9170938 -12.90904
15.631153 -2.5427059 -13.774769
18.108768 -2.3315832 -12.08242
10.663132 -5.261149 -15.102896
13.057699 -3.9676588 -14.489908
17.231469 -4.9229319 -10.463274
15.394245 -3.8482624 -13.028883
17.683805 -3.6723308 -11.262618
16.711365 -3.117659 -12.581484
6.7344431 -14.998199 -10.896558
7.6512348 -12.429875 -12.379958
6.0349016 -14.52893 -11.977197
8.0130761 -14.216964 -10.38275
9.1744653 -7.2283871 -14.844597
8.4561924 -9.8566763 -13.682407
8.0468441 -7.8294911 -15.128114
4.5411249 -13.338079 -13.96624
6.9277358 -11.862975 -13.354529
5.2973501 -13.972128 -13.008937
4.9669143 -11.891298 -14.587295
6.5005858 -13.186268 -12.692625
10.442642 -12.658019 -9.3844851
8.9205668 -11.730274 -11.90211
9.2524755 -13.433618 -9.8772177
8.4814239 -12.971267 -11.170491
5.7661736 -9.0388079 -15.6619
7.3365295 -10.497825 -13.994883
6.9067271 -8.434202 -15.401844
5.3758659 -10.453908 -15.152491
7.7032041 -9.1739858 -14.576319
6.1751797 -11.188886 -14.287528
1.2575097 -0.77718376 -18.783473
3.7463496 -2.3153714 -18.344389
1.257304 -2.0804794 -18.690063
8.4340205 -5.2125113 -16.17946
6.1563358 -3.8048248 -17.472163
7.2810436 -5.8047321 -16.409451
1.2643899 -4.6977751 -18.360695
3.7364175 -3.6128849 -18.107532
1.2587505 -3.3941673 -18.548963
2.5130215 -5.4959626 -17.967107
2.5105595 -2.8551917 -18.452458
4.9620497 -6.9618599 -16.846336
4.977461 -4.3802055 -17.638194
6.1202544 -6.3905124 -16.632173
3.7537488 -6.2555284 -17.458408
6.1447108 -5.1021095 -17.077569
3.7542961 -4.9320275 -17.809063
15.150393 -9.3634575 -7.3772904
13.933509 -8.6113822 -10.037568
15.692029 -8.3467983 -8.1213433
13.98456 -10.213024 -7.882087
10.52522 -6.5049438 -14.487084
12.375821 -7.6486781 -12.425721
11.677985 -5.8841389 -14.165971
10.150357 -7.8337226 -13.898751
16.722999 -6.1568338 -9.6511902
14.346229 -7.5207155 -10.761376
16.220452 -7.2738196 -8.8824799
15.957372 -5.6614254 -11.009206
15.062456 -7.9601151 -9.4799492
11.665818 -11.836711 -8.8715502
12.710129 -9.4231191 -10.485633
12.819406 -11.039713 -8.3821278
10.964885 -11.445835 -10.186691
13.388105 -9.8437539 -9.2211283
14.080236 -4.5781906 -13.446947
13.516872 -7.0119523 -12.007186
12.866667 -5.2394165 -13.819324
15.068451 -5.1307459 -12.283528
12.636165 -6.4716692 -13.127611
14.71537 -6.3600966 -11.52394
9.3595416 -10.414886 -12.624375
11.910463 -8.926827 -11.738506
9.7604001 -9.1430468 -13.274739
10.189377 -10.967777 -11.448854
11.070132 -8.4052246 -12.85473
11.456769 -10.196422 -10.975359
1.3545374 10.429214 -17.711972
4.1686825 9.7885516 -18.414597
2.26679 11.746656 -17.605536
1.3298029 8.9984113 -18.041204
10.034085 7.7679547 -18.77022
7.0868649 8.9086355 -18.794398
4.3392206 14.691097 -17.35823
5.2481232 11.15444 -18.369718
3.2626286 13.166517 -17.488434
3.7435002 11.480887 -18.026516
1.2923905 6.1990526 -18.516241
4.0768445 8.2476355 -18.606211
1.3105266 7.5809763 -18.309275
2.6976407 8.6481732 -18.362582
19.438187 0.96431719 -13.573758
17.744216 2.8864359 -15.63688
20.744161 2.6709017 -13.84079
17.825576 0 -14.000473
12.894564 6.3621287 -18.263419
15.518184 4.7152917 -17.220267
22.176592 6.3357252 -13.466046
18.861435 4.7149925 -15.963331
22.134335 4.5965559 -14.097111
19.883424 3.7094359 -14.969632
14.908536 -1.6943265 -14.733001
16.098335 1.8295449 -15.908792
16.313898 -0.88476465 -14.387211
17.020848 0.92310521 -15.010669
9.1495658 20.37689 -14.804308
10.664112 17.324468 -17.254895
8.1381554 19.59248 -16.15143
11.18575 19.845986 -14.493666
11.593125 9.134003 -18.75807
11.612453 13.535666 -18.789344
10.019927 9.7492793 -18.837521
5.5954454 16.434803 -17.208806
9.4550804 16.19077 -18.226466
6.9385438 18.300889 -17.03929
6.0810164 14.558572 -17.859293
8.9175733 18.089063 -17.41188
15.221007 18.4501 -13.678656
12.602584 16.572014 -16.814777
13.228953 19.207044 -14.122194
11.931585 18.247853 -15.714539
6.861197 10.75532 -18.636168
9.7520742 13.954223 -18.602683
8.4271453 10.290872 -18.792341
6.5034916 12.646688 -18.330832
9.9304083 11.826433 -18.790726
7.9024951 14.318631 -18.284021
1.2609871 0.7793329 -18.835415
3.8414179 2.3741269 -18.809901
1.266675 2.0959857 -18.829364
2.5266672 0 -18.753581
9.7242135 6.0098945 -18.65451
6.6079084 4.083912 -18.753761
8.3419719 6.6505456 -18.800489
1.2860987 4.7784331 -18.675937
3.8872033 3.7586855 -18.838274
1.2741836 3.4357818 -18.776384
2.6169294 5.7232085 -18.710007
2.5628583 2.9146698 -18.836851
5.0448575 -1.5485223 -18.252466
5.1597153 1.583778 -18.668025
3.7987481 -0.78207091 -18.557933
3.8309536 0.78870126 -18.715266
5.5293897 7.7578497 -18.772475
5.3146598 4.6769432 -18.833096
6.9316714 7.23776 -18.83725
4.0298471 6.7156393 -18.742521
6.7720051 5.6229678 -18.820964
3.9669736 5.2114225 -18.817931
22.150551 13.689793 -10.785928
19.690289 12.169268 -14.184698
22.194787 11.805701 -11.486818
20.718405 15.130799 -11.677469
13.430496 8.3005028 -18.485952
17.252565 10.662672 -17.322128
14.918506 7.5169268 -18.096882
13.663315 10.544912 -18.708998
22.198378 8.1726805 -12.811146
19.831055 10.396023 -14.875648
22.208668 9.9591459 -12.161686
21.106373 7.4882099 -14.561571
21.013003 11.104824 -13.22508
17.242554 17.49514 -13.112512
18.145752 13.453017 -14.969926
19.055366 16.409946 -12.459588
15.865495 16.5614 -14.739498
19.413556 14.274034 -13.37119
17.64557 5.7374592 -16.851922
18.604249 9.6510574 -16.526359
16.339566 6.6536104 -17.549358
19.966403 6.7984786 -16.27625
17.209356 8.8138496 -17.878663
19.905777 8.6034304 -15.588665
13.242659 14.735848 -17.862016
16.831854 12.615383 -16.588845
13.799656 12.926816 -18.768372
14.529505 15.639461 -16.325451
15.584391 11.832768 -18.096724
16.398704 14.5947 -15.709636
9.8216332 -4.4851169 -15.891736
10.403501 -1.5573994 -16.833219
11.012343 -3.8483694 -15.635487
8.7013986 -3.7970483 -16.636804
11.327862 5.172947 -18.328866
10.91369 1.6337744 -17.658721
12.622335 4.4109969 -17.921378
9.6456043 4.2090734 -18.442096
13.517714 -2.4715493 -15.068529
11.686314 -0.8274637 -16.631041
12.247965 -3.1763994 -15.360121
14.02794 -0.85485153 -15.624983
11.355187 -2.3674666 -16.147236
6.3306984 -2.3391911 -17.813067
9.1644572 -0.81532456 -17.466849
7.5279221 -3.0751895 -17.282241
6.4341452 -0.79530409 -18.13164
8.9464842 -2.3246547 -17.06955
15.003785 2.7432592 -16.725089
12.018378 0.85097588 -17.103608
13.861414 3.5948328 -17.383541
14.527412 0.88528896 -16.181319
12.32732 2.5701485 -17.529622
13.054827 0 -16.421772
6.6126395 2.4433683 -18.606381
9.3637261 0.8330527 -17.846642
8.0729243 3.2978253 -18.533431
6.5289744 0.80702562 -18.398872
9.5218783 2.4741651 -18.16738
7.8768682 0 -17.996286
18.529383 26.534849 1.3163785
21.940351 24.897187 4.0500033
17.371292 26.035571 3.3521939
20.924752 26.641653 0
23.372742 16.50191 8.1419799
23.158432 20.869409 6.3412932
14.905109 24.546516 7.0127988
20.206012 23.874365 5.9681277
16.12982 25.325957 5.2593484
18.972748 25.200565 4.7013975
24.498209 24.79009 -2.8173462
24.498209 24.79009 2.8173462
23.231343 26.342408 -1.4286488
23.231343 26.342408 1.4286488
21.424528 1.6384581 12.615251
23.115525 5.2328751 12.2874
23.345894 12.480124 9.6615726
23.245809 8.7653727 11.018626
10.37647 21.309666 13.170098
14.550397 20.197929 12.483006
11.436837 22.098213 11.754332
22.036881 16.010332 9.8949293
18.58818 18.513533 11.441992
21.85994 18.020654 9.0799934
13.679954 23.703797 8.7269242
15.78254 21.040053 11.029815
12.541181 22.901669 10.269912
16.125015 23.372518 8.2922026
13.612283 21.62822 11.42995
21.053266 22.044777 7.167862
17.994309 20.256768 10.508311
21.557722 20.071607 8.1733295
18.634161 22.8589 7.7833621
20.025676 19.275993 9.8722876
17.159803 21.912025 9.4705463
24.549002 15.172118 -6.9284529
26.35454 16.288001 -2.4383064
24.656413 17.365936 -6.068694
24.549002 15.172118 6.9284529
26.35454 16.288001 2.4383064
24.656413 17.365936 6.068694
24.773148 22.223558 -4.0633068
26.532702 18.644022 -1.3201127
24.746461 19.732513 -5.1174495
26.299983 23.611839 -1.4388867
25.799809 18.143146 -3.7827022
24.773148 22.223558 4.0633068
26.532702 18.644022 1.3201127
24.746461 19.732513 5.1174495
26.299983 23.611839 1.4388867
25.799809 18.143146 3.7827022
26.641653 21.179332 0
10.945104 -15.673845 0.77757037
12.38761 -14.057052 2.2866482
10.598882 -15.885286 2.0453002
11.719826 -14.921827 0
15.003141 -10.592702 5.2263989
13.731426 -12.374186 3.7599694
9.7616887 -16.076062 4.5928386
11.994383 -14.171934 3.5427083
10.20295 -16.019985 3.3268114
11.315321 -15.029582 2.803907
13.198887 -13.356143 -1.5179001
13.198887 -13.356143 1.5179001
12.474505 -14.145049 -0.76713973
12.474505 -14.145049 0.76713973
19.575566 -1.4970572 11.52654
18.521129 -4.1927992 9.8451803
16.221243 -8.6714659 6.7130741
17.39505 -6.5592081 8.2453377
7.5213695 -15.446281 9.5463266
9.9458807 -13.806235 8.5327222
8.1406511 -15.729336 8.3666421
14.482328 -10.521765 6.5028083
12.234644 -12.185511 7.5310599
13.900414 -11.459068 5.7738341
9.257615 -16.041035 5.9057584
10.514397 -14.016975 7.348111
8.7229653 -15.929159 7.1431939
10.426694 -15.113046 5.3618716
9.3537675 -14.86197 7.854163
12.66866 -13.265295 4.3132125
11.682239 -13.151068 6.8221896
13.293444 -12.37704 5.0400361
11.564523 -14.186433 4.8304224
12.791765 -12.312892 6.3061034
11.068409 -14.133685 6.1086878
15.986249 -9.8800451 -4.5117911
16.411875 -10.143096 -1.5184169
15.315703 -10.787113 -3.7696607
15.986249 -9.8800451 4.5117911
16.411875 -10.143096 1.5184169
15.315703 -10.787113 3.7696607
13.939671 -12.505035 -2.2863933
15.633543 -10.985391 -0.77783399
14.630037 -11.665805 -3.0254215
14.026605 -12.592934 -0.76740339
15.527224 -10.919178 -2.2765621
13.939671 -12.505035 2.2863933
15.633543 -10.985391 0.77783399
14.630037 -11.665805 3.0254215
14.026605 -12.592934 0.76740339
15.527224 -10.919178 2.2765621
14.842389 -11.799264 0
1.3036382 -10.037317 17.046413
3.7588335 -8.8261783 16.604143
2.113738 -10.953531 16.416823
1.2871121 -8.7095347 17.462026
8.3638853 -6.4749585 15.645868
6.0863472 -7.6509218 16.141021
3.7218696 -12.600961 14.888635
4.5508617 -9.6724703 15.929132
2.9274613 -11.813931 15.691861
3.3587715 -10.300968 16.173886
1.2641671 -6.0636766 18.11188
3.7380349 -7.5622089 17.059926
1.2753106 -7.3772633 17.817276
2.5360712 -8.1302093 17.262794
18.486283 -0.9170938 12.90904
15.631153 -2.5427059 13.774769
18.108768 -2.3315832 12.08242
10.663132 -5.261149 15.102896
13.057699 -3.9676588 14.489908
17.231469 -4.9229319 10.463274
15.394245 -3.8482624 13.028883
17.683805 -3.6723308 11.262618
16.711365 -3.117659 12.581484
6.7344431 -14.998199 10.896558
7.6512348 -12.429875 12.379958
6.0349016 -14.52893 11.977197
8.0130761 -14.216964 10.38275
9.1744653 -7.2283871 14.844597
8.4561924 -9.8566763 13.682407
8.0468441 -7.8294911 15.128114
4.5411249 -13.338079 13.96624
6.9277358 -11.862975 13.354529
5.2973501 -13.972128 13.008937
4.9669143 -11.891298 14.587295
6.5005858 -13.186268 12.692625
10.442642 -12.658019 9.3844851
8.9205668 -11.730274 11.90211
9.2524755 -13.433618 9.8772177
8.4814239 -12.971267 11.170491
5.7661736 -9.0388079 15.6619
7.3365295 -10.497825 13.994883
6.9067271 -8.434202 15.401844
5.3758659 -10.453908 15.152491
7.7032041 -9.1739858 14.576319
6.1751797 -11.188886 14.287528
1.2575097 -0.77718376 18.783473
3.7463496 -2.3153714 18.344389
1.257304 -2.0804794 18.690063
8.4340205 -5.2125113 16.17946
6.1563358 -3.8048248 17.472163
7.2810436 -5.8047321 16.409451
1.2643899 -4.6977751 18.360695
3.7364175 -3.6128849 18.107532
1.2587505 -3.3941673 18.548963
2.5130215 -5.4959626 17.967107
2.5105595 -2.8551917 18.452458
4.9620497 -6.9618599 16.846336
4.977461 -4.3802055 17.638194
6.1202544 -6.3905124 16.632173
3.7537488 -6.2555284 17.458408
6.1447108 -5.1021095 17.077569
3.7542961 -4.9320275 17.809063
15.150393 -9.3634575 7.3772904
13.933509 -8.6113822 10.037568
15.692029 -8.3467983 8.1213433
13.98456 -10.213024 7.882087
10.52522 -6.5049438 14.487084
12.375821 -7.6486781 12.425721
11.677985 -5.8841389 14.165971
10.150357 -7.8337226 13.898751
16.722999 -6.1568338 9.6511902
14.346229 -7.5207155 10.761376
16.220452 -7.2738196 8.8824799
15.957372 -5.6614254 11.009206
15.062456 -7.9601151 9.4799492
11.665818 -11.836711 8.8715502
12.710129 -9.4231191 10.485633
12.819406 -11.039713 8.3821278
10.964885 -11.445835 10.186691
13.388105 -9.8437539 9.2211283
14.080236 -4.5781906 13.446947
13.516872 -7.0119523 12.007186
12.866667 -5.2394165 13.819324
15.068451 -5.1307459 12.283528
12.636165 -6.4716692 13.127611
14.71537 -6.3600966 11.52394
9.3595416 -10.414886 12.624375
11.910463 -8.926827 11.738506
9.7604001 -9.1430468 13.274739
10.189377 -10.967777 11.448854
11.070132 -8.4052246 12.85473
11.456769 -10.196422 10.975359
1.3545374 10.429214 17.711972
4.1686825 9.7885516 18.414597
2.26679 11.746656 17.605536
1.3298029 8.9984113 18.041204
10.034085 7.7679547 18.77022
7.0868649 8.9086355 18.794398
4.3392206 14.691097 17.35823
5.2481232 11.15444 18.369718
3.2626286 13.166517 17.488434
3.7435002 11.480887 18.026516
1.2923905 6.1990526 18.516241
4.0768445 8.2476355 18.606211
1.3105266 7.5809763 18.309275
2.6976407 8.6481732 18.362582
19.438187 0.96431719 13.573758
17.744216 2.8864359 15.63688
20.744161 2.6709017 13.84079
17.825576 0 14.000473
12.894564 6.3621287 18.263419
15.518184 4.7152917 17.220267
22.176592 6.3357252 13.466046
18.861435 4.7149925 15.963331
22.134335 4.5965559 14.097111
19.883424 3.7094359 14.969632
14.908536 -1.6943265 14.733001
16.098335 1.8295449 15.908792
16.313898 -0.88476465 14.387211
17.020848 0.92310521 15.010669
9.1495658 20.37689 14.804308
10.664112 17.324468 17.254895
8.1381554 19.59248 16.15143
11.18575 19.845986 14.493666
11.593125 9.134003 18.75807
11.612453 13.535666 18.789344
10.019927 9.7492793 18.837521
5.5954454 16.434803 17.208806
9.4550804 16.19077 18.226466
6.9385438 18.300889 17.03929
6.0810164 14.558572 17.859293
8.9175733 18.089063 17.41188
15.221007 18.4501 13.678656
12.602584 16.572014 16.814777
13.228953 19.207044 14.122194
11.931585 18.247853 15.714539
6.861197 10.75532 18.636168
9.7520742 13.954223 18.602683
8.4271453 10.290872 18.792341
6.5034916 12.646688 18.330832
9.9304083 11.826433 18.790726
7.9024951 14.318631 18.284021
1.2609871 0.7793329 18.835415
3.8414179 2.3741269 18.809901
1.266675 2.0959857 18.829364
2.5266672 0 18.753581
9.7242135 6.0098945 18.65451
6.6079084 4.083912 18.753761
8.3419719 6.6505456 18.800489
1.2860987 4.7784331 18.675937
3.8872033 3.7586855 18.838274
1.2741836 3.4357818 18.776384
2.6169294 5.7232085 18.710007
2.5628583 2.9146698 18.836851
5.0448575 -1.5485223 18.252466
5.1597153 1.583778 18.668025
3.7987481 -0.78207091 18.557933
3.8309536 0.78870126 18.715266
5.5293897 7.7578497 18.772475
5.3146598 4.6769432 18.833096
6.9316714 7.23776 18.83725
4.0298471 6.7156393 18.742521
6.7720051 5.6229678 18.820964
3.9669736 5.2114225 18.817931
22.150551 13.689793 10.785928
19.690289 12.169268 14.184698
22.194787 11.805701 11.486818
20.718405 15.130799 11.677469
13.430496 8.3005028 18.485952
17.252565 10.662672 17.322128
14.918506 7.5169268 18.096882
13.663315 10.544912 18.708998
22.198378 8.1726805 12.811146
19.831055 10.396023 14.875648
22.208668 9.9591459 12.161686
21.106373 7.4882099 14.561571
21.013003 11.104824 13.22508
17.242554 17.49514 13.112512
18.145752 13.453017 14.969926
19.055366 16.409946 12.459588
15.865495 16.5614 14.739498
19.413556 14.274034 13.37119
17.64557 5.7374592 16.851922
18.604249 9.6510574 16.526359
16.339566 6.6536104 17.549358
19.966403 6.7984786 16.27625
17.209356 8.8138496 17.878663
19.905777 8.6034304 15.588665
13.242659 14.735848 17.862016
16.831854 12.615383 16.588845
13.799656 12.926816 18.768372
14.529505 15.639461 16.325451
15.584391 11.832768 18.096724
16.398704 14.5947 15.709636
9.8216332 -4.4851169 15.891736
10.403501 -1.5573994 16.833219
11.012343 -3.8483694 15.635487
8.7013986 -3.7970483 16.636804
11.327862 5.172947 18.328866
10.91369 1.6337744 17.658721
12.622335 4.4109969 17.921378
9.6456043 4.2090734 18.442096
13.517714 -2.4715493 15.068529
11.686314 -0.8274637 16.631041
12.247965 -3.1763994 15.360121
14.02794 -0.85485153 15.624983
11.355187 -2.3674666 16.147236
6.3306984 -2.3391911 17.813067
9.1644572 -0.81532456 17.466849
7.5279221 -3.0751895 17.282241
6.4341452 -0.79530409 18.13164
8.9464842 -2.3246547 17.06955
15.003785 2.7432592 16.725089
12.018378 0.85097588 17.103608
13.861414 3.5948328 17.383541
14.527412 0.88528896 16.181319
12.32732 2.5701485 17.529622
13.054827 0 16.421772
6.6126395 2.4433683 18.606381
9.3637261 0.8330527 17.846642
8.0729243 3.2978253 18.533431
6.5289744 0.80702562 18.398872
9.5218783 2.4741651 18.16738
7.8768682 0 17.996286
21.373273 0 -11.246352
23.735237 0 -8.5561729
22.882432 1.6866459 -11.41307
20.73802 -1.528583 -10.343502
26.514594 0 -1.8376589
25.533007 0 -5.3778807
23.996136 5.2578419 -10.636845
25.210187 1.7596124 -8.4401189
23.902281 3.511476 -11.25719
24.271436 1.7372813 -10.049616
19.434473 -4.2583266 -8.6147818
22.772841 -1.5894914 -7.6241201
20.087484 -2.9510454 -9.4605454
21.817243 -1.561617 -9.0334542
21.373273 0 11.246352
23.735237 0 8.5561729
22.882432 1.6866459 11.41307
20.73802 -1.528583 10.343502
26.514594 0 1.8376589
25.533007 0 5.3778807
23.996136 5.2578419 10.636845
25.210187 1.7596124 8.4401189
23.902281 3.511476 11.25719
24.271436 1.7372813 10.049616
19.434473 -4.2583266 8.6147818
22.772841 -1.5894914 7.6241201
20.087484 -2.9510454 9.4605454
21.817243 -1.561617 9.0334542
24.41773 12.728462 -7.8666219
25.747036 9.0719965 -5.6068022
24.309639 10.786439 -8.5993702
25.385755 13.277284 -5.7938376
26.617258 1.7819634 -1.101314
26.380834 5.387578 -3.3297063
26.467085 1.780474 -2.9461765
24.103114 7.0995171 -9.9607714
25.600838 7.2245023 -6.3576198
24.203502 8.9063277 -9.2996131
24.790484 5.3302252 -8.8826868
25.052614 9.0142262 -7.4847409
26.58102 13.946455 -1.2407595
26.296913 9.345826 -3.4532799
26.151358 13.706437 -3.5614808
25.946837 11.302109 -4.6169615
25.767676 1.7744638 -6.5929282
26.008757 5.366804 -5.1893679
26.180173 1.7766118 -4.7905583
25.340928 3.5443824 -7.7515425
26.283128 3.5759657 -4.0668495
25.471998 5.3697056 -7.0541947
16.77642 -8.7452034 -5.4048329
19.208474 -6.7681271 -4.1829326
17.436443 -7.7367305 -6.1680235
17.11257 -8.950234 -3.9056332
24.932505 -1.6691731 -1.0316057
21.884412 -4.4693045 -2.7621821
24.695208 -1.6612777 -2.7489405
18.757003 -5.5248325 -7.7514558
20.039968 -5.6552365 -4.9766534
18.099635 -6.6602462 -6.9543492
20.237593 -4.3513039 -7.2513389
18.709818 -6.7320135 -5.5897618
17.45728 -9.1594367 -0.8148779
19.474037 -6.9210011 -2.5573078
17.342113 -9.0893398 -2.3617743
18.279313 -7.9622337 -3.2526078
23.60907 -1.6258137 -6.0406264
21.504161 -4.4372984 -4.2905934
24.246817 -1.6454125 -4.4367848
21.851839 -3.0563708 -6.6842642
23.02772 -3.1330494 -3.5631327
20.935232 -4.4133182 -5.7977864
24.41773 12.728462 7.8666219
25.747036 9.0719965 5.6068022
24.309639 10.786439 8.5993702
25.385755 13.277284 5.7938376
26.617258 1.7819634 1.101314
26.380834 5.387578 3.3297063
26.467085 1.780474 2.9461765
26.641653 3.589426 0
24.103114 7.0995171 9.9607714
25.600838 7.2245023 6.3576198
24.203502 8.9063277 9.2996131
24.790484 5.3302252 8.8826868
25.052614 9.0142262 7.4847409
26.58102 13.946455 1.2407595
26.296913 9.345826 3.4532799
26.151358 13.706437 3.5614808
26.641653 11.660894 0
25.946837 11.302109 4.6169615
25.767676 1.7744638 6.5929282
26.008757 5.366804 5.1893679
26.180173 1.7766118 4.7905583
25.340928 3.5443824 7.7515425
26.283128 3.5759657 4.0668495
25.471998 5.3697056 7.0541947
26.510697 7.3273764 -2.2491429
26.510697 7.3273764 2.2491429
26.611982 5.4473854 -1.1214857
26.602078 9.4399422 -1.166841
26.611982 5.4473854 1.1214857
26.602078 9.4399422 1.166841
16.77642 -8.7452034 5.4048329
19.208474 -6.7681271 4.1829326
17.436443 -7.7367305 6.1680235
17.11257 -8.950234 3.9056332
24.932505 -1.6691731 1.0316057
21.884412 -4.4693045 2.7621821
24.695208 -1.6612777 2.7489405
23.47841 -3.1632427 0
18.757003 -5.5248325 7.7514558
20.039968 -5.6552365 4.9766534
18.099635 -6.6602462 6.9543492
20.237593 -4.3513039 7.2513389
18.709818 -6.7320135 5.5897618
17.45728 -9.1594367 0.8148779
19.474037 -6.9210011 2.5573078
17.342113 -9.0893398 2.3617743
18.530822 -8.1108313 0
18.279313 -7.9622337 3.2526078
23.60907 -1.6258137 6.0406264
21.504161 -4.4372984 4.2905934
24.246817 -1.6454125 4.4367848
21.851839 -3.0563708 6.6842642
23.02772 -3.1330494 3.5631327
20.935232 -4.4133182 5.7977864
20.780999 -5.7437267 -1.7630406
20.780999 -5.7437267 1.7630406
22.087809 -4.5213021 -0.93082741
19.64323 -6.9705439 -0.86160661
22.087809 -4.5213021 0.93082741
19.64323 -6.9705439 0.86160661
-10.945104 15.673845 -0.77757037
-12.38761 14.057052 -2.2866482
-10.598882 15.885286 -2.0453002
-15.003141 10.592702 -5.2263989
-13.731426 12.374186 -3.7599694
-9.7616887 16.076062 -4.5928386
-11.994383 14.171934 -3.5427083
-10.20295 16.019985 -3.3268114
-11.315321 15.029582 -2.803907
-19.575566 1.4970572 -11.52654
-18.521129 4.1927992 -9.8451803
-16.221243 8.6714659 -6.7130741
-17.39505 6.5592081 -8.2453377
-7.5213695 15.446281 -9.5463266
-9.9458807 13.806235 -8.5327222
-8.1406511 15.729336 -8.3666421
-14.482328 10.521765 -6.5028083
-12.234644 12.185511 -7.5310599
-13.900414 11.459068 -5.7738341
-9.257615 16.041035 -5.9057584
-10.514397 14.016975 -7.348111
-8.7229653 15.929159 -7.1431939
-10.426694 15.113046 -5.3618716
-9.3537675 14.86197 -7.854163
-12.66866 13.265295 -4.3132125
-11.682239 13.151068 -6.8221896
-13.293444 12.37704 -5.0400361
-11.564523 14.186433 -4.8304224
-12.791765 12.312892 -6.3061034
-11.068409 14.133685 -6.1086878
-18.529383 -26.534849 -1.3163785
-21.940351 -24.897187 -4.0500033
-17.371292 -26.035571 -3.3521939
-23.372742 -16.50191 -8.1419799
-23.158432 -20.869409 -6.3412932
-14.905109 -24.546516 -7.0127988
-20.206012 -23.874365 -5.9681277
-16.12982 -25.325957 -5.2593484
-18.972748 -25.200565 -4.7013975
-21.424528 -1.6384581 -12.615251
-23.115525 -5.2328751 -12.2874
-23.345894 -12.480124 -9.6615726
-23.245809 -8.7653727 -11.018626
-10.37647 -21.309666 -13.170098
-14.550397 -20.197929 -12.483006
-11.436837 -22.098213 -11.754332
-22.036881 -16.010332 -9.8949293
-18.58818 -18.513533 -11.441992
-21.85994 -18.020654 -9.0799934
-13.679954 -23.703797 -8.7269242
-15.78254 -21.040053 -11.029815
-12.541181 -22.901669 -10.269912
-16.125015 -23.372518 -8.2922026
-13.612283 -21.62822 -11.42995
-21.053266 -22.044777 -7.167862
-17.994309 -20.256768 -10.508311
-21.557722 -20.071607 -8.1733295
-18.634161 -22.8589 -7.7833621
-20.025676 -19.275993 -9.8722876
-17.159803 -21.912025 -9.4705463
-1.3545374 -10.429214 -17.711972
-4.1686825 -9.7885516 -18.414597
-2.26679 -11.746656 -17.605536
-1.3298029 -8.9984113 -18.041204
-10.034085 -7.7679547 -18.77022
-7.0868649 -8.9086355 -18.794398
-4.3392206 -14.691097 -17.35823
-5.2481232 -11.15444 -18.369718
-3.2626286 -13.166517 -17.488434
-3.7435002 -11.480887 -18.026516
-1.2923905 -6.1990526 -18.516241
-4.0768445 -8.2476355 -18.606211
-1.3105266 -7.5809763 -18.309275
-2.6976407 -8.6481732 -18.362582
-19.438187 -0.96431719 -13.573758
-17.744216 -2.8864359 -15.63688
-20.744161 -2.6709017 -13.84079
-12.894564 -6.3621287 -18.263419
-15.518184 -4.7152917 -17.220267
-22.176592 -6.3357252 -13.466046
-18.861435 -4.7149925 -15.963331
-22.134335 -4.5965559 -14.097111
-19.883424 -3.7094359 -14.969632
-9.1495658 -20.37689 -14.804308
-10.664112 -17.324468 -17.254895
-8.1381554 -19.59248 -16.15143
-11.18575 -19.845986 -14.493666
-11.593125 -9.134003 -18.75807
-11.612453 -13.535666 -18.789344
-10.019927 -9.7492793 -18.837521
-5.5954454 -16.434803 -17.208806
-9.4550804 -16.19077 -18.226466
-6.9385438 -18.300889 -17.03929
-6.0810164 -14.558572 -17.859293
-8.9175733 -18.089063 -17.41188
-15.221007 -18.4501 -13.678656
-12.602584 -16.572014 -16.814777
-13.228953 -19.207044 -14.122194
-11.931585 -18.247853 -15.714539
-6.861197 -10.75532 -18.636168
-9.7520742 -13.954223 -18.602683
-8.4271453 -10.290872 -18.792341
-6.5034916 -12.646688 -18.330832
-9.9304083 -11.826433 -18.790726
-7.9024951 -14.318631 -18.284021
-1.2609871 -0.7793329 -18.835415
-3.8414179 -2.3741269 -18.809901
-1.266675 -2.0959857 -18.829364
-9.7242135 -6.0098945 -18.65451
-6.6079084 -4.083912 -18.753761
-8.3419719 -6.6505456 -18.800489
-1.2860987 -4.7784331 -18.675937
-3.8872033 -3.7586855 -18.838274
-1.2741836 -3.4357818 -18.776384
-2.6169294 -5.7232085 -18.710007
-2.5628583 -2.9146698 -18.836851
-5.5293897 -7.7578497 -18.772475
-5.3146598 -4.6769432 -18.833096
-6.9316714 -7.23776 -18.83725
-4.0298471 -6.7156393 -18.742521
-6.7720051 -5.6229678 -18.820964
-3.9669736 -5.2114225 -18.817931
-22.150551 -13.689793 -10.785928
-19.690289 -12.169268 -14.184698
-22.194787 -11.805701 -11.486818
-20.718405 -15.130799 -11.677469
-13.430496 -8.3005028 -18.485952
-17.252565 -10.662672 -17.322128
-14.918506 -7.5169268 -18.096882
-13.663315 -10.544912 -18.708998
-22.198378 -8.1726805 -12.811146
-19.831055 -10.396023 -14.875648
-22.208668 -9.9591459 -12.161686
-21.106373 -7.4882099 -14.561571
-21.013003 -11.104824 -13.22508
-17.242554 -17.49514 -13.112512
-18.145752 -13.453017 -14.969926
-19.055366 -16.409946 -12.459588
-15.865495 -16.5614 -14.739498
-19.413556 -14.274034 -13.37119
-17.64557 -5.7374592 -16.851922
-18.604249 -9.6510574 -16.526359
-16.339566 -6.6536104 -17.549358
-19.966403 -6.7984786 -16.27625
-17.209356 -8.8138496 -17.878663
-19.905777 -8.6034304 -15.588665
-13.242659 -14.735848 -17.862016
-16.831854 -12.615383 -16.588845
-13.799656 -12.926816 -18.768372
-14.529505 -15.639461 -16.325451
-15.584391 -11.832768 -18.096724
-16.398704 -14.5947 -15.709636
-1.3036382 10.037317 -17.046413
-3.7588335 8.8261783 -16.604143
-2.113738 10.953531 -16.416823
-1.2871121 8.7095347 -17.462026
-8.3638853 6.4749585 -15.645868
-6.0863472 7.6509218 -16.141021
-3.7218696 12.600961 -14.888635
-4.5508617 9.6724703 -15.929132
-2.9274613 11.813931 -15.691861
-3.3587715 10.300968 -16.173886
-1.2641671 6.0636766 -18.11188
-3.7380349 7.5622089 -17.059926
-1.2753106 7.3772633 -17.817276
-2.5360712 8.1302093 -17.262794
-18.486283 0.9170938 -12.90904
-15.631153 2.5427059 -13.774769
-18.108768 2.3315832 -12.08242
-17.825576 0 -14.000473
-10.663132 5.261149 -15.102896
-13.057699 3.9676588 -14.489908
-17.231469 4.9229319 -10.463274
-15.394245 3.8482624 -13.028883
-17.683805 3.6723308 -11.262618
-16.711365 3.117659 -12.581484
-16.098335 -1.8295449 -15.908792
-14.908536 1.6943265 -14.733001
-17.020848 -0.92310521 -15.010669
-16.313898 0.88476465 -14.387211
-6.7344431 14.998199 -10.896558
-7.6512348 12.429875 -12.379958
-6.0349016 14.52893 -11.977197
-8.0130761 14.216964 -10.38275
-9.1744653 7.2283871 -14.844597
-8.4561924 9.8566763 -13.682407
-8.0468441 7.8294911 -15.128114
-4.5411249 13.338079 -13.96624
-6.9277358 11.862975 -13.354529
-5.2973501 13.972128 -13.008937
-4.9669143 11.891298 -14.587295
-6.5005858 13.186268 -12.692625
-10.442642 12.658019 -9.3844851
-8.9205668 11.730274 -11.90211
-9.2524755 13.433618 -9.8772177
-8.4814239 12.971267 -11.170491
-5.7661736 9.0388079 -15.6619
-7.3365295 10.497825 -13.994883
-6.9067271 8.434202 -15.401844
-5.3758659 10.453908 -15.152491
-7.7032041 9.1739858 -14.576319
-6.1751797 11.188886 -14.287528
-1.2575097 0.77718376 -18.783473
-3.7463496 2.3153714 -18.344389
-1.257304 2.0804794 -18.690063
-2.5266672 0 -18.753581
-8.4340205 5.2125113 -16.17946
-6.1563358 3.8048248 -17.472163
-7.2810436 5.8047321 -16.409451
-1.2643899 4.6977751 -18.360695
-3.7364175 3.6128849 -18.107532
-1.2587505 3.3941673 -18.548963
-2.5130215 5.4959626 -17.967107
-2.5105595 2.8551917 -18.452458
-5.1597153 -1.583778 -18.668025
-5.0448575 1.5485223 -18.252466
-3.8309536 -0.78870126 -18.715266
-3.7987481 0.78207091 -18.557933
-4.9620497 6.9618599 -16.846336
-4.977461 4.3802055 -17.638194
-6.1202544 6.3905124 -16.632173
-3.7537488 6.2555284 -17.458408
-6.1447108 5.1021095 -17.077569
-3.7542961 4.9320275 -17.809063
-15.150393 9.3634575 -7.3772904
-13.933509 8.6113822 -10.037568
-15.692029 8.3467983 -8.1213433
-13.98456 10.213024 -7.882087
-10.52522 6.5049438 -14.487084
-12.375821 7.6486781 -12.425721
-11.677985 5.8841389 -14.165971
-10.150357 7.8337226 -13.898751
-16.722999 6.1568338 -9.6511902
-14.346229 7.5207155 -10.761376
-16.220452 7.2738196 -8.8824799
-15.957372 5.6614254 -11.009206
-15.062456 7.9601151 -9.4799492
-11.665818 11.836711 -8.8715502
-12.710129 9.4231191 -10.485633
-12.819406 11.039713 -8.3821278
-10.964885 11.445835 -10.186691
-13.388105 9.8437539 -9.2211283
-14.080236 4.5781906 -13.446947
-13.516872 7.0119523 -12.007186
-12.866667 5.2394165 -13.819324
-15.068451 5.1307459 -12.283528
-12.636165 6.4716692 -13.127611
-14.71537 6.3600966 -11.52394
-9.3595416 10.414886 -12.624375
-11.910463 8.926827 -11.738506
-9.7604001 9.1430468 -13.274739
-10.189377 10.967777 -11.448854
-11.070132 8.4052246 -12.85473
-11.456769 10.196422 -10.975359
-11.327862 -5.172947 -18.328866
-10.91369 -1.6337744 -17.658721
-12.622335 -4.4109969 -17.921378
-9.6456043 -4.2090734 -18.442096
-9.8216332 4.4851169 -15.891736
-10.403501 1.5573994 -16.833219
-11.012343 3.8483694 -15.635487
-8.7013986 3.7970483 -16.636804
-15.003785 -2.7432592 -16.725089
-12.018378 -0.85097588 -17.103608
-13.861414 -3.5948328 -17.383541
-14.527412 -0.88528896 -16.181319
-12.32732 -2.5701485 -17.529622
-6.6126395 -2.4433683 -18.606381
-9.3637261 -0.8330527 -17.846642
-8.0729243 -3.2978253 -18.533431
-6.5289744 -0.80702562 -18.398872
-9.5218783 -2.4741651 -18.16738
-13.517714 2.4715493 -15.068529
-11.686314 0.8274637 -16.631041
-12.247965 3.1763994 -15.360121
-14.02794 0.85485153 -15.624983
-11.355187 2.3674666 -16.147236
-13.054827 0 -16.421772
-6.3306984 2.3391911 -17.813067
-9.1644572 0.81532456 -17.466849
-7.5279221 3.0751895 -17.282241
-6.4341452 0.79530409 -18.13164
-8.9464842 2.3246547 -17.06955
-7.8768682 0 -17.996286
-10.945104 15.673845 0.77757037
-12.38761 14.057052 2.2866482
-10.598882 15.885286 2.0453002
-11.719826 14.921827 0
-15.003141 10.592702 5.2263989
-13.731426 12.374186 3.7599694
-9.7616887 16.076062 4.5928386
-11.994383 14.171934 3.5427083
-10.20295 16.019985 3.3268114
-11.315321 15.029582 2.803907
-13.198887 13.356143 -1.5179001
-13.198887 13.356143 1.5179001
-12.474505 14.145049 -0.76713973
-12.474505 14.145049 0.76713973
-19.575566 1.4970572 11.52654
-18.521129 4.1927992 9.8451803
-16.221243 8.6714659 6.7130741
-17.39505 6.5592081 8.2453377
-7.5213695 15.446281 9.5463266
-9.9458807 13.806235 8.5327222
-8.1406511 15.729336 8.3666421
-14.482328 10.521765 6.5028083
-12.234644 12.185511 7.5310599
-13.900414 11.459068 5.7738341
-9.257615 16.041035 5.9057584
-10.514397 14.016975 7.348111
-8.7229653 15.929159 7.1431939
-10.426694 15.113046 5.3618716
-9.3537675 14.86197 7.854163
-12.66866 13.265295 4.3132125
-11.682239 13.151068 6.8221896
-13.293444 12.37704 5.0400361
-11.564523 14.186433 4.8304224
-12.791765 12.312892 6.3061034
-11.068409 14.133685 6.1086878
-15.986249 9.8800451 -4.5117911
-16.411875 10.143096 -1.5184169
-15.315703 10.787113 -3.7696607
-15.986249 9.8800451 4.5117911
-16.411875 10.143096 1.5184169
-15.315703 10.787113 3.7696607
-13.939671 12.505035 -2.2863933
-15.633543 10.985391 -0.77783399
-14.630037 11.665805 -3.0254215
-14.026605 12.592934 -0.76740339
-15.527224 10.919178 -2.2765621
-13.939671 12.505035 2.2863933
-15.633543 10.985391 0.77783399
-14.630037 11.665805 3.0254215
-14.026605 12.592934 0.76740339
-15.527224 10.919178 2.2765621
-14.842389 11.799264 0
-18.529383 -26.534849 1.3163785
-21.940351 -24.897187 4.0500033
-17.371292 -26.035571 3.3521939
-20.924752 -26.641653 0
-23.372742 -16.50191 8.1419799
-23.158432 -20.869409 6.3412932
-14.905109 -24.546516 7.0127988
-20.206012 -23.874365 5.9681277
-16.12982 -25.325957 5.2593484
-18.972748 -25.200565 4.7013975
-24.498209 -24.79009 -2.8173462
-24.498209 -24.79009 2.8173462
-23.231343 -26.342408 -1.4286488
-23.231343 -26.342408 1.4286488
-21.424528 -1.6384581 12.615251
-23.115525 -5.2328751 12.2874
-23.345894 -12.480124 9.6615726
-23.245809 -8.7653727 11.018626
-10.37647 -21.309666 13.170098
-14.550397 -20.197929 12.483006
-11.436837 -22.098213 11.754332
-22.036881 -16.010332 9.8949293
-18.58818 -18.513533 11.441992
-21.85994 -18.020654 9.0799934
-13.679954 -23.703797 8.7269242
-15.78254 -21.040053 11.029815
-12.541181 -22.901669 10.269912
-16.125015 -23.372518 8.2922026
-13.612283 -21.62822 11.42995
-21.053266 -22.044777 7.167862
-17.994309 -20.256768 10.508311
-21.557722 -20.071607 8.1733295
-18.634161 -22.8589 7.7833621
-20.025676 -19.275993 9.8722876
-17.159803 -21.912025 9.4705463
-24.549002 -15.172118 -6.9284529
-26.35454 -16.288001 -2.4383064
-24.656413 -17.365936 -6.068694
-24.549002 -15.172118 6.9284529
-26.35454 -16.288001 2.4383064
-24.656413 -17.365936 6.068694
-24.773148 -22.223558 -4.0633068
-26.532702 -18.644022 -1.3201127
-24.746461 -19.732513 -5.1174495
-26.299983 -23.611839 -1.4388867
-25.799809 -18.143146 -3.7827022
-24.773148 -22.223558 4.0633068
-26.532702 -18.644022 1.3201127
-24.746461 -19.732513 5.1174495
-26.299983 -23.611839 1.4388867
-25.799809 -18.143146 3.7827022
-26.641653 -21.179332 0
-1.3545374 -10.429214 17.711972
-4.1686825 -9.7885516 18.414597
-2.26679 -11.746656 17.605536
-1.3298029 -8.9984113 18.041204
-10.034085 -7.7679547 18.77022
-7.0868649 -8.9086355 18.794398
-4.3392206 -14.691097 17.35823
-5.2481232 -11.15444 18.369718
-3.2626286 -13.166517 17.488434
-3.7435002 -11.480887 18.026516
-1.2923905 -6.1990526 18.516241
-4.0768445 -8.2476355 18.606211
-1.3105266 -7.5809763 18.309275
-2.6976407 -8.6481732 18.362582
-19.438187 -0.96431719 13.573758
-17.744216 -2.8864359 15.63688
-20.744161 -2.6709017 13.84079
-12.894564 -6.3621287 18.263419
-15.518184 -4.7152917 17.220267
-22.176592 -6.3357252 13.466046
-18.861435 -4.7149925 15.963331
-22.134335 -4.5965559 14.097111
-19.883424 -3.7094359 14.969632
-9.1495658 -20.37689 14.804308
-10.664112 -17.324468 17.254895
-8.1381554 -19.59248 16.15143
-11.18575 -19.845986 14.493666
-11.593125 -9.134003 18.75807
-11.612453 -13.535666 18.789344
-10.019927 -9.7492793 18.837521
-5.5954454 -16.434803 17.208806
-9.4550804 -16.19077 18.226466
-6.9385438 -18.300889 17.03929
-6.0810164 -14.558572 17.859293
-8.9175733 -18.089063 17.41188
-15.221007 -18.4501 13.678656
-12.602584 -16.572014 16.814777
-13.228953 -19.207044 14.122194
-11.931585 -18.247853 15.714539
-6.861197 -10.75532 18.636168
-9.7520742 -13.954223 18.602683
-8.4271453 -10.290872 18.792341
-6.5034916 -12.646688 18.330832
-9.9304083 -11.826433 18.790726
-7.9024951 -14.318631 18.284021
-1.2609871 -0.7793329 18.835415
-3.8414179 -2.3741269 18.809901
-1.266675 -2.0959857 18.829364
-9.7242135 -6.0098945 18.65451
-6.6079084 -4.083912 18.753761
-8.3419719 -6.6505456 18.800489
-1.2860987 -4.7784331 18.675937
-3.8872033 -3.7586855 18.838274
-1.2741836 -3.4357818 18.776384
-2.6169294 -5.7232085 18.710007
-2.5628583 -2.9146698 18.836851
-5.5293897 -7.7578497 18.772475
-5.3146598 -4.6769432 18.833096
-6.9316714 -7.23776 18.83725
-4.0298471 -6.7156393 18.742521
-6.7720051 -5.6229678 18.820964
-3.9669736 -5.2114225 18.817931
-22.150551 -13.689793 10.785928
-19.690289 -12.169268 14.184698
-22.194787 -11.805701 11.486818
-20.718405 -15.130799 11.677469
-13.430496 -8.3005028 18.485952
-17.252565 -10.662672 17.322128
-14.918506 -7.5169268 18.096882
-13.663315 -10.544912 18.708998
-22.198378 -8.1726805 12.811146
-19.831055 -10.396023 14.875648
-22.208668 -9.9591459 12.161686
-21.106373 -7.4882099 14.561571
-21.013003 -11.104824 13.22508
-17.242554 -17.49514 13.112512
-18.145752 -13.453017 14.969926
-19.055366 -16.409946 12.459588
-15.865495 -16.5614 14.739498
-19.413556 -14.274034 13.37119
-17.64557 -5.7374592 16.851922
-18.604249 -9.6510574 16.526359
-16.339566 -6.6536104 17.549358
-19.966403 -6.7984786 16.27625
-17.209356 -8.8138496 17.878663
-19.905777 -8.6034304 15.588665
-13.242659 -14.735848 17.862016
-16.831854 -12.615383 16.588845
-13.799656 -12.926816 18.768372
-14.529505 -15.639461 16.325451
-15.584391 -11.832768 18.096724
-16.398704 -14.5947 15.709636
-1.3036382 10.037317 17.046413
-3.7588335 8.8261783 16.604143
-2.113738 10.953531 16.416823
-1.2871121 8.7095347 17.462026
-8.3638853 6.4749585 15.645868
-6.0863472 7.6509218 16.141021
-3.7218696 12.600961 14.888635
-4.5508617 9.6724703 15.929132
-2.9274613 11.813931 15.691861
-3.3587715 10.300968 16.173886
-1.2641671 6.0636766 18.11188
-3.7380349 7.5622089 17.059926
-1.2753106 7.3772633 17.817276
-2.5360712 8.1302093 17.262794
-18.486283 0.9170938 12.90904
-15.631153 2.5427059 13.774769
-18.108768 2.3315832 12.08242
-17.825576 0 14.000473
-10.663132 5.261149 15.102896
-13.057699 3.9676588 14.489908
-17.231469 4.9229319 10.463274
-15.394245 3.8482624 13.028883
-17.683805 3.6723308 11.262618
-16.711365 3.117659 12.581484
-16.098335 -1.8295449 15.908792
-14.908536 1.6943265 14.733001
-17.020848 -0.92310521 15.010669
-16.313898 0.88476465 14.387211
-6.7344431 14.998199 10.896558
-7.6512348 12.429875 12.379958
-6.0349016 14.52893 11.977197
-8.0130761 14.216964 10.38275
-9.1744653 7.2283871 14.844597
-8.4561924 9.8566763 13.682407
-8.0468441 7.8294911 15.128114
-4.5411249 13.338079 13.96624
-6.9277358 11.862975 13.354529
-5.2973501 13.972128 13.008937
-4.9669143 11.891298 14.587295
-6.5005858 13.186268 12.692625
-10.442642 12.658019 9.3844851
-8.9205668 11.730274 11.90211
-9.2524755 13.433618 9.8772177
-8.4814239 12.971267 11.170491
-5.7661736 9.0388079 15.6619
-7.3365295 10.497825 13.994883
-6.9067271 8.434202 15.401844
-5.3758659 10.453908 15.152491
-7.7032041 9.1739858 14.576319
-6.1751797 11.188886 14.287528
-1.2575097 0.77718376 18.783473
-3.7463496 2.3153714 18.344389
-1.257304 2.0804794 18.690063
-2.5266672 0 18.753581
-8.4340205 5.2125113 16.17946
-6.1563358 3.8048248 17.472163
-7.2810436 5.8047321 16.409451
-1.2643899 4.6977751 18.360695
-3.7364175 3.6128849 18.107532
-1.2587505 3.3941673 18.548963
-2.5130215 5.4959626 17.967107
-2.5105595 2.8551917 18.452458
-5.1597153 -1.583778 18.668025
-5.0448575 1.5485223 18.252466
-3.8309536 -0.78870126 18.715266
-3.7987481 0.78207091 18.557933
-4.9620497 6.9618599 16.846336
-4.977461 4.3802055 17.638194
-6.1202544 6.3905124 16.632173
-3.7537488 6.2555284 17.458408
-6.1447108 5.1021095 17.077569
-3.7542961 4.9320275 17.809063
-15.150393 9.3634575 7.3772904
-13.933509 8.6113822 10.037568
-15.692029 8.3467983 8.1213433
-13.98456 10.213024 7.882087
-10.52522 6.5049438 14.487084
-12.375821 7.6486781 12.425721
-11.677985 5.8841389 14.165971
-10.150357 7.8337226 13.898751
-16.722999 6.1568338 9.6511902
-14.346229 7.5207155 10.761376
-16.220452 7.2738196 8.8824799
-15.957372 5.6614254 11.009206
-15.062456 7.9601151 9.4799492
-11.665818 11.836711 8.8715502
-12.710129 9.4231191 10.485633
-12.819406 11.039713 8.3821278
-10.964885 11.445835 10.186691
-13.388105 9.8437539 9.2211283
-14.080236 4.5781906 13.446947
-13.516872 7.0119523 12.007186
-12.866667 5.2394165 13.819324
-15.068451 5.1307459 12.283528
-12.636165 6.4716692 13.127611
-14.71537 6.3600966 11.52394
-9.3595416 10.414886 12.624375
-11.910463 8.926827 11.738506
-9.7604001 9.1430468 13.274739
-10.189377 10.967777 11.448854
-11.070132 8.4052246 12.85473
-11.456769 10.196422 10.975359
-11.327862 -5.172947 18.328866
-10.91369 -1.6337744 17.658721
-12.622335 -4.4109969 17.921378
-9.6456043 -4.2090734 18.442096
-9.8216332 4.4851169 15.891736
-10.403501 1.5573994 16.833219
-11.012343 3.8483694 15.635487
-8.7013986 3.7970483 16.636804
-15.003785 -2.7432592 16.725089
-12.018378 -0.85097588 17.103608
-13.861414 -3.5948328 17.383541
-14.527412 -0.88528896 16.181319
-12.32732 -2.5701485 17.529622
-6.6126395 -2.4433683 18.606381
-9.3637261 -0.8330527 17.846642
-8.0729243 -3.2978253 18.533431
-6.5289744 -0.80702562 18.398872
-9.5218783 -2.4741651 18.16738
-13.517714 2.4715493 15.068529
-11.686314 0.8274637 16.631041
-12.247965 3.1763994 15.360121
-14.02794 0.85485153 15.624983
-11.355187 2.3674666 16.147236
-13.054827 0 16.421772
-6.3306984 2.3391911 17.813067
-9.1644572 0.81532456 17.466849
-7.5279221 3.0751895 17.282241
-6.4341452 0.79530409 18.13164
-8.9464842 2.3246547 17.06955
-7.8768682 0 17.996286
-21.373273 0 -11.246352
-23.735237 0 -8.5561729
-20.73802 1.528583 -10.343502
-22.882432 -1.6866459 -11.41307
-26.514594 0 -1.8376589
-25.533007 0 -5.3778807
-19.434473 4.2583266 -8.6147818
-22.772841 1.5894914 -7.6241201
-20.087484 2.9510454 -9.4605454
-21.817243 1.561617 -9.0334542
-23.996136 -5.2578419 -10.636845
-25.210187 -1.7596124 -8.4401189
-23.902281 -3.511476 -11.25719
-24.271436 -1.7372813 -10.049616
-21.373273 0 11.246352
-23.735237 0 8.5561729
-20.73802 1.528583 10.343502
-22.882432 -1.6866459 11.41307
-26.514594 0 1.8376589
-25.533007 0 5.3778807
-19.434473 4.2583266 8.6147818
-22.772841 1.5894914 7.6241201
-20.087484 2.9510454 9.4605454
-21.817243 1.561617 9.0334542
-23.996136 -5.2578419 10.636845
-25.210187 -1.7596124 8.4401189
-23.902281 -3.511476 11.25719
-24.271436 -1.7372813 10.049616
-16.77642 8.7452034 -5.4048329
-19.208474 6.7681271 -4.1829326
-17.436443 7.7367305 -6.1680235
-17.11257 8.950234 -3.9056332
-24.932505 1.6691731 -1.0316057
-21.884412 4.4693045 -2.7621821
-24.695208 1.6612777 -2.7489405
-18.757003 5.5248325 -7.7514558
-20.039968 5.6552365 -4.9766534
-18.099635 6.6602462 -6.9543492
-20.237593 4.3513039 -7.2513389
-18.709818 6.7320135 -5.5897618
-17.45728 9.1594367 -0.8148779
-19.474037 6.9210011 -2.5573078
-17.342113 9.0893398 -2.3617743
-18.279313 7.9622337 -3.2526078
-23.60907 1.6258137 -6.0406264
-21.504161 4.4372984 -4.2905934
-24.246817 1.6454125 -4.4367848
-21.851839 3.0563708 -6.6842642
-23.02772 3.1330494 -3.5631327
-20.935232 4.4133182 -5.7977864
-24.41773 -12.728462 -7.8666219
-25.747036 -9.0719965 -5.6068022
-24.309639 -10.786439 -8.5993702
-25.385755 -13.277284 -5.7938376
-26.617258 -1.7819634 -1.101314
-26.380834 -5.387578 -3.3297063
-26.467085 -1.780474 -2.9461765
-24.103114 -7.0995171 -9.9607714
-25.600838 -7.2245023 -6.3576198
-24.203502 -8.9063277 -9.2996131
-24.790484 -5.3302252 -8.8826868
-25.052614 -9.0142262 -7.4847409
-26.58102 -13.946455 -1.2407595
-26.296913 -9.345826 -3.4532799
-26.151358 -13.706437 -3.5614808
-25.946837 -11.302109 -4.6169615
-25.767676 -1.7744638 -6.5929282
-26.008757 -5.366804 -5.1893679
-26.180173 -1.7766118 -4.7905583
-25.340928 -3.5443824 -7.7515425
-26.283128 -3.5759657 -4.0668495
-25.471998 -5.3697056 -7.0541947
-16.77642 8.7452034 5.4048329
-19.208474 6.7681271 4.1829326
-17.436443 7.7367305 6.1680235
-17.11257 8.950234 3.9056332
-24.932505 1.6691731 1.0316057
-21.884412 4.4693045 2.7621821
-24.695208 1.6612777 2.7489405
-23.47841 3.1632427 0
-18.757003 5.5248325 7.7514558
-20.039968 5.6552365 4.9766534
-18.099635 6.6602462 6.9543492
-20.237593 4.3513039 7.2513389
-18.709818 6.7320135 5.5897618
-17.45728 9.1594367 0.8148779
-19.474037 6.9210011 2.5573078
-17.342113 9.0893398 2.3617743
-18.530822 8.1108313 0
-18.279313 7.9622337 3.2526078
-23.60907 1.6258137 6.0406264
-21.504161 4.4372984 4.2905934
-24.246817 1.6454125 4.4367848
-21.851839 3.0563708 6.6842642
-23.02772 3.1330494 3.5631327
-20.935232 4.4133182 5.7977864
-20.780999 5.7437267 -1.7630406
-20.780999 5.7437267 1.7630406
-22.087809 4.5213021 -0.93082741
-19.64323 6.9705439 -0.86160661
-22.087809 4.5213021 0.93082741
-19.64323 6.9705439 0.86160661
-24.41773 -12.728462 7.8666219
-25.747036 -9.0719965 5.6068022
-24.309639 -10.786439 8.5993702
-25.385755 -13.277284 5.7938376
-26.617258 -1.7819634 1.101314
-26.380834 -5.387578 3.3297063
-26.467085 -1.780474 2.9461765
-26.641653 -3.589426 0
-24.103114 -7.0995171 9.9607714
-25.600838 -7.2245023 6.3576198
-24.203502 -8.9063277 9.2996131
-24.790484 -5.3302252 8.8826868
-25.052614 -9.0142262 7.4847409
-26.58102 -13.946455 1.2407595
-26.296913 -9.345826 3.4532799
-26.151358 -13.706437 3.5614808
-26.641653 -11.660894 0
-25.946837 -11.302109 4.6169615
-25.767676 -1.7744638 6.5929282
-26.008757 -5.366804 5.1893679
-26.180173 -1.7766118 4.7905583
-25.340928 -3.5443824 7.7515425
-26.283128 -3.5759657 4.0668495
-25.471998 -5.3697056 7.0541947
-26.510697 -7.3273764 -2.2491429
-26.510697 -7.3273764 2.2491429
-26.611982 -5.4473854 -1.1214857
-26.602078 -9.4399422 -1.166841
-26.611982 -5.4473854 1.1214857
-26.602078 -9.4399422 1.166841
