-15.076950 24.395018 0.000000
24.395018 39.471968 0.000000
-24.395018 -39.471968 0.000000
15.076950 -24.395018 0.000000
0.000000 -15.806414 25.575315
0.000000 15.806414 25.575315
0.000000 -15.806414 -25.575315
0.000000 15.806414 -25.575315
29.719935 0.000000 -18.367930
29.719935 0.000000 18.367930
-29.719935 0.000000 -18.367930
-29.719935 0.000000 18.367930
0.000000 39.471968 0.000000
0.000000 -39.471968 0.000000
-12.295508 -32.190057 19.894550
9.220450 -24.139452 14.919002
-9.220450 24.139452 14.919002
12.295508 32.190057 19.894550
0.000000 0.000000 27.910896
-12.295508 -32.190057 -19.894550
9.220450 -24.139452 -14.919002
-9.220450 24.139452 -14.919002
12.295508 32.190057 -19.894550
0.000000 0.000000 -27.910896
34.630327 21.402719 -13.227608
23.139553 -14.301030 -8.838523
14.084470 -8.704681 -22.789151
17.014465 10.515518 -27.529983
34.630327 21.402719 13.227608
23.139553 -14.301030 8.838523
14.084470 -8.704681 22.789151
17.014465 10.515518 27.529983
39.471968 0.000000 0.000000
-23.139553 14.301030 -8.838523
-34.630327 -21.402719 -13.227608
-17.014465 -10.515518 -27.529983
-14.084470 8.704681 -22.789151
-23.139553 14.301030 8.838523
-34.630327 -21.402719 13.227608
-17.014465 -10.515518 27.529983
-14.084470 8.704681 22.789151
-39.471968 0.000000 0.000000
-8.732452 30.739516 0.000000
11.213159 39.471968 0.000000
-11.213159 -39.471968 0.000000
8.732452 -30.739516 0.000000
-18.402614 -36.588554 11.022855
-5.625909 -24.300187 24.589709
-6.459952 -37.817220 10.452423
12.708415 -25.267200 7.612126
4.840251 -20.906669 21.155760
5.462508 -31.978076 8.838523
0.000000 -29.719935 18.367930
-12.708415 25.267200 7.612126
-4.840251 20.906669 21.155760
-5.462508 31.978076 8.838523
18.402614 36.588554 11.022855
5.625909 24.300187 24.589709
6.459952 37.817220 10.452423
0.000000 29.719935 18.367930
0.000000 -7.773617 27.364275
0.000000 7.773617 27.364275
-18.402614 -36.588554 -11.022855
-5.625909 -24.300187 -24.589709
-6.459952 -37.817220 -10.452423
12.708415 -25.267200 -7.612126
4.840251 -20.906669 -21.155760
5.462508 -31.978076 -8.838523
0.000000 -29.719935 -18.367930
-12.708415 25.267200 -7.612126
-4.840251 20.906669 -21.155760
-5.462508 31.978076 -8.838523
18.402614 36.588554 -11.022855
5.625909 24.300187 -24.589709
6.459952 37.817220 -10.452423
0.000000 29.719935 -18.367930
0.000000 -7.773617 -27.364275
0.000000 7.773617 -27.364275
33.743276 34.145306 -7.812145
34.348154 10.347900 -17.275781
24.606050 28.809265 -17.805105
19.364366 -19.595080 -4.483181
26.616652 -8.018668 -13.387137
16.447118 -19.256621 -11.901246
7.309349 -12.202931 -24.262184
21.210735 -4.852829 -20.960998
11.950327 -16.514946 -19.336035
7.355375 -4.545871 -26.611995
19.548690 -12.081755 -16.696575
8.324344 13.897461 -27.631292
24.728277 5.657612 -24.437123
16.789893 23.203061 -27.166618
7.692976 4.754521 -27.833449
27.364797 16.912375 -23.372327
15.806414 0.000000 -25.575315
33.743276 34.145306 7.812145
34.348154 10.347900 17.275781
24.606050 28.809265 17.805105
39.471968 24.395018 0.000000
19.364366 -19.595080 4.483181
26.616652 -8.018668 13.387137
16.447118 -19.256621 11.901246
24.395018 -15.076950 0.000000
7.309349 -12.202931 24.262184
21.210735 -4.852829 20.960998
11.950327 -16.514946 19.336035
7.355375 -4.545871 26.611995
19.548690 -12.081755 16.696575
8.324344 13.897461 27.631292
24.728277 5.657612 24.437123
16.789893 23.203061 27.166618
7.692976 4.754521 27.833449
27.364797 16.912375 23.372327
15.806414 0.000000 25.575315
36.626678 0.000000 -10.404872
36.626678 0.000000 10.404872
38.712047 10.699747 -6.612807
30.385186 -8.398259 -5.190409
38.712047 10.699747 6.612807
30.385186 -8.398259 5.190409
-19.364366 19.595080 -4.483181
-26.616652 8.018668 -13.387137
-16.447118 19.256621 -11.901246
-33.743276 -34.145306 -7.812145
-34.348154 -10.347900 -17.275781
-24.606050 -28.809265 -17.805105
-8.324344 -13.897461 -27.631292
-24.728277 -5.657612 -24.437123
-16.789893 -23.203061 -27.166618
-7.692976 -4.754521 -27.833449
-27.364797 -16.912375 -23.372327
-7.309349 12.202931 -24.262184
-21.210735 4.852829 -20.960998
-11.950327 16.514946 -19.336035
-7.355375 4.545871 -26.611995
-19.548690 12.081755 -16.696575
-15.806414 0.000000 -25.575315
-19.364366 19.595080 4.483181
-26.616652 8.018668 13.387137
-16.447118 19.256621 11.901246
-24.395018 15.076950 0.000000
-33.743276 -34.145306 7.812145
-34.348154 -10.347900 17.275781
-24.606050 -28.809265 17.805105
-39.471968 -24.395018 0.000000
-8.324344 -13.897461 27.631292
-24.728277 -5.657612 24.437123
-16.789893 -23.203061 27.166618
-7.692976 -4.754521 27.833449
-27.364797 -16.912375 23.372327
-7.309349 12.202931 24.262184
-21.210735 4.852829 20.960998
-11.950327 16.514946 19.336035
-7.355375 4.545871 26.611995
-19.548690 12.081755 16.696575
-15.806414 0.000000 25.575315
-36.626678 0.000000 -10.404872
-36.626678 0.000000 10.404872
-30.385186 8.398259 -5.190409
-38.712047 -10.699747 -6.612807
-30.385186 8.398259 5.190409
-38.712047 -10.699747 6.612807
-12.076186 27.395781 0.000000
-4.825673 34.646295 0.000000
17.399425 39.471968 0.000000
5.497812 39.471968 0.000000
-17.399425 -39.471968 0.000000
-5.497812 -39.471968 0.000000
12.076186 -27.395781 0.000000
4.825673 -34.646295 0.000000
-21.573855 -38.518282 5.842805
-15.292882 -34.412030 15.642550
-15.055018 -38.845069 5.532983
-2.600708 -19.745694 25.140462
-9.318722 -29.818969 23.851374
-3.254853 -39.089060 5.266463
-9.514015 -35.516837 15.394000
-8.883664 -39.002465 5.359348
-12.277993 -37.342101 10.762857
14.038848 -25.065169 3.802114
11.095207 -24.966426 11.348896
10.910678 -28.151813 4.009866
2.444551 -18.560084 23.630928
7.119136 -22.780518 18.221511
0.000000 -22.609214 22.878589
2.988223 -35.886973 4.835047
7.508144 -28.028703 12.148431
7.232664 -31.753987 4.363331
0.000000 -36.763289 10.161123
9.337506 -28.398950 8.185234
-6.153999 -33.051884 20.427188
4.987946 -26.789247 16.556665
-2.855480 -27.456335 21.826981
-3.234363 -35.869633 15.699927
2.605294 -25.050716 19.914585
2.839072 -31.485792 13.781145
-14.038848 25.065169 3.802114
-11.095207 24.966426 11.348896
-10.910678 28.151813 4.009866
-2.444551 18.560084 23.630928
-7.119136 22.780518 18.221511
-2.988223 35.886973 4.835047
-7.508144 28.028703 12.148431
-7.232664 31.753987 4.363331
-9.337506 28.398950 8.185234
21.573855 38.518282 5.842805
15.292882 34.412030 15.642550
15.055018 38.845069 5.532983
2.600708 19.745694 25.140462
9.318722 29.818969 23.851374
0.000000 22.609214 22.878589
3.254853 39.089060 5.266463
9.514015 35.516837 15.394000
8.883664 39.002465 5.359348
0.000000 36.763289 10.161123
12.277993 37.342101 10.762857
-4.987946 26.789247 16.556665
6.153999 33.051884 20.427188
-2.605294 25.050716 19.914585
-2.839072 31.485792 13.781145
2.855480 27.456335 21.826981
3.234363 35.869633 15.699927
0.000000 -11.745893 26.646484
0.000000 -3.868821 27.776505
0.000000 11.745893 26.646484
0.000000 3.868821 27.776505
-21.573855 -38.518282 -5.842805
-15.292882 -34.412030 -15.642550
-15.055018 -38.845069 -5.532983
-2.600708 -19.745694 -25.140462
-9.318722 -29.818969 -23.851374
-3.254853 -39.089060 -5.266463
-9.514015 -35.516837 -15.394000
-8.883664 -39.002465 -5.359348
-12.277993 -37.342101 -10.762857
14.038848 -25.065169 -3.802114
11.095207 -24.966426 -11.348896
10.910678 -28.151813 -4.009866
2.444551 -18.560084 -23.630928
7.119136 -22.780518 -18.221511
0.000000 -22.609214 -22.878589
2.988223 -35.886973 -4.835047
7.508144 -28.028703 -12.148431
7.232664 -31.753987 -4.363331
0.000000 -36.763289 -10.161123
9.337506 -28.398950 -8.185234
-6.153999 -33.051884 -20.427188
4.987946 -26.789247 -16.556665
-2.855480 -27.456335 -21.826981
-3.234363 -35.869633 -15.699927
2.605294 -25.050716 -19.914585
2.839072 -31.485792 -13.781145
-14.038848 25.065169 -3.802114
-11.095207 24.966426 -11.348896
-10.910678 28.151813 -4.009866
-2.444551 18.560084 -23.630928
-7.119136 22.780518 -18.221511
-2.988223 35.886973 -4.835047
-7.508144 28.028703 -12.148431
-7.232664 31.753987 -4.363331
-9.337506 28.398950 -8.185234
21.573855 38.518282 -5.842805
15.292882 34.412030 -15.642550
15.055018 38.845069 -5.532983
2.600708 19.745694 -25.140462
9.318722 29.818969 -23.851374
0.000000 22.609214 -22.878589
3.254853 39.089060 -5.266463
9.514015 35.516837 -15.394000
8.883664 39.002465 -5.359348
0.000000 36.763289 -10.161123
12.277993 37.342101 -10.762857
-4.987946 26.789247 -16.556665
6.153999 33.051884 -20.427188
-2.605294 25.050716 -19.914585
-2.839072 31.485792 -13.781145
2.855480 27.456335 -21.826981
3.234363 35.869633 -15.699927
0.000000 -11.745893 -26.646484
0.000000 -3.868821 -27.776505
0.000000 11.745893 -26.646484
0.000000 3.868821 -27.776505
30.317825 38.601031 -3.993165
34.548345 27.634273 -10.796698
25.951066 36.008810 -9.677294
34.009345 5.158848 -19.048426
34.522692 15.692853 -15.342060
18.466650 30.830002 -19.053989
30.258327 25.739270 -15.907744
21.937052 33.299555 -14.712766
28.843993 31.289849 -13.187824
17.305960 -22.034162 -2.279370
21.297758 -17.035492 -6.655759
16.143195 -22.399745 -6.019886
28.238975 -4.283545 -15.816477
24.910739 -11.323583 -11.070460
12.974478 -21.660842 -13.387137
19.791242 -16.835436 -10.404872
14.669899 -22.268311 -9.838824
18.083476 -19.616883 -8.267985
3.781792 -13.963814 -24.931202
10.707200 -10.467855 -23.554759
6.146107 -16.481676 -22.869409
3.722707 -10.129330 -26.135774
25.210777 -2.607982 -19.800920
17.547359 -6.855746 -21.937693
24.254304 -6.518295 -17.479751
10.680461 -20.315445 -17.281349
13.074978 -12.671942 -21.155760
8.529262 -18.654932 -20.236796
14.392753 -18.127152 -15.819166
9.731984 -14.510599 -22.026500
3.716535 -2.296945 -27.585089
10.837954 -6.698224 -25.005187
3.713443 -6.155409 -27.024452
7.373334 -8.411312 -25.582037
21.612355 -13.357170 -12.945435
17.014465 -10.515518 -20.001703
22.993726 -10.159334 -15.147786
18.077220 -15.775592 -14.353108
20.464891 -8.625398 -18.865197
15.759043 -14.338051 -18.058256
4.067564 15.018991 -26.815131
12.687026 12.403425 -27.910176
7.145024 19.160416 -26.586337
3.917142 10.658382 -27.500836
27.652445 2.860565 -21.718643
21.106969 8.246484 -26.387915
31.287931 8.408568 -22.548792
22.969088 0.000000 -22.698648
14.723505 28.005770 -23.823131
17.248318 16.716638 -27.908364
11.090025 24.255752 -26.312543
20.583286 25.923904 -22.623221
12.189298 18.174506 -27.588164
3.757944 2.322537 -27.892435
12.015320 7.425876 -27.721591
3.827445 6.344379 -27.854096
7.571141 0.000000 -27.392646
8.041257 9.173261 -27.899416
30.991717 19.153934 -18.563514
23.139553 14.301030 -27.202176
31.229136 13.797991 -20.573103
26.290607 22.943234 -20.874444
27.674982 11.664256 -25.511692
22.345482 20.330591 -25.605644
14.994854 -4.517426 -24.262184
16.497861 4.970230 -26.694100
18.725342 -2.449713 -23.554759
11.445152 -2.357831 -26.148747
19.936015 2.608097 -25.077674
11.863487 2.444013 -27.104518
30.317825 38.601031 3.993165
34.548345 27.634273 10.796698
25.951066 36.008810 9.677294
39.007221 39.471968 0.000000
34.009345 5.158848 19.048426
34.522692 15.692853 15.342060
18.466650 30.830002 19.053989
30.258327 25.739270 15.907744
21.937052 33.299555 14.712766
28.843993 31.289849 13.187824
37.917974 23.434596 -7.060026
37.917974 23.434596 7.060026
38.560051 30.654109 -4.010275
38.560051 30.654109 4.010275
17.305960 -22.034162 2.279370
21.297758 -17.035492 6.655759
16.143195 -22.399745 6.019886
19.619109 -19.852859 0.000000
28.238975 -4.283545 15.816477
24.910739 -11.323583 11.070460
12.974478 -21.660842 13.387137
19.791242 -16.835436 10.404872
14.669899 -22.268311 9.838824
18.083476 -19.616883 8.267985
24.078262 -14.881184 -4.483181
24.078262 -14.881184 4.483181
21.916861 -17.423261 -2.279370
21.916861 -17.423261 2.279370
3.781792 -13.963814 24.931202
10.707200 -10.467855 23.554759
6.146107 -16.481676 22.869409
3.722707 -10.129330 26.135774
25.210777 -2.607982 19.800920
17.547359 -6.855746 21.937693
24.254304 -6.518295 17.479751
10.680461 -20.315445 17.281349
13.074978 -12.671942 21.155760
8.529262 -18.654932 20.236796
14.392753 -18.127152 15.819166
9.731984 -14.510599 22.026500
3.716535 -2.296945 27.585089
10.837954 -6.698224 25.005187
3.713443 -6.155409 27.024452
7.373334 -8.411312 25.582037
21.612355 -13.357170 12.945435
17.014465 -10.515518 20.001703
22.993726 -10.159334 15.147786
18.077220 -15.775592 14.353108
20.464891 -8.625398 18.865197
15.759043 -14.338051 18.058256
4.067564 15.018991 26.815131
12.687026 12.403425 27.910176
7.145024 19.160416 26.586337
3.917142 10.658382 27.500836
27.652445 2.860565 21.718643
21.106969 8.246484 26.387915
31.287931 8.408568 22.548792
22.969088 0.000000 22.698648
14.723505 28.005770 23.823131
17.248318 16.716638 27.908364
11.090025 24.255752 26.312543
20.583286 25.923904 22.623221
12.189298 18.174506 27.588164
3.757944 2.322537 27.892435
12.015320 7.425876 27.721591
3.827445 6.344379 27.854096
7.571141 0.000000 27.392646
8.041257 9.173261 27.899416
30.991717 19.153934 18.563514
23.139553 14.301030 27.202176
31.229136 13.797991 20.573103
26.290607 22.943234 20.874444
27.674982 11.664256 25.511692
22.345482 20.330591 25.605644
14.994854 -4.517426 24.262184
16.497861 4.970230 26.694100
18.725342 -2.449713 23.554759
11.445152 -2.357831 26.148747
19.936015 2.608097 25.077674
11.863487 2.444013 27.104518
33.496349 0.000000 -14.765345
38.727798 0.000000 -5.394161
36.544841 5.205345 -14.163528
31.151085 -4.437074 -12.073093
33.496349 0.000000 14.765345
38.727798 0.000000 5.394161
36.544841 5.205345 14.163528
31.151085 -4.437074 12.073093
37.326051 16.178165 -9.998656
39.315172 5.296927 -3.273681
36.916872 10.640296 -12.138179
39.192172 17.154183 -3.533956
38.356144 5.270536 -8.736450
26.622714 -11.539036 -7.131517
34.599532 -4.661590 -2.881021
28.820605 -8.306765 -9.476146
27.347689 -11.969922 -2.465940
33.390173 -4.588160 -7.605341
37.326051 16.178165 9.998656
39.315172 5.296927 3.273681
36.916872 10.640296 12.138179
39.192172 17.154183 3.533956
38.356144 5.270536 8.736450
39.471968 10.909784 0.000000
26.622714 -11.539036 7.131517
34.599532 -4.661590 2.881021
28.820605 -8.306765 9.476146
27.347689 -11.969922 2.465940
33.390173 -4.588160 7.605341
30.924615 -8.547353 0.000000
-17.305960 22.034162 -2.279370
-21.297758 17.035492 -6.655759
-16.143195 22.399745 -6.019886
-28.238975 4.283545 -15.816477
-24.910739 11.323583 -11.070460
-12.974478 21.660842 -13.387137
-19.791242 16.835436 -10.404872
-14.669899 22.268311 -9.838824
-18.083476 19.616883 -8.267985
-30.317825 -38.601031 -3.993165
-34.548345 -27.634273 -10.796698
-25.951066 -36.008810 -9.677294
-34.009345 -5.158848 -19.048426
-34.522692 -15.692853 -15.342060
-18.466650 -30.830002 -19.053989
-30.258327 -25.739270 -15.907744
-21.937052 -33.299555 -14.712766
-28.843993 -31.289849 -13.187824
-4.067564 -15.018991 -26.815131
-12.687026 -12.403425 -27.910176
-7.145024 -19.160416 -26.586337
-3.917142 -10.658382 -27.500836
-27.652445 -2.860565 -21.718643
-21.106969 -8.246484 -26.387915
-31.287931 -8.408568 -22.548792
-14.723505 -28.005770 -23.823131
-17.248318 -16.716638 -27.908364
-11.090025 -24.255752 -26.312543
-20.583286 -25.923904 -22.623221
-12.189298 -18.174506 -27.588164
-3.757944 -2.322537 -27.892435
-12.015320 -7.425876 -27.721591
-3.827445 -6.344379 -27.854096
-8.041257 -9.173261 -27.899416
-30.991717 -19.153934 -18.563514
-23.139553 -14.301030 -27.202176
-31.229136 -13.797991 -20.573103
-26.290607 -22.943234 -20.874444
-27.674982 -11.664256 -25.511692
-22.345482 -20.330591 -25.605644
-3.781792 13.963814 -24.931202
-10.707200 10.467855 -23.554759
-6.146107 16.481676 -22.869409
-3.722707 10.129330 -26.135774
-25.210777 2.607982 -19.800920
-17.547359 6.855746 -21.937693
-24.254304 6.518295 -17.479751
-22.969088 0.000000 -22.698648
-10.680461 20.315445 -17.281349
-13.074978 12.671942 -21.155760
-8.529262 18.654932 -20.236796
-14.392753 18.127152 -15.819166
-9.731984 14.510599 -22.026500
-3.716535 2.296945 -27.585089
-10.837954 6.698224 -25.005187
-3.713443 6.155409 -27.024452
-7.571141 0.000000 -27.392646
-7.373334 8.411312 -25.582037
-21.612355 13.357170 -12.945435
-17.014465 10.515518 -20.001703
-22.993726 10.159334 -15.147786
-18.077220 15.775592 -14.353108
-20.464891 8.625398 -18.865197
-15.759043 14.338051 -18.058256
-16.497861 -4.970230 -26.694100
-14.994854 4.517426 -24.262184
-19.936015 -2.608097 -25.077674
-11.863487 -2.444013 -27.104518
-18.725342 2.449713 -23.554759
-11.445152 2.357831 -26.148747
-17.305960 22.034162 2.279370
-21.297758 17.035492 6.655759
-16.143195 22.399745 6.019886
-19.619109 19.852859 0.000000
-28.238975 4.283545 15.816477
-24.910739 11.323583 11.070460
-12.974478 21.660842 13.387137
-19.791242 16.835436 10.404872
-14.669899 22.268311 9.838824
-18.083476 19.616883 8.267985
-24.078262 14.881184 -4.483181
-24.078262 14.881184 4.483181
-21.916861 17.423261 -2.279370
-21.916861 17.423261 2.279370
-30.317825 -38.601031 3.993165
-34.548345 -27.634273 10.796698
-25.951066 -36.008810 9.677294
-39.007221 -39.471968 0.000000
-34.009345 -5.158848 19.048426
-34.522692 -15.692853 15.342060
-18.466650 -30.830002 19.053989
-30.258327 -25.739270 15.907744
-21.937052 -33.299555 14.712766
-28.843993 -31.289849 13.187824
-37.917974 -23.434596 -7.060026
-37.917974 -23.434596 7.060026
-38.560051 -30.654109 -4.010275
-38.560051 -30.654109 4.010275
-4.067564 -15.018991 26.815131
-12.687026 -12.403425 27.910176
-7.145024 -19.160416 26.586337
-3.917142 -10.658382 27.500836
-27.652445 -2.860565 21.718643
-21.106969 -8.246484 26.387915
-31.287931 -8.408568 22.548792
-14.723505 -28.005770 23.823131
-17.248318 -16.716638 27.908364
-11.090025 -24.255752 26.312543
-20.583286 -25.923904 22.623221
-12.189298 -18.174506 27.588164
-3.757944 -2.322537 27.892435
-12.015320 -7.425876 27.721591
-3.827445 -6.344379 27.854096
-8.041257 -9.173261 27.899416
-30.991717 -19.153934 18.563514
-23.139553 -14.301030 27.202176
-31.229136 -13.797991 20.573103
-26.290607 -22.943234 20.874444
-27.674982 -11.664256 25.511692
-22.345482 -20.330591 25.605644
-3.781792 13.963814 24.931202
-10.707200 10.467855 23.554759
-6.146107 16.481676 22.869409
-3.722707 10.129330 26.135774
-25.210777 2.607982 19.800920
-17.547359 6.855746 21.937693
-24.254304 6.518295 17.479751
-22.969088 0.000000 22.698648
-10.680461 20.315445 17.281349
-13.074978 12.671942 21.155760
-8.529262 18.654932 20.236796
-14.392753 18.127152 15.819166
-9.731984 14.510599 22.026500
-3.716535 2.296945 27.585089
-10.837954 6.698224 25.005187
-3.713443 6.155409 27.024452
-7.571141 0.000000 27.392646
-7.373334 8.411312 25.582037
-21.612355 13.357170 12.945435
-17.014465 10.515518 20.001703
-22.993726 10.159334 15.147786
-18.077220 15.775592 14.353108
-20.464891 8.625398 18.865197
-15.759043 14.338051 18.058256
-16.497861 -4.970230 26.694100
-14.994854 4.517426 24.262184
-19.936015 -2.608097 25.077674
-11.863487 -2.444013 27.104518
-18.725342 2.449713 23.554759
-11.445152 2.357831 26.148747
-33.496349 0.000000 -14.765345
-38.727798 0.000000 -5.394161
-31.151085 4.437074 -12.073093
-36.544841 -5.205345 -14.163528
-33.496349 0.000000 14.765345
-38.727798 0.000000 5.394161
-31.151085 4.437074 12.073093
-36.544841 -5.205345 14.163528
-26.622714 11.539036 -7.131517
-34.599532 4.661590 -2.881021
-28.820605 8.306765 -9.476146
-27.347689 11.969922 -2.465940
-33.390173 4.588160 -7.605341
-37.326051 -16.178165 -9.998656
-39.315172 -5.296927 -3.273681
-36.916872 -10.640296 -12.138179
-39.192172 -17.154183 -3.533956
-38.356144 -5.270536 -8.736450
-26.622714 11.539036 7.131517
-34.599532 4.661590 2.881021
-28.820605 8.306765 9.476146
-27.347689 11.969922 2.465940
-33.390173 4.588160 7.605341
-30.924615 8.547353 0.000000
-37.326051 -16.178165 9.998656
-39.315172 -5.296927 3.273681
-36.916872 -10.640296 12.138179
-39.192172 -17.154183 3.533956
-38.356144 -5.270536 8.736450
-39.471968 -10.909784 0.000000
-13.608852 25.863116 0.000000
-10.458787 29.013181 0.000000
-2.558386 36.913582 0.000000
-6.867339 32.604629 0.000000
20.769661 39.471968 0.000000
14.229012 39.471968 0.000000
2.735701 39.471968 0.000000
8.313769 39.471968 0.000000
-20.769661 -39.471968 0.000000
-14.229012 -39.471968 0.000000
-2.735701 -39.471968 0.000000
-8.313769 -39.471968 0.000000
13.608852 -25.863116 0.000000
10.458787 -29.013181 0.000000
2.558386 -36.913582 0.000000
6.867339 -32.604629 0.000000
-23.080593 -39.197856 2.997688
-19.992761 -37.611145 8.514383
-19.582425 -39.261435 2.893929
-13.782340 -33.303174 17.803034
-16.832791 -35.511855 13.390571
-13.166869 -39.328739 2.745055
-16.820458 -37.946026 8.314431
-16.272795 -39.301413 2.813085
-18.231445 -38.710649 5.686968
-1.258558 -17.715495 25.369327
-4.047707 -21.927912 24.883072
-10.824099 -31.072156 21.937945
-7.368620 -26.910235 24.250377
-1.629390 -39.380132 2.636408
-4.868841 -38.575198 7.877950
-4.382684 -39.372007 2.648604
-10.945491 -33.974437 17.710177
-8.013691 -36.799727 12.966424
-12.386599 -35.015792 15.536870
-10.067372 -39.347125 2.709598
-7.677771 -38.480463 7.940291
-7.202518 -39.361418 2.671104
-11.909534 -38.934012 5.445619
-6.042263 -39.049779 5.312940
-15.296165 -37.013719 10.902306
-9.338321 -37.603513 10.611632
-13.847545 -36.040112 13.261926
-13.675523 -38.166698 8.206257
-10.893073 -36.460843 13.119042
-10.617844 -38.339982 8.082382
14.594663 -24.786171 1.895542
13.409816 -25.227057 5.710882
13.104071 -26.272773 1.936545
10.188672 -24.619557 13.160992
11.936136 -25.181466 9.495257
9.873339 -29.491139 2.058413
11.852936 -26.739569 5.858961
11.528365 -27.842853 1.992913
12.513741 -26.570305 3.903434
1.224013 -17.229245 24.672996
3.652858 -19.788867 22.455754
0.000000 -19.164448 24.400412
8.195366 -23.525994 16.610111
5.998325 -21.905912 19.740691
-2.697815 -23.458831 23.738329
2.502185 -21.757728 22.016958
-1.306424 -21.243843 24.088748
1.262229 -20.525189 23.273855
1.561858 -37.747980 2.527139
4.285025 -33.949703 6.933317
3.939298 -35.388825 2.380651
0.000000 -38.774404 5.224070
8.400457 -26.074737 13.592226
6.532755 -29.999110 10.570220
9.357879 -26.453874 11.737858
8.017678 -31.336140 2.157930
6.379535 -31.973794 6.597666
6.085539 -33.257178 2.256864
9.141595 -29.885213 4.179982
5.217249 -33.717899 4.587508
-3.219997 -37.954176 10.490276
2.904116 -34.230884 9.461184
-1.628591 -38.645183 7.910542
1.537935 -36.494004 7.470203
11.071274 -26.790312 7.891025
7.479391 -30.117981 8.499231
10.255609 -26.691611 9.821894
10.160873 -28.357745 6.097225
8.454221 -28.297616 10.181816
8.336388 -30.101873 6.345721
-9.232627 -32.713190 20.217863
-2.898486 -31.328409 19.362021
-7.777319 -31.598362 22.255271
-7.843196 -34.365040 17.973639
7.178917 -25.436451 15.720591
2.610161 -28.212040 17.436000
6.089941 -24.742737 17.426736
6.283330 -27.530469 14.399015
-4.261220 -25.979784 23.306010
-1.428339 -28.707927 20.172510
-5.920494 -28.629747 22.828996
-1.364275 -24.936238 22.387484
-4.416200 -30.120561 21.181620
-4.855833 -36.977427 13.141642
-1.525170 -32.674011 17.143308
-6.370059 -35.799058 15.593610
-1.603345 -36.553669 12.971337
-4.722738 -34.678276 18.175561
3.760231 -22.925358 20.565938
1.358616 -27.306568 19.187802
4.942042 -23.898244 19.056156
1.308336 -23.913776 21.469529
3.812878 -26.005624 18.287881
0.000000 -26.233408 20.854790
4.187128 -31.885203 11.331884
1.436070 -30.765191 16.141794
5.283731 -29.694011 12.934330
1.494824 -34.079557 12.093380
3.962580 -29.096560 15.250074
0.000000 -33.562460 14.690091
-14.594663 24.786171 1.895542
-13.409816 25.227057 5.710882
-13.104071 26.272773 1.936545
-10.188672 24.619557 13.160992
-11.936136 25.181466 9.495257
-9.873339 29.491139 2.058413
-11.852936 26.739569 5.858961
-11.528365 27.842853 1.992913
-12.513741 26.570305 3.903434
-1.224013 17.229245 24.672996
-3.652858 19.788867 22.455754
-8.195366 23.525994 16.610111
-5.998325 21.905912 19.740691
-1.561858 37.747980 2.527139
-4.285025 33.949703 6.933317
-3.939298 35.388825 2.380651
-8.400457 26.074737 13.592226
-6.532755 29.999110 10.570220
-9.357879 26.453874 11.737858
-8.017678 31.336140 2.157930
-6.379535 31.973794 6.597666
-6.085539 33.257178 2.256864
-9.141595 29.885213 4.179982
-5.217249 33.717899 4.587508
-11.071274 26.790312 7.891025
-7.479391 30.117981 8.499231
-10.255609 26.691611 9.821894
-10.160873 28.357745 6.097225
-8.454221 28.297616 10.181816
-8.336388 30.101873 6.345721
23.080593 39.197856 2.997688
19.992761 37.611145 8.514383
19.582425 39.261435 2.893929
13.782340 33.303174 17.803034
16.832791 35.511855 13.390571
13.166869 39.328739 2.745055
16.820458 37.946026 8.314431
16.272795 39.301413 2.813085
18.231445 38.710649 5.686968
1.258558 17.715495 25.369327
4.047707 21.927912 24.883072
0.000000 19.164448 24.400412
10.824099 31.072156 21.937945
7.368620 26.910235 24.250377
-2.502185 21.757728 22.016958
2.697815 23.458831 23.738329
-1.262229 20.525189 23.273855
1.306424 21.243843 24.088748
1.629390 39.380132 2.636408
4.868841 38.575198 7.877950
4.382684 39.372007 2.648604
0.000000 38.774404 5.224070
10.945491 33.974437 17.710177
8.013691 36.799727 12.966424
12.386599 35.015792 15.536870
10.067372 39.347125 2.709598
7.677771 38.480463 7.940291
7.202518 39.361418 2.671104
11.909534 38.934012 5.445619
6.042263 39.049779 5.312940
-2.904116 34.230884 9.461184
3.219997 37.954176 10.490276
-1.537935 36.494004 7.470203
1.628591 38.645183 7.910542
15.296165 37.013719 10.902306
9.338321 37.603513 10.611632
13.847545 36.040112 13.261926
13.675523 38.166698 8.206257
10.893073 36.460843 13.119042
10.617844 38.339982 8.082382
-7.178917 25.436451 15.720591
-2.610161 28.212040 17.436000
-6.089941 24.742737 17.426736
-6.283330 27.530469 14.399015
9.232627 32.713190 20.217863
2.898486 31.328409 19.362021
7.777319 31.598362 22.255271
7.843196 34.365040 17.973639
-3.760231 22.925358 20.565938
-1.358616 27.306568 19.187802
-4.942042 23.898244 19.056156
-1.308336 23.913776 21.469529
-3.812878 26.005624 18.287881
-4.187128 31.885203 11.331884
-1.436070 30.765191 16.141794
-5.283731 29.694011 12.934330
-1.494824 34.079557 12.093380
-3.962580 29.096560 15.250074
4.261220 25.979784 23.306010
1.428339 28.707927 20.172510
5.920494 28.629747 22.828996
1.364275 24.936238 22.387484
4.416200 30.120561 21.181620
0.000000 26.233408 20.854790
4.855833 36.977427 13.141642
1.525170 32.674011 17.143308
6.370059 35.799058 15.593610
1.603345 36.553669 12.971337
4.722738 34.678276 18.175561
0.000000 33.562460 14.690091
0.000000 -13.764485 26.158891
0.000000 -9.749676 27.046072
0.000000 -1.932114 27.877439
0.000000 -5.814589 27.606402
0.000000 13.764485 26.158891
0.000000 9.749676 27.046072
0.000000 1.932114 27.877439
0.000000 5.814589 27.606402
-23.080593 -39.197856 -2.997688
-19.992761 -37.611145 -8.514383
-19.582425 -39.261435 -2.893929
-13.782340 -33.303174 -17.803034
-16.832791 -35.511855 -13.390571
-13.166869 -39.328739 -2.745055
-16.820458 -37.946026 -8.314431
-16.272795 -39.301413 -2.813085
-18.231445 -38.710649 -5.686968
-1.258558 -17.715495 -25.369327
-4.047707 -21.927912 -24.883072
-10.824099 -31.072156 -21.937945
-7.368620 -26.910235 -24.250377
-1.629390 -39.380132 -2.636408
-4.868841 -38.575198 -7.877950
-4.382684 -39.372007 -2.648604
-10.945491 -33.974437 -17.710177
-8.013691 -36.799727 -12.966424
-12.386599 -35.015792 -15.536870
-10.067372 -39.347125 -2.709598
-7.677771 -38.480463 -7.940291
-7.202518 -39.361418 -2.671104
-11.909534 -38.934012 -5.445619
-6.042263 -39.049779 -5.312940
-15.296165 -37.013719 -10.902306
-9.338321 -37.603513 -10.611632
-13.847545 -36.040112 -13.261926
-13.675523 -38.166698 -8.206257
-10.893073 -36.460843 -13.119042
-10.617844 -38.339982 -8.082382
14.594663 -24.786171 -1.895542
13.409816 -25.227057 -5.710882
13.104071 -26.272773 -1.936545
10.188672 -24.619557 -13.160992
11.936136 -25.181466 -9.495257
9.873339 -29.491139 -2.058413
11.852936 -26.739569 -5.858961
11.528365 -27.842853 -1.992913
12.513741 -26.570305 -3.903434
1.224013 -17.229245 -24.672996
3.652858 -19.788867 -22.455754
0.000000 -19.164448 -24.400412
8.195366 -23.525994 -16.610111
5.998325 -21.905912 -19.740691
-2.697815 -23.458831 -23.738329
2.502185 -21.757728 -22.016958
-1.306424 -21.243843 -24.088748
1.262229 -20.525189 -23.273855
1.561858 -37.747980 -2.527139
4.285025 -33.949703 -6.933317
3.939298 -35.388825 -2.380651
0.000000 -38.774404 -5.224070
8.400457 -26.074737 -13.592226
6.532755 -29.999110 -10.570220
9.357879 -26.453874 -11.737858
8.017678 -31.336140 -2.157930
6.379535 -31.973794 -6.597666
6.085539 -33.257178 -2.256864
9.141595 -29.885213 -4.179982
5.217249 -33.717899 -4.587508
-3.219997 -37.954176 -10.490276
2.904116 -34.230884 -9.461184
-1.628591 -38.645183 -7.910542
1.537935 -36.494004 -7.470203
11.071274 -26.790312 -7.891025
7.479391 -30.117981 -8.499231
10.255609 -26.691611 -9.821894
10.160873 -28.357745 -6.097225
8.454221 -28.297616 -10.181816
8.336388 -30.101873 -6.345721
-9.232627 -32.713190 -20.217863
-2.898486 -31.328409 -19.362021
-7.777319 -31.598362 -22.255271
-7.843196 -34.365040 -17.973639
7.178917 -25.436451 -15.720591
2.610161 -28.212040 -17.436000
6.089941 -24.742737 -17.426736
6.283330 -27.530469 -14.399015
-4.261220 -25.979784 -23.306010
-1.428339 -28.707927 -20.172510
-5.920494 -28.629747 -22.828996
-1.364275 -24.936238 -22.387484
-4.416200 -30.120561 -21.181620
-4.855833 -36.977427 -13.141642
-1.525170 -32.674011 -17.143308
-6.370059 -35.799058 -15.593610
-1.603345 -36.553669 -12.971337
-4.722738 -34.678276 -18.175561
3.760231 -22.925358 -20.565938
1.358616 -27.306568 -19.187802
4.942042 -23.898244 -19.056156
1.308336 -23.913776 -21.469529
3.812878 -26.005624 -18.287881
0.000000 -26.233408 -20.854790
4.187128 -31.885203 -11.331884
1.436070 -30.765191 -16.141794
5.283731 -29.694011 -12.934330
1.494824 -34.079557 -12.093380
3.962580 -29.096560 -15.250074
0.000000 -33.562460 -14.690091
-14.594663 24.786171 -1.895542
-13.409816 25.227057 -5.710882
-13.104071 26.272773 -1.936545
-10.188672 24.619557 -13.160992
-11.936136 25.181466 -9.495257
-9.873339 29.491139 -2.058413
-11.852936 26.739569 -5.858961
-11.528365 27.842853 -1.992913
-12.513741 26.570305 -3.903434
-1.224013 17.229245 -24.672996
-3.652858 19.788867 -22.455754
-8.195366 23.525994 -16.610111
-5.998325 21.905912 -19.740691
-1.561858 37.747980 -2.527139
-4.285025 33.949703 -6.933317
-3.939298 35.388825 -2.380651
-8.400457 26.074737 -13.592226
-6.532755 29.999110 -10.570220
-9.357879 26.453874 -11.737858
-8.017678 31.336140 -2.157930
-6.379535 31.973794 -6.597666
-6.085539 33.257178 -2.256864
-9.141595 29.885213 -4.179982
-5.217249 33.717899 -4.587508
-11.071274 26.790312 -7.891025
-7.479391 30.117981 -8.499231
-10.255609 26.691611 -9.821894
-10.160873 28.357745 -6.097225
-8.454221 28.297616 -10.181816
-8.336388 30.101873 -6.345721
23.080593 39.197856 -2.997688
19.992761 37.611145 -8.514383
19.582425 39.261435 -2.893929
13.782340 33.303174 -17.803034
16.832791 35.511855 -13.390571
13.166869 39.328739 -2.745055
16.820458 37.946026 -8.314431
16.272795 39.301413 -2.813085
18.231445 38.710649 -5.686968
1.258558 17.715495 -25.369327
4.047707 21.927912 -24.883072
0.000000 19.164448 -24.400412
10.824099 31.072156 -21.937945
7.368620 26.910235 -24.250377
-2.502185 21.757728 -22.016958
2.697815 23.458831 -23.738329
-1.262229 20.525189 -23.273855
1.306424 21.243843 -24.088748
1.629390 39.380132 -2.636408
4.868841 38.575198 -7.877950
4.382684 39.372007 -2.648604
0.000000 38.774404 -5.224070
10.945491 33.974437 -17.710177
8.013691 36.799727 -12.966424
12.386599 35.015792 -15.536870
10.067372 39.347125 -2.709598
7.677771 38.480463 -7.940291
7.202518 39.361418 -2.671104
11.909534 38.934012 -5.445619
6.042263 39.049779 -5.312940
-2.904116 34.230884 -9.461184
3.219997 37.954176 -10.490276
-1.537935 36.494004 -7.470203
1.628591 38.645183 -7.910542
15.296165 37.013719 -10.902306
9.338321 37.603513 -10.611632
13.847545 36.040112 -13.261926
13.675523 38.166698 -8.206257
10.893073 36.460843 -13.119042
10.617844 38.339982 -8.082382
-7.178917 25.436451 -15.720591
-2.610161 28.212040 -17.436000
-6.089941 24.742737 -17.426736
-6.283330 27.530469 -14.399015
9.232627 32.713190 -20.217863
2.898486 31.328409 -19.362021
7.777319 31.598362 -22.255271
7.843196 34.365040 -17.973639
-3.760231 22.925358 -20.565938
-1.358616 27.306568 -19.187802
-4.942042 23.898244 -19.056156
-1.308336 23.913776 -21.469529
-3.812878 26.005624 -18.287881
-4.187128 31.885203 -11.331884
-1.436070 30.765191 -16.141794
-5.283731 29.694011 -12.934330
-1.494824 34.079557 -12.093380
-3.962580 29.096560 -15.250074
4.261220 25.979784 -23.306010
1.428339 28.707927 -20.172510
5.920494 28.629747 -22.828996
1.364275 24.936238 -22.387484
4.416200 30.120561 -21.181620
0.000000 26.233408 -20.854790
4.855833 36.977427 -13.141642
1.525170 32.674011 -17.143308
6.370059 35.799058 -15.593610
1.603345 36.553669 -12.971337
4.722738 34.678276 -18.175561
0.000000 33.562460 -14.690091
0.000000 -13.764485 -26.158891
0.000000 -9.749676 -27.046072
0.000000 -1.932114 -27.877439
0.000000 -5.814589 -27.606402
0.000000 13.764485 -26.158891
0.000000 9.749676 -27.046072
0.000000 1.932114 -27.877439
0.000000 5.814589 -27.606402
27.452922 39.313728 -1.950331
32.506572 36.887387 -6.000439
25.737107 38.574003 -4.966572
34.628786 24.449042 -12.063064
34.311268 30.919878 -9.395187
22.083238 36.367836 -10.390082
29.936996 35.371985 -8.842310
23.897756 37.522648 -7.792190
28.109806 37.336868 -6.965537
31.742335 2.427521 -18.690611
34.247697 7.752968 -18.204870
34.589009 18.490409 -14.314475
34.440725 12.986676 -16.325070
15.373659 31.572157 -19.512666
21.557701 29.925020 -18.494679
16.944686 32.740460 -17.415084
32.649590 23.720725 -14.660214
27.540035 27.429438 -16.952325
32.387437 26.699194 -13.452814
20.268063 35.119274 -12.929711
23.383230 31.172701 -16.341648
18.580869 33.930850 -15.215784
23.890638 34.628455 -12.285632
20.167803 32.044123 -16.934483
31.192278 32.661289 -10.619822
26.660163 30.012195 -15.568993
31.939674 29.737864 -12.109511
27.608160 33.867485 -11.531740
29.669813 28.559091 -14.626668
25.423768 32.464605 -14.031453
16.216141 -23.222189 -1.152039
18.353342 -20.826767 -3.387872
15.703182 -23.535458 -3.030293
22.228482 -15.694026 -7.743373
20.344323 -18.333452 -5.570728
14.462806 -23.818109 -6.804697
17.770740 -20.996975 -5.248836
15.116574 -23.735027 -4.928966
16.764650 -22.267656 -4.154236
29.002934 -2.218023 -17.077589
27.440692 -6.212003 -14.586506
24.033207 -12.847545 -9.946014
25.772307 -9.718048 -12.216198
11.143575 -22.885033 -14.143728
14.735703 -20.455159 -12.641984
12.061095 -23.304404 -12.395921
21.456851 -15.588926 -9.634486
18.126708 -18.053913 -11.157932
20.594695 -16.977624 -8.554446
13.715976 -23.766214 -8.749904
15.578010 -20.767390 -10.886877
12.923845 -23.600460 -10.583274
15.448071 -22.391316 -7.944088
13.858435 -22.019324 -11.636638
18.769742 -19.653710 -6.390406
17.308271 -19.484472 -10.107678
19.695414 -18.337681 -7.467260
17.133865 -21.018456 -7.156699
18.952133 -18.242639 -9.343051
16.398828 -20.940306 -9.050562
1.931455 -14.871174 -25.255770
5.569045 -13.076765 -24.600509
3.131690 -16.228626 -24.322977
1.906970 -12.903947 -25.871538
12.391837 -9.593224 -23.180739
9.017462 -11.335518 -23.914352
5.514279 -18.669439 -22.058831
6.742505 -14.330621 -23.600420
4.337293 -17.503385 -23.248882
4.976317 -15.261796 -23.963045
1.872975 -8.983874 -26.834354
5.538230 -11.204082 -25.275791
1.889486 -10.930069 -26.397872
3.757414 -12.045625 -25.576358
27.389065 -1.358756 -19.125886
23.158938 -3.767244 -20.408540
26.829743 -3.454447 -17.901174
15.798375 -7.794858 -22.376278
19.346137 -5.878438 -21.468082
25.529947 -7.293760 -15.502267
22.807937 -5.701542 -19.303444
26.200123 -5.440883 -16.686566
24.759366 -4.619088 -18.640583
9.977674 -22.221160 -16.144215
11.335982 -18.415960 -18.342004
8.941241 -21.525896 -17.745278
11.872082 -21.063690 -15.382964
13.592783 -10.709495 -21.993585
12.528598 -14.603539 -20.271697
11.922112 -11.600084 -22.413640
6.728079 -19.761545 -20.692222
10.264054 -17.576047 -19.785917
7.848493 -20.700944 -19.273893
7.358923 -17.618012 -21.612369
9.631193 -19.536623 -18.805248
15.471699 -18.753976 -13.903946
13.216610 -17.379439 -17.634030
13.708362 -19.903094 -14.633973
12.565981 -19.218080 -16.550071
8.543097 -13.391794 -23.204491
10.869718 -15.553457 -20.734658
10.232928 -12.496017 -22.819195
7.964821 -15.488390 -22.449757
11.412979 -13.592072 -21.596107
9.149076 -16.577326 -21.168237
1.863112 -1.151467 -27.829378
5.550549 -3.430428 -27.178837
1.862807 -3.082414 -27.690983
12.495748 -7.722797 -23.971302
9.121157 -5.637185 -25.886556
10.787511 -8.600225 -24.312054
1.873306 -6.960170 -27.202996
5.535833 -5.352809 -26.827912
1.864950 -5.028759 -27.481931
3.723264 -8.142755 -26.619860
3.719616 -4.230219 -27.338950
7.351716 -10.314612 -24.959338
7.374549 -6.489662 -26.132546
9.067699 -9.468110 -24.642038
5.561511 -9.268119 -25.866178
9.103933 -7.559227 -25.301930
5.562322 -7.307235 -26.385704
22.446648 -13.872791 -10.930109
20.643728 -12.758525 -14.871546
23.249131 -12.366521 -12.032489
20.719364 -15.131500 -11.678010
15.594046 -9.637650 -21.463897
18.335875 -11.332194 -18.409806
17.301969 -8.717873 -20.988141
15.038653 -11.606354 -20.592230
24.776603 -9.121894 -14.299093
21.255208 -11.142606 -15.943932
24.032035 -10.776808 -13.160180
23.642260 -8.387903 -16.311114
22.316363 -11.793615 -14.045384
17.283943 -17.537135 -13.143987
18.831182 -13.961185 -15.535393
18.993085 -16.356312 -12.418865
16.245447 -16.958018 -15.092484
19.835663 -14.584393 -13.661918
20.861116 -6.782995 -19.922843
20.026443 -10.388828 -17.789709
19.063107 -7.762659 -20.474551
22.325244 -7.601654 -18.199135
18.721597 -9.588351 -19.449718
21.802124 -9.423046 -17.073737
13.866990 -15.430577 -18.704129
17.646405 -13.225885 -17.391636
14.460897 -13.546233 -19.667701
15.096465 -16.249732 -16.962491
16.401381 -12.453085 -19.045420
16.974217 -15.106902 -16.260966
2.006867 15.451803 -26.241855
6.176272 14.502606 -27.282856
3.358450 17.403712 -26.084161
1.970221 13.331943 -26.729642
14.866385 11.508913 -27.809743
10.499818 13.198932 -27.845565
6.428940 21.766161 -25.717755
7.775559 16.526291 -27.216364
4.833873 19.507361 -25.910664
5.546327 17.009950 -26.707879
1.914791 9.184445 -27.433450
6.040206 12.219602 -27.566749
1.941661 11.231888 -27.126813
3.996793 12.813034 -27.205791
28.799395 1.428721 -20.110724
26.289627 4.276510 -23.167423
30.734312 3.957177 -20.506357
26.410169 0.000000 -20.742941
19.104438 9.426057 -27.058873
22.991563 6.986122 -25.513351
32.856585 9.386938 -19.951140
27.944886 6.985679 -23.651088
32.793977 6.810205 -20.886118
29.459053 5.495858 -22.178836
22.088316 -2.510295 -21.828246
23.851109 2.710633 -23.570283
24.170485 -1.310857 -21.315927
25.217893 1.367662 -22.239635
13.555892 30.190167 -21.933894
15.799826 25.667734 -25.564655
12.057398 29.027994 -23.929774
16.572679 29.403586 -21.473649
17.176241 13.532834 -27.791742
17.204878 20.054287 -27.838077
14.845409 14.444421 -27.909456
8.290148 24.349616 -25.496370
14.008539 23.988060 -27.004124
10.280067 27.114388 -25.245216
9.009564 21.569814 -26.460124
13.212175 26.800549 -25.797242
22.551270 27.335457 -20.266141
18.671844 24.552906 -24.912581
19.599866 28.456936 -20.923281
17.677700 27.035810 -23.282481
10.165471 15.934959 -27.611132
14.448561 20.674417 -27.561522
12.485562 15.246838 -27.842518
9.635499 18.737188 -27.158751
14.712779 17.521907 -27.840124
11.708246 21.214320 -27.089397
1.868264 1.154651 -27.906334
5.691401 3.517479 -27.868533
1.876691 3.105388 -27.897370
3.743481 0.000000 -27.785091
14.407283 8.904191 -27.638309
9.790201 6.050677 -27.785358
12.359370 9.853372 -27.854589
1.905469 7.079672 -27.670055
5.759236 5.568825 -27.910571
1.887816 5.090415 -27.818875
3.877213 8.479440 -27.720532
3.797102 4.318341 -27.908463
7.474403 -2.294273 -27.042644
7.644575 2.346507 -27.658333
5.628182 -1.158707 -27.495221
5.675897 1.168531 -27.728324
8.192280 11.493941 -27.813084
7.874139 6.929305 -27.902899
10.269885 10.723382 -27.909054
5.970575 9.949814 -27.768705
10.033325 8.330925 -27.884925
5.877423 7.721184 -27.880430
32.818002 20.282641 -15.980308
29.172906 18.029848 -21.015885
32.883542 17.491192 -17.018738
30.696151 22.417619 -17.301205
19.898469 12.297930 -27.388575
25.561203 15.797692 -25.664267
22.103087 11.136993 -26.812134
20.243412 15.623221 -27.719038
32.888862 12.108550 -18.980846
29.381464 15.402629 -22.039590
32.904108 14.755356 -18.018615
31.270960 11.094446 -21.574257
31.132624 16.452779 -19.594128
25.546371 25.920598 -19.427347
26.884539 19.931836 -22.179271
28.232212 24.312789 -18.459982
23.506136 24.537180 -21.837871
28.762901 21.148245 -19.810601
26.143474 8.500554 -24.967615
27.563843 14.298896 -24.485264
24.208514 9.857913 -26.000928
29.581994 10.072548 -24.114705
25.497184 13.058499 -26.488822
29.492171 12.746744 -23.095987
19.620171 21.832464 -26.464158
24.937882 18.690807 -24.577843
20.445412 19.152223 -27.807005
21.526749 23.171246 -24.187601
23.089656 17.531294 -26.811900
24.296132 21.623340 -23.275216
14.551619 -6.645098 -23.545015
15.413709 -2.307425 -24.939904
16.315761 -5.701700 -23.165358
12.891893 -5.625663 -24.648898
16.783231 7.664179 -27.155839
16.169598 2.420581 -26.162959
18.701107 6.535282 -26.552109
14.290817 6.236115 -27.323598
20.027690 -3.661819 -22.325360
17.314309 -1.225961 -24.640360
18.146445 -4.706117 -22.757380
20.783635 -1.266538 -23.149796
16.823715 -3.507611 -23.923560
9.379490 -3.465719 -26.391636
13.577955 -1.207976 -25.878683
11.153283 -4.556166 -25.605170
9.532756 -1.178313 -26.863630
13.255009 -3.444182 -25.290050
22.229435 4.064381 -24.779700
17.806291 1.260796 -25.340510
20.536913 5.326063 -25.755255
21.523648 1.311634 -23.974056
18.264016 3.807902 -25.971687
19.341882 0.000000 -24.330309
9.797211 3.620067 -27.567001
13.873189 1.234241 -26.441381
11.960752 4.886020 -27.458919
9.673254 1.195680 -27.259558
14.107506 3.665695 -26.916583
11.670278 0.000000 -26.663091
27.452922 39.313728 1.950331
32.506572 36.887387 6.000439
25.737107 38.574003 4.966572
31.001873 39.471968 0.000000
34.628786 24.449042 12.063064
34.311268 30.919878 9.395187
22.083238 36.367836 10.390082
29.936996 35.371985 8.842310
23.897756 37.522648 7.792190
28.109806 37.336868 6.965537
36.296266 36.728714 -4.174148
36.296266 36.728714 4.174148
34.419292 39.028610 -2.116670
34.419292 39.028610 2.116670
31.742335 2.427521 18.690611
34.247697 7.752968 18.204870
34.589009 18.490409 14.314475
34.440725 12.986676 16.325070
15.373659 31.572157 19.512666
21.557701 29.925020 18.494679
16.944686 32.740460 17.415084
32.649590 23.720725 14.660214
27.540035 27.429438 16.952325
32.387437 26.699194 13.452814
20.268063 35.119274 12.929711
23.383230 31.172701 16.341648
18.580869 33.930850 15.215784
23.890638 34.628455 12.285632
20.167803 32.044123 16.934483
31.192278 32.661289 10.619822
26.660163 30.012195 15.568993
31.939674 29.737864 12.109511
27.608160 33.867485 11.531740
29.669813 28.559091 14.626668
25.423768 32.464605 14.031453
36.371521 22.478836 -10.265116
39.046584 24.132116 -3.612567
36.530659 25.729172 -8.991307
36.371521 22.478836 10.265116
39.046584 24.132116 3.612567
36.530659 25.729172 8.991307
36.703613 32.926169 -6.020149
39.310548 27.622769 -1.955864
36.664074 29.235466 -7.581955
38.965753 34.983030 -2.131838
38.224701 26.880678 -5.604408
36.703613 32.926169 6.020149
39.310548 27.622769 1.955864
36.664074 29.235466 7.581955
38.965753 34.983030 2.131838
38.224701 26.880678 5.604408
39.471968 31.379056 0.000000
16.216141 -23.222189 1.152039
18.353342 -20.826767 3.387872
15.703182 -23.535458 3.030293
17.363960 -22.108008 0.000000
22.228482 -15.694026 7.743373
20.344323 -18.333452 5.570728
14.462806 -23.818109 6.804697
17.770740 -20.996975 5.248836
15.116574 -23.735027 4.928966
16.764650 -22.267656 4.154236
19.555320 -19.788309 -2.248903
19.555320 -19.788309 2.248903
18.482084 -20.957143 -1.136585
18.482084 -20.957143 1.136585
29.002934 -2.218023 17.077589
27.440692 -6.212003 14.586506
24.033207 -12.847545 9.946014
25.772307 -9.718048 12.216198
11.143575 -22.885033 14.143728
14.735703 -20.455159 12.641984
12.061095 -23.304404 12.395921
21.456851 -15.588926 9.634486
18.126708 -18.053913 11.157932
20.594695 -16.977624 8.554446
13.715976 -23.766214 8.749904
15.578010 -20.767390 10.886877
12.923845 -23.600460 10.583274
15.448071 -22.391316 7.944088
13.858435 -22.019324 11.636638
18.769742 -19.653710 6.390406
17.308271 -19.484472 10.107678
19.695414 -18.337681 7.467260
17.133865 -21.018456 7.156699
18.952133 -18.242639 9.343051
16.398828 -20.940306 9.050562
23.685043 -14.638162 -6.684618
24.315646 -15.027895 -2.249669
22.691570 -15.982063 -5.585086
23.685043 -14.638162 6.684618
24.315646 -15.027895 2.249669
22.691570 -15.982063 5.585086
20.652857 -18.527317 -3.387494
23.162478 -16.275829 -1.152430
21.675695 -17.283924 -4.482430
20.781658 -18.657547 -1.136976
23.004958 -16.177729 -3.372928
20.652857 -18.527317 3.387494
23.162478 -16.275829 1.152430
21.675695 -17.283924 4.482430
20.781658 -18.657547 1.136976
23.004958 -16.177729 3.372928
21.990314 -17.481654 0.000000
1.931455 -14.871174 25.255770
5.569045 -13.076765 24.600509
3.131690 -16.228626 24.322977
1.906970 -12.903947 25.871538
12.391837 -9.593224 23.180739
9.017462 -11.335518 23.914352
5.514279 -18.669439 22.058831
6.742505 -14.330621 23.600420
4.337293 -17.503385 23.248882
4.976317 -15.261796 23.963045
1.872975 -8.983874 26.834354
5.538230 -11.204082 25.275791
1.889486 -10.930069 26.397872
3.757414 -12.045625 25.576358
27.389065 -1.358756 19.125886
23.158938 -3.767244 20.408540
26.829743 -3.454447 17.901174
15.798375 -7.794858 22.376278
19.346137 -5.878438 21.468082
25.529947 -7.293760 15.502267
22.807937 -5.701542 19.303444
26.200123 -5.440883 16.686566
24.759366 -4.619088 18.640583
9.977674 -22.221160 16.144215
11.335982 -18.415960 18.342004
8.941241 -21.525896 17.745278
11.872082 -21.063690 15.382964
13.592783 -10.709495 21.993585
12.528598 -14.603539 20.271697
11.922112 -11.600084 22.413640
6.728079 -19.761545 20.692222
10.264054 -17.576047 19.785917
7.848493 -20.700944 19.273893
7.358923 -17.618012 21.612369
9.631193 -19.536623 18.805248
15.471699 -18.753976 13.903946
13.216610 -17.379439 17.634030
13.708362 -19.903094 14.633973
12.565981 -19.218080 16.550071
8.543097 -13.391794 23.204491
10.869718 -15.553457 20.734658
10.232928 -12.496017 22.819195
7.964821 -15.488390 22.449757
11.412979 -13.592072 21.596107
9.149076 -16.577326 21.168237
1.863112 -1.151467 27.829378
5.550549 -3.430428 27.178837
1.862807 -3.082414 27.690983
12.495748 -7.722797 23.971302
9.121157 -5.637185 25.886556
10.787511 -8.600225 24.312054
1.873306 -6.960170 27.202996
5.535833 -5.352809 26.827912
1.864950 -5.028759 27.481931
3.723264 -8.142755 26.619860
3.719616 -4.230219 27.338950
7.351716 -10.314612 24.959338
7.374549 -6.489662 26.132546
9.067699 -9.468110 24.642038
5.561511 -9.268119 25.866178
9.103933 -7.559227 25.301930
5.562322 -7.307235 26.385704
22.446648 -13.872791 10.930109
20.643728 -12.758525 14.871546
23.249131 -12.366521 12.032489
20.719364 -15.131500 11.678010
15.594046 -9.637650 21.463897
18.335875 -11.332194 18.409806
17.301969 -8.717873 20.988141
15.038653 -11.606354 20.592230
24.776603 -9.121894 14.299093
21.255208 -11.142606 15.943932
24.032035 -10.776808 13.160180
23.642260 -8.387903 16.311114
22.316363 -11.793615 14.045384
17.283943 -17.537135 13.143987
18.831182 -13.961185 15.535393
18.993085 -16.356312 12.418865
16.245447 -16.958018 15.092484
19.835663 -14.584393 13.661918
20.861116 -6.782995 19.922843
20.026443 -10.388828 17.789709
19.063107 -7.762659 20.474551
22.325244 -7.601654 18.199135
18.721597 -9.588351 19.449718
21.802124 -9.423046 17.073737
13.866990 -15.430577 18.704129
17.646405 -13.225885 17.391636
14.460897 -13.546233 19.667701
15.096465 -16.249732 16.962491
16.401381 -12.453085 19.045420
16.974217 -15.106902 16.260966
2.006867 15.451803 26.241855
6.176272 14.502606 27.282856
3.358450 17.403712 26.084161
1.970221 13.331943 26.729642
14.866385 11.508913 27.809743
10.499818 13.198932 27.845565
6.428940 21.766161 25.717755
7.775559 16.526291 27.216364
4.833873 19.507361 25.910664
5.546327 17.009950 26.707879
1.914791 9.184445 27.433450
6.040206 12.219602 27.566749
1.941661 11.231888 27.126813
3.996793 12.813034 27.205791
28.799395 1.428721 20.110724
26.289627 4.276510 23.167423
30.734312 3.957177 20.506357
26.410169 0.000000 20.742941
19.104438 9.426057 27.058873
22.991563 6.986122 25.513351
32.856585 9.386938 19.951140
27.944886 6.985679 23.651088
32.793977 6.810205 20.886118
29.459053 5.495858 22.178836
22.088316 -2.510295 21.828246
23.851109 2.710633 23.570283
24.170485 -1.310857 21.315927
25.217893 1.367662 22.239635
13.555892 30.190167 21.933894
15.799826 25.667734 25.564655
12.057398 29.027994 23.929774
16.572679 29.403586 21.473649
17.176241 13.532834 27.791742
17.204878 20.054287 27.838077
14.845409 14.444421 27.909456
8.290148 24.349616 25.496370
14.008539 23.988060 27.004124
10.280067 27.114388 25.245216
9.009564 21.569814 26.460124
13.212175 26.800549 25.797242
22.551270 27.335457 20.266141
18.671844 24.552906 24.912581
19.599866 28.456936 20.923281
17.677700 27.035810 23.282481
10.165471 15.934959 27.611132
14.448561 20.674417 27.561522
12.485562 15.246838 27.842518
9.635499 18.737188 27.158751
14.712779 17.521907 27.840124
11.708246 21.214320 27.089397
1.868264 1.154651 27.906334
5.691401 3.517479 27.868533
1.876691 3.105388 27.897370
3.743481 0.000000 27.785091
14.407283 8.904191 27.638309
9.790201 6.050677 27.785358
12.359370 9.853372 27.854589
1.905469 7.079672 27.670055
5.759236 5.568825 27.910571
1.887816 5.090415 27.818875
3.877213 8.479440 27.720532
3.797102 4.318341 27.908463
7.474403 -2.294273 27.042644
7.644575 2.346507 27.658333
5.628182 -1.158707 27.495221
5.675897 1.168531 27.728324
8.192280 11.493941 27.813084
7.874139 6.929305 27.902899
10.269885 10.723382 27.909054
5.970575 9.949814 27.768705
10.033325 8.330925 27.884925
5.877423 7.721184 27.880430
32.818002 20.282641 15.980308
29.172906 18.029848 21.015885
32.883542 17.491192 17.018738
30.696151 22.417619 17.301205
19.898469 12.297930 27.388575
25.561203 15.797692 25.664267
22.103087 11.136993 26.812134
20.243412 15.623221 27.719038
32.888862 12.108550 18.980846
29.381464 15.402629 22.039590
32.904108 14.755356 18.018615
31.270960 11.094446 21.574257
31.132624 16.452779 19.594128
25.546371 25.920598 19.427347
26.884539 19.931836 22.179271
28.232212 24.312789 18.459982
23.506136 24.537180 21.837871
28.762901 21.148245 19.810601
26.143474 8.500554 24.967615
27.563843 14.298896 24.485264
24.208514 9.857913 26.000928
29.581994 10.072548 24.114705
25.497184 13.058499 26.488822
29.492171 12.746744 23.095987
19.620171 21.832464 26.464158
24.937882 18.690807 24.577843
20.445412 19.152223 27.807005
21.526749 23.171246 24.187601
23.089656 17.531294 26.811900
24.296132 21.623340 23.275216
14.551619 -6.645098 23.545015
15.413709 -2.307425 24.939904
16.315761 -5.701700 23.165358
12.891893 -5.625663 24.648898
16.783231 7.664179 27.155839
16.169598 2.420581 26.162959
18.701107 6.535282 26.552109
14.290817 6.236115 27.323598
20.027690 -3.661819 22.325360
17.314309 -1.225961 24.640360
18.146445 -4.706117 22.757380
20.783635 -1.266538 23.149796
16.823715 -3.507611 23.923560
9.379490 -3.465719 26.391636
13.577955 -1.207976 25.878683
11.153283 -4.556166 25.605170
9.532756 -1.178313 26.863630
13.255009 -3.444182 25.290050
22.229435 4.064381 24.779700
17.806291 1.260796 25.340510
20.536913 5.326063 25.755255
21.523648 1.311634 23.974056
18.264016 3.807902 25.971687
19.341882 0.000000 24.330309
9.797211 3.620067 27.567001
13.873189 1.234241 26.441381
11.960752 4.886020 27.458919
9.673254 1.195680 27.259558
14.107506 3.665695 26.916583
11.670278 0.000000 26.663091
31.666397 0.000000 -16.662466
35.165855 0.000000 -12.676728
33.902349 2.498915 -16.909474
30.725213 -2.264731 -15.324814
39.283719 0.000000 -2.722654
37.829411 0.000000 -7.967807
35.552400 7.789958 -15.759428
37.351124 2.607022 -12.504784
35.413346 5.202563 -16.678523
35.960281 2.573936 -14.889395
28.793892 -6.309088 -12.763562
33.739981 -2.354972 -11.295809
29.761386 -4.372235 -14.016636
32.324177 -2.313674 -13.383862
31.666397 0.000000 16.662466
35.165855 0.000000 12.676728
33.902349 2.498915 16.909474
30.725213 -2.264731 15.324814
39.283719 0.000000 2.722654
37.829411 0.000000 7.967807
35.552400 7.789958 15.759428
37.351124 2.607022 12.504784
35.413346 5.202563 16.678523
35.960281 2.573936 14.889395
28.793892 -6.309088 12.763562
33.739981 -2.354972 11.295809
29.761386 -4.372235 14.016636
32.324177 -2.313674 13.383862
36.177029 18.858343 -11.655097
38.146513 13.440966 -8.306974
36.016882 15.981064 -12.740728
37.611245 19.671472 -8.584083
39.435825 2.640137 -1.631694
39.085541 7.982174 -4.933255
39.213329 2.637930 -4.365021
35.710897 10.518563 -14.757765
37.929908 10.703740 -9.419377
35.859631 13.195513 -13.778200
36.729297 7.897201 -13.160487
37.117666 13.355374 -11.089306
39.382135 20.662908 -1.838295
38.961204 13.846669 -5.116340
38.745552 20.307300 -5.276649
38.442536 16.745075 -6.840437
38.177094 2.629025 -9.768007
38.534276 7.951395 -7.688508
38.788244 2.632208 -7.097636
37.544828 5.251316 -11.484597
38.940781 5.298110 -6.025398
37.739021 7.955694 -10.451414
24.855751 -12.956793 -8.007739
28.459056 -10.027580 -6.197385
25.833634 -11.462651 -9.138473
25.353787 -13.260564 -5.786541
36.939713 -2.473028 -1.528415
32.423694 -6.621670 -4.092417
36.588137 -2.461330 -4.072799
27.790161 -8.185529 -11.484468
29.690987 -8.378734 -7.373353
26.816212 -9.867745 -10.303484
29.983786 -6.446842 -10.743501
27.720252 -9.974074 -8.281727
25.864506 -13.570517 -1.207314
28.852510 -10.254076 -3.788878
25.693877 -13.466662 -3.499178
27.082420 -11.796754 -4.819026
34.978927 -2.408787 -8.949723
31.860318 -6.574250 -6.356894
35.923807 -2.437824 -6.573489
32.375434 -4.528284 -9.903329
34.117606 -4.641890 -5.279097
31.017401 -6.538722 -8.589934
36.177029 18.858343 11.655097
38.146513 13.440966 8.306974
36.016882 15.981064 12.740728
37.611245 19.671472 8.584083
39.435825 2.640137 1.631694
39.085541 7.982174 4.933255
39.213329 2.637930 4.365021
39.471968 5.318052 0.000000
35.710897 10.518563 14.757765
37.929908 10.703740 9.419377
35.859631 13.195513 13.778200
36.729297 7.897201 13.160487
37.117666 13.355374 11.089306
39.382135 20.662908 1.838295
38.961204 13.846669 5.116340
38.745552 20.307300 5.276649
39.471968 17.276648 0.000000
38.442536 16.745075 6.840437
38.177094 2.629025 9.768007
38.534276 7.951395 7.688508
38.788244 2.632208 7.097636
37.544828 5.251316 11.484597
38.940781 5.298110 6.025398
37.739021 7.955694 10.451414
39.277945 10.856157 -3.332304
39.277945 10.856157 3.332304
39.428007 8.070784 -1.661580
39.413334 13.986110 -1.728778
39.428007 8.070784 1.661580
39.413334 13.986110 1.728778
24.855751 -12.956793 8.007739
28.459056 -10.027580 6.197385
25.833634 -11.462651 9.138473
25.353787 -13.260564 5.786541
36.939713 -2.473028 1.528415
32.423694 -6.621670 4.092417
36.588137 -2.461330 4.072799
34.785344 -4.686624 0.000000
27.790161 -8.185529 11.484468
29.690987 -8.378734 7.373353
26.816212 -9.867745 10.303484
29.983786 -6.446842 10.743501
27.720252 -9.974074 8.281727
25.864506 -13.570517 1.207314
28.852510 -10.254076 3.788878
25.693877 -13.466662 3.499178
27.455053 -12.016915 0.000000
27.082420 -11.796754 4.819026
34.978927 -2.408787 8.949723
31.860318 -6.574250 6.356894
35.923807 -2.437824 6.573489
32.375434 -4.528284 9.903329
34.117606 -4.641890 5.279097
31.017401 -6.538722 8.589934
30.788889 -8.509840 -2.612101
30.788889 -8.509840 2.612101
32.725045 -6.698709 -1.379103
29.103184 -10.327478 -1.276547
32.725045 -6.698709 1.379103
29.103184 -10.327478 1.276547
-16.216141 23.222189 -1.152039
-18.353342 20.826767 -3.387872
-15.703182 23.535458 -3.030293
-22.228482 15.694026 -7.743373
-20.344323 18.333452 -5.570728
-14.462806 23.818109 -6.804697
-17.770740 20.996975 -5.248836
-15.116574 23.735027 -4.928966
-16.764650 22.267656 -4.154236
-29.002934 2.218023 -17.077589
-27.440692 6.212003 -14.586506
-24.033207 12.847545 -9.946014
-25.772307 9.718048 -12.216198
-11.143575 22.885033 -14.143728
-14.735703 20.455159 -12.641984
-12.061095 23.304404 -12.395921
-21.456851 15.588926 -9.634486
-18.126708 18.053913 -11.157932
-20.594695 16.977624 -8.554446
-13.715976 23.766214 -8.749904
-15.578010 20.767390 -10.886877
-12.923845 23.600460 -10.583274
-15.448071 22.391316 -7.944088
-13.858435 22.019324 -11.636638
-18.769742 19.653710 -6.390406
-17.308271 19.484472 -10.107678
-19.695414 18.337681 -7.467260
-17.133865 21.018456 -7.156699
-18.952133 18.242639 -9.343051
-16.398828 20.940306 -9.050562
-27.452922 -39.313728 -1.950331
-32.506572 -36.887387 -6.000439
-25.737107 -38.574003 -4.966572
-34.628786 -24.449042 -12.063064
-34.311268 -30.919878 -9.395187
-22.083238 -36.367836 -10.390082
-29.936996 -35.371985 -8.842310
-23.897756 -37.522648 -7.792190
-28.109806 -37.336868 -6.965537
-31.742335 -2.427521 -18.690611
-34.247697 -7.752968 -18.204870
-34.589009 -18.490409 -14.314475
-34.440725 -12.986676 -16.325070
-15.373659 -31.572157 -19.512666
-21.557701 -29.925020 -18.494679
-16.944686 -32.740460 -17.415084
-32.649590 -23.720725 -14.660214
-27.540035 -27.429438 -16.952325
-32.387437 -26.699194 -13.452814
-20.268063 -35.119274 -12.929711
-23.383230 -31.172701 -16.341648
-18.580869 -33.930850 -15.215784
-23.890638 -34.628455 -12.285632
-20.167803 -32.044123 -16.934483
-31.192278 -32.661289 -10.619822
-26.660163 -30.012195 -15.568993
-31.939674 -29.737864 -12.109511
-27.608160 -33.867485 -11.531740
-29.669813 -28.559091 -14.626668
-25.423768 -32.464605 -14.031453
-2.006867 -15.451803 -26.241855
-6.176272 -14.502606 -27.282856
-3.358450 -17.403712 -26.084161
-1.970221 -13.331943 -26.729642
-14.866385 -11.508913 -27.809743
-10.499818 -13.198932 -27.845565
-6.428940 -21.766161 -25.717755
-7.775559 -16.526291 -27.216364
-4.833873 -19.507361 -25.910664
-5.546327 -17.009950 -26.707879
-1.914791 -9.184445 -27.433450
-6.040206 -12.219602 -27.566749
-1.941661 -11.231888 -27.126813
-3.996793 -12.813034 -27.205791
-28.799395 -1.428721 -20.110724
-26.289627 -4.276510 -23.167423
-30.734312 -3.957177 -20.506357
-19.104438 -9.426057 -27.058873
-22.991563 -6.986122 -25.513351
-32.856585 -9.386938 -19.951140
-27.944886 -6.985679 -23.651088
-32.793977 -6.810205 -20.886118
-29.459053 -5.495858 -22.178836
-13.555892 -30.190167 -21.933894
-15.799826 -25.667734 -25.564655
-12.057398 -29.027994 -23.929774
-16.572679 -29.403586 -21.473649
-17.176241 -13.532834 -27.791742
-17.204878 -20.054287 -27.838077
-14.845409 -14.444421 -27.909456
-8.290148 -24.349616 -25.496370
-14.008539 -23.988060 -27.004124
-10.280067 -27.114388 -25.245216
-9.009564 -21.569814 -26.460124
-13.212175 -26.800549 -25.797242
-22.551270 -27.335457 -20.266141
-18.671844 -24.552906 -24.912581
-19.599866 -28.456936 -20.923281
-17.677700 -27.035810 -23.282481
-10.165471 -15.934959 -27.611132
-14.448561 -20.674417 -27.561522
-12.485562 -15.246838 -27.842518
-9.635499 -18.737188 -27.158751
-14.712779 -17.521907 -27.840124
-11.708246 -21.214320 -27.089397
-1.868264 -1.154651 -27.906334
-5.691401 -3.517479 -27.868533
-1.876691 -3.105388 -27.897370
-14.407283 -8.904191 -27.638309
-9.790201 -6.050677 -27.785358
-12.359370 -9.853372 -27.854589
-1.905469 -7.079672 -27.670055
-5.759236 -5.568825 -27.910571
-1.887816 -5.090415 -27.818875
-3.877213 -8.479440 -27.720532
-3.797102 -4.318341 -27.908463
-8.192280 -11.493941 -27.813084
-7.874139 -6.929305 -27.902899
-10.269885 -10.723382 -27.909054
-5.970575 -9.949814 -27.768705
-10.033325 -8.330925 -27.884925
-5.877423 -7.721184 -27.880430
-32.818002 -20.282641 -15.980308
-29.172906 -18.029848 -21.015885
-32.883542 -17.491192 -17.018738
-30.696151 -22.417619 -17.301205
-19.898469 -12.297930 -27.388575
-25.561203 -15.797692 -25.664267
-22.103087 -11.136993 -26.812134
-20.243412 -15.623221 -27.719038
-32.888862 -12.108550 -18.980846
-29.381464 -15.402629 -22.039590
-32.904108 -14.755356 -18.018615
-31.270960 -11.094446 -21.574257
-31.132624 -16.452779 -19.594128
-25.546371 -25.920598 -19.427347
-26.884539 -19.931836 -22.179271
-28.232212 -24.312789 -18.459982
-23.506136 -24.537180 -21.837871
-28.762901 -21.148245 -19.810601
-26.143474 -8.500554 -24.967615
-27.563843 -14.298896 -24.485264
-24.208514 -9.857913 -26.000928
-29.581994 -10.072548 -24.114705
-25.497184 -13.058499 -26.488822
-29.492171 -12.746744 -23.095987
-19.620171 -21.832464 -26.464158
-24.937882 -18.690807 -24.577843
-20.445412 -19.152223 -27.807005
-21.526749 -23.171246 -24.187601
-23.089656 -17.531294 -26.811900
-24.296132 -21.623340 -23.275216
-1.931455 14.871174 -25.255770
-5.569045 13.076765 -24.600509
-3.131690 16.228626 -24.322977
-1.906970 12.903947 -25.871538
-12.391837 9.593224 -23.180739
-9.017462 11.335518 -23.914352
-5.514279 18.669439 -22.058831
-6.742505 14.330621 -23.600420
-4.337293 17.503385 -23.248882
-4.976317 15.261796 -23.963045
-1.872975 8.983874 -26.834354
-5.538230 11.204082 -25.275791
-1.889486 10.930069 -26.397872
-3.757414 12.045625 -25.576358
-27.389065 1.358756 -19.125886
-23.158938 3.767244 -20.408540
-26.829743 3.454447 -17.901174
-26.410169 0.000000 -20.742941
-15.798375 7.794858 -22.376278
-19.346137 5.878438 -21.468082
-25.529947 7.293760 -15.502267
-22.807937 5.701542 -19.303444
-26.200123 5.440883 -16.686566
-24.759366 4.619088 -18.640583
-23.851109 -2.710633 -23.570283
-22.088316 2.510295 -21.828246
-25.217893 -1.367662 -22.239635
-24.170485 1.310857 -21.315927
-9.977674 22.221160 -16.144215
-11.335982 18.415960 -18.342004
-8.941241 21.525896 -17.745278
-11.872082 21.063690 -15.382964
-13.592783 10.709495 -21.993585
-12.528598 14.603539 -20.271697
-11.922112 11.600084 -22.413640
-6.728079 19.761545 -20.692222
-10.264054 17.576047 -19.785917
-7.848493 20.700944 -19.273893
-7.358923 17.618012 -21.612369
-9.631193 19.536623 -18.805248
-15.471699 18.753976 -13.903946
-13.216610 17.379439 -17.634030
-13.708362 19.903094 -14.633973
-12.565981 19.218080 -16.550071
-8.543097 13.391794 -23.204491
-10.869718 15.553457 -20.734658
-10.232928 12.496017 -22.819195
-7.964821 15.488390 -22.449757
-11.412979 13.592072 -21.596107
-9.149076 16.577326 -21.168237
-1.863112 1.151467 -27.829378
-5.550549 3.430428 -27.178837
-1.862807 3.082414 -27.690983
-3.743481 0.000000 -27.785091
-12.495748 7.722797 -23.971302
-9.121157 5.637185 -25.886556
-10.787511 8.600225 -24.312054
-1.873306 6.960170 -27.202996
-5.535833 5.352809 -26.827912
-1.864950 5.028759 -27.481931
-3.723264 8.142755 -26.619860
-3.719616 4.230219 -27.338950
-7.644575 -2.346507 -27.658333
-7.474403 2.294273 -27.042644
-5.675897 -1.168531 -27.728324
-5.628182 1.158707 -27.495221
-7.351716 10.314612 -24.959338
-7.374549 6.489662 -26.132546
-9.067699 9.468110 -24.642038
-5.561511 9.268119 -25.866178
-9.103933 7.559227 -25.301930
-5.562322 7.307235 -26.385704
-22.446648 13.872791 -10.930109
-20.643728 12.758525 -14.871546
-23.249131 12.366521 -12.032489
-20.719364 15.131500 -11.678010
-15.594046 9.637650 -21.463897
-18.335875 11.332194 -18.409806
-17.301969 8.717873 -20.988141
-15.038653 11.606354 -20.592230
-24.776603 9.121894 -14.299093
-21.255208 11.142606 -15.943932
-24.032035 10.776808 -13.160180
-23.642260 8.387903 -16.311114
-22.316363 11.793615 -14.045384
-17.283943 17.537135 -13.143987
-18.831182 13.961185 -15.535393
-18.993085 16.356312 -12.418865
-16.245447 16.958018 -15.092484
-19.835663 14.584393 -13.661918
-20.861116 6.782995 -19.922843
-20.026443 10.388828 -17.789709
-19.063107 7.762659 -20.474551
-22.325244 7.601654 -18.199135
-18.721597 9.588351 -19.449718
-21.802124 9.423046 -17.073737
-13.866990 15.430577 -18.704129
-17.646405 13.225885 -17.391636
-14.460897 13.546233 -19.667701
-15.096465 16.249732 -16.962491
-16.401381 12.453085 -19.045420
-16.974217 15.106902 -16.260966
-16.783231 -7.664179 -27.155839
-16.169598 -2.420581 -26.162959
-18.701107 -6.535282 -26.552109
-14.290817 -6.236115 -27.323598
-14.551619 6.645098 -23.545015
-15.413709 2.307425 -24.939904
-16.315761 5.701700 -23.165358
-12.891893 5.625663 -24.648898
-22.229435 -4.064381 -24.779700
-17.806291 -1.260796 -25.340510
-20.536913 -5.326063 -25.755255
-21.523648 -1.311634 -23.974056
-18.264016 -3.807902 -25.971687
-9.797211 -3.620067 -27.567001
-13.873189 -1.234241 -26.441381
-11.960752 -4.886020 -27.458919
-9.673254 -1.195680 -27.259558
-14.107506 -3.665695 -26.916583
-20.027690 3.661819 -22.325360
-17.314309 1.225961 -24.640360
-18.146445 4.706117 -22.757380
-20.783635 1.266538 -23.149796
-16.823715 3.507611 -23.923560
-19.341882 0.000000 -24.330309
-9.379490 3.465719 -26.391636
-13.577955 1.207976 -25.878683
-11.153283 4.556166 -25.605170
-9.532756 1.178313 -26.863630
-13.255009 3.444182 -25.290050
-11.670278 0.000000 -26.663091
-16.216141 23.222189 1.152039
-18.353342 20.826767 3.387872
-15.703182 23.535458 3.030293
-17.363960 22.108008 0.000000
-22.228482 15.694026 7.743373
-20.344323 18.333452 5.570728
-14.462806 23.818109 6.804697
-17.770740 20.996975 5.248836
-15.116574 23.735027 4.928966
-16.764650 22.267656 4.154236
-19.555320 19.788309 -2.248903
-19.555320 19.788309 2.248903
-18.482084 20.957143 -1.136585
-18.482084 20.957143 1.136585
-29.002934 2.218023 17.077589
-27.440692 6.212003 14.586506
-24.033207 12.847545 9.946014
-25.772307 9.718048 12.216198
-11.143575 22.885033 14.143728
-14.735703 20.455159 12.641984
-12.061095 23.304404 12.395921
-21.456851 15.588926 9.634486
-18.126708 18.053913 11.157932
-20.594695 16.977624 8.554446
-13.715976 23.766214 8.749904
-15.578010 20.767390 10.886877
-12.923845 23.600460 10.583274
-15.448071 22.391316 7.944088
-13.858435 22.019324 11.636638
-18.769742 19.653710 6.390406
-17.308271 19.484472 10.107678
-19.695414 18.337681 7.467260
-17.133865 21.018456 7.156699
-18.952133 18.242639 9.343051
-16.398828 20.940306 9.050562
-23.685043 14.638162 -6.684618
-24.315646 15.027895 -2.249669
-22.691570 15.982063 -5.585086
-23.685043 14.638162 6.684618
-24.315646 15.027895 2.249669
-22.691570 15.982063 5.585086
-20.652857 18.527317 -3.387494
-23.162478 16.275829 -1.152430
-21.675695 17.283924 -4.482430
-20.781658 18.657547 -1.136976
-23.004958 16.177729 -3.372928
-20.652857 18.527317 3.387494
-23.162478 16.275829 1.152430
-21.675695 17.283924 4.482430
-20.781658 18.657547 1.136976
-23.004958 16.177729 3.372928
-21.990314 17.481654 0.000000
-27.452922 -39.313728 1.950331
-32.506572 -36.887387 6.000439
-25.737107 -38.574003 4.966572
-31.001873 -39.471968 0.000000
-34.628786 -24.449042 12.063064
-34.311268 -30.919878 9.395187
-22.083238 -36.367836 10.390082
-29.936996 -35.371985 8.842310
-23.897756 -37.522648 7.792190
-28.109806 -37.336868 6.965537
-36.296266 -36.728714 -4.174148
-36.296266 -36.728714 4.174148
-34.419292 -39.028610 -2.116670
-34.419292 -39.028610 2.116670
-31.742335 -2.427521 18.690611
-34.247697 -7.752968 18.204870
-34.589009 -18.490409 14.314475
-34.440725 -12.986676 16.325070
-15.373659 -31.572157 19.512666
-21.557701 -29.925020 18.494679
-16.944686 -32.740460 17.415084
-32.649590 -23.720725 14.660214
-27.540035 -27.429438 16.952325
-32.387437 -26.699194 13.452814
-20.268063 -35.119274 12.929711
-23.383230 -31.172701 16.341648
-18.580869 -33.930850 15.215784
-23.890638 -34.628455 12.285632
-20.167803 -32.044123 16.934483
-31.192278 -32.661289 10.619822
-26.660163 -30.012195 15.568993
-31.939674 -29.737864 12.109511
-27.608160 -33.867485 11.531740
-29.669813 -28.559091 14.626668
-25.423768 -32.464605 14.031453
-36.371521 -22.478836 -10.265116
-39.046584 -24.132116 -3.612567
-36.530659 -25.729172 -8.991307
-36.371521 -22.478836 10.265116
-39.046584 -24.132116 3.612567
-36.530659 -25.729172 8.991307
-36.703613 -32.926169 -6.020149
-39.310548 -27.622769 -1.955864
-36.664074 -29.235466 -7.581955
-38.965753 -34.983030 -2.131838
-38.224701 -26.880678 -5.604408
-36.703613 -32.926169 6.020149
-39.310548 -27.622769 1.955864
-36.664074 -29.235466 7.581955
-38.965753 -34.983030 2.131838
-38.224701 -26.880678 5.604408
-39.471968 -31.379056 0.000000
-2.006867 -15.451803 26.241855
-6.176272 -14.502606 27.282856
-3.358450 -17.403712 26.084161
-1.970221 -13.331943 26.729642
-14.866385 -11.508913 27.809743
-10.499818 -13.198932 27.845565
-6.428940 -21.766161 25.717755
-7.775559 -16.526291 27.216364
-4.833873 -19.507361 25.910664
-5.546327 -17.009950 26.707879
-1.914791 -9.184445 27.433450
-6.040206 -12.219602 27.566749
-1.941661 -11.231888 27.126813
-3.996793 -12.813034 27.205791
-28.799395 -1.428721 20.110724
-26.289627 -4.276510 23.167423
-30.734312 -3.957177 20.506357
-19.104438 -9.426057 27.058873
-22.991563 -6.986122 25.513351
-32.856585 -9.386938 19.951140
-27.944886 -6.985679 23.651088
-32.793977 -6.810205 20.886118
-29.459053 -5.495858 22.178836
-13.555892 -30.190167 21.933894
-15.799826 -25.667734 25.564655
-12.057398 -29.027994 23.929774
-16.572679 -29.403586 21.473649
-17.176241 -13.532834 27.791742
-17.204878 -20.054287 27.838077
-14.845409 -14.444421 27.909456
-8.290148 -24.349616 25.496370
-14.008539 -23.988060 27.004124
-10.280067 -27.114388 25.245216
-9.009564 -21.569814 26.460124
-13.212175 -26.800549 25.797242
-22.551270 -27.335457 20.266141
-18.671844 -24.552906 24.912581
-19.599866 -28.456936 20.923281
-17.677700 -27.035810 23.282481
-10.165471 -15.934959 27.611132
-14.448561 -20.674417 27.561522
-12.485562 -15.246838 27.842518
-9.635499 -18.737188 27.158751
-14.712779 -17.521907 27.840124
-11.708246 -21.214320 27.089397
-1.868264 -1.154651 27.906334
-5.691401 -3.517479 27.868533
-1.876691 -3.105388 27.897370
-14.407283 -8.904191 27.638309
-9.790201 -6.050677 27.785358
-12.359370 -9.853372 27.854589
-1.905469 -7.079672 27.670055
-5.759236 -5.568825 27.910571
-1.887816 -5.090415 27.818875
-3.877213 -8.479440 27.720532
-3.797102 -4.318341 27.908463
-8.192280 -11.493941 27.813084
-7.874139 -6.929305 27.902899
-10.269885 -10.723382 27.909054
-5.970575 -9.949814 27.768705
-10.033325 -8.330925 27.884925
-5.877423 -7.721184 27.880430
-32.818002 -20.282641 15.980308
-29.172906 -18.029848 21.015885
-32.883542 -17.491192 17.018738
-30.696151 -22.417619 17.301205
-19.898469 -12.297930 27.388575
-25.561203 -15.797692 25.664267
-22.103087 -11.136993 26.812134
-20.243412 -15.623221 27.719038
-32.888862 -12.108550 18.980846
-29.381464 -15.402629 22.039590
-32.904108 -14.755356 18.018615
-31.270960 -11.094446 21.574257
-31.132624 -16.452779 19.594128
-25.546371 -25.920598 19.427347
-26.884539 -19.931836 22.179271
-28.232212 -24.312789 18.459982
-23.506136 -24.537180 21.837871
-28.762901 -21.148245 19.810601
-26.143474 -8.500554 24.967615
-27.563843 -14.298896 24.485264
-24.208514 -9.857913 26.000928
-29.581994 -10.072548 24.114705
-25.497184 -13.058499 26.488822
-29.492171 -12.746744 23.095987
-19.620171 -21.832464 26.464158
-24.937882 -18.690807 24.577843
-20.445412 -19.152223 27.807005
-21.526749 -23.171246 24.187601
-23.089656 -17.531294 26.811900
-24.296132 -21.623340 23.275216
-1.931455 14.871174 25.255770
-5.569045 13.076765 24.600509
-3.131690 16.228626 24.322977
-1.906970 12.903947 25.871538
-12.391837 9.593224 23.180739
-9.017462 11.335518 23.914352
-5.514279 18.669439 22.058831
-6.742505 14.330621 23.600420
-4.337293 17.503385 23.248882
-4.976317 15.261796 23.963045
-1.872975 8.983874 26.834354
-5.538230 11.204082 25.275791
-1.889486 10.930069 26.397872
-3.757414 12.045625 25.576358
-27.389065 1.358756 19.125886
-23.158938 3.767244 20.408540
-26.829743 3.454447 17.901174
-26.410169 0.000000 20.742941
-15.798375 7.794858 22.376278
-19.346137 5.878438 21.468082
-25.529947 7.293760 15.502267
-22.807937 5.701542 19.303444
-26.200123 5.440883 16.686566
-24.759366 4.619088 18.640583
-23.851109 -2.710633 23.570283
-22.088316 2.510295 21.828246
-25.217893 -1.367662 22.239635
-24.170485 1.310857 21.315927
-9.977674 22.221160 16.144215
-11.335982 18.415960 18.342004
-8.941241 21.525896 17.745278
-11.872082 21.063690 15.382964
-13.592783 10.709495 21.993585
-12.528598 14.603539 20.271697
-11.922112 11.600084 22.413640
-6.728079 19.761545 20.692222
-10.264054 17.576047 19.785917
-7.848493 20.700944 19.273893
-7.358923 17.618012 21.612369
-9.631193 19.536623 18.805248
-15.471699 18.753976 13.903946
-13.216610 17.379439 17.634030
-13.708362 19.903094 14.633973
-12.565981 19.218080 16.550071
-8.543097 13.391794 23.204491
-10.869718 15.553457 20.734658
-10.232928 12.496017 22.819195
-7.964821 15.488390 22.449757
-11.412979 13.592072 21.596107
-9.149076 16.577326 21.168237
-1.863112 1.151467 27.829378
-5.550549 3.430428 27.178837
-1.862807 3.082414 27.690983
-3.743481 0.000000 27.785091
-12.495748 7.722797 23.971302
-9.121157 5.637185 25.886556
-10.787511 8.600225 24.312054
-1.873306 6.960170 27.202996
-5.535833 5.352809 26.827912
-1.864950 5.028759 27.481931
-3.723264 8.142755 26.619860
-3.719616 4.230219 27.338950
-7.644575 -2.346507 27.658333
-7.474403 2.294273 27.042644
-5.675897 -1.168531 27.728324
-5.628182 1.158707 27.495221
-7.351716 10.314612 24.959338
-7.374549 6.489662 26.132546
-9.067699 9.468110 24.642038
-5.561511 9.268119 25.866178
-9.103933 7.559227 25.301930
-5.562322 7.307235 26.385704
-22.446648 13.872791 10.930109
-20.643728 12.758525 14.871546
-23.249131 12.366521 12.032489
-20.719364 15.131500 11.678010
-15.594046 9.637650 21.463897
-18.335875 11.332194 18.409806
-17.301969 8.717873 20.988141
-15.038653 11.606354 20.592230
-24.776603 9.121894 14.299093
-21.255208 11.142606 15.943932
-24.032035 10.776808 13.160180
-23.642260 8.387903 16.311114
-22.316363 11.793615 14.045384
-17.283943 17.537135 13.143987
-18.831182 13.961185 15.535393
-18.993085 16.356312 12.418865
-16.245447 16.958018 15.092484
-19.835663 14.584393 13.661918
-20.861116 6.782995 19.922843
-20.026443 10.388828 17.789709
-19.063107 7.762659 20.474551
-22.325244 7.601654 18.199135
-18.721597 9.588351 19.449718
-21.802124 9.423046 17.073737
-13.866990 15.430577 18.704129
-17.646405 13.225885 17.391636
-14.460897 13.546233 19.667701
-15.096465 16.249732 16.962491
-16.401381 12.453085 19.045420
-16.974217 15.106902 16.260966
-16.783231 -7.664179 27.155839
-16.169598 -2.420581 26.162959
-18.701107 -6.535282 26.552109
-14.290817 -6.236115 27.323598
-14.551619 6.645098 23.545015
-15.413709 2.307425 24.939904
-16.315761 5.701700 23.165358
-12.891893 5.625663 24.648898
-22.229435 -4.064381 24.779700
-17.806291 -1.260796 25.340510
-20.536913 -5.326063 25.755255
-21.523648 -1.311634 23.974056
-18.264016 -3.807902 25.971687
-9.797211 -3.620067 27.567001
-13.873189 -1.234241 26.441381
-11.960752 -4.886020 27.458919
-9.673254 -1.195680 27.259558
-14.107506 -3.665695 26.916583
-20.027690 3.661819 22.325360
-17.314309 1.225961 24.640360
-18.146445 4.706117 22.757380
-20.783635 1.266538 23.149796
-16.823715 3.507611 23.923560
-19.341882 0.000000 24.330309
-9.379490 3.465719 26.391636
-13.577955 1.207976 25.878683
-11.153283 4.556166 25.605170
-9.532756 1.178313 26.863630
-13.255009 3.444182 25.290050
-11.670278 0.000000 26.663091
-31.666397 0.000000 -16.662466
-35.165855 0.000000 -12.676728
-30.725213 2.264731 -15.324814
-33.902349 -2.498915 -16.909474
-39.283719 0.000000 -2.722654
-37.829411 0.000000 -7.967807
-28.793892 6.309088 -12.763562
-33.739981 2.354972 -11.295809
-29.761386 4.372235 -14.016636
-32.324177 2.313674 -13.383862
-35.552400 -7.789958 -15.759428
-37.351124 -2.607022 -12.504784
-35.413346 -5.202563 -16.678523
-35.960281 -2.573936 -14.889395
-31.666397 0.000000 16.662466
-35.165855 0.000000 12.676728
-30.725213 2.264731 15.324814
-33.902349 -2.498915 16.909474
-39.283719 0.000000 2.722654
-37.829411 0.000000 7.967807
-28.793892 6.309088 12.763562
-33.739981 2.354972 11.295809
-29.761386 4.372235 14.016636
-32.324177 2.313674 13.383862
-35.552400 -7.789958 15.759428
-37.351124 -2.607022 12.504784
-35.413346 -5.202563 16.678523
-35.960281 -2.573936 14.889395
-24.855751 12.956793 -8.007739
-28.459056 10.027580 -6.197385
-25.833634 11.462651 -9.138473
-25.353787 13.260564 -5.786541
-36.939713 2.473028 -1.528415
-32.423694 6.621670 -4.092417
-36.588137 2.461330 -4.072799
-27.790161 8.185529 -11.484468
-29.690987 8.378734 -7.373353
-26.816212 9.867745 -10.303484
-29.983786 6.446842 -10.743501
-27.720252 9.974074 -8.281727
-25.864506 13.570517 -1.207314
-28.852510 10.254076 -3.788878
-25.693877 13.466662 -3.499178
-27.082420 11.796754 -4.819026
-34.978927 2.408787 -8.949723
-31.860318 6.574250 -6.356894
-35.923807 2.437824 -6.573489
-32.375434 4.528284 -9.903329
-34.117606 4.641890 -5.279097
-31.017401 6.538722 -8.589934
-36.177029 -18.858343 -11.655097
-38.146513 -13.440966 -8.306974
-36.016882 -15.981064 -12.740728
-37.611245 -19.671472 -8.584083
-39.435825 -2.640137 -1.631694
-39.085541 -7.982174 -4.933255
-39.213329 -2.637930 -4.365021
-35.710897 -10.518563 -14.757765
-37.929908 -10.703740 -9.419377
-35.859631 -13.195513 -13.778200
-36.729297 -7.897201 -13.160487
-37.117666 -13.355374 -11.089306
-39.382135 -20.662908 -1.838295
-38.961204 -13.846669 -5.116340
-38.745552 -20.307300 -5.276649
-38.442536 -16.745075 -6.840437
-38.177094 -2.629025 -9.768007
-38.534276 -7.951395 -7.688508
-38.788244 -2.632208 -7.097636
-37.544828 -5.251316 -11.484597
-38.940781 -5.298110 -6.025398
-37.739021 -7.955694 -10.451414
-24.855751 12.956793 8.007739
-28.459056 10.027580 6.197385
-25.833634 11.462651 9.138473
-25.353787 13.260564 5.786541
-36.939713 2.473028 1.528415
-32.423694 6.621670 4.092417
-36.588137 2.461330 4.072799
-34.785344 4.686624 0.000000
-27.790161 8.185529 11.484468
-29.690987 8.378734 7.373353
-26.816212 9.867745 10.303484
-29.983786 6.446842 10.743501
-27.720252 9.974074 8.281727
-25.864506 13.570517 1.207314
-28.852510 10.254076 3.788878
-25.693877 13.466662 3.499178
-27.455053 12.016915 0.000000
-27.082420 11.796754 4.819026
-34.978927 2.408787 8.949723
-31.860318 6.574250 6.356894
-35.923807 2.437824 6.573489
-32.375434 4.528284 9.903329
-34.117606 4.641890 5.279097
-31.017401 6.538722 8.589934
-30.788889 8.509840 -2.612101
-30.788889 8.509840 2.612101
-32.725045 6.698709 -1.379103
-29.103184 10.327478 -1.276547
-32.725045 6.698709 1.379103
-29.103184 10.327478 1.276547
-36.177029 -18.858343 11.655097
-38.146513 -13.440966 8.306974
-36.016882 -15.981064 12.740728
-37.611245 -19.671472 8.584083
-39.435825 -2.640137 1.631694
-39.085541 -7.982174 4.933255
-39.213329 -2.637930 4.365021
-39.471968 -5.318052 0.000000
-35.710897 -10.518563 14.757765
-37.929908 -10.703740 9.419377
-35.859631 -13.195513 13.778200
-36.729297 -7.897201 13.160487
-37.117666 -13.355374 11.089306
-39.382135 -20.662908 1.838295
-38.961204 -13.846669 5.116340
-38.745552 -20.307300 5.276649
-39.471968 -17.276648 0.000000
-38.442536 -16.745075 6.840437
-38.177094 -2.629025 9.768007
-38.534276 -7.951395 7.688508
-38.788244 -2.632208 7.097636
-37.544828 -5.251316 11.484597
-38.940781 -5.298110 6.025398
-37.739021 -7.955694 10.451414
-39.277945 -10.856157 -3.332304
-39.277945 -10.856157 3.332304
-39.428007 -8.070784 -1.661580
-39.413334 -13.986110 -1.728778
-39.428007 -8.070784 1.661580
-39.413334 -13.986110 1.728778
