-25.708981 41.598005 0
23.409465 37.87731 0
-23.409465 -37.87731 0
25.708981 -41.598005 0
0 -16.139718 26.114612
0 16.139718 26.114612
0 -16.139718 -26.114612
0 16.139718 -26.114612
27.794356 0 -17.177857
27.794356 0 17.177857
-27.794356 0 -17.177857
-27.794356 0 17.177857
0 42.722041 0
0 -42.722041 0
-11.450148 -29.976877 18.526729
12.158686 -31.831853 19.673167
-12.158686 31.831853 19.673167
11.450148 29.976877 18.526729
0 0 28.058576
-11.450148 -29.976877 -18.526729
12.158686 -31.831853 -19.673167
-12.158686 31.831853 -19.673167
11.450148 29.976877 -18.526729
0 0 -28.058576
27.949522 17.273755 -10.675767
34.606071 -21.387728 -13.218343
15.658534 -9.677506 -25.33604
14.957198 9.2440567 -24.201255
27.949522 17.273755 10.675767
34.606071 -21.387728 13.218343
15.658534 -9.677506 25.33604
14.957198 9.2440567 24.201255
37.296171 0 0
-34.606071 21.387728 -13.218343
-27.949522 -17.273755 -10.675767
-14.957198 -9.2440567 -24.201255
-15.658534 9.677506 -25.33604
-34.606071 21.387728 13.218343
-27.949522 -17.273755 10.675767
-14.957198 -9.2440567 24.201255
-15.658534 9.677506 25.33604
-37.296171 0 0
-12.061587 42.45856 0
12.093537 42.57103 0
-12.093537 -42.57103 0
12.061587 -42.45856 0
-18.079188 -35.945509 10.829128
-5.3379266 -23.056296 23.330998
-6.7959485 -39.784175 10.996076
19.631692 -39.032238 11.759052
5.4792141 -23.666564 23.948537
6.8519223 -40.111852 11.086643
0 -31.854722 19.687301
-19.631692 39.032238 11.759052
-5.4792141 23.666564 23.948537
-6.8519223 40.111852 11.086643
18.079188 35.945509 10.829128
5.3379266 23.056296 23.330998
6.7959485 39.784175 10.996076
0 31.854722 19.687301
0 -7.8415206 27.603305
0 7.8415206 27.603305
-18.079188 -35.945509 -10.829128
-5.3379266 -23.056296 -23.330998
-6.7959485 -39.784175 -10.996076
19.631692 -39.032238 -11.759052
5.4792141 -23.666564 -23.948537
6.8519223 -40.111852 -11.086643
0 -31.854722 -19.687301
-19.631692 39.032238 -11.759052
-5.4792141 23.666564 -23.948537
-6.8519223 40.111852 -11.086643
18.079188 35.945509 -10.829128
5.3379266 23.056296 -23.330998
6.7959485 39.784175 -10.996076
0 31.854722 -19.687301
0 -7.8415206 -27.603305
0 7.8415206 -27.603305
27.079187 27.401819 -6.2692944
28.151956 8.481202 -14.159335
21.050641 24.646519 -15.232387
35.113753 -35.532111 -8.1294337
31.215342 -9.4040933 -15.700098
24.917395 -29.173794 -18.030396
7.9911361 -13.341171 -26.525263
22.452631 -5.1369639 -22.188271
14.800166 -20.453327 -23.947172
7.5833576 -4.6867728 -27.436846
24.623821 -15.218358 -21.031254
7.7648498 12.963387 -25.774142
21.567848 4.9345333 -21.313906
13.733112 18.978694 -22.220642
7.5021757 4.6365996 -27.143127
21.934279 13.55613 -18.734111
15.595602 0 -25.234213
27.079187 27.401819 6.2692944
28.151956 8.481202 14.159335
21.050641 24.646519 15.232387
31.465039 19.446463 0
35.113753 -35.532111 8.1294337
31.215342 -9.4040933 15.700098
24.917395 -29.173794 18.030396
41.727957 -25.789296 0
7.9911361 -13.341171 26.525263
22.452631 -5.1369639 22.188271
14.800166 -20.453327 23.947172
7.5833576 -4.6867728 27.436846
24.623821 -15.218358 21.031254
7.7648498 12.963387 25.774142
21.567848 4.9345333 21.313906
13.733112 18.978694 22.220642
7.5021757 4.6365996 27.143127
21.934279 13.55613 18.734111
15.595602 0 25.234213
33.957251 0 -9.6465434
33.957251 0 9.6465434
33.369238 9.2230307 -5.7001464
38.277012 -10.579506 -6.5384943
33.369238 9.2230307 5.7001464
38.277012 -10.579506 6.5384943
-35.113753 35.532111 -8.1294337
-31.215342 9.4040933 -15.700098
-24.917395 29.173794 -18.030396
-27.079187 -27.401819 -6.2692944
-28.151956 -8.481202 -14.159335
-21.050641 -24.646519 -15.232387
-7.7648498 -12.963387 -25.774142
-21.567848 -4.9345333 -21.313906
-13.733112 -18.978694 -22.220642
-7.5021757 -4.6365996 -27.143127
-21.934279 -13.55613 -18.734111
-7.9911361 13.341171 -26.525263
-22.452631 5.1369639 -22.188271
-14.800166 20.453327 -23.947172
-7.5833576 4.6867728 -27.436846
-24.623821 15.218358 -21.031254
-15.595602 0 -25.234213
-35.113753 35.532111 8.1294337
-31.215342 9.4040933 15.700098
-24.917395 29.173794 18.030396
-41.727957 25.789296 0
-27.079187 -27.401819 6.2692944
-28.151956 -8.481202 14.159335
-21.050641 -24.646519 15.232387
-31.465039 -19.446463 0
-7.7648498 -12.963387 25.774142
-21.567848 -4.9345333 21.313906
-13.733112 -18.978694 22.220642
-7.5021757 -4.6365996 27.143127
-21.934279 -13.55613 18.734111
-7.9911361 13.341171 26.525263
-22.452631 5.1369639 22.188271
-14.800166 20.453327 23.947172
-7.5833576 4.6867728 27.436846
-24.623821 15.218358 21.031254
-15.595602 0 25.234213
-33.957251 0 -9.6465434
-33.957251 0 9.6465434
-38.277012 10.579506 -6.5384943
-33.369238 -9.2230307 -5.7001464
-38.277012 10.579506 6.5384943
-33.369238 -9.2230307 5.7001464
-18.598456 42.192065 0
-5.935702 42.615835 0
18.245043 41.390319 0
5.9566333 42.766114 0
-18.245043 -41.390319 0
-5.9566333 -42.766114 0
18.598456 -42.192065 0
5.935702 -42.615835 0
-21.216787 -37.880769 5.7461008
-14.746162 -33.181801 15.083329
-15.830829 -40.846822 5.8181075
-2.5791015 -19.581648 24.931597
-8.296456 -26.547822 21.234874
-3.505308 -42.096888 5.6717075
-9.5071771 -35.491309 15.382936
-9.5404337 -41.885921 5.7555648
-12.685256 -38.580745 11.119862
22.998372 -41.061637 6.228604
15.900717 -35.779779 16.264283
16.145043 -41.65756 5.9335868
2.6095317 -19.812688 25.225759
8.6572144 -27.702212 22.158239
0 -23.542849 23.823348
3.5024406 -42.062453 5.667068
9.8225202 -36.668519 15.893171
9.5499645 -41.927765 5.7613146
0 -40.092274 11.081232
13.069199 -39.748462 11.456426
-5.8187157 -31.251146 19.31427
5.9654157 -32.039042 19.801217
-2.8570215 -27.471159 21.838765
-3.2697084 -36.261622 15.871498
2.8950632 -27.836941 22.129552
3.2985275 -36.58123 16.011389
-22.998372 41.061637 6.228604
-15.900717 35.779779 16.264283
-16.145043 41.65756 5.9335868
-2.6095317 19.812688 25.225759
-8.6572144 27.702212 22.158239
-3.5024406 42.062453 5.667068
-9.8225202 36.668519 15.893171
-9.5499645 41.927765 5.7613146
-13.069199 39.748462 11.456426
21.216787 37.880769 5.7461008
14.746162 33.181801 15.083329
15.830829 40.846822 5.8181075
2.5791015 19.581648 24.931597
8.296456 26.547822 21.234874
0 23.542849 23.823348
3.505308 42.096888 5.6717075
9.5071771 35.491309 15.382936
9.5404337 41.885921 5.7555648
0 40.092274 11.081232
12.685256 38.580745 11.119862
-5.9654157 32.039042 19.801217
5.8187157 31.251146 19.31427
-2.8950632 27.836941 22.129552
-3.2985275 36.58123 16.011389
2.8570215 27.471159 21.838765
3.2697084 36.261622 15.871498
0 -11.904658 27.006656
0 -3.8925003 27.94651
0 11.904658 27.006656
0 3.8925003 27.94651
-21.216787 -37.880769 -5.7461008
-14.746162 -33.181801 -15.083329
-15.830829 -40.846822 -5.8181075
-2.5791015 -19.581648 -24.931597
-8.296456 -26.547822 -21.234874
-3.505308 -42.096888 -5.6717075
-9.5071771 -35.491309 -15.382936
-9.5404337 -41.885921 -5.7555648
-12.685256 -38.580745 -11.119862
22.998372 -41.061637 -6.228604
15.900717 -35.779779 -16.264283
16.145043 -41.65756 -5.9335868
2.6095317 -19.812688 -25.225759
8.6572144 -27.702212 -22.158239
0 -23.542849 -23.823348
3.5024406 -42.062453 -5.667068
9.8225202 -36.668519 -15.893171
9.5499645 -41.927765 -5.7613146
0 -40.092274 -11.081232
13.069199 -39.748462 -11.456426
-5.8187157 -31.251146 -19.31427
5.9654157 -32.039042 -19.801217
-2.8570215 -27.471159 -21.838765
-3.2697084 -36.261622 -15.871498
2.8950632 -27.836941 -22.129552
3.2985275 -36.58123 -16.011389
-22.998372 41.061637 -6.228604
-15.900717 35.779779 -16.264283
-16.145043 41.65756 -5.9335868
-2.6095317 19.812688 -25.225759
-8.6572144 27.702212 -22.158239
-3.5024406 42.062453 -5.667068
-9.8225202 36.668519 -15.893171
-9.5499645 41.927765 -5.7613146
-13.069199 39.748462 -11.456426
21.216787 37.880769 -5.7461008
14.746162 33.181801 -15.083329
15.830829 40.846822 -5.8181075
2.5791015 19.581648 -24.931597
8.296456 26.547822 -21.234874
0 23.542849 -23.823348
3.505308 42.096888 -5.6717075
9.5071771 35.491309 -15.382936
9.5404337 41.885921 -5.7555648
0 40.092274 -11.081232
12.685256 38.580745 -11.119862
-5.9654157 32.039042 -19.801217
5.8187157 31.251146 -19.31427
-2.8950632 27.836941 -22.129552
-3.2985275 36.58123 -16.011389
2.8570215 27.471159 -21.838765
3.2697084 36.261622 -15.871498
0 -11.904658 -27.006656
0 -3.8925003 -27.94651
0 11.904658 -27.006656
0 3.8925003 -27.94651
25.921128 33.0031 -3.4140752
27.641883 22.109983 -8.6383609
23.249408 32.260082 -8.6698314
28.059065 4.2562551 -15.715711
28.111285 12.778443 -12.492799
16.621824 27.750072 -17.150488
24.756429 21.059076 -13.015225
19.928102 30.25005 -13.365401
24.238985 26.294354 -11.082359
31.389416 -39.965393 -4.1343042
35.731282 -28.580471 -11.166378
27.577053 -38.264974 -10.283634
29.488586 -4.4730979 -16.516377
32.959536 -14.982295 -14.647386
18.578968 -31.017517 -19.16988
30.480222 -25.928026 -16.024401
23.02071 -34.944504 -15.439555
30.14813 -32.704572 -13.784092
4.0187919 -14.838907 -26.493605
11.890875 -11.625071 -26.158725
6.8652538 -18.410172 -25.545324
3.8809775 -10.559978 -27.246935
25.321218 -2.6194067 -19.887662
19.209189 -7.5050217 -24.015312
26.816338 -7.2068362 -19.326175
13.779334 -26.209851 -22.295431
15.383772 -14.909567 -24.891466
10.182845 -22.271597 -24.160139
19.587832 -24.670166 -21.529111
11.246518 -16.768801 -25.454361
3.7598745 -2.3237302 -27.906766
11.531276 -7.1267208 -26.604811
3.8082486 -6.3125591 -27.714395
7.8185207 -8.9191694 -27.126626
29.511775 -18.23928 -17.677054
20.011109 -12.367545 -23.524469
28.257753 -12.485143 -18.615618
25.143194 -21.941912 -19.963411
23.581415 -9.9389283 -21.73811
19.979983 -18.17839 -22.895024
3.9572739 14.611759 -26.088052
11.433099 11.177527 -25.151663
6.6606244 17.861429 -24.783906
3.8365979 10.439223 -26.935362
24.702296 2.555381 -19.401552
18.331747 7.1622057 -22.918335
25.033219 6.7276267 -18.041105
22.094314 0 -21.834174
12.785208 24.31891 -20.6869
14.432763 13.987873 -23.352701
9.6839111 21.180344 -22.976353
17.435364 21.95921 -19.163319
10.71415 15.975029 -24.249446
3.7498481 2.3175336 -27.832348
11.249522 6.9525871 -25.954752
3.7811773 6.2676858 -27.517386
7.5836308 0 -27.437834
7.6624097 8.7410819 -26.584994
25.066833 15.492155 -15.014609
18.549591 11.464278 -21.806353
25.135818 11.105776 -16.558952
21.604769 18.854007 -17.153942
21.819219 9.1962103 -20.113661
18.060763 16.432225 -20.695793
15.711121 -4.7332127 -25.421128
15.341284 4.6217936 -24.822719
19.002869 -2.48602 -23.903862
11.658935 -2.4018727 -26.637176
18.698749 2.4462339 -23.521307
11.556778 2.3808272 -26.403779
25.921128 33.0031 3.4140752
27.641883 22.109983 8.6383609
23.249408 32.260082 8.6698314
28.345139 28.682854 0
28.059065 4.2562551 15.715711
28.111285 12.778443 12.492799
16.621824 27.750072 17.150488
24.756429 21.059076 13.015225
19.928102 30.25005 13.365401
24.238985 26.294354 11.082359
30.38078 18.776354 -5.6566605
30.38078 18.776354 5.6566605
29.703157 23.613138 -3.089151
29.703157 23.613138 3.089151
31.389416 -39.965393 4.1343042
35.731282 -28.580471 11.166378
27.577053 -38.264974 10.283634
37.196253 -37.639423 0
29.488586 -4.4730979 16.516377
32.959536 -14.982295 14.647386
18.578968 -31.017517 19.16988
30.480222 -25.928026 16.024401
23.02071 -34.944504 15.439555
30.14813 -32.704572 13.784092
39.387641 -24.342901 -7.3336667
39.387641 -24.342901 7.3336667
39.991545 -31.792105 -4.1591513
39.991545 -31.792105 4.1591513
4.0187919 -14.838907 26.493605
11.890875 -11.625071 26.158725
6.8652538 -18.410172 25.545324
3.8809775 -10.559978 27.246935
25.321218 -2.6194067 19.887662
19.209189 -7.5050217 24.015312
26.816338 -7.2068362 19.326175
13.779334 -26.209851 22.295431
15.383772 -14.909567 24.891466
10.182845 -22.271597 24.160139
19.587832 -24.670166 21.529111
11.246518 -16.768801 25.454361
3.7598745 -2.3237302 27.906766
11.531276 -7.1267208 26.604811
3.8082486 -6.3125591 27.714395
7.8185207 -8.9191694 27.126626
29.511775 -18.23928 17.677054
20.011109 -12.367545 23.524469
28.257753 -12.485143 18.615618
25.143194 -21.941912 19.963411
23.581415 -9.9389283 21.73811
19.979983 -18.17839 22.895024
3.9572739 14.611759 26.088052
11.433099 11.177527 25.151663
6.6606244 17.861429 24.783906
3.8365979 10.439223 26.935362
24.702296 2.555381 19.401552
18.331747 7.1622057 22.918335
25.033219 6.7276267 18.041105
22.094314 0 21.834174
12.785208 24.31891 20.6869
14.432763 13.987873 23.352701
9.6839111 21.180344 22.976353
17.435364 21.95921 19.163319
10.71415 15.975029 24.249446
3.7498481 2.3175336 27.832348
11.249522 6.9525871 25.954752
3.7811773 6.2676858 27.517386
7.5836308 0 27.437834
7.6624097 8.7410819 26.584994
25.066833 15.492155 15.014609
18.549591 11.464278 21.806353
25.135818 11.105776 16.558952
21.604769 18.854007 17.153942
21.819219 9.1962103 20.113661
18.060763 16.432225 20.695793
15.711121 -4.7332127 25.421128
15.341284 4.6217936 24.822719
19.002869 -2.48602 23.903862
11.658935 -2.4018727 26.637176
18.698749 2.4462339 23.521307
11.556778 2.3808272 26.403779
31.009516 0 -13.669137
36.317663 0 -5.0584677
31.054161 4.4232681 -12.035529
32.914975 -4.6883173 -12.756716
31.009516 0 13.669137
36.317663 0 5.0584677
31.054161 4.4232681 12.035529
32.914975 -4.6883173 12.756716
30.801425 13.350207 -8.2508818
35.59025 4.7950692 -2.9635157
30.989743 8.9319602 -10.189353
32.715202 14.319251 -2.9499279
33.784014 4.6422778 -7.6950474
37.137961 -16.096641 -9.9482713
38.262903 -5.1551552 -3.1860611
35.026788 -10.09553 -11.516723
40.649274 -17.791947 -3.6653427
36.109387 -4.9618084 -8.2247018
30.801425 13.350207 8.2508818
35.59025 4.7950692 2.9635157
30.989743 8.9319602 10.189353
32.715202 14.319251 2.9499279
33.784014 4.6422778 7.6950474
34.526258 9.542823 0
37.137961 -16.096641 9.9482713
38.262903 -5.1551552 3.1860611
35.026788 -10.09553 11.516723
40.649274 -17.791947 3.6653427
36.109387 -4.9618084 8.2247018
40.028212 -11.063526 0
-31.389416 39.965393 -4.1343042
-35.731282 28.580471 -11.166378
-27.577053 38.264974 -10.283634
-29.488586 4.4730979 -16.516377
-32.959536 14.982295 -14.647386
-18.578968 31.017517 -19.16988
-30.480222 25.928026 -16.024401
-23.02071 34.944504 -15.439555
-30.14813 32.704572 -13.784092
-25.921128 -33.0031 -3.4140752
-27.641883 -22.109983 -8.6383609
-23.249408 -32.260082 -8.6698314
-28.059065 -4.2562551 -15.715711
-28.111285 -12.778443 -12.492799
-16.621824 -27.750072 -17.150488
-24.756429 -21.059076 -13.015225
-19.928102 -30.25005 -13.365401
-24.238985 -26.294354 -11.082359
-3.9572739 -14.611759 -26.088052
-11.433099 -11.177527 -25.151663
-6.6606244 -17.861429 -24.783906
-3.8365979 -10.439223 -26.935362
-24.702296 -2.555381 -19.401552
-18.331747 -7.1622057 -22.918335
-25.033219 -6.7276267 -18.041105
-12.785208 -24.31891 -20.6869
-14.432763 -13.987873 -23.352701
-9.6839111 -21.180344 -22.976353
-17.435364 -21.95921 -19.163319
-10.71415 -15.975029 -24.249446
-3.7498481 -2.3175336 -27.832348
-11.249522 -6.9525871 -25.954752
-3.7811773 -6.2676858 -27.517386
-7.6624097 -8.7410819 -26.584994
-25.066833 -15.492155 -15.014609
-18.549591 -11.464278 -21.806353
-25.135818 -11.105776 -16.558952
-21.604769 -18.854007 -17.153942
-21.819219 -9.1962103 -20.113661
-18.060763 -16.432225 -20.695793
-4.0187919 14.838907 -26.493605
-11.890875 11.625071 -26.158725
-6.8652538 18.410172 -25.545324
-3.8809775 10.559978 -27.246935
-25.321218 2.6194067 -19.887662
-19.209189 7.5050217 -24.015312
-26.816338 7.2068362 -19.326175
-22.094314 0 -21.834174
-13.779334 26.209851 -22.295431
-15.383772 14.909567 -24.891466
-10.182845 22.271597 -24.160139
-19.587832 24.670166 -21.529111
-11.246518 16.768801 -25.454361
-3.7598745 2.3237302 -27.906766
-11.531276 7.1267208 -26.604811
-3.8082486 6.3125591 -27.714395
-7.5836308 0 -27.437834
-7.8185207 8.9191694 -27.126626
-29.511775 18.23928 -17.677054
-20.011109 12.367545 -23.524469
-28.257753 12.485143 -18.615618
-25.143194 21.941912 -19.963411
-23.581415 9.9389283 -21.73811
-19.979983 18.17839 -22.895024
-15.341284 -4.6217936 -24.822719
-15.711121 4.7332127 -25.421128
-18.698749 -2.4462339 -23.521307
-11.556778 -2.3808272 -26.403779
-19.002869 2.48602 -23.903862
-11.658935 2.4018727 -26.637176
-31.389416 39.965393 4.1343042
-35.731282 28.580471 11.166378
-27.577053 38.264974 10.283634
-37.196253 37.639423 0
-29.488586 4.4730979 16.516377
-32.959536 14.982295 14.647386
-18.578968 31.017517 19.16988
-30.480222 25.928026 16.024401
-23.02071 34.944504 15.439555
-30.14813 32.704572 13.784092
-39.387641 24.342901 -7.3336667
-39.387641 24.342901 7.3336667
-39.991545 31.792105 -4.1591513
-39.991545 31.792105 4.1591513
-25.921128 -33.0031 3.4140752
-27.641883 -22.109983 8.6383609
-23.249408 -32.260082 8.6698314
-28.345139 -28.682854 0
-28.059065 -4.2562551 15.715711
-28.111285 -12.778443 12.492799
-16.621824 -27.750072 17.150488
-24.756429 -21.059076 13.015225
-19.928102 -30.25005 13.365401
-24.238985 -26.294354 11.082359
-30.38078 -18.776354 -5.6566605
-30.38078 -18.776354 5.6566605
-29.703157 -23.613138 -3.089151
-29.703157 -23.613138 3.089151
-3.9572739 -14.611759 26.088052
-11.433099 -11.177527 25.151663
-6.6606244 -17.861429 24.783906
-3.8365979 -10.439223 26.935362
-24.702296 -2.555381 19.401552
-18.331747 -7.1622057 22.918335
-25.033219 -6.7276267 18.041105
-12.785208 -24.31891 20.6869
-14.432763 -13.987873 23.352701
-9.6839111 -21.180344 22.976353
-17.435364 -21.95921 19.163319
-10.71415 -15.975029 24.249446
-3.7498481 -2.3175336 27.832348
-11.249522 -6.9525871 25.954752
-3.7811773 -6.2676858 27.517386
-7.6624097 -8.7410819 26.584994
-25.066833 -15.492155 15.014609
-18.549591 -11.464278 21.806353
-25.135818 -11.105776 16.558952
-21.604769 -18.854007 17.153942
-21.819219 -9.1962103 20.113661
-18.060763 -16.432225 20.695793
-4.0187919 14.838907 26.493605
-11.890875 11.625071 26.158725
-6.8652538 18.410172 25.545324
-3.8809775 10.559978 27.246935
-25.321218 2.6194067 19.887662
-19.209189 7.5050217 24.015312
-26.816338 7.2068362 19.326175
-22.094314 0 21.834174
-13.779334 26.209851 22.295431
-15.383772 14.909567 24.891466
-10.182845 22.271597 24.160139
-19.587832 24.670166 21.529111
-11.246518 16.768801 25.454361
-3.7598745 2.3237302 27.906766
-11.531276 7.1267208 26.604811
-3.8082486 6.3125591 27.714395
-7.5836308 0 27.437834
-7.8185207 8.9191694 27.126626
-29.511775 18.23928 17.677054
-20.011109 12.367545 23.524469
-28.257753 12.485143 18.615618
-25.143194 21.941912 19.963411
-23.581415 9.9389283 21.73811
-19.979983 18.17839 22.895024
-15.341284 -4.6217936 24.822719
-15.711121 4.7332127 25.421128
-18.698749 -2.4462339 23.521307
-11.556778 -2.3808272 26.403779
-19.002869 2.48602 23.903862
-11.658935 2.4018727 26.637176
-31.009516 0 -13.669137
-36.317663 0 -5.0584677
-32.914975 4.6883173 -12.756716
-31.054161 -4.4232681 -12.035529
-31.009516 0 13.669137
-36.317663 0 5.0584677
-32.914975 4.6883173 12.756716
-31.054161 -4.4232681 12.035529
-37.137961 16.096641 -9.9482713
-38.262903 5.1551552 -3.1860611
-35.026788 10.09553 -11.516723
-40.649274 17.791947 -3.6653427
-36.109387 4.9618084 -8.2247018
-30.801425 -13.350207 -8.2508818
-35.59025 -4.7950692 -2.9635157
-30.989743 -8.9319602 -10.189353
-32.715202 -14.319251 -2.9499279
-33.784014 -4.6422778 -7.6950474
-37.137961 16.096641 9.9482713
-38.262903 5.1551552 3.1860611
-35.026788 10.09553 11.516723
-40.649274 17.791947 3.6653427
-36.109387 4.9618084 8.2247018
-40.028212 11.063526 0
-30.801425 -13.350207 8.2508818
-35.59025 -4.7950692 2.9635157
-30.989743 -8.9319602 10.189353
-32.715202 -14.319251 2.9499279
-33.784014 -4.6422778 7.6950474
-34.526258 -9.542823 0
-22.080366 41.962914 0
-15.265224 42.346468 0
-2.9576479 42.674315 0
-8.9611066 42.545384 0
21.034859 39.975967 0
15.208235 42.18838 0
2.9633229 42.756197 0
8.9988368 42.724519 0
-21.034859 -39.975967 0
-15.208235 -42.18838 0
-2.9633229 -42.756197 0
-8.9988368 -42.724519 0
22.080366 -41.962914 0
15.265224 -42.346468 0
2.9576479 -42.674315 0
8.9611066 -42.545384 0
-22.507287 -38.224209 2.9232273
-19.700691 -37.061692 8.3899979
-20.021745 -40.142241 2.9588527
-13.08577 -31.620007 16.903255
-16.41696 -34.634584 13.059775
-14.092805 -42.094459 2.9380953
-17.170926 -38.736662 8.4876683
-17.14291 -41.402881 2.9635021
-18.6786 -39.66009 5.8264503
-1.2686129 -17.857033 25.572015
-3.9345387 -21.314837 24.187374
-9.850908 -28.278469 19.965513
-6.7916095 -24.802989 22.351415
-1.7620449 -42.586225 2.8510486
-5.1984417 -41.186583 8.4112554
-4.7416348 -42.59665 2.8655302
-10.569859 -32.808486 17.102391
-8.245514 -37.864283 13.341522
-12.198224 -34.483272 15.300586
-10.856679 -42.432038 2.9220375
-8.1787143 -40.991156 8.4583628
-7.7881105 -42.561652 2.8882749
-12.705077 -41.534759 5.8093796
-6.5043749 -42.036302 5.7192727
-15.488725 -37.479676 11.039553
-9.7631607 -39.314256 11.0944
-13.855554 -36.060954 13.269595
-14.286397 -39.871571 8.572824
-11.091217 -37.124062 13.357676
-11.23823 -40.580135 8.5546244
24.452911 -41.52847 3.1759233
21.380805 -40.222387 9.1055136
20.882845 -41.868688 3.0861077
14.011074 -33.85588 18.098497
17.789634 -37.530491 14.151744
14.139948 -42.235273 2.9479238
18.010899 -40.631595 8.9028708
17.426244 -42.087178 3.0124821
19.507547 -41.420185 6.0850253
1.2755946 -17.955308 25.712749
4.008544 -21.71575 24.642318
0 -19.73538 25.12733
10.369364 -29.766772 21.016303
7.0273995 -25.664095 23.127408
-2.6851054 -23.34831 23.626491
2.7196363 -23.648574 23.930332
-1.3249214 -21.544625 24.42981
1.3331172 -21.677898 24.58093
1.7603089 -42.544268 2.8482396
5.2079064 -41.26157 8.4265695
4.7300914 -42.492949 2.8585541
0 -42.095972 5.6715841
11.080921 -34.394805 17.929306
8.4022077 -38.583837 13.595058
12.837279 -36.289822 16.10217
10.834483 -42.345287 2.9160635
8.2182798 -41.189456 8.4992811
7.7635653 -42.427514 2.8791721
12.790482 -41.81396 5.8484308
6.499378 -42.004008 5.714879
-3.3930366 -39.993797 11.054014
3.4042137 -40.125541 11.090427
-1.7387551 -41.259304 8.4456443
1.7394757 -41.276404 8.4491445
16.305575 -39.456293 11.621761
9.9228486 -39.957286 11.275862
14.604245 -38.009524 13.986624
14.647435 -40.879185 8.7894719
11.456178 -38.345644 13.797216
11.369913 -41.055628 8.6548622
-8.669897 -30.719314 18.98558
-2.9251465 -31.616572 19.540116
-7.1172206 -28.916457 20.366359
-7.6303348 -33.432386 17.485841
9.0291296 -31.992153 19.772238
2.9598668 -31.991848 19.77205
7.3637097 -29.917915 21.071703
7.8617166 -34.446187 18.016081
-4.1423029 -25.254771 22.655614
-1.476828 -29.682495 20.85732
-5.5995512 -27.077762 21.591463
-1.3956103 -25.508976 22.901682
-4.3068743 -29.374909 20.657257
-5.011673 -38.164161 13.563402
-1.5934703 -34.13721 17.911015
-6.4015639 -35.976114 15.670733
-1.6840944 -38.394613 13.62461
-4.6112361 -33.859535 17.746443
4.2257983 -25.763826 23.112277
1.4863106 -29.873084 20.991244
5.7529459 -27.819533 22.182942
1.4047901 -25.676765 23.052321
4.390991 -29.948625 21.060709
0 -27.705208 22.024827
5.0606162 -38.536865 13.69586
1.6020473 -34.320957 18.007423
6.523683 -36.66241 15.969675
1.6890637 -38.507906 13.664813
4.6873768 -34.418624 18.039472
0 -36.471758 15.963473
-24.452911 41.52847 3.1759233
-21.380805 40.222387 9.1055136
-20.882845 41.868688 3.0861077
-14.011074 33.85588 18.098497
-17.789634 37.530491 14.151744
-14.139948 42.235273 2.9479238
-18.010899 40.631595 8.9028708
-17.426244 42.087178 3.0124821
-19.507547 41.420185 6.0850253
-1.2755946 17.955308 25.712749
-4.008544 21.71575 24.642318
-10.369364 29.766772 21.016303
-7.0273995 25.664095 23.127408
-1.7603089 42.544268 2.8482396
-5.2079064 41.26157 8.4265695
-4.7300914 42.492949 2.8585541
-11.080921 34.394805 17.929306
-8.4022077 38.583837 13.595058
-12.837279 36.289822 16.10217
-10.834483 42.345287 2.9160635
-8.2182798 41.189456 8.4992811
-7.7635653 42.427514 2.8791721
-12.790482 41.81396 5.8484308
-6.499378 42.004008 5.714879
-16.305575 39.456293 11.621761
-9.9228486 39.957286 11.275862
-14.604245 38.009524 13.986624
-14.647435 40.879185 8.7894719
-11.456178 38.345644 13.797216
-11.369913 41.055628 8.6548622
22.507287 38.224209 2.9232273
19.700691 37.061692 8.3899979
20.021745 40.142241 2.9588527
13.08577 31.620007 16.903255
16.41696 34.634584 13.059775
14.092805 42.094459 2.9380953
17.170926 38.736662 8.4876683
17.14291 41.402881 2.9635021
18.6786 39.66009 5.8264503
1.2686129 17.857033 25.572015
3.9345387 21.314837 24.187374
0 19.73538 25.12733
9.850908 28.278469 19.965513
6.7916095 24.802989 22.351415
-2.7196363 23.648574 23.930332
2.6851054 23.34831 23.626491
-1.3331172 21.677898 24.58093
1.3249214 21.544625 24.42981
1.7620449 42.586225 2.8510486
5.1984417 41.186583 8.4112554
4.7416348 42.59665 2.8655302
0 42.095972 5.6715841
10.569859 32.808486 17.102391
8.245514 37.864283 13.341522
12.198224 34.483272 15.300586
10.856679 42.432038 2.9220375
8.1787143 40.991156 8.4583628
7.7881105 42.561652 2.8882749
12.705077 41.534759 5.8093796
6.5043749 42.036302 5.7192727
-3.4042137 40.125541 11.090427
3.3930366 39.993797 11.054014
-1.7394757 41.276404 8.4491445
1.7387551 41.259304 8.4456443
15.488725 37.479676 11.039553
9.7631607 39.314256 11.0944
13.855554 36.060954 13.269595
14.286397 39.871571 8.572824
11.091217 37.124062 13.357676
11.23823 40.580135 8.5546244
-9.0291296 31.992153 19.772238
-2.9598668 31.991848 19.77205
-7.3637097 29.917915 21.071703
-7.8617166 34.446187 18.016081
8.669897 30.719314 18.98558
2.9251465 31.616572 19.540116
7.1172206 28.916457 20.366359
7.6303348 33.432386 17.485841
-4.2257983 25.763826 23.112277
-1.4863106 29.873084 20.991244
-5.7529459 27.819533 22.182942
-1.4047901 25.676765 23.052321
-4.390991 29.948625 21.060709
-5.0606162 38.536865 13.69586
-1.6020473 34.320957 18.007423
-6.523683 36.66241 15.969675
-1.6890637 38.507906 13.664813
-4.6873768 34.418624 18.039472
4.1423029 25.254771 22.655614
1.476828 29.682495 20.85732
5.5995512 27.077762 21.591463
1.3956103 25.508976 22.901682
4.3068743 29.374909 20.657257
0 27.705208 22.024827
5.011673 38.164161 13.563402
1.5934703 34.13721 17.911015
6.4015639 35.976114 15.670733
1.6840944 38.394613 13.62461
4.6112361 33.859535 17.746443
0 36.471758 15.963473
0 -13.997195 26.601148
0 -9.8551802 27.338746
0 -1.942734 28.030667
0 -5.8563766 27.804802
0 13.997195 26.601148
0 9.8551802 27.338746
0 1.942734 28.030667
0 5.8563766 27.804802
-22.507287 -38.224209 -2.9232273
-19.700691 -37.061692 -8.3899979
-20.021745 -40.142241 -2.9588527
-13.08577 -31.620007 -16.903255
-16.41696 -34.634584 -13.059775
-14.092805 -42.094459 -2.9380953
-17.170926 -38.736662 -8.4876683
-17.14291 -41.402881 -2.9635021
-18.6786 -39.66009 -5.8264503
-1.2686129 -17.857033 -25.572015
-3.9345387 -21.314837 -24.187374
-9.850908 -28.278469 -19.965513
-6.7916095 -24.802989 -22.351415
-1.7620449 -42.586225 -2.8510486
-5.1984417 -41.186583 -8.4112554
-4.7416348 -42.59665 -2.8655302
-10.569859 -32.808486 -17.102391
-8.245514 -37.864283 -13.341522
-12.198224 -34.483272 -15.300586
-10.856679 -42.432038 -2.9220375
-8.1787143 -40.991156 -8.4583628
-7.7881105 -42.561652 -2.8882749
-12.705077 -41.534759 -5.8093796
-6.5043749 -42.036302 -5.7192727
-15.488725 -37.479676 -11.039553
-9.7631607 -39.314256 -11.0944
-13.855554 -36.060954 -13.269595
-14.286397 -39.871571 -8.572824
-11.091217 -37.124062 -13.357676
-11.23823 -40.580135 -8.5546244
24.452911 -41.52847 -3.1759233
21.380805 -40.222387 -9.1055136
20.882845 -41.868688 -3.0861077
14.011074 -33.85588 -18.098497
17.789634 -37.530491 -14.151744
14.139948 -42.235273 -2.9479238
18.010899 -40.631595 -8.9028708
17.426244 -42.087178 -3.0124821
19.507547 -41.420185 -6.0850253
1.2755946 -17.955308 -25.712749
4.008544 -21.71575 -24.642318
0 -19.73538 -25.12733
10.369364 -29.766772 -21.016303
7.0273995 -25.664095 -23.127408
-2.6851054 -23.34831 -23.626491
2.7196363 -23.648574 -23.930332
-1.3249214 -21.544625 -24.42981
1.3331172 -21.677898 -24.58093
1.7603089 -42.544268 -2.8482396
5.2079064 -41.26157 -8.4265695
4.7300914 -42.492949 -2.8585541
0 -42.095972 -5.6715841
11.080921 -34.394805 -17.929306
8.4022077 -38.583837 -13.595058
12.837279 -36.289822 -16.10217
10.834483 -42.345287 -2.9160635
8.2182798 -41.189456 -8.4992811
7.7635653 -42.427514 -2.8791721
12.790482 -41.81396 -5.8484308
6.499378 -42.004008 -5.714879
-3.3930366 -39.993797 -11.054014
3.4042137 -40.125541 -11.090427
-1.7387551 -41.259304 -8.4456443
1.7394757 -41.276404 -8.4491445
16.305575 -39.456293 -11.621761
9.9228486 -39.957286 -11.275862
14.604245 -38.009524 -13.986624
14.647435 -40.879185 -8.7894719
11.456178 -38.345644 -13.797216
11.369913 -41.055628 -8.6548622
-8.669897 -30.719314 -18.98558
-2.9251465 -31.616572 -19.540116
-7.1172206 -28.916457 -20.366359
-7.6303348 -33.432386 -17.485841
9.0291296 -31.992153 -19.772238
2.9598668 -31.991848 -19.77205
7.3637097 -29.917915 -21.071703
7.8617166 -34.446187 -18.016081
-4.1423029 -25.254771 -22.655614
-1.476828 -29.682495 -20.85732
-5.5995512 -27.077762 -21.591463
-1.3956103 -25.508976 -22.901682
-4.3068743 -29.374909 -20.657257
-5.011673 -38.164161 -13.563402
-1.5934703 -34.13721 -17.911015
-6.4015639 -35.976114 -15.670733
-1.6840944 -38.394613 -13.62461
-4.6112361 -33.859535 -17.746443
4.2257983 -25.763826 -23.112277
1.4863106 -29.873084 -20.991244
5.7529459 -27.819533 -22.182942
1.4047901 -25.676765 -23.052321
4.390991 -29.948625 -21.060709
0 -27.705208 -22.024827
5.0606162 -38.536865 -13.69586
1.6020473 -34.320957 -18.007423
6.523683 -36.66241 -15.969675
1.6890637 -38.507906 -13.664813
4.6873768 -34.418624 -18.039472
0 -36.471758 -15.963473
-24.452911 41.52847 -3.1759233
-21.380805 40.222387 -9.1055136
-20.882845 41.868688 -3.0861077
-14.011074 33.85588 -18.098497
-17.789634 37.530491 -14.151744
-14.139948 42.235273 -2.9479238
-18.010899 40.631595 -8.9028708
-17.426244 42.087178 -3.0124821
-19.507547 41.420185 -6.0850253
-1.2755946 17.955308 -25.712749
-4.008544 21.71575 -24.642318
-10.369364 29.766772 -21.016303
-7.0273995 25.664095 -23.127408
-1.7603089 42.544268 -2.8482396
-5.2079064 41.26157 -8.4265695
-4.7300914 42.492949 -2.8585541
-11.080921 34.394805 -17.929306
-8.4022077 38.583837 -13.595058
-12.837279 36.289822 -16.10217
-10.834483 42.345287 -2.9160635
-8.2182798 41.189456 -8.4992811
-7.7635653 42.427514 -2.8791721
-12.790482 41.81396 -5.8484308
-6.499378 42.004008 -5.714879
-16.305575 39.456293 -11.621761
-9.9228486 39.957286 -11.275862
-14.604245 38.009524 -13.986624
-14.647435 40.879185 -8.7894719
-11.456178 38.345644 -13.797216
-11.369913 41.055628 -8.6548622
22.507287 38.224209 -2.9232273
19.700691 37.061692 -8.3899979
20.021745 40.142241 -2.9588527
13.08577 31.620007 -16.903255
16.41696 34.634584 -13.059775
14.092805 42.094459 -2.9380953
17.170926 38.736662 -8.4876683
17.14291 41.402881 -2.9635021
18.6786 39.66009 -5.8264503
1.2686129 17.857033 -25.572015
3.9345387 21.314837 -24.187374
0 19.73538 -25.12733
9.850908 28.278469 -19.965513
6.7916095 24.802989 -22.351415
-2.7196363 23.648574 -23.930332
2.6851054 23.34831 -23.626491
-1.3331172 21.677898 -24.58093
1.3249214 21.544625 -24.42981
1.7620449 42.586225 -2.8510486
5.1984417 41.186583 -8.4112554
4.7416348 42.59665 -2.8655302
0 42.095972 -5.6715841
10.569859 32.808486 -17.102391
8.245514 37.864283 -13.341522
12.198224 34.483272 -15.300586
10.856679 42.432038 -2.9220375
8.1787143 40.991156 -8.4583628
7.7881105 42.561652 -2.8882749
12.705077 41.534759 -5.8093796
6.5043749 42.036302 -5.7192727
-3.4042137 40.125541 -11.090427
3.3930366 39.993797 -11.054014
-1.7394757 41.276404 -8.4491445
1.7387551 41.259304 -8.4456443
15.488725 37.479676 -11.039553
9.7631607 39.314256 -11.0944
13.855554 36.060954 -13.269595
14.286397 39.871571 -8.572824
11.091217 37.124062 -13.357676
11.23823 40.580135 -8.5546244
-9.0291296 31.992153 -19.772238
-2.9598668 31.991848 -19.77205
-7.3637097 29.917915 -21.071703
-7.8617166 34.446187 -18.016081
8.669897 30.719314 -18.98558
2.9251465 31.616572 -19.540116
7.1172206 28.916457 -20.366359
7.6303348 33.432386 -17.485841
-4.2257983 25.763826 -23.112277
-1.4863106 29.873084 -20.991244
-5.7529459 27.819533 -22.182942
-1.4047901 25.676765 -23.052321
-4.390991 29.948625 -21.060709
-5.0606162 38.536865 -13.69586
-1.6020473 34.320957 -18.007423
-6.523683 36.66241 -15.969675
-1.6890637 38.507906 -13.664813
-4.6873768 34.418624 -18.039472
4.1423029 25.254771 -22.655614
1.476828 29.682495 -20.85732
5.5995512 27.077762 -21.591463
1.3956103 25.508976 -22.901682
4.3068743 29.374909 -20.657257
0 27.705208 -22.024827
5.011673 38.164161 -13.563402
1.5934703 34.13721 -17.911015
6.4015639 35.976114 -15.670733
1.6840944 38.394613 -13.62461
4.6112361 33.859535 -17.746443
0 36.471758 -15.963473
0 -13.997195 -26.601148
0 -9.8551802 -27.338746
0 -1.942734 -28.030667
0 -5.8563766 -27.804802
0 13.997195 -26.601148
0 9.8551802 -27.338746
0 1.942734 -28.030667
0 5.8563766 -27.804802
24.891 35.644949 -1.7683253
26.612055 30.198483 -4.9123605
23.82243 35.704343 -4.5970907
27.817774 19.640247 -9.6904231
27.405467 24.696659 -7.5042258
20.838205 34.317451 -9.804299
25.314448 29.910225 -7.4769756
22.411755 35.189429 -7.3076593
24.717747 32.831363 -6.1249932
27.951546 2.1376171 -16.458508
28.124022 6.366695 -14.949741
28.045939 14.992649 -11.606661
28.146884 10.613437 -13.341759
14.116094 28.989555 -17.91653
18.935705 26.285333 -16.245229
15.773631 30.477752 -16.21152
26.403923 19.183095 -11.855805
22.981788 22.889496 -14.146487
26.241532 21.632701 -10.899981
19.129511 33.14646 -12.203388
20.550038 27.39571 -14.361638
17.458435 31.881153 -14.296628
21.621112 31.338874 -11.118541
18.281613 29.047203 -15.350689
25.730964 26.942773 -8.760446
22.66969 25.519992 -13.238637
26.02397 24.229968 -9.8666491
23.821751 29.22262 -9.9501828
24.527554 23.609338 -12.09163
22.209281 28.359902 -12.257368
28.655303 -41.035586 -2.0357517
33.634098 -38.166866 -6.2085704
27.16732 -40.717565 -5.242565
35.284762 -24.912182 -12.291576
35.756082 -32.221883 -9.7908095
23.562977 -38.804749 -11.086294
31.518814 -37.240979 -9.3095217
25.44516 -39.952278 -8.2967425
29.616243 -39.337794 -7.3388279
28.638254 -2.1901336 -16.862858
30.347565 -6.8700589 -16.131698
33.809903 -18.073919 -13.992047
32.088815 -12.099834 -15.210253
15.349934 -31.523434 -19.482554
21.794851 -30.254216 -18.698134
17.361891 -33.546582 -17.843871
32.745528 -23.790426 -14.703292
27.845888 -27.734063 -17.140594
33.132047 -27.313027 -13.762104
21.493139 -37.242011 -13.71123
24.158125 -32.205731 -16.883192
19.435191 -35.490941 -15.915383
25.348767 -36.74195 -13.035467
20.782085 -33.020141 -17.450283
32.726137 -34.267386 -11.142045
27.51728 -30.977079 -16.069532
33.191756 -30.903631 -12.584222
29.181187 -35.797148 -12.188783
30.505045 -29.363056 -15.038423
26.678929 -34.06737 -14.72418
2.0147769 -15.512705 -26.345284
6.0116315 -14.11601 -26.555577
3.3386539 -17.301127 -25.93041
1.9751536 -13.365323 -26.796567
13.796111 -10.680353 -25.80764
9.9530409 -12.511599 -26.39551
6.2079457 -21.017953 -24.833711
7.4576223 -15.850543 -26.103507
4.7437868 -19.143812 -25.427781
5.4123543 -16.599071 -26.062744
1.9171625 -9.1958205 -27.467427
5.9019484 -11.939901 -26.935758
1.944774 -11.249895 -27.170302
3.953408 -12.673948 -26.91047
26.606404 -1.3199283 -18.579351
23.936348 -3.8937046 -21.093623
27.410694 -3.529247 -18.288793
17.466804 -8.6180549 -24.739385
20.874415 -6.3428143 -23.163987
29.0111 -8.2883049 -17.616089
24.630845 -6.1572332 -20.846258
28.215039 -5.8593134 -17.969844
26.069353 -4.8634779 -19.626833
13.054086 -29.072602 -21.121955
14.354162 -23.319169 -23.225522
11.224348 -27.02244 -22.276458
16.116708 -28.594593 -20.882836
15.553464 -12.254279 -25.166033
15.137538 -17.644562 -24.493051
13.605113 -13.237626 -25.577692
7.8361454 -23.016131 -24.100084
12.509473 -21.421077 -24.114389
9.4742091 -24.988882 -23.266235
8.4827891 -20.308661 -24.913042
11.935307 -24.210456 -23.304111
22.188871 -26.896176 -19.940463
17.125848 -22.519969 -22.849863
19.201722 -27.878873 -20.498254
16.702586 -25.544495 -21.998203
9.5860426 -15.026672 -26.037307
12.981566 -18.575296 -24.763138
11.599894 -14.165299 -25.867499
9.0663716 -17.630464 -25.554601
13.335794 -15.882013 -25.234537
10.759057 -19.494472 -24.893255
1.8759306 -1.1593888 -28.020849
5.659763 -3.4979259 -27.713616
1.8818958 -3.1140006 -27.974739
13.569376 -8.3863357 -26.030904
9.5381537 -5.8949032 -27.070027
11.722206 -9.3454001 -26.418598
1.9079309 -7.0888182 -27.705803
5.7005395 -5.5120696 -27.626115
1.8912737 -5.099739 -27.869831
3.8486966 -8.4170758 -27.516654
3.7878268 -4.3077935 -27.840294
7.9133792 -11.102637 -26.866204
7.708149 -6.7832328 -27.314694
9.8236385 -10.25743 -26.696351
5.8564938 -9.7597002 -27.23812
9.6859367 -8.0424793 -26.919452
5.7903106 -7.6067445 -27.467201
32.046163 -19.805618 -15.60447
27.03406 -16.707968 -19.475081
31.350386 -16.675686 -16.225259
30.088387 -21.973764 -16.958652
17.804192 -11.003595 -24.505978
22.2833 -13.771837 -22.373148
19.623374 -9.8875498 -23.80412
17.749305 -13.698349 -24.303891
29.822749 -10.979712 -17.211328
26.521846 -13.903533 -19.894536
30.597941 -13.72119 -16.755735
27.54195 -9.7714518 -19.001563
28.903335 -15.274658 -18.191066
25.165258 -25.533903 -19.137521
24.942498 -18.492032 -20.577121
27.765568 -23.910928 -18.154862
22.455088 -23.440031 -20.861418
27.462816 -20.192343 -18.915161
23.025057 -7.4866001 -21.989456
24.117084 -12.510871 -21.423471
21.376996 -8.7048947 -22.959762
25.266007 -8.6029722 -20.596391
21.849848 -11.190499 -22.699633
25.900104 -11.194225 -20.282958
17.436572 -19.402651 -23.518867
22.388652 -16.780173 -22.065417
17.631934 -16.5167 -23.980504
19.861669 -21.378966 -22.316706
20.040314 -15.216019 -23.270979
22.501518 -20.02615 -21.556011
1.9987961 15.389661 -26.136319
5.8786586 13.803774 -25.968187
3.2919858 17.05929 -25.567951
1.9612787 13.271435 -26.608328
13.213707 10.229481 -24.718167
9.6164688 12.088507 -25.50292
6.031114 20.419262 -24.12633
7.2358598 15.379206 -25.327284
4.6446979 18.743934 -24.896642
5.2926199 16.23186 -25.486174
1.9074907 9.1494287 -27.328857
5.7888153 11.711028 -26.419433
1.9329894 11.181725 -27.005661
3.9002035 12.503383 -26.548312
26.249365 1.3022158 -18.330029
23.144483 3.7648926 -20.395801
26.429896 3.402965 -17.634391
25.031718 0 -19.660285
16.663026 8.2214737 -23.60094
19.965428 6.0666131 -22.155299
26.63403 7.6091898 -16.172687
23.345064 5.8358128 -19.758039
26.554883 5.5145549 -16.912509
24.889259 4.6433207 -18.738376
22.297152 -2.5340286 -22.034623
21.850043 2.4832154 -21.592778
23.705506 -1.2856396 -20.905862
23.43896 1.2711838 -20.670796
12.178255 27.122047 -19.70483
13.296914 21.601608 -21.514859
10.5908 25.497183 -21.019083
14.69553 26.073109 -19.041378
14.71403 11.592905 -23.8078
14.108258 16.444816 -22.82764
12.934019 12.584658 -24.31603
7.5440668 22.158245 -23.201795
11.749651 20.119966 -22.649687
9.0344182 23.828903 -22.186221
8.1530379 19.519203 -23.944598
11.219279 22.758012 -21.906041
19.259862 23.345786 -17.308252
15.588198 20.498006 -20.79828
17.077604 24.794878 -18.230712
15.181495 23.218179 -19.994844
9.2296169 14.467954 -25.069195
12.216647 17.480774 -23.304007
11.093863 13.547355 -24.739062
8.71448 16.946176 -24.562755
12.601982 15.008093 -23.845988
10.229982 18.535834 -23.669133
1.8746802 1.1586161 -28.002172
5.6257712 3.4769178 -27.547171
1.8785427 3.1084522 -27.924894
3.7601166 0 -27.908563
13.112088 8.103716 -25.153662
9.3777568 5.7957724 -26.614808
11.351648 9.0499767 -25.583463
1.9003439 7.0606291 -27.595629
5.6471512 5.4604463 -27.367383
1.8858038 5.0849897 -27.789226
3.8127644 8.3384924 -27.259753
3.7692049 4.2866153 -27.703424
7.5941153 -2.3310186 -27.475767
7.5528456 2.3183509 -27.326452
5.6769234 -1.1687421 -27.733338
5.6653396 1.1663572 -27.676748
7.7210226 10.832757 -26.213147
7.5894448 6.6787722 -26.894053
9.5444376 9.9659006 -25.937605
5.7620187 9.60226 -26.798724
9.4661385 7.8599752 -26.308582
5.7160987 7.5092521 -27.115166
26.541721 16.403685 -12.924152
23.531787 14.543444 -16.952077
26.616933 14.157899 -13.775481
24.935109 18.210288 -14.054121
16.773874 10.366825 -23.087833
20.272526 12.52911 -20.354266
18.456195 9.2994479 -22.388274
16.533023 12.759661 -22.638452
26.660996 9.8156634 -15.386615
23.564491 12.3532 -17.676168
26.65814 11.954445 -14.598261
25.102255 8.9058863 -17.318384
25.115911 13.273103 -15.807353
21.362506 21.675444 -16.245627
21.792667 16.15679 -17.978566
23.205903 19.984273 -15.173468
19.598501 20.458146 -18.207567
23.387356 17.195815 -16.108166
21.711746 7.0595769 -20.735214
21.892844 11.357034 -19.447654
20.109975 8.1889529 -21.59893
23.445853 7.9832171 -19.112634
20.210829 10.351068 -20.99687
23.517058 10.164254 -18.41674
15.955379 17.754444 -21.520998
20.050481 15.027727 -19.761003
16.260872 15.232359 -22.115777
17.780331 19.138628 -19.978101
18.327172 13.915281 -21.281664
19.859087 17.67441 -19.024614
15.708564 -7.1734247 -25.41699
15.672032 -2.3460961 -25.357881
17.445012 -6.0963276 -24.768685
13.648315 -5.9557449 -26.095154
15.165641 6.9254952 -24.538523
15.484781 2.3180647 -25.054902
16.85699 5.8908378 -23.933804
13.308791 5.807586 -25.445994
20.719964 -3.7883929 -23.097055
17.296187 -1.2246776 -24.61457
19.129472 -4.9610561 -23.99019
20.588716 -1.25466 -22.932685
17.386537 -3.6249552 -24.7239
9.6343812 -3.5599009 -27.108838
13.649285 -1.2143214 -26.014633
11.612255 -4.7436577 -26.658856
9.6129142 -1.1882215 -27.089519
13.672787 -3.5527374 -26.087156
20.16545 3.6870067 -22.478924
17.173235 1.2159718 -24.439594
18.533185 4.8064145 -23.242389
20.40137 1.2432433 -22.724011
17.028216 3.5502481 -24.214362
18.871208 0 -23.738244
9.5331621 3.5225005 -26.824031
13.576599 1.2078549 -25.8761
11.416564 4.6637171 -26.209598
9.5786856 1.1839906 -26.993061
13.463896 3.4984591 -25.6886
11.623011 0 -26.5551
24.891 35.644949 1.7683253
26.612055 30.198483 4.9123605
23.82243 35.704343 4.5970907
26.291147 33.474213 0
27.817774 19.640247 9.6904231
27.405467 24.696659 7.5042258
20.838205 34.317451 9.804299
25.314448 29.910225 7.4769756
22.411755 35.189429 7.3076593
24.717747 32.831363 6.1249932
27.996617 28.330179 -3.2196705
27.996617 28.330179 3.2196705
27.303364 30.95974 -1.6790643
27.303364 30.95974 1.6790643
27.951546 2.1376171 16.458508
28.124022 6.366695 14.949741
28.045939 14.992649 11.606661
28.146884 10.613437 13.341759
14.116094 28.989555 17.91653
18.935705 26.285333 16.245229
15.773631 30.477752 16.21152
26.403923 19.183095 11.855805
22.981788 22.889496 14.146487
26.241532 21.632701 10.899981
19.129511 33.14646 12.203388
20.550038 27.39571 14.361638
17.458435 31.881153 14.296628
21.621112 31.338874 11.118541
18.281613 29.047203 15.350689
25.730964 26.942773 8.760446
22.66969 25.519992 13.238637
26.02397 24.229968 9.8666491
23.821751 29.22262 9.9501828
24.527554 23.609338 12.09163
22.209281 28.359902 12.257368
29.256972 18.081803 -8.2571807
31.173701 19.266407 -2.8841723
29.078633 20.480582 -7.1571371
29.256972 18.081803 8.2571807
31.173701 19.266407 2.8841723
29.078633 20.480582 7.1571371
28.501633 25.568317 -4.6748551
30.687476 21.563502 -1.52683
28.834474 22.992243 -5.9628309
29.139953 26.161533 -1.5942631
30.099054 21.166496 -4.4130466
28.501633 25.568317 4.6748551
30.687476 21.563502 1.52683
28.834474 22.992243 5.9628309
29.139953 26.161533 1.5942631
30.099054 21.166496 4.4130466
30.031495 23.874157 0
28.655303 -41.035586 2.0357517
33.634098 -38.166866 6.2085704
27.16732 -40.717565 5.242565
31.734201 -40.404378 0
35.284762 -24.912182 12.291576
35.756082 -32.221883 9.7908095
23.562977 -38.804749 11.086294
31.518814 -37.240979 9.3095217
25.44516 -39.952278 8.2967425
29.616243 -39.337794 7.3388279
36.639705 -37.076244 -4.213644
36.639705 -37.076244 4.213644
34.527354 -39.151143 -2.1233151
34.527354 -39.151143 2.1233151
28.638254 -2.1901336 16.862858
30.347565 -6.8700589 16.131698
33.809903 -18.073919 13.992047
32.088815 -12.099834 15.210253
15.349934 -31.523434 19.482554
21.794851 -30.254216 18.698134
17.361891 -33.546582 17.843871
32.745528 -23.790426 14.703292
27.845888 -27.734063 17.140594
33.132047 -27.313027 13.762104
21.493139 -37.242011 13.71123
24.158125 -32.205731 16.883192
19.435191 -35.490941 15.915383
25.348767 -36.74195 13.035467
20.782085 -33.020141 17.450283
32.726137 -34.267386 11.142045
27.51728 -30.977079 16.069532
33.191756 -30.903631 12.584222
29.181187 -35.797148 12.188783
30.505045 -29.363056 15.038423
26.678929 -34.06737 14.72418
37.113089 -22.93715 -10.474409
41.081502 -25.389765 -3.8008361
37.812872 -26.632257 -9.3068991
37.113089 -22.93715 10.474409
41.081502 -25.389765 3.8008361
37.812872 -26.632257 9.3068991
37.885006 -33.985976 -6.2139216
41.273117 -29.001829 -2.0535098
38.160274 -30.428517 -7.8913616
39.130999 -35.131386 -2.1408788
39.970066 -28.108067 -5.8603093
37.885006 -33.985976 6.2139216
41.273117 -29.001829 2.0535098
38.160274 -30.428517 7.8913616
39.130999 -35.131386 2.1408788
39.970066 -28.108067 5.8603093
40.707633 -32.361374 0
2.0147769 -15.512705 26.345284
6.0116315 -14.11601 26.555577
3.3386539 -17.301127 25.93041
1.9751536 -13.365323 26.796567
13.796111 -10.680353 25.80764
9.9530409 -12.511599 26.39551
6.2079457 -21.017953 24.833711
7.4576223 -15.850543 26.103507
4.7437868 -19.143812 25.427781
5.4123543 -16.599071 26.062744
1.9171625 -9.1958205 27.467427
5.9019484 -11.939901 26.935758
1.944774 -11.249895 27.170302
3.953408 -12.673948 26.91047
26.606404 -1.3199283 18.579351
23.936348 -3.8937046 21.093623
27.410694 -3.529247 18.288793
17.466804 -8.6180549 24.739385
20.874415 -6.3428143 23.163987
29.0111 -8.2883049 17.616089
24.630845 -6.1572332 20.846258
28.215039 -5.8593134 17.969844
26.069353 -4.8634779 19.626833
13.054086 -29.072602 21.121955
14.354162 -23.319169 23.225522
11.224348 -27.02244 22.276458
16.116708 -28.594593 20.882836
15.553464 -12.254279 25.166033
15.137538 -17.644562 24.493051
13.605113 -13.237626 25.577692
7.8361454 -23.016131 24.100084
12.509473 -21.421077 24.114389
9.4742091 -24.988882 23.266235
8.4827891 -20.308661 24.913042
11.935307 -24.210456 23.304111
22.188871 -26.896176 19.940463
17.125848 -22.519969 22.849863
19.201722 -27.878873 20.498254
16.702586 -25.544495 21.998203
9.5860426 -15.026672 26.037307
12.981566 -18.575296 24.763138
11.599894 -14.165299 25.867499
9.0663716 -17.630464 25.554601
13.335794 -15.882013 25.234537
10.759057 -19.494472 24.893255
1.8759306 -1.1593888 28.020849
5.659763 -3.4979259 27.713616
1.8818958 -3.1140006 27.974739
13.569376 -8.3863357 26.030904
9.5381537 -5.8949032 27.070027
11.722206 -9.3454001 26.418598
1.9079309 -7.0888182 27.705803
5.7005395 -5.5120696 27.626115
1.8912737 -5.099739 27.869831
3.8486966 -8.4170758 27.516654
3.7878268 -4.3077935 27.840294
7.9133792 -11.102637 26.866204
7.708149 -6.7832328 27.314694
9.8236385 -10.25743 26.696351
5.8564938 -9.7597002 27.23812
9.6859367 -8.0424793 26.919452
5.7903106 -7.6067445 27.467201
32.046163 -19.805618 15.60447
27.03406 -16.707968 19.475081
31.350386 -16.675686 16.225259
30.088387 -21.973764 16.958652
17.804192 -11.003595 24.505978
22.2833 -13.771837 22.373148
19.623374 -9.8875498 23.80412
17.749305 -13.698349 24.303891
29.822749 -10.979712 17.211328
26.521846 -13.903533 19.894536
30.597941 -13.72119 16.755735
27.54195 -9.7714518 19.001563
28.903335 -15.274658 18.191066
25.165258 -25.533903 19.137521
24.942498 -18.492032 20.577121
27.765568 -23.910928 18.154862
22.455088 -23.440031 20.861418
27.462816 -20.192343 18.915161
23.025057 -7.4866001 21.989456
24.117084 -12.510871 21.423471
21.376996 -8.7048947 22.959762
25.266007 -8.6029722 20.596391
21.849848 -11.190499 22.699633
25.900104 -11.194225 20.282958
17.436572 -19.402651 23.518867
22.388652 -16.780173 22.065417
17.631934 -16.5167 23.980504
19.861669 -21.378966 22.316706
20.040314 -15.216019 23.270979
22.501518 -20.02615 21.556011
1.9987961 15.389661 26.136319
5.8786586 13.803774 25.968187
3.2919858 17.05929 25.567951
1.9612787 13.271435 26.608328
13.213707 10.229481 24.718167
9.6164688 12.088507 25.50292
6.031114 20.419262 24.12633
7.2358598 15.379206 25.327284
4.6446979 18.743934 24.896642
5.2926199 16.23186 25.486174
1.9074907 9.1494287 27.328857
5.7888153 11.711028 26.419433
1.9329894 11.181725 27.005661
3.9002035 12.503383 26.548312
26.249365 1.3022158 18.330029
23.144483 3.7648926 20.395801
26.429896 3.402965 17.634391
25.031718 0 19.660285
16.663026 8.2214737 23.60094
19.965428 6.0666131 22.155299
26.63403 7.6091898 16.172687
23.345064 5.8358128 19.758039
26.554883 5.5145549 16.912509
24.889259 4.6433207 18.738376
22.297152 -2.5340286 22.034623
21.850043 2.4832154 21.592778
23.705506 -1.2856396 20.905862
23.43896 1.2711838 20.670796
12.178255 27.122047 19.70483
13.296914 21.601608 21.514859
10.5908 25.497183 21.019083
14.69553 26.073109 19.041378
14.71403 11.592905 23.8078
14.108258 16.444816 22.82764
12.934019 12.584658 24.31603
7.5440668 22.158245 23.201795
11.749651 20.119966 22.649687
9.0344182 23.828903 22.186221
8.1530379 19.519203 23.944598
11.219279 22.758012 21.906041
19.259862 23.345786 17.308252
15.588198 20.498006 20.79828
17.077604 24.794878 18.230712
15.181495 23.218179 19.994844
9.2296169 14.467954 25.069195
12.216647 17.480774 23.304007
11.093863 13.547355 24.739062
8.71448 16.946176 24.562755
12.601982 15.008093 23.845988
10.229982 18.535834 23.669133
1.8746802 1.1586161 28.002172
5.6257712 3.4769178 27.547171
1.8785427 3.1084522 27.924894
3.7601166 0 27.908563
13.112088 8.103716 25.153662
9.3777568 5.7957724 26.614808
11.351648 9.0499767 25.583463
1.9003439 7.0606291 27.595629
5.6471512 5.4604463 27.367383
1.8858038 5.0849897 27.789226
3.8127644 8.3384924 27.259753
3.7692049 4.2866153 27.703424
7.5941153 -2.3310186 27.475767
7.5528456 2.3183509 27.326452
5.6769234 -1.1687421 27.733338
5.6653396 1.1663572 27.676748
7.7210226 10.832757 26.213147
7.5894448 6.6787722 26.894053
9.5444376 9.9659006 25.937605
5.7620187 9.60226 26.798724
9.4661385 7.8599752 26.308582
5.7160987 7.5092521 27.115166
26.541721 16.403685 12.924152
23.531787 14.543444 16.952077
26.616933 14.157899 13.775481
24.935109 18.210288 14.054121
16.773874 10.366825 23.087833
20.272526 12.52911 20.354266
18.456195 9.2994479 22.388274
16.533023 12.759661 22.638452
26.660996 9.8156634 15.386615
23.564491 12.3532 17.676168
26.65814 11.954445 14.598261
25.102255 8.9058863 17.318384
25.115911 13.273103 15.807353
21.362506 21.675444 16.245627
21.792667 16.15679 17.978566
23.205903 19.984273 15.173468
19.598501 20.458146 18.207567
23.387356 17.195815 16.108166
21.711746 7.0595769 20.735214
21.892844 11.357034 19.447654
20.109975 8.1889529 21.59893
23.445853 7.9832171 19.112634
20.210829 10.351068 20.99687
23.517058 10.164254 18.41674
15.955379 17.754444 21.520998
20.050481 15.027727 19.761003
16.260872 15.232359 22.115777
17.780331 19.138628 19.978101
18.327172 13.915281 21.281664
19.859087 17.67441 19.024614
15.708564 -7.1734247 25.41699
15.672032 -2.3460961 25.357881
17.445012 -6.0963276 24.768685
13.648315 -5.9557449 26.095154
15.165641 6.9254952 24.538523
15.484781 2.3180647 25.054902
16.85699 5.8908378 23.933804
13.308791 5.807586 25.445994
20.719964 -3.7883929 23.097055
17.296187 -1.2246776 24.61457
19.129472 -4.9610561 23.99019
20.588716 -1.25466 22.932685
17.386537 -3.6249552 24.7239
9.6343812 -3.5599009 27.108838
13.649285 -1.2143214 26.014633
11.612255 -4.7436577 26.658856
9.6129142 -1.1882215 27.089519
13.672787 -3.5527374 26.087156
20.16545 3.6870067 22.478924
17.173235 1.2159718 24.439594
18.533185 4.8064145 23.242389
20.40137 1.2432433 22.724011
17.028216 3.5502481 24.214362
18.871208 0 23.738244
9.5331621 3.5225005 26.824031
13.576599 1.2078549 25.8761
11.416564 4.6637171 26.209598
9.5786856 1.1839906 26.993061
13.463896 3.4984591 25.6886
11.623011 0 26.5551
29.429112 0 -15.485234
32.526869 0 -11.725416
29.526673 2.1763876 -14.727018
30.316643 -2.2346157 -15.121032
37.038877 0 -2.5670701
35.25009 0 -7.4245378
29.606863 6.4872197 -13.12393
32.503091 2.2686402 -10.881711
29.585823 4.3464431 -13.933951
31.056196 2.2229154 -12.858853
32.157797 -7.04616 -14.254691
33.509488 -2.3388843 -11.218642
31.232112 -4.588299 -14.709299
31.954791 -2.2872343 -13.230918
29.429112 0 15.485234
32.526869 0 11.725416
29.526673 2.1763876 14.727018
30.316643 -2.2346157 15.121032
37.038877 0 2.5670701
35.25009 0 7.4245378
29.606863 6.4872197 13.12393
32.503091 2.2686402 10.881711
29.585823 4.3464431 13.933951
31.056196 2.2229154 12.858853
32.157797 -7.04616 14.254691
33.509488 -2.3388843 11.218642
31.232112 -4.588299 14.709299
31.954791 -2.2872343 13.230918
29.411708 15.33172 -9.475524
32.122007 11.318224 -6.9950474
29.504743 13.091561 -10.437103
30.633322 16.021872 -6.9914994
36.521167 2.445007 -1.5110975
34.531501 7.0521333 -4.3584581
35.99622 2.4215109 -4.0069097
29.606806 8.7206172 -12.235209
32.266663 9.1055842 -8.0129869
29.568656 10.88058 -11.361044
31.043575 6.6747082 -11.123234
30.916356 11.12407 -9.2365976
32.178237 16.883187 -1.5020286
33.104243 11.765126 -4.3472105
31.616837 16.571001 -4.3058093
31.92628 13.906678 -5.6809394
33.901779 2.3346103 -8.6741232
33.606791 6.9346282 -6.7053571
35.077712 2.3804075 -6.4186676
32.481668 4.5431427 -9.9358251
34.838162 4.7399257 -5.3905899
32.402659 6.8307454 -8.9735661
36.062375 -18.798576 -11.618159
37.865393 -13.341913 -8.2457557
35.105782 -15.5768 -12.418433
38.354531 -20.060227 -8.753725
37.886054 -2.5363831 -1.5675709
38.401212 -7.8424181 -4.8468809
37.309484 -2.5098559 -4.1530954
33.157729 -9.7665333 -13.702651
36.767989 -10.375849 -9.1308299
34.122982 -12.556466 -13.110935
33.961707 -7.3021386 -12.168831
36.08584 -12.984111 -10.781037
41.458265 -21.752206 -1.9352054
39.537305 -14.051413 -5.1919928
40.296704 -21.120288 -5.4878962
39.153717 -17.054856 -6.9669843
35.027714 -2.4121466 -8.9622053
37.196992 -7.6754521 -7.421688
36.304703 -2.4636722 -6.6431875
34.581926 -4.8369014 -10.578274
37.366403 -5.083907 -5.7817905
35.677787 -7.5211692 -9.8805774
29.411708 15.33172 9.475524
32.122007 11.318224 6.9950474
29.504743 13.091561 10.437103
30.633322 16.021872 6.9914994
36.521167 2.445007 1.5110975
34.531501 7.0521333 4.3584581
35.99622 2.4215109 4.0069097
35.921437 4.8396899 0
29.606806 8.7206172 12.235209
32.266663 9.1055842 8.0129869
29.568656 10.88058 11.361044
31.043575 6.6747082 11.123234
30.916356 11.12407 9.2365976
32.178237 16.883187 1.5020286
33.104243 11.765126 4.3472105
31.616837 16.571001 4.3058093
33.02634 14.455434 0
31.92628 13.906678 5.6809394
33.901779 2.3346103 8.6741232
33.606791 6.9346282 6.7053571
35.077712 2.3804075 6.4186676
32.481668 4.5431427 9.9358251
34.838162 4.7399257 5.3905899
32.402659 6.8307454 8.9735661
34.21711 9.4573765 -2.9029478
34.21711 9.4573765 2.9029478
35.141939 7.1934397 -1.4809563
33.704347 11.960235 -1.4783663
35.141939 7.1934397 1.4809563
33.704347 11.960235 1.4783663
36.062375 -18.798576 11.618159
37.865393 -13.341913 8.2457557
35.105782 -15.5768 12.418433
38.354531 -20.060227 8.753725
37.886054 -2.5363831 1.5675709
38.401212 -7.8424181 4.8468809
37.309484 -2.5098559 4.1530954
38.672935 -5.2103988 0
33.157729 -9.7665333 13.702651
36.767989 -10.375849 9.1308299
34.122982 -12.556466 13.110935
33.961707 -7.3021386 12.168831
36.08584 -12.984111 10.781037
41.458265 -21.752206 1.9352054
39.537305 -14.051413 5.1919928
40.296704 -21.120288 5.4878962
41.240803 -18.050856 0
39.153717 -17.054856 6.9669843
35.027714 -2.4121466 8.9622053
37.196992 -7.6754521 7.421688
36.304703 -2.4636722 6.6431875
34.581926 -4.8369014 10.578274
37.366403 -5.083907 5.7817905
35.677787 -7.5211692 9.8805774
39.553532 -10.932327 -3.355685
39.553532 -10.932327 3.355685
39.248782 -8.034097 -1.6540274
40.543094 -14.387014 -1.7783327
39.248782 -8.034097 1.6540274
40.543094 -14.387014 1.7783327
-28.655303 41.035586 -2.0357517
-33.634098 38.166866 -6.2085704
-27.16732 40.717565 -5.242565
-35.284762 24.912182 -12.291576
-35.756082 32.221883 -9.7908095
-23.562977 38.804749 -11.086294
-31.518814 37.240979 -9.3095217
-25.44516 39.952278 -8.2967425
-29.616243 39.337794 -7.3388279
-28.638254 2.1901336 -16.862858
-30.347565 6.8700589 -16.131698
-33.809903 18.073919 -13.992047
-32.088815 12.099834 -15.210253
-15.349934 31.523434 -19.482554
-21.794851 30.254216 -18.698134
-17.361891 33.546582 -17.843871
-32.745528 23.790426 -14.703292
-27.845888 27.734063 -17.140594
-33.132047 27.313027 -13.762104
-21.493139 37.242011 -13.71123
-24.158125 32.205731 -16.883192
-19.435191 35.490941 -15.915383
-25.348767 36.74195 -13.035467
-20.782085 33.020141 -17.450283
-32.726137 34.267386 -11.142045
-27.51728 30.977079 -16.069532
-33.191756 30.903631 -12.584222
-29.181187 35.797148 -12.188783
-30.505045 29.363056 -15.038423
-26.678929 34.06737 -14.72418
-24.891 -35.644949 -1.7683253
-26.612055 -30.198483 -4.9123605
-23.82243 -35.704343 -4.5970907
-27.817774 -19.640247 -9.6904231
-27.405467 -24.696659 -7.5042258
-20.838205 -34.317451 -9.804299
-25.314448 -29.910225 -7.4769756
-22.411755 -35.189429 -7.3076593
-24.717747 -32.831363 -6.1249932
-27.951546 -2.1376171 -16.458508
-28.124022 -6.366695 -14.949741
-28.045939 -14.992649 -11.606661
-28.146884 -10.613437 -13.341759
-14.116094 -28.989555 -17.91653
-18.935705 -26.285333 -16.245229
-15.773631 -30.477752 -16.21152
-26.403923 -19.183095 -11.855805
-22.981788 -22.889496 -14.146487
-26.241532 -21.632701 -10.899981
-19.129511 -33.14646 -12.203388
-20.550038 -27.39571 -14.361638
-17.458435 -31.881153 -14.296628
-21.621112 -31.338874 -11.118541
-18.281613 -29.047203 -15.350689
-25.730964 -26.942773 -8.760446
-22.66969 -25.519992 -13.238637
-26.02397 -24.229968 -9.8666491
-23.821751 -29.22262 -9.9501828
-24.527554 -23.609338 -12.09163
-22.209281 -28.359902 -12.257368
-1.9987961 -15.389661 -26.136319
-5.8786586 -13.803774 -25.968187
-3.2919858 -17.05929 -25.567951
-1.9612787 -13.271435 -26.608328
-13.213707 -10.229481 -24.718167
-9.6164688 -12.088507 -25.50292
-6.031114 -20.419262 -24.12633
-7.2358598 -15.379206 -25.327284
-4.6446979 -18.743934 -24.896642
-5.2926199 -16.23186 -25.486174
-1.9074907 -9.1494287 -27.328857
-5.7888153 -11.711028 -26.419433
-1.9329894 -11.181725 -27.005661
-3.9002035 -12.503383 -26.548312
-26.249365 -1.3022158 -18.330029
-23.144483 -3.7648926 -20.395801
-26.429896 -3.402965 -17.634391
-16.663026 -8.2214737 -23.60094
-19.965428 -6.0666131 -22.155299
-26.63403 -7.6091898 -16.172687
-23.345064 -5.8358128 -19.758039
-26.554883 -5.5145549 -16.912509
-24.889259 -4.6433207 -18.738376
-12.178255 -27.122047 -19.70483
-13.296914 -21.601608 -21.514859
-10.5908 -25.497183 -21.019083
-14.69553 -26.073109 -19.041378
-14.71403 -11.592905 -23.8078
-14.108258 -16.444816 -22.82764
-12.934019 -12.584658 -24.31603
-7.5440668 -22.158245 -23.201795
-11.749651 -20.119966 -22.649687
-9.0344182 -23.828903 -22.186221
-8.1530379 -19.519203 -23.944598
-11.219279 -22.758012 -21.906041
-19.259862 -23.345786 -17.308252
-15.588198 -20.498006 -20.79828
-17.077604 -24.794878 -18.230712
-15.181495 -23.218179 -19.994844
-9.2296169 -14.467954 -25.069195
-12.216647 -17.480774 -23.304007
-11.093863 -13.547355 -24.739062
-8.71448 -16.946176 -24.562755
-12.601982 -15.008093 -23.845988
-10.229982 -18.535834 -23.669133
-1.8746802 -1.1586161 -28.002172
-5.6257712 -3.4769178 -27.547171
-1.8785427 -3.1084522 -27.924894
-13.112088 -8.103716 -25.153662
-9.3777568 -5.7957724 -26.614808
-11.351648 -9.0499767 -25.583463
-1.9003439 -7.0606291 -27.595629
-5.6471512 -5.4604463 -27.367383
-1.8858038 -5.0849897 -27.789226
-3.8127644 -8.3384924 -27.259753
-3.7692049 -4.2866153 -27.703424
-7.7210226 -10.832757 -26.213147
-7.5894448 -6.6787722 -26.894053
-9.5444376 -9.9659006 -25.937605
-5.7620187 -9.60226 -26.798724
-9.4661385 -7.8599752 -26.308582
-5.7160987 -7.5092521 -27.115166
-26.541721 -16.403685 -12.924152
-23.531787 -14.543444 -16.952077
-26.616933 -14.157899 -13.775481
-24.935109 -18.210288 -14.054121
-16.773874 -10.366825 -23.087833
-20.272526 -12.52911 -20.354266
-18.456195 -9.2994479 -22.388274
-16.533023 -12.759661 -22.638452
-26.660996 -9.8156634 -15.386615
-23.564491 -12.3532 -17.676168
-26.65814 -11.954445 -14.598261
-25.102255 -8.9058863 -17.318384
-25.115911 -13.273103 -15.807353
-21.362506 -21.675444 -16.245627
-21.792667 -16.15679 -17.978566
-23.205903 -19.984273 -15.173468
-19.598501 -20.458146 -18.207567
-23.387356 -17.195815 -16.108166
-21.711746 -7.0595769 -20.735214
-21.892844 -11.357034 -19.447654
-20.109975 -8.1889529 -21.59893
-23.445853 -7.9832171 -19.112634
-20.210829 -10.351068 -20.99687
-23.517058 -10.164254 -18.41674
-15.955379 -17.754444 -21.520998
-20.050481 -15.027727 -19.761003
-16.260872 -15.232359 -22.115777
-17.780331 -19.138628 -19.978101
-18.327172 -13.915281 -21.281664
-19.859087 -17.67441 -19.024614
-2.0147769 15.512705 -26.345284
-6.0116315 14.11601 -26.555577
-3.3386539 17.301127 -25.93041
-1.9751536 13.365323 -26.796567
-13.796111 10.680353 -25.80764
-9.9530409 12.511599 -26.39551
-6.2079457 21.017953 -24.833711
-7.4576223 15.850543 -26.103507
-4.7437868 19.143812 -25.427781
-5.4123543 16.599071 -26.062744
-1.9171625 9.1958205 -27.467427
-5.9019484 11.939901 -26.935758
-1.944774 11.249895 -27.170302
-3.953408 12.673948 -26.91047
-26.606404 1.3199283 -18.579351
-23.936348 3.8937046 -21.093623
-27.410694 3.529247 -18.288793
-25.031718 0 -19.660285
-17.466804 8.6180549 -24.739385
-20.874415 6.3428143 -23.163987
-29.0111 8.2883049 -17.616089
-24.630845 6.1572332 -20.846258
-28.215039 5.8593134 -17.969844
-26.069353 4.8634779 -19.626833
-21.850043 -2.4832154 -21.592778
-22.297152 2.5340286 -22.034623
-23.43896 -1.2711838 -20.670796
-23.705506 1.2856396 -20.905862
-13.054086 29.072602 -21.121955
-14.354162 23.319169 -23.225522
-11.224348 27.02244 -22.276458
-16.116708 28.594593 -20.882836
-15.553464 12.254279 -25.166033
-15.137538 17.644562 -24.493051
-13.605113 13.237626 -25.577692
-7.8361454 23.016131 -24.100084
-12.509473 21.421077 -24.114389
-9.4742091 24.988882 -23.266235
-8.4827891 20.308661 -24.913042
-11.935307 24.210456 -23.304111
-22.188871 26.896176 -19.940463
-17.125848 22.519969 -22.849863
-19.201722 27.878873 -20.498254
-16.702586 25.544495 -21.998203
-9.5860426 15.026672 -26.037307
-12.981566 18.575296 -24.763138
-11.599894 14.165299 -25.867499
-9.0663716 17.630464 -25.554601
-13.335794 15.882013 -25.234537
-10.759057 19.494472 -24.893255
-1.8759306 1.1593888 -28.020849
-5.659763 3.4979259 -27.713616
-1.8818958 3.1140006 -27.974739
-3.7601166 0 -27.908563
-13.569376 8.3863357 -26.030904
-9.5381537 5.8949032 -27.070027
-11.722206 9.3454001 -26.418598
-1.9079309 7.0888182 -27.705803
-5.7005395 5.5120696 -27.626115
-1.8912737 5.099739 -27.869831
-3.8486966 8.4170758 -27.516654
-3.7878268 4.3077935 -27.840294
-7.5528456 -2.3183509 -27.326452
-7.5941153 2.3310186 -27.475767
-5.6653396 -1.1663572 -27.676748
-5.6769234 1.1687421 -27.733338
-7.9133792 11.102637 -26.866204
-7.708149 6.7832328 -27.314694
-9.8236385 10.25743 -26.696351
-5.8564938 9.7597002 -27.23812
-9.6859367 8.0424793 -26.919452
-5.7903106 7.6067445 -27.467201
-32.046163 19.805618 -15.60447
-27.03406 16.707968 -19.475081
-31.350386 16.675686 -16.225259
-30.088387 21.973764 -16.958652
-17.804192 11.003595 -24.505978
-22.2833 13.771837 -22.373148
-19.623374 9.8875498 -23.80412
-17.749305 13.698349 -24.303891
-29.822749 10.979712 -17.211328
-26.521846 13.903533 -19.894536
-30.597941 13.72119 -16.755735
-27.54195 9.7714518 -19.001563
-28.903335 15.274658 -18.191066
-25.165258 25.533903 -19.137521
-24.942498 18.492032 -20.577121
-27.765568 23.910928 -18.154862
-22.455088 23.440031 -20.861418
-27.462816 20.192343 -18.915161
-23.025057 7.4866001 -21.989456
-24.117084 12.510871 -21.423471
-21.376996 8.7048947 -22.959762
-25.266007 8.6029722 -20.596391
-21.849848 11.190499 -22.699633
-25.900104 11.194225 -20.282958
-17.436572 19.402651 -23.518867
-22.388652 16.780173 -22.065417
-17.631934 16.5167 -23.980504
-19.861669 21.378966 -22.316706
-20.040314 15.216019 -23.270979
-22.501518 20.02615 -21.556011
-15.165641 -6.9254952 -24.538523
-15.484781 -2.3180647 -25.054902
-16.85699 -5.8908378 -23.933804
-13.308791 -5.807586 -25.445994
-15.708564 7.1734247 -25.41699
-15.672032 2.3460961 -25.357881
-17.445012 6.0963276 -24.768685
-13.648315 5.9557449 -26.095154
-20.16545 -3.6870067 -22.478924
-17.173235 -1.2159718 -24.439594
-18.533185 -4.8064145 -23.242389
-20.40137 -1.2432433 -22.724011
-17.028216 -3.5502481 -24.214362
-9.5331621 -3.5225005 -26.824031
-13.576599 -1.2078549 -25.8761
-11.416564 -4.6637171 -26.209598
-9.5786856 -1.1839906 -26.993061
-13.463896 -3.4984591 -25.6886
-20.719964 3.7883929 -23.097055
-17.296187 1.2246776 -24.61457
-19.129472 4.9610561 -23.99019
-20.588716 1.25466 -22.932685
-17.386537 3.6249552 -24.7239
-18.871208 0 -23.738244
-9.6343812 3.5599009 -27.108838
-13.649285 1.2143214 -26.014633
-11.612255 4.7436577 -26.658856
-9.6129142 1.1882215 -27.089519
-13.672787 3.5527374 -26.087156
-11.623011 0 -26.5551
-28.655303 41.035586 2.0357517
-33.634098 38.166866 6.2085704
-27.16732 40.717565 5.242565
-31.734201 40.404378 0
-35.284762 24.912182 12.291576
-35.756082 32.221883 9.7908095
-23.562977 38.804749 11.086294
-31.518814 37.240979 9.3095217
-25.44516 39.952278 8.2967425
-29.616243 39.337794 7.3388279
-36.639705 37.076244 -4.213644
-36.639705 37.076244 4.213644
-34.527354 39.151143 -2.1233151
-34.527354 39.151143 2.1233151
-28.638254 2.1901336 16.862858
-30.347565 6.8700589 16.131698
-33.809903 18.073919 13.992047
-32.088815 12.099834 15.210253
-15.349934 31.523434 19.482554
-21.794851 30.254216 18.698134
-17.361891 33.546582 17.843871
-32.745528 23.790426 14.703292
-27.845888 27.734063 17.140594
-33.132047 27.313027 13.762104
-21.493139 37.242011 13.71123
-24.158125 32.205731 16.883192
-19.435191 35.490941 15.915383
-25.348767 36.74195 13.035467
-20.782085 33.020141 17.450283
-32.726137 34.267386 11.142045
-27.51728 30.977079 16.069532
-33.191756 30.903631 12.584222
-29.181187 35.797148 12.188783
-30.505045 29.363056 15.038423
-26.678929 34.06737 14.72418
-37.113089 22.93715 -10.474409
-41.081502 25.389765 -3.8008361
-37.812872 26.632257 -9.3068991
-37.113089 22.93715 10.474409
-41.081502 25.389765 3.8008361
-37.812872 26.632257 9.3068991
-37.885006 33.985976 -6.2139216
-41.273117 29.001829 -2.0535098
-38.160274 30.428517 -7.8913616
-39.130999 35.131386 -2.1408788
-39.970066 28.108067 -5.8603093
-37.885006 33.985976 6.2139216
-41.273117 29.001829 2.0535098
-38.160274 30.428517 7.8913616
-39.130999 35.131386 2.1408788
-39.970066 28.108067 5.8603093
-40.707633 32.361374 0
-24.891 -35.644949 1.7683253
-26.612055 -30.198483 4.9123605
-23.82243 -35.704343 4.5970907
-26.291147 -33.474213 0
-27.817774 -19.640247 9.6904231
-27.405467 -24.696659 7.5042258
-20.838205 -34.317451 9.804299
-25.314448 -29.910225 7.4769756
-22.411755 -35.189429 7.3076593
-24.717747 -32.831363 6.1249932
-27.996617 -28.330179 -3.2196705
-27.996617 -28.330179 3.2196705
-27.303364 -30.95974 -1.6790643
-27.303364 -30.95974 1.6790643
-27.951546 -2.1376171 16.458508
-28.124022 -6.366695 14.949741
-28.045939 -14.992649 11.606661
-28.146884 -10.613437 13.341759
-14.116094 -28.989555 17.91653
-18.935705 -26.285333 16.245229
-15.773631 -30.477752 16.21152
-26.403923 -19.183095 11.855805
-22.981788 -22.889496 14.146487
-26.241532 -21.632701 10.899981
-19.129511 -33.14646 12.203388
-20.550038 -27.39571 14.361638
-17.458435 -31.881153 14.296628
-21.621112 -31.338874 11.118541
-18.281613 -29.047203 15.350689
-25.730964 -26.942773 8.760446
-22.66969 -25.519992 13.238637
-26.02397 -24.229968 9.8666491
-23.821751 -29.22262 9.9501828
-24.527554 -23.609338 12.09163
-22.209281 -28.359902 12.257368
-29.256972 -18.081803 -8.2571807
-31.173701 -19.266407 -2.8841723
-29.078633 -20.480582 -7.1571371
-29.256972 -18.081803 8.2571807
-31.173701 -19.266407 2.8841723
-29.078633 -20.480582 7.1571371
-28.501633 -25.568317 -4.6748551
-30.687476 -21.563502 -1.52683
-28.834474 -22.992243 -5.9628309
-29.139953 -26.161533 -1.5942631
-30.099054 -21.166496 -4.4130466
-28.501633 -25.568317 4.6748551
-30.687476 -21.563502 1.52683
-28.834474 -22.992243 5.9628309
-29.139953 -26.161533 1.5942631
-30.099054 -21.166496 4.4130466
-30.031495 -23.874157 0
-1.9987961 -15.389661 26.136319
-5.8786586 -13.803774 25.968187
-3.2919858 -17.05929 25.567951
-1.9612787 -13.271435 26.608328
-13.213707 -10.229481 24.718167
-9.6164688 -12.088507 25.50292
-6.031114 -20.419262 24.12633
-7.2358598 -15.379206 25.327284
-4.6446979 -18.743934 24.896642
-5.2926199 -16.23186 25.486174
-1.9074907 -9.1494287 27.328857
-5.7888153 -11.711028 26.419433
-1.9329894 -11.181725 27.005661
-3.9002035 -12.503383 26.548312
-26.249365 -1.3022158 18.330029
-23.144483 -3.7648926 20.395801
-26.429896 -3.402965 17.634391
-16.663026 -8.2214737 23.60094
-19.965428 -6.0666131 22.155299
-26.63403 -7.6091898 16.172687
-23.345064 -5.8358128 19.758039
-26.554883 -5.5145549 16.912509
-24.889259 -4.6433207 18.738376
-12.178255 -27.122047 19.70483
-13.296914 -21.601608 21.514859
-10.5908 -25.497183 21.019083
-14.69553 -26.073109 19.041378
-14.71403 -11.592905 23.8078
-14.108258 -16.444816 22.82764
-12.934019 -12.584658 24.31603
-7.5440668 -22.158245 23.201795
-11.749651 -20.119966 22.649687
-9.0344182 -23.828903 22.186221
-8.1530379 -19.519203 23.944598
-11.219279 -22.758012 21.906041
-19.259862 -23.345786 17.308252
-15.588198 -20.498006 20.79828
-17.077604 -24.794878 18.230712
-15.181495 -23.218179 19.994844
-9.2296169 -14.467954 25.069195
-12.216647 -17.480774 23.304007
-11.093863 -13.547355 24.739062
-8.71448 -16.946176 24.562755
-12.601982 -15.008093 23.845988
-10.229982 -18.535834 23.669133
-1.8746802 -1.1586161 28.002172
-5.6257712 -3.4769178 27.547171
-1.8785427 -3.1084522 27.924894
-13.112088 -8.103716 25.153662
-9.3777568 -5.7957724 26.614808
-11.351648 -9.0499767 25.583463
-1.9003439 -7.0606291 27.595629
-5.6471512 -5.4604463 27.367383
-1.8858038 -5.0849897 27.789226
-3.8127644 -8.3384924 27.259753
-3.7692049 -4.2866153 27.703424
-7.7210226 -10.832757 26.213147
-7.5894448 -6.6787722 26.894053
-9.5444376 -9.9659006 25.937605
-5.7620187 -9.60226 26.798724
-9.4661385 -7.8599752 26.308582
-5.7160987 -7.5092521 27.115166
-26.541721 -16.403685 12.924152
-23.531787 -14.543444 16.952077
-26.616933 -14.157899 13.775481
-24.935109 -18.210288 14.054121
-16.773874 -10.366825 23.087833
-20.272526 -12.52911 20.354266
-18.456195 -9.2994479 22.388274
-16.533023 -12.759661 22.638452
-26.660996 -9.8156634 15.386615
-23.564491 -12.3532 17.676168
-26.65814 -11.954445 14.598261
-25.102255 -8.9058863 17.318384
-25.115911 -13.273103 15.807353
-21.362506 -21.675444 16.245627
-21.792667 -16.15679 17.978566
-23.205903 -19.984273 15.173468
-19.598501 -20.458146 18.207567
-23.387356 -17.195815 16.108166
-21.711746 -7.0595769 20.735214
-21.892844 -11.357034 19.447654
-20.109975 -8.1889529 21.59893
-23.445853 -7.9832171 19.112634
-20.210829 -10.351068 20.99687
-23.517058 -10.164254 18.41674
-15.955379 -17.754444 21.520998
-20.050481 -15.027727 19.761003
-16.260872 -15.232359 22.115777
-17.780331 -19.138628 19.978101
-18.327172 -13.915281 21.281664
-19.859087 -17.67441 19.024614
-2.0147769 15.512705 26.345284
-6.0116315 14.11601 26.555577
-3.3386539 17.301127 25.93041
-1.9751536 13.365323 26.796567
-13.796111 10.680353 25.80764
-9.9530409 12.511599 26.39551
-6.2079457 21.017953 24.833711
-7.4576223 15.850543 26.103507
-4.7437868 19.143812 25.427781
-5.4123543 16.599071 26.062744
-1.9171625 9.1958205 27.467427
-5.9019484 11.939901 26.935758
-1.944774 11.249895 27.170302
-3.953408 12.673948 26.91047
-26.606404 1.3199283 18.579351
-23.936348 3.8937046 21.093623
-27.410694 3.529247 18.288793
-25.031718 0 19.660285
-17.466804 8.6180549 24.739385
-20.874415 6.3428143 23.163987
-29.0111 8.2883049 17.616089
-24.630845 6.1572332 20.846258
-28.215039 5.8593134 17.969844
-26.069353 4.8634779 19.626833
-21.850043 -2.4832154 21.592778
-22.297152 2.5340286 22.034623
-23.43896 -1.2711838 20.670796
-23.705506 1.2856396 20.905862
-13.054086 29.072602 21.121955
-14.354162 23.319169 23.225522
-11.224348 27.02244 22.276458
-16.116708 28.594593 20.882836
-15.553464 12.254279 25.166033
-15.137538 17.644562 24.493051
-13.605113 13.237626 25.577692
-7.8361454 23.016131 24.100084
-12.509473 21.421077 24.114389
-9.4742091 24.988882 23.266235
-8.4827891 20.308661 24.913042
-11.935307 24.210456 23.304111
-22.188871 26.896176 19.940463
-17.125848 22.519969 22.849863
-19.201722 27.878873 20.498254
-16.702586 25.544495 21.998203
-9.5860426 15.026672 26.037307
-12.981566 18.575296 24.763138
-11.599894 14.165299 25.867499
-9.0663716 17.630464 25.554601
-13.335794 15.882013 25.234537
-10.759057 19.494472 24.893255
-1.8759306 1.1593888 28.020849
-5.659763 3.4979259 27.713616
-1.8818958 3.1140006 27.974739
-3.7601166 0 27.908563
-13.569376 8.3863357 26.030904
-9.5381537 5.8949032 27.070027
-11.722206 9.3454001 26.418598
-1.9079309 7.0888182 27.705803
-5.7005395 5.5120696 27.626115
-1.8912737 5.099739 27.869831
-3.8486966 8.4170758 27.516654
-3.7878268 4.3077935 27.840294
-7.5528456 -2.3183509 27.326452
-7.5941153 2.3310186 27.475767
-5.6653396 -1.1663572 27.676748
-5.6769234 1.1687421 27.733338
-7.9133792 11.102637 26.866204
-7.708149 6.7832328 27.314694
-9.8236385 10.25743 26.696351
-5.8564938 9.7597002 27.23812
-9.6859367 8.0424793 26.919452
-5.7903106 7.6067445 27.467201
-32.046163 19.805618 15.60447
-27.03406 16.707968 19.475081
-31.350386 16.675686 16.225259
-30.088387 21.973764 16.958652
-17.804192 11.003595 24.505978
-22.2833 13.771837 22.373148
-19.623374 9.8875498 23.80412
-17.749305 13.698349 24.303891
-29.822749 10.979712 17.211328
-26.521846 13.903533 19.894536
-30.597941 13.72119 16.755735
-27.54195 9.7714518 19.001563
-28.903335 15.274658 18.191066
-25.165258 25.533903 19.137521
-24.942498 18.492032 20.577121
-27.765568 23.910928 18.154862
-22.455088 23.440031 20.861418
-27.462816 20.192343 18.915161
-23.025057 7.4866001 21.989456
-24.117084 12.510871 21.423471
-21.376996 8.7048947 22.959762
-25.266007 8.6029722 20.596391
-21.849848 11.190499 22.699633
-25.900104 11.194225 20.282958
-17.436572 19.402651 23.518867
-22.388652 16.780173 22.065417
-17.631934 16.5167 23.980504
-19.861669 21.378966 22.316706
-20.040314 15.216019 23.270979
-22.501518 20.02615 21.556011
-15.165641 -6.9254952 24.538523
-15.484781 -2.3180647 25.054902
-16.85699 -5.8908378 23.933804
-13.308791 -5.807586 25.445994
-15.708564 7.1734247 25.41699
-15.672032 2.3460961 25.357881
-17.445012 6.0963276 24.768685
-13.648315 5.9557449 26.095154
-20.16545 -3.6870067 22.478924
-17.173235 -1.2159718 24.439594
-18.533185 -4.8064145 23.242389
-20.40137 -1.2432433 22.724011
-17.028216 -3.5502481 24.214362
-9.5331621 -3.5225005 26.824031
-13.576599 -1.2078549 25.8761
-11.416564 -4.6637171 26.209598
-9.5786856 -1.1839906 26.993061
-13.463896 -3.4984591 25.6886
-20.719964 3.7883929 23.097055
-17.296187 1.2246776 24.61457
-19.129472 4.9610561 23.99019
-20.588716 1.25466 22.932685
-17.386537 3.6249552 24.7239
-18.871208 0 23.738244
-9.6343812 3.5599009 27.108838
-13.649285 1.2143214 26.014633
-11.612255 4.7436577 26.658856
-9.6129142 1.1882215 27.089519
-13.672787 3.5527374 26.087156
-11.623011 0 26.5551
-29.429112 0 -15.485234
-32.526869 0 -11.725416
-30.316643 2.2346157 -15.121032
-29.526673 -2.1763876 -14.727018
-37.038877 0 -2.5670701
-35.25009 0 -7.4245378
-32.157797 7.04616 -14.254691
-33.509488 2.3388843 -11.218642
-31.232112 4.588299 -14.709299
-31.954791 2.2872343 -13.230918
-29.606863 -6.4872197 -13.12393
-32.503091 -2.2686402 -10.881711
-29.585823 -4.3464431 -13.933951
-31.056196 -2.2229154 -12.858853
-29.429112 0 15.485234
-32.526869 0 11.725416
-30.316643 2.2346157 15.121032
-29.526673 -2.1763876 14.727018
-37.038877 0 2.5670701
-35.25009 0 7.4245378
-32.157797 7.04616 14.254691
-33.509488 2.3388843 11.218642
-31.232112 4.588299 14.709299
-31.954791 2.2872343 13.230918
-29.606863 -6.4872197 13.12393
-32.503091 -2.2686402 10.881711
-29.585823 -4.3464431 13.933951
-31.056196 -2.2229154 12.858853
-36.062375 18.798576 -11.618159
-37.865393 13.341913 -8.2457557
-35.105782 15.5768 -12.418433
-38.354531 20.060227 -8.753725
-37.886054 2.5363831 -1.5675709
-38.401212 7.8424181 -4.8468809
-37.309484 2.5098559 -4.1530954
-33.157729 9.7665333 -13.702651
-36.767989 10.375849 -9.1308299
-34.122982 12.556466 -13.110935
-33.961707 7.3021386 -12.168831
-36.08584 12.984111 -10.781037
-41.458265 21.752206 -1.9352054
-39.537305 14.051413 -5.1919928
-40.296704 21.120288 -5.4878962
-39.153717 17.054856 -6.9669843
-35.027714 2.4121466 -8.9622053
-37.196992 7.6754521 -7.421688
-36.304703 2.4636722 -6.6431875
-34.581926 4.8369014 -10.578274
-37.366403 5.083907 -5.7817905
-35.677787 7.5211692 -9.8805774
-29.411708 -15.33172 -9.475524
-32.122007 -11.318224 -6.9950474
-29.504743 -13.091561 -10.437103
-30.633322 -16.021872 -6.9914994
-36.521167 -2.445007 -1.5110975
-34.531501 -7.0521333 -4.3584581
-35.99622 -2.4215109 -4.0069097
-29.606806 -8.7206172 -12.235209
-32.266663 -9.1055842 -8.0129869
-29.568656 -10.88058 -11.361044
-31.043575 -6.6747082 -11.123234
-30.916356 -11.12407 -9.2365976
-32.178237 -16.883187 -1.5020286
-33.104243 -11.765126 -4.3472105
-31.616837 -16.571001 -4.3058093
-31.92628 -13.906678 -5.6809394
-33.901779 -2.3346103 -8.6741232
-33.606791 -6.9346282 -6.7053571
-35.077712 -2.3804075 -6.4186676
-32.481668 -4.5431427 -9.9358251
-34.838162 -4.7399257 -5.3905899
-32.402659 -6.8307454 -8.9735661
-36.062375 18.798576 11.618159
-37.865393 13.341913 8.2457557
-35.105782 15.5768 12.418433
-38.354531 20.060227 8.753725
-37.886054 2.5363831 1.5675709
-38.401212 7.8424181 4.8468809
-37.309484 2.5098559 4.1530954
-38.672935 5.2103988 0
-33.157729 9.7665333 13.702651
-36.767989 10.375849 9.1308299
-34.122982 12.556466 13.110935
-33.961707 7.3021386 12.168831
-36.08584 12.984111 10.781037
-41.458265 21.752206 1.9352054
-39.537305 14.051413 5.1919928
-40.296704 21.120288 5.4878962
-41.240803 18.050856 0
-39.153717 17.054856 6.9669843
-35.027714 2.4121466 8.9622053
-37.196992 7.6754521 7.421688
-36.304703 2.4636722 6.6431875
-34.581926 4.8369014 10.578274
-37.366403 5.083907 5.7817905
-35.677787 7.5211692 9.8805774
-39.553532 10.932327 -3.355685
-39.553532 10.932327 3.355685
-39.248782 8.034097 -1.6540274
-40.543094 14.387014 -1.7783327
-39.248782 8.034097 1.6540274
-40.543094 14.387014 1.7783327
-29.411708 -15.33172 9.475524
-32.122007 -11.318224 6.9950474
-29.504743 -13.091561 10.437103
-30.633322 -16.021872 6.9914994
-36.521167 -2.445007 1.5110975
-34.531501 -7.0521333 4.3584581
-35.99622 -2.4215109 4.0069097
-35.921437 -4.8396899 0
-29.606806 -8.7206172 12.235209
-32.266663 -9.1055842 8.0129869
-29.568656 -10.88058 11.361044
-31.043575 -6.6747082 11.123234
-30.916356 -11.12407 9.2365976
-32.178237 -16.883187 1.5020286
-33.104243 -11.765126 4.3472105
-31.616837 -16.571001 4.3058093
-33.02634 -14.455434 0
-31.92628 -13.906678 5.6809394
-33.901779 -2.3346103 8.6741232
-33.606791 -6.9346282 6.7053571
-35.077712 -2.3804075 6.4186676
-32.481668 -4.5431427 9.9358251
-34.838162 -4.7399257 5.3905899
-32.402659 -6.8307454 8.9735661
-34.21711 -9.4573765 -2.9029478
-34.21711 -9.4573765 2.9029478
-35.141939 -7.1934397 -1.4809563
-33.704347 -11.960235 -1.4783663
-35.141939 -7.1934397 1.4809563
-33.704347 -11.960235 1.4783663
