-22.217450 35.948589 0.000000
35.948589 58.166039 0.000000
-35.948589 -58.166039 0.000000
22.217450 -35.948589 0.000000
0.000000 -23.292391 37.687880
0.000000 23.292391 37.687880
0.000000 -23.292391 -37.687880
0.000000 23.292391 -37.687880
43.795407 0.000000 -27.067050
43.795407 0.000000 27.067050
-43.795407 0.000000 -27.067050
-43.795407 0.000000 27.067050
0.000000 58.166039 0.000000
0.000000 -58.166039 0.000000
-18.118706 -47.435388 29.316682
13.587290 -35.571986 21.984696
-13.587290 35.571986 21.984696
18.118706 47.435388 29.316682
0.000000 0.000000 41.129601
-18.118706 -47.435388 -29.316682
13.587290 -35.571986 -21.984696
-13.587290 35.571986 -21.984696
18.118706 47.435388 -29.316682
0.000000 0.000000 -41.129601
51.031379 31.539127 -19.492252
34.098532 -21.074051 -13.024480
20.754928 -12.827251 -33.582178
25.072579 15.495706 -40.568286
51.031379 31.539127 19.492252
34.098532 -21.074051 13.024480
20.754928 -12.827251 33.582178
25.072579 15.495706 40.568286
58.166039 0.000000 0.000000
-34.098532 21.074051 -13.024480
-51.031379 -31.539127 -19.492252
-25.072579 -15.495706 -40.568286
-20.754928 12.827251 -33.582178
-34.098532 21.074051 13.024480
-51.031379 -31.539127 19.492252
-25.072579 -15.495706 40.568286
-20.754928 12.827251 33.582178
-58.166039 0.000000 0.000000
-12.868174 45.297865 0.000000
16.523753 58.166039 0.000000
-16.523753 -58.166039 0.000000
12.868174 -45.297865 0.000000
-27.118161 -53.917030 16.243320
-8.290360 -35.808846 36.235487
-9.519410 -55.727596 15.402729
18.727168 -37.233840 11.217257
7.132612 -30.808146 31.175206
8.049571 -47.123012 13.024480
0.000000 -43.795407 27.067050
-18.727168 37.233840 11.217257
-7.132612 30.808146 31.175206
-8.049571 47.123012 13.024480
27.118161 53.917030 16.243320
8.290360 35.808846 36.235487
9.519410 55.727596 15.402729
0.000000 43.795407 27.067050
0.000000 -11.455231 40.324098
0.000000 11.455231 40.324098
-27.118161 -53.917030 -16.243320
-8.290360 -35.808846 -36.235487
-9.519410 -55.727596 -15.402729
18.727168 -37.233840 -11.217257
7.132612 -30.808146 -31.175206
8.049571 -47.123012 -13.024480
0.000000 -43.795407 -27.067050
-18.727168 37.233840 -11.217257
-7.132612 30.808146 -31.175206
-8.049571 47.123012 -13.024480
27.118161 53.917030 -16.243320
8.290360 35.808846 -36.235487
9.519410 55.727596 -15.402729
0.000000 43.795407 -27.067050
0.000000 -11.455231 -40.324098
0.000000 11.455231 -40.324098
49.724217 50.316650 -11.512006
50.615568 15.248705 -25.457654
36.259566 42.453440 -26.237669
28.535401 -28.875383 -6.606433
39.222397 -11.816340 -19.727334
24.236534 -28.376628 -17.537721
10.771085 -17.982285 -35.752845
31.256218 -7.151147 -30.888204
17.610046 -24.336485 -28.493653
10.838907 -6.698813 -39.215535
28.807022 -17.803719 -24.604134
12.266785 20.479351 -40.717575
36.439680 8.337077 -36.010636
24.741649 34.192118 -40.032829
11.336398 7.006279 -41.015474
40.324867 24.922139 -34.441548
23.292391 0.000000 -37.687880
49.724217 50.316650 11.512006
50.615568 15.248705 25.457654
36.259566 42.453440 26.237669
58.166039 35.948589 0.000000
28.535401 -28.875383 6.606433
39.222397 -11.816340 19.727334
24.236534 -28.376628 17.537721
35.948589 -22.217450 0.000000
10.771085 -17.982285 35.752845
31.256218 -7.151147 30.888204
17.610046 -24.336485 28.493653
10.838907 -6.698813 39.215535
28.807022 -17.803719 24.604134
12.266785 20.479351 40.717575
36.439680 8.337077 36.010636
24.741649 34.192118 40.032829
11.336398 7.006279 41.015474
40.324867 24.922139 34.441548
23.292391 0.000000 37.687880
53.973209 0.000000 -15.332658
53.973209 0.000000 15.332658
57.046217 15.767187 -9.744657
44.775723 -12.375705 -7.648606
57.046217 15.767187 9.744657
44.775723 -12.375705 7.648606
-28.535401 28.875383 -6.606433
-39.222397 11.816340 -19.727334
-24.236534 28.376628 -17.537721
-49.724217 -50.316650 -11.512006
-50.615568 -15.248705 -25.457654
-36.259566 -42.453440 -26.237669
-12.266785 -20.479351 -40.717575
-36.439680 -8.337077 -36.010636
-24.741649 -34.192118 -40.032829
-11.336398 -7.006279 -41.015474
-40.324867 -24.922139 -34.441548
-10.771085 17.982285 -35.752845
-31.256218 7.151147 -30.888204
-17.610046 24.336485 -28.493653
-10.838907 6.698813 -39.215535
-28.807022 17.803719 -24.604134
-23.292391 0.000000 -37.687880
-28.535401 28.875383 6.606433
-39.222397 11.816340 19.727334
-24.236534 28.376628 17.537721
-35.948589 22.217450 0.000000
-49.724217 -50.316650 11.512006
-50.615568 -15.248705 25.457654
-36.259566 -42.453440 26.237669
-58.166039 -35.948589 0.000000
-12.266785 -20.479351 40.717575
-36.439680 -8.337077 36.010636
-24.741649 -34.192118 40.032829
-11.336398 -7.006279 41.015474
-40.324867 -24.922139 34.441548
-10.771085 17.982285 35.752845
-31.256218 7.151147 30.888204
-17.610046 24.336485 28.493653
-10.838907 6.698813 39.215535
-28.807022 17.803719 24.604134
-23.292391 0.000000 37.687880
-53.973209 0.000000 -15.332658
-53.973209 0.000000 15.332658
-44.775723 12.375705 -7.648606
-57.046217 -15.767187 -9.744657
-44.775723 12.375705 7.648606
-57.046217 -15.767187 9.744657
-17.795513 40.370526 0.000000
-7.111130 51.054909 0.000000
25.639857 58.166039 0.000000
8.101596 58.166039 0.000000
-25.639857 -58.166039 0.000000
-8.101596 -58.166039 0.000000
17.795513 -40.370526 0.000000
7.111130 -51.054909 0.000000
-31.791312 -56.760683 8.609979
-22.535647 -50.709695 23.050919
-22.185130 -57.242239 8.153425
-3.832413 -29.097329 37.047079
-13.732103 -43.941343 35.147474
-4.796364 -57.601784 7.760680
-14.019888 -52.337743 22.684656
-13.091000 -57.474177 7.897555
-18.092896 -55.027459 15.860186
20.687699 -36.936126 5.602809
16.349938 -36.790618 16.723776
16.078016 -41.484616 5.908953
3.602300 -27.350209 34.822624
10.490786 -33.569456 26.851286
0.000000 -33.317022 33.713974
4.403457 -52.883177 7.124943
11.064028 -41.303201 17.901974
10.658081 -46.792793 6.429820
0.000000 -54.174519 14.973469
13.759784 -41.848798 12.061791
-9.068556 -48.705380 30.101580
7.350255 -39.476734 24.397963
-4.207846 -40.459757 32.164320
-4.766169 -52.857625 23.135470
3.839170 -36.914829 29.346206
4.183667 -46.397581 20.307947
-20.687699 36.936126 5.602809
-16.349938 36.790618 16.723776
-16.078016 41.484616 5.908953
-3.602300 27.350209 34.822624
-10.490786 33.569456 26.851286
-4.403457 52.883177 7.124943
-11.064028 41.303201 17.901974
-10.658081 46.792793 6.429820
-13.759784 41.848798 12.061791
31.791312 56.760683 8.609979
22.535647 50.709695 23.050919
22.185130 57.242239 8.153425
3.832413 29.097329 37.047079
13.732103 43.941343 35.147474
0.000000 33.317022 33.713974
4.796364 57.601784 7.760680
14.019888 52.337743 22.684656
13.091000 57.474177 7.897555
0.000000 54.174519 14.973469
18.092896 55.027459 15.860186
-7.350255 39.476734 24.397963
9.068556 48.705380 30.101580
-3.839170 36.914829 29.346206
-4.183667 46.397581 20.307947
4.207846 40.459757 32.164320
4.766169 52.857625 23.135470
0.000000 -17.308791 39.266358
0.000000 -5.701110 40.931561
0.000000 17.308791 39.266358
0.000000 5.701110 40.931561
-31.791312 -56.760683 -8.609979
-22.535647 -50.709695 -23.050919
-22.185130 -57.242239 -8.153425
-3.832413 -29.097329 -37.047079
-13.732103 -43.941343 -35.147474
-4.796364 -57.601784 -7.760680
-14.019888 -52.337743 -22.684656
-13.091000 -57.474177 -7.897555
-18.092896 -55.027459 -15.860186
20.687699 -36.936126 -5.602809
16.349938 -36.790618 -16.723776
16.078016 -41.484616 -5.908953
3.602300 -27.350209 -34.822624
10.490786 -33.569456 -26.851286
0.000000 -33.317022 -33.713974
4.403457 -52.883177 -7.124943
11.064028 -41.303201 -17.901974
10.658081 -46.792793 -6.429820
0.000000 -54.174519 -14.973469
13.759784 -41.848798 -12.061791
-9.068556 -48.705380 -30.101580
7.350255 -39.476734 -24.397963
-4.207846 -40.459757 -32.164320
-4.766169 -52.857625 -23.135470
3.839170 -36.914829 -29.346206
4.183667 -46.397581 -20.307947
-20.687699 36.936126 -5.602809
-16.349938 36.790618 -16.723776
-16.078016 41.484616 -5.908953
-3.602300 27.350209 -34.822624
-10.490786 33.569456 -26.851286
-4.403457 52.883177 -7.124943
-11.064028 41.303201 -17.901974
-10.658081 46.792793 -6.429820
-13.759784 41.848798 -12.061791
31.791312 56.760683 -8.609979
22.535647 50.709695 -23.050919
22.185130 57.242239 -8.153425
3.832413 29.097329 -37.047079
13.732103 43.941343 -35.147474
0.000000 33.317022 -33.713974
4.796364 57.601784 -7.760680
14.019888 52.337743 -22.684656
13.091000 57.474177 -7.897555
0.000000 54.174519 -14.973469
18.092896 55.027459 -15.860186
-7.350255 39.476734 -24.397963
9.068556 48.705380 -30.101580
-3.839170 36.914829 -29.346206
-4.183667 46.397581 -20.307947
4.207846 40.459757 -32.164320
4.766169 52.857625 -23.135470
0.000000 -17.308791 -39.266358
0.000000 -5.701110 -40.931561
0.000000 17.308791 -39.266358
0.000000 5.701110 -40.931561
44.676461 56.882623 -5.884343
50.910570 40.721967 -15.910055
38.241588 53.062717 -14.260497
50.116297 7.602098 -28.069832
50.872767 23.125046 -22.608117
27.212524 45.431205 -28.078029
44.588783 37.929484 -23.441710
32.326521 49.070349 -21.680787
42.504615 46.108838 -19.433627
25.502127 -32.469623 -3.358888
31.384455 -25.103564 -9.807952
23.788673 -33.008347 -8.870926
41.613058 -6.312249 -23.307220
36.708558 -16.686474 -16.313471
19.119239 -31.919497 -19.727334
29.164448 -24.808761 -15.332658
21.617617 -32.814666 -14.498527
26.647878 -28.907512 -12.183734
5.572863 -20.577129 -36.738713
15.778170 -15.425470 -34.710380
9.056926 -24.287459 -33.700446
5.485794 -14.926619 -38.513773
37.150695 -3.843132 -29.178710
25.857853 -10.102652 -32.327466
35.741233 -9.605384 -25.758227
15.738767 -29.936915 -25.465861
19.267337 -18.673421 -31.175206
12.568752 -27.489978 -29.821018
21.209214 -26.712238 -23.311182
14.341088 -21.382872 -32.458333
5.476700 -3.384787 -40.649490
15.970849 -9.870528 -36.847736
5.472143 -9.070634 -39.823333
10.865373 -12.394941 -37.697784
31.848047 -19.683175 -19.076441
25.072579 -15.495706 -29.474585
33.883640 -14.970832 -22.321835
26.638658 -23.246971 -21.150793
30.157140 -12.710418 -27.799825
23.222584 -21.128605 -26.610713
5.993977 22.132041 -39.514877
18.695649 18.277733 -41.128539
10.528934 28.234860 -39.177725
5.772316 15.706231 -40.525334
40.748747 4.215340 -32.004674
31.103308 12.152049 -38.885330
46.106012 12.390897 -33.227984
33.847334 0.000000 -33.448812
21.696611 41.269407 -35.105854
25.417185 24.633700 -41.125869
16.342302 35.743367 -38.774262
30.331607 38.201562 -33.337662
17.962194 26.782020 -40.654020
5.537720 3.422499 -41.102396
17.705821 10.942799 -40.850640
5.640137 9.349100 -41.045899
11.156862 0.000000 -40.365905
11.849626 13.517751 -41.112683
45.669509 28.225309 -27.355264
34.098532 21.074051 -40.085228
46.019371 20.332771 -30.316601
38.741936 33.809235 -30.760658
40.781957 17.188491 -37.594125
32.928386 29.959235 -37.732573
22.096473 -6.656896 -35.752845
24.311310 7.324149 -39.336525
27.593734 -3.609906 -34.710380
16.865619 -3.474509 -38.532890
29.377786 3.843302 -36.954554
17.482079 3.601506 -39.941318
44.676461 56.882623 5.884343
50.910570 40.721967 15.910055
38.241588 53.062717 14.260497
57.481186 58.166039 0.000000
50.116297 7.602098 28.069832
50.872767 23.125046 22.608117
27.212524 45.431205 28.078029
44.588783 37.929484 23.441710
32.326521 49.070349 21.680787
42.504615 46.108838 19.433627
55.876067 34.533309 -10.403681
55.876067 34.533309 10.403681
56.822235 45.172010 -5.909556
56.822235 45.172010 5.909556
25.502127 -32.469623 3.358888
31.384455 -25.103564 9.807952
23.788673 -33.008347 8.870926
28.910792 -29.255247 0.000000
41.613058 -6.312249 23.307220
36.708558 -16.686474 16.313471
19.119239 -31.919497 19.727334
29.164448 -24.808761 15.332658
21.617617 -32.814666 14.498527
26.647878 -28.907512 12.183734
35.481816 -21.928968 -6.606433
35.481816 -21.928968 6.606433
32.296768 -25.674983 -3.358888
32.296768 -25.674983 3.358888
5.572863 -20.577129 36.738713
15.778170 -15.425470 34.710380
9.056926 -24.287459 33.700446
5.485794 -14.926619 38.513773
37.150695 -3.843132 29.178710
25.857853 -10.102652 32.327466
35.741233 -9.605384 25.758227
15.738767 -29.936915 25.465861
19.267337 -18.673421 31.175206
12.568752 -27.489978 29.821018
21.209214 -26.712238 23.311182
14.341088 -21.382872 32.458333
5.476700 -3.384787 40.649490
15.970849 -9.870528 36.847736
5.472143 -9.070634 39.823333
10.865373 -12.394941 37.697784
31.848047 -19.683175 19.076441
25.072579 -15.495706 29.474585
33.883640 -14.970832 22.321835
26.638658 -23.246971 21.150793
30.157140 -12.710418 27.799825
23.222584 -21.128605 26.610713
5.993977 22.132041 39.514877
18.695649 18.277733 41.128539
10.528934 28.234860 39.177725
5.772316 15.706231 40.525334
40.748747 4.215340 32.004674
31.103308 12.152049 38.885330
46.106012 12.390897 33.227984
33.847334 0.000000 33.448812
21.696611 41.269407 35.105854
25.417185 24.633700 41.125869
16.342302 35.743367 38.774262
30.331607 38.201562 33.337662
17.962194 26.782020 40.654020
5.537720 3.422499 41.102396
17.705821 10.942799 40.850640
5.640137 9.349100 41.045899
11.156862 0.000000 40.365905
11.849626 13.517751 41.112683
45.669509 28.225309 27.355264
34.098532 21.074051 40.085228
46.019371 20.332771 30.316601
38.741936 33.809235 30.760658
40.781957 17.188491 37.594125
32.928386 29.959235 37.732573
22.096473 -6.656896 35.752845
24.311310 7.324149 39.336525
27.593734 -3.609906 34.710380
16.865619 -3.474509 38.532890
29.377786 3.843302 36.954554
17.482079 3.601506 39.941318
49.360345 0.000000 -21.758267
57.069427 0.000000 -7.948855
53.852613 7.670616 -20.871428
45.904356 -6.538488 -17.790955
49.360345 0.000000 21.758267
57.069427 0.000000 7.948855
53.852613 7.670616 20.871428
45.904356 -6.538488 17.790955
55.003808 23.840204 -14.734056
57.934984 7.805572 -4.824109
54.400840 15.679580 -17.886865
57.753731 25.278467 -5.207651
56.521756 7.766682 -12.874065
39.231331 -17.003967 -10.509029
50.985999 -6.869336 -4.245483
42.470151 -12.240879 -13.964083
40.299656 -17.638922 -3.633818
49.203884 -6.761130 -11.207260
55.003808 23.840204 14.734056
57.934984 7.805572 4.824109
54.400840 15.679580 17.886865
57.753731 25.278467 5.207651
56.521756 7.766682 12.874065
58.166039 16.076698 0.000000
39.231331 -17.003967 10.509029
50.985999 -6.869336 4.245483
42.470151 -12.240879 13.964083
40.299656 -17.638922 3.633818
49.203884 -6.761130 11.207260
45.570627 -12.595412 0.000000
-25.502127 32.469623 -3.358888
-31.384455 25.103564 -9.807952
-23.788673 33.008347 -8.870926
-41.613058 6.312249 -23.307220
-36.708558 16.686474 -16.313471
-19.119239 31.919497 -19.727334
-29.164448 24.808761 -15.332658
-21.617617 32.814666 -14.498527
-26.647878 28.907512 -12.183734
-44.676461 -56.882623 -5.884343
-50.910570 -40.721967 -15.910055
-38.241588 -53.062717 -14.260497
-50.116297 -7.602098 -28.069832
-50.872767 -23.125046 -22.608117
-27.212524 -45.431205 -28.078029
-44.588783 -37.929484 -23.441710
-32.326521 -49.070349 -21.680787
-42.504615 -46.108838 -19.433627
-5.993977 -22.132041 -39.514877
-18.695649 -18.277733 -41.128539
-10.528934 -28.234860 -39.177725
-5.772316 -15.706231 -40.525334
-40.748747 -4.215340 -32.004674
-31.103308 -12.152049 -38.885330
-46.106012 -12.390897 -33.227984
-21.696611 -41.269407 -35.105854
-25.417185 -24.633700 -41.125869
-16.342302 -35.743367 -38.774262
-30.331607 -38.201562 -33.337662
-17.962194 -26.782020 -40.654020
-5.537720 -3.422499 -41.102396
-17.705821 -10.942799 -40.850640
-5.640137 -9.349100 -41.045899
-11.849626 -13.517751 -41.112683
-45.669509 -28.225309 -27.355264
-34.098532 -21.074051 -40.085228
-46.019371 -20.332771 -30.316601
-38.741936 -33.809235 -30.760658
-40.781957 -17.188491 -37.594125
-32.928386 -29.959235 -37.732573
-5.572863 20.577129 -36.738713
-15.778170 15.425470 -34.710380
-9.056926 24.287459 -33.700446
-5.485794 14.926619 -38.513773
-37.150695 3.843132 -29.178710
-25.857853 10.102652 -32.327466
-35.741233 9.605384 -25.758227
-33.847334 0.000000 -33.448812
-15.738767 29.936915 -25.465861
-19.267337 18.673421 -31.175206
-12.568752 27.489978 -29.821018
-21.209214 26.712238 -23.311182
-14.341088 21.382872 -32.458333
-5.476700 3.384787 -40.649490
-15.970849 9.870528 -36.847736
-5.472143 9.070634 -39.823333
-11.156862 0.000000 -40.365905
-10.865373 12.394941 -37.697784
-31.848047 19.683175 -19.076441
-25.072579 15.495706 -29.474585
-33.883640 14.970832 -22.321835
-26.638658 23.246971 -21.150793
-30.157140 12.710418 -27.799825
-23.222584 21.128605 -26.610713
-24.311310 -7.324149 -39.336525
-22.096473 6.656896 -35.752845
-29.377786 -3.843302 -36.954554
-17.482079 -3.601506 -39.941318
-27.593734 3.609906 -34.710380
-16.865619 3.474509 -38.532890
-25.502127 32.469623 3.358888
-31.384455 25.103564 9.807952
-23.788673 33.008347 8.870926
-28.910792 29.255247 0.000000
-41.613058 6.312249 23.307220
-36.708558 16.686474 16.313471
-19.119239 31.919497 19.727334
-29.164448 24.808761 15.332658
-21.617617 32.814666 14.498527
-26.647878 28.907512 12.183734
-35.481816 21.928968 -6.606433
-35.481816 21.928968 6.606433
-32.296768 25.674983 -3.358888
-32.296768 25.674983 3.358888
-44.676461 -56.882623 5.884343
-50.910570 -40.721967 15.910055
-38.241588 -53.062717 14.260497
-57.481186 -58.166039 0.000000
-50.116297 -7.602098 28.069832
-50.872767 -23.125046 22.608117
-27.212524 -45.431205 28.078029
-44.588783 -37.929484 23.441710
-32.326521 -49.070349 21.680787
-42.504615 -46.108838 19.433627
-55.876067 -34.533309 -10.403681
-55.876067 -34.533309 10.403681
-56.822235 -45.172010 -5.909556
-56.822235 -45.172010 5.909556
-5.993977 -22.132041 39.514877
-18.695649 -18.277733 41.128539
-10.528934 -28.234860 39.177725
-5.772316 -15.706231 40.525334
-40.748747 -4.215340 32.004674
-31.103308 -12.152049 38.885330
-46.106012 -12.390897 33.227984
-21.696611 -41.269407 35.105854
-25.417185 -24.633700 41.125869
-16.342302 -35.743367 38.774262
-30.331607 -38.201562 33.337662
-17.962194 -26.782020 40.654020
-5.537720 -3.422499 41.102396
-17.705821 -10.942799 40.850640
-5.640137 -9.349100 41.045899
-11.849626 -13.517751 41.112683
-45.669509 -28.225309 27.355264
-34.098532 -21.074051 40.085228
-46.019371 -20.332771 30.316601
-38.741936 -33.809235 30.760658
-40.781957 -17.188491 37.594125
-32.928386 -29.959235 37.732573
-5.572863 20.577129 36.738713
-15.778170 15.425470 34.710380
-9.056926 24.287459 33.700446
-5.485794 14.926619 38.513773
-37.150695 3.843132 29.178710
-25.857853 10.102652 32.327466
-35.741233 9.605384 25.758227
-33.847334 0.000000 33.448812
-15.738767 29.936915 25.465861
-19.267337 18.673421 31.175206
-12.568752 27.489978 29.821018
-21.209214 26.712238 23.311182
-14.341088 21.382872 32.458333
-5.476700 3.384787 40.649490
-15.970849 9.870528 36.847736
-5.472143 9.070634 39.823333
-11.156862 0.000000 40.365905
-10.865373 12.394941 37.697784
-31.848047 19.683175 19.076441
-25.072579 15.495706 29.474585
-33.883640 14.970832 22.321835
-26.638658 23.246971 21.150793
-30.157140 12.710418 27.799825
-23.222584 21.128605 26.610713
-24.311310 -7.324149 39.336525
-22.096473 6.656896 35.752845
-29.377786 -3.843302 36.954554
-17.482079 -3.601506 39.941318
-27.593734 3.609906 34.710380
-16.865619 3.474509 38.532890
-49.360345 0.000000 -21.758267
-57.069427 0.000000 -7.948855
-45.904356 6.538488 -17.790955
-53.852613 -7.670616 -20.871428
-49.360345 0.000000 21.758267
-57.069427 0.000000 7.948855
-45.904356 6.538488 17.790955
-53.852613 -7.670616 20.871428
-39.231331 17.003967 -10.509029
-50.985999 6.869336 -4.245483
-42.470151 12.240879 -13.964083
-40.299656 17.638922 -3.633818
-49.203884 6.761130 -11.207260
-55.003808 -23.840204 -14.734056
-57.934984 -7.805572 -4.824109
-54.400840 -15.679580 -17.886865
-57.753731 -25.278467 -5.207651
-56.521756 -7.766682 -12.874065
-39.231331 17.003967 10.509029
-50.985999 6.869336 4.245483
-42.470151 12.240879 13.964083
-40.299656 17.638922 3.633818
-49.203884 6.761130 11.207260
-45.570627 12.595412 0.000000
-55.003808 -23.840204 14.734056
-57.934984 -7.805572 4.824109
-54.400840 -15.679580 17.886865
-57.753731 -25.278467 5.207651
-56.521756 -7.766682 12.874065
-58.166039 -16.076698 0.000000
-20.054055 38.111984 0.000000
-15.412108 42.753931 0.000000
-3.770047 54.395991 0.000000
-10.119736 48.046303 0.000000
30.606250 58.166039 0.000000
20.967926 58.166039 0.000000
4.031340 58.166039 0.000000
12.251202 58.166039 0.000000
-30.606250 -58.166039 0.000000
-20.967926 -58.166039 0.000000
-4.031340 -58.166039 0.000000
-12.251202 -58.166039 0.000000
20.054055 -38.111984 0.000000
15.412108 -42.753931 0.000000
3.770047 -54.395991 0.000000
10.119736 -48.046303 0.000000
-34.011647 -57.762107 4.417404
-29.461407 -55.423923 12.546826
-28.856735 -57.855796 4.264505
-20.309707 -49.075682 26.234618
-24.804863 -52.330402 19.732395
-19.402748 -57.954976 4.045122
-24.786690 -55.917406 12.252176
-23.979651 -57.914709 4.145372
-26.865925 -57.044157 8.380338
-1.854615 -26.105619 37.384334
-5.964716 -32.313053 36.667787
-15.950432 -45.788044 32.327838
-10.858426 -39.655022 35.735445
-2.401075 -58.030708 3.885021
-7.174742 -56.844555 11.608976
-6.458340 -58.018736 3.902993
-16.129317 -50.064857 26.097783
-11.809005 -54.228215 19.107371
-18.252939 -51.599401 22.895190
-14.835316 -57.982070 3.992874
-11.313992 -56.704953 11.700843
-10.613657 -58.003131 3.936149
-17.549934 -57.373305 8.024684
-8.903901 -57.543899 7.829168
-22.540485 -54.543554 16.065679
-13.760984 -55.412677 15.637340
-20.405795 -53.108843 19.542823
-20.152301 -56.242588 12.092772
-16.052074 -53.728834 19.332269
-15.646494 -56.497941 11.910228
21.506750 -36.524994 2.793278
19.760754 -37.174685 8.415577
19.310207 -38.715656 2.853700
15.014064 -36.279472 19.394087
17.589135 -37.107502 13.992246
14.549389 -43.458252 3.033285
17.466530 -39.403528 8.633787
16.988242 -41.029332 2.936765
18.440296 -39.154100 5.752116
1.803710 -25.389080 36.358219
5.382865 -29.160948 33.090883
0.000000 -28.240801 35.956538
12.076722 -34.667992 24.476722
8.839155 -32.280634 29.089956
-3.975511 -34.569021 34.980889
3.687229 -32.062269 32.444271
-1.925152 -31.305006 35.497269
1.860026 -30.245995 34.296439
2.301560 -55.625564 3.724002
6.314429 -50.028409 10.216961
5.804964 -52.149105 3.508136
0.000000 -57.138107 7.698209
12.378945 -38.423830 20.029554
9.626692 -44.206800 15.576315
13.789805 -38.982527 17.296952
11.814880 -46.177052 3.179934
9.400907 -47.116702 9.722345
8.967672 -49.007902 3.325724
13.471088 -44.038961 6.159637
7.688158 -49.686822 6.760168
-4.745000 -55.929415 15.458510
4.279517 -50.442758 13.942035
-2.399897 -56.947685 11.657004
2.266307 -53.777700 11.008119
16.314671 -39.478303 11.628244
11.021658 -44.381969 12.524498
15.112704 -39.332857 14.473580
14.973101 -41.788078 8.984894
12.458171 -41.699472 15.003962
12.284533 -44.358232 9.351078
-13.605234 -48.206278 29.793118
-4.271219 -46.165659 28.531947
-11.460686 -46.563464 32.795450
-11.557763 -50.640451 26.486022
10.578879 -37.483249 23.165922
3.846343 -41.573367 25.693754
8.974160 -36.460989 25.680103
9.259138 -40.569002 21.218442
-6.279350 -38.283907 34.343823
-2.104806 -42.304108 29.726286
-8.724462 -42.188901 33.640893
-2.010401 -36.746133 32.990279
-6.507729 -44.385771 31.213314
-7.155573 -54.490074 19.365572
-2.247497 -48.148544 25.262442
-9.386942 -52.753625 22.978801
-2.362696 -53.865622 19.114610
-6.959445 -51.102036 26.783574
5.541091 -33.782893 30.306042
2.002061 -40.239060 28.275217
7.282612 -35.216541 28.081222
1.927969 -35.239429 31.637577
5.618672 -38.321984 26.949090
0.000000 -38.657648 30.731696
6.170167 -46.986154 16.698706
2.116198 -45.335700 23.786608
7.786126 -43.757206 19.060077
2.202778 -50.219762 17.820850
5.839272 -42.876799 22.472566
0.000000 -49.457766 21.647372
-21.506750 36.524994 2.793278
-19.760754 37.174685 8.415577
-19.310207 38.715656 2.853700
-15.014064 36.279472 19.394087
-17.589135 37.107502 13.992246
-14.549389 43.458252 3.033285
-17.466530 39.403528 8.633787
-16.988242 41.029332 2.936765
-18.440296 39.154100 5.752116
-1.803710 25.389080 36.358219
-5.382865 29.160948 33.090883
-12.076722 34.667992 24.476722
-8.839155 32.280634 29.089956
-2.301560 55.625564 3.724002
-6.314429 50.028409 10.216961
-5.804964 52.149105 3.508136
-12.378945 38.423830 20.029554
-9.626692 44.206800 15.576315
-13.789805 38.982527 17.296952
-11.814880 46.177052 3.179934
-9.400907 47.116702 9.722345
-8.967672 49.007902 3.325724
-13.471088 44.038961 6.159637
-7.688158 49.686822 6.760168
-16.314671 39.478303 11.628244
-11.021658 44.381969 12.524498
-15.112704 39.332857 14.473580
-14.973101 41.788078 8.984894
-12.458171 41.699472 15.003962
-12.284533 44.358232 9.351078
34.011647 57.762107 4.417404
29.461407 55.423923 12.546826
28.856735 57.855796 4.264505
20.309707 49.075682 26.234618
24.804863 52.330402 19.732395
19.402748 57.954976 4.045122
24.786690 55.917406 12.252176
23.979651 57.914709 4.145372
26.865925 57.044157 8.380338
1.854615 26.105619 37.384334
5.964716 32.313053 36.667787
0.000000 28.240801 35.956538
15.950432 45.788044 32.327838
10.858426 39.655022 35.735445
-3.687229 32.062269 32.444271
3.975511 34.569021 34.980889
-1.860026 30.245995 34.296439
1.925152 31.305006 35.497269
2.401075 58.030708 3.885021
7.174742 56.844555 11.608976
6.458340 58.018736 3.902993
0.000000 57.138107 7.698209
16.129317 50.064857 26.097783
11.809005 54.228215 19.107371
18.252939 51.599401 22.895190
14.835316 57.982070 3.992874
11.313992 56.704953 11.700843
10.613657 58.003131 3.936149
17.549934 57.373305 8.024684
8.903901 57.543899 7.829168
-4.279517 50.442758 13.942035
4.745000 55.929415 15.458510
-2.266307 53.777700 11.008119
2.399897 56.947685 11.657004
22.540485 54.543554 16.065679
13.760984 55.412677 15.637340
20.405795 53.108843 19.542823
20.152301 56.242588 12.092772
16.052074 53.728834 19.332269
15.646494 56.497941 11.910228
-10.578879 37.483249 23.165922
-3.846343 41.573367 25.693754
-8.974160 36.460989 25.680103
-9.259138 40.569002 21.218442
13.605234 48.206278 29.793118
4.271219 46.165659 28.531947
11.460686 46.563464 32.795450
11.557763 50.640451 26.486022
-5.541091 33.782893 30.306042
-2.002061 40.239060 28.275217
-7.282612 35.216541 28.081222
-1.927969 35.239429 31.637577
-5.618672 38.321984 26.949090
-6.170167 46.986154 16.698706
-2.116198 45.335700 23.786608
-7.786126 43.757206 19.060077
-2.202778 50.219762 17.820850
-5.839272 42.876799 22.472566
6.279350 38.283907 34.343823
2.104806 42.304108 29.726286
8.724462 42.188901 33.640893
2.010401 36.746133 32.990279
6.507729 44.385771 31.213314
0.000000 38.657648 30.731696
7.155573 54.490074 19.365572
2.247497 48.148544 25.262442
9.386942 52.753625 22.978801
2.362696 53.865622 19.114610
6.959445 51.102036 26.783574
0.000000 49.457766 21.647372
0.000000 -20.283396 38.547840
0.000000 -14.367159 39.855193
0.000000 -2.847171 41.080298
0.000000 -8.568399 40.680896
0.000000 20.283396 38.547840
0.000000 14.367159 39.855193
0.000000 2.847171 41.080298
0.000000 8.568399 40.680896
-34.011647 -57.762107 -4.417404
-29.461407 -55.423923 -12.546826
-28.856735 -57.855796 -4.264505
-20.309707 -49.075682 -26.234618
-24.804863 -52.330402 -19.732395
-19.402748 -57.954976 -4.045122
-24.786690 -55.917406 -12.252176
-23.979651 -57.914709 -4.145372
-26.865925 -57.044157 -8.380338
-1.854615 -26.105619 -37.384334
-5.964716 -32.313053 -36.667787
-15.950432 -45.788044 -32.327838
-10.858426 -39.655022 -35.735445
-2.401075 -58.030708 -3.885021
-7.174742 -56.844555 -11.608976
-6.458340 -58.018736 -3.902993
-16.129317 -50.064857 -26.097783
-11.809005 -54.228215 -19.107371
-18.252939 -51.599401 -22.895190
-14.835316 -57.982070 -3.992874
-11.313992 -56.704953 -11.700843
-10.613657 -58.003131 -3.936149
-17.549934 -57.373305 -8.024684
-8.903901 -57.543899 -7.829168
-22.540485 -54.543554 -16.065679
-13.760984 -55.412677 -15.637340
-20.405795 -53.108843 -19.542823
-20.152301 -56.242588 -12.092772
-16.052074 -53.728834 -19.332269
-15.646494 -56.497941 -11.910228
21.506750 -36.524994 -2.793278
19.760754 -37.174685 -8.415577
19.310207 -38.715656 -2.853700
15.014064 -36.279472 -19.394087
17.589135 -37.107502 -13.992246
14.549389 -43.458252 -3.033285
17.466530 -39.403528 -8.633787
16.988242 -41.029332 -2.936765
18.440296 -39.154100 -5.752116
1.803710 -25.389080 -36.358219
5.382865 -29.160948 -33.090883
0.000000 -28.240801 -35.956538
12.076722 -34.667992 -24.476722
8.839155 -32.280634 -29.089956
-3.975511 -34.569021 -34.980889
3.687229 -32.062269 -32.444271
-1.925152 -31.305006 -35.497269
1.860026 -30.245995 -34.296439
2.301560 -55.625564 -3.724002
6.314429 -50.028409 -10.216961
5.804964 -52.149105 -3.508136
0.000000 -57.138107 -7.698209
12.378945 -38.423830 -20.029554
9.626692 -44.206800 -15.576315
13.789805 -38.982527 -17.296952
11.814880 -46.177052 -3.179934
9.400907 -47.116702 -9.722345
8.967672 -49.007902 -3.325724
13.471088 -44.038961 -6.159637
7.688158 -49.686822 -6.760168
-4.745000 -55.929415 -15.458510
4.279517 -50.442758 -13.942035
-2.399897 -56.947685 -11.657004
2.266307 -53.777700 -11.008119
16.314671 -39.478303 -11.628244
11.021658 -44.381969 -12.524498
15.112704 -39.332857 -14.473580
14.973101 -41.788078 -8.984894
12.458171 -41.699472 -15.003962
12.284533 -44.358232 -9.351078
-13.605234 -48.206278 -29.793118
-4.271219 -46.165659 -28.531947
-11.460686 -46.563464 -32.795450
-11.557763 -50.640451 -26.486022
10.578879 -37.483249 -23.165922
3.846343 -41.573367 -25.693754
8.974160 -36.460989 -25.680103
9.259138 -40.569002 -21.218442
-6.279350 -38.283907 -34.343823
-2.104806 -42.304108 -29.726286
-8.724462 -42.188901 -33.640893
-2.010401 -36.746133 -32.990279
-6.507729 -44.385771 -31.213314
-7.155573 -54.490074 -19.365572
-2.247497 -48.148544 -25.262442
-9.386942 -52.753625 -22.978801
-2.362696 -53.865622 -19.114610
-6.959445 -51.102036 -26.783574
5.541091 -33.782893 -30.306042
2.002061 -40.239060 -28.275217
7.282612 -35.216541 -28.081222
1.927969 -35.239429 -31.637577
5.618672 -38.321984 -26.949090
0.000000 -38.657648 -30.731696
6.170167 -46.986154 -16.698706
2.116198 -45.335700 -23.786608
7.786126 -43.757206 -19.060077
2.202778 -50.219762 -17.820850
5.839272 -42.876799 -22.472566
0.000000 -49.457766 -21.647372
-21.506750 36.524994 -2.793278
-19.760754 37.174685 -8.415577
-19.310207 38.715656 -2.853700
-15.014064 36.279472 -19.394087
-17.589135 37.107502 -13.992246
-14.549389 43.458252 -3.033285
-17.466530 39.403528 -8.633787
-16.988242 41.029332 -2.936765
-18.440296 39.154100 -5.752116
-1.803710 25.389080 -36.358219
-5.382865 29.160948 -33.090883
-12.076722 34.667992 -24.476722
-8.839155 32.280634 -29.089956
-2.301560 55.625564 -3.724002
-6.314429 50.028409 -10.216961
-5.804964 52.149105 -3.508136
-12.378945 38.423830 -20.029554
-9.626692 44.206800 -15.576315
-13.789805 38.982527 -17.296952
-11.814880 46.177052 -3.179934
-9.400907 47.116702 -9.722345
-8.967672 49.007902 -3.325724
-13.471088 44.038961 -6.159637
-7.688158 49.686822 -6.760168
-16.314671 39.478303 -11.628244
-11.021658 44.381969 -12.524498
-15.112704 39.332857 -14.473580
-14.973101 41.788078 -8.984894
-12.458171 41.699472 -15.003962
-12.284533 44.358232 -9.351078
34.011647 57.762107 -4.417404
29.461407 55.423923 -12.546826
28.856735 57.855796 -4.264505
20.309707 49.075682 -26.234618
24.804863 52.330402 -19.732395
19.402748 57.954976 -4.045122
24.786690 55.917406 -12.252176
23.979651 57.914709 -4.145372
26.865925 57.044157 -8.380338
1.854615 26.105619 -37.384334
5.964716 32.313053 -36.667787
0.000000 28.240801 -35.956538
15.950432 45.788044 -32.327838
10.858426 39.655022 -35.735445
-3.687229 32.062269 -32.444271
3.975511 34.569021 -34.980889
-1.860026 30.245995 -34.296439
1.925152 31.305006 -35.497269
2.401075 58.030708 -3.885021
7.174742 56.844555 -11.608976
6.458340 58.018736 -3.902993
0.000000 57.138107 -7.698209
16.129317 50.064857 -26.097783
11.809005 54.228215 -19.107371
18.252939 51.599401 -22.895190
14.835316 57.982070 -3.992874
11.313992 56.704953 -11.700843
10.613657 58.003131 -3.936149
17.549934 57.373305 -8.024684
8.903901 57.543899 -7.829168
-4.279517 50.442758 -13.942035
4.745000 55.929415 -15.458510
-2.266307 53.777700 -11.008119
2.399897 56.947685 -11.657004
22.540485 54.543554 -16.065679
13.760984 55.412677 -15.637340
20.405795 53.108843 -19.542823
20.152301 56.242588 -12.092772
16.052074 53.728834 -19.332269
15.646494 56.497941 -11.910228
-10.578879 37.483249 -23.165922
-3.846343 41.573367 -25.693754
-8.974160 36.460989 -25.680103
-9.259138 40.569002 -21.218442
13.605234 48.206278 -29.793118
4.271219 46.165659 -28.531947
11.460686 46.563464 -32.795450
11.557763 50.640451 -26.486022
-5.541091 33.782893 -30.306042
-2.002061 40.239060 -28.275217
-7.282612 35.216541 -28.081222
-1.927969 35.239429 -31.637577
-5.618672 38.321984 -26.949090
-6.170167 46.986154 -16.698706
-2.116198 45.335700 -23.786608
-7.786126 43.757206 -19.060077
-2.202778 50.219762 -17.820850
-5.839272 42.876799 -22.472566
6.279350 38.283907 -34.343823
2.104806 42.304108 -29.726286
8.724462 42.188901 -33.640893
2.010401 36.746133 -32.990279
6.507729 44.385771 -31.213314
0.000000 38.657648 -30.731696
7.155573 54.490074 -19.365572
2.247497 48.148544 -25.262442
9.386942 52.753625 -22.978801
2.362696 53.865622 -19.114610
6.959445 51.102036 -26.783574
0.000000 49.457766 -21.647372
0.000000 -20.283396 -38.547840
0.000000 -14.367159 -39.855193
0.000000 -2.847171 -41.080298
0.000000 -8.568399 -40.680896
0.000000 20.283396 -38.547840
0.000000 14.367159 -39.855193
0.000000 2.847171 -41.080298
0.000000 8.568399 -40.680896
40.454728 57.932856 -2.874015
47.901806 54.357390 -8.842269
37.926296 56.842795 -7.318759
51.029109 36.028199 -17.776176
50.561212 45.563647 -13.844783
32.541942 53.591779 -15.310864
44.115268 52.124289 -13.030060
35.215823 55.293514 -11.482601
41.422715 55.019748 -10.264441
46.775623 3.577204 -27.542555
50.467534 11.424802 -26.826765
50.970492 27.247535 -21.093864
50.751980 19.137214 -24.056683
22.654682 46.524849 -28.753938
31.767508 44.097620 -27.253828
24.969753 48.246463 -25.662933
48.112557 34.954948 -21.603346
40.583098 40.420122 -24.981009
47.726248 39.344032 -19.824117
29.867094 51.751893 -19.053270
34.457615 45.936208 -24.081113
27.380838 50.000627 -22.422036
35.205333 51.028620 -18.104154
29.719350 47.220338 -24.954717
45.965057 48.129797 -15.649410
39.286515 44.226083 -22.942525
47.066423 43.821827 -17.844621
40.683487 49.907251 -16.993215
43.721546 42.084783 -21.553913
37.464558 47.839963 -20.676801
23.896166 -34.220304 -1.697650
27.045552 -30.690401 -4.992380
23.140268 -34.681939 -4.465452
32.755974 -23.126775 -11.410663
29.979470 -27.016243 -8.209045
21.312445 -35.098454 -10.027427
26.187028 -30.941220 -7.734704
22.275839 -34.976024 -7.263342
24.704450 -32.813701 -6.121698
42.738831 -3.268487 -25.165599
40.436706 -9.154031 -21.494730
35.415424 -18.932190 -14.656483
37.978168 -14.320551 -18.001835
16.421214 -33.723470 -20.842251
21.714587 -30.142798 -18.629274
17.773275 -34.341456 -18.266675
31.618895 -22.971900 -14.197415
26.711584 -26.604314 -16.442370
30.348419 -25.018290 -12.605864
20.211914 -35.021982 -12.893891
22.955813 -30.602902 -16.042943
19.044627 -34.777725 -15.595552
22.764335 -32.995927 -11.706437
20.421841 -32.447758 -17.147793
27.659162 -28.961780 -9.416926
25.505532 -28.712391 -14.894712
29.023236 -27.022474 -11.003782
25.248527 -30.972875 -10.546138
27.927933 -26.882421 -13.767954
24.165374 -30.857713 -13.336942
2.846200 -21.914218 -37.216997
8.206565 -19.269969 -36.251401
4.614870 -23.914563 -35.842430
2.810119 -19.015304 -38.124395
18.260657 -14.136611 -34.159224
13.288166 -16.704062 -35.240278
8.125863 -27.511355 -32.505975
9.935780 -21.117657 -34.777666
6.391451 -25.793053 -34.259639
7.333120 -22.489839 -35.312032
2.760024 -13.238670 -39.543203
8.161156 -16.510377 -37.246500
2.784353 -16.106590 -38.900002
5.536939 -17.750478 -37.689417
40.360629 -2.002267 -28.183977
34.127097 -5.551425 -30.074100
39.536409 -5.090486 -26.379237
23.280544 -11.486532 -32.973766
28.508539 -8.662488 -31.635446
37.621025 -10.748111 -22.844198
33.609861 -8.401813 -28.445626
38.608599 -8.017706 -24.589386
36.485494 -6.806705 -27.468833
14.703137 -32.745184 -23.790176
16.704745 -27.137827 -27.028845
13.175846 -31.720641 -26.149508
17.494744 -31.039533 -22.668393
20.030375 -15.781552 -32.409828
18.462188 -21.519829 -29.872448
17.568469 -17.093928 -33.028823
9.914522 -29.120686 -30.492135
15.125148 -25.900129 -29.156601
11.565569 -30.504988 -28.402080
10.844137 -25.961967 -31.848067
14.192562 -28.789240 -27.711484
22.799154 -27.635928 -20.488906
19.476045 -25.610407 -25.985572
20.200693 -29.329273 -21.564676
18.517276 -28.319835 -24.388247
12.589139 -19.734198 -34.194224
16.017657 -22.919632 -30.554669
15.079280 -18.414177 -33.626451
11.736990 -22.823749 -33.082045
16.818208 -20.029328 -31.824104
13.482112 -24.428409 -31.193593
2.745489 -1.696805 -41.009475
8.179309 -5.055091 -40.050835
2.745040 -4.542257 -40.805535
18.413781 -11.380343 -35.324200
13.440970 -8.306977 -38.146526
15.896516 -12.673323 -35.826334
2.760510 -10.256532 -40.086436
8.157625 -7.887919 -39.533711
2.748198 -7.410399 -40.497475
5.486616 -11.999194 -39.227124
5.481240 -6.233667 -40.286778
10.833516 -15.199650 -36.780173
10.867163 -9.563190 -38.509017
13.362195 -13.952242 -36.312599
8.195464 -13.657535 -38.116496
13.415590 -11.139305 -37.285019
8.196659 -10.767969 -38.882071
33.077464 -20.442997 -16.106649
30.420674 -18.801010 -21.914765
34.260006 -18.223351 -17.731121
30.532132 -22.297834 -17.208759
22.979444 -14.202077 -31.629279
27.019814 -16.699163 -27.128759
25.496246 -12.846690 -30.928202
22.161015 -17.103166 -30.344787
36.510895 -13.442058 -21.071196
31.321753 -16.419786 -23.495037
35.413697 -15.880744 -19.392891
34.839323 -12.360445 -24.036119
32.885475 -17.379116 -20.697330
25.469683 -25.842787 -19.369028
27.749700 -20.573255 -22.893013
27.988281 -24.102722 -18.300485
23.939352 -24.989398 -22.240341
29.229906 -21.491616 -20.132253
30.741019 -9.995446 -29.358376
29.511041 -15.309016 -26.214982
28.091465 -11.439084 -30.171375
32.898563 -11.201826 -26.818312
27.588215 -14.129430 -28.661177
32.127691 -13.885836 -25.159922
20.434448 -22.738555 -27.562474
26.003808 -19.489713 -25.628379
21.309632 -19.961780 -28.982397
22.246207 -23.945666 -24.995989
24.169137 -18.350912 -28.065402
25.013270 -22.261587 -23.962220
2.957327 22.769835 -38.670096
9.101378 21.371094 -40.204118
4.949025 25.646174 -38.437716
2.903325 19.646001 -39.388900
21.907160 16.959577 -40.980541
15.472571 19.449996 -41.033329
9.473709 32.074696 -37.897780
11.458093 24.353204 -40.106135
7.123213 28.746119 -38.182051
8.173088 25.065926 -39.356830
2.821643 13.534233 -40.426034
8.900870 18.006852 -40.622464
2.861239 16.551352 -39.974172
5.889690 18.881335 -40.090555
42.438895 2.105369 -29.635238
38.740493 6.301882 -34.139600
45.290196 5.831311 -30.218243
38.918124 0.000000 -30.566875
28.152371 13.890273 -39.874056
33.880453 10.294776 -37.596568
48.417586 13.832627 -29.400074
41.179688 10.294122 -34.852331
48.325326 10.035543 -30.777861
43.410970 8.098716 -32.682815
32.549424 -3.699180 -32.166184
35.147083 3.994398 -34.733257
35.617717 -1.931684 -31.411229
37.161181 2.015392 -32.772409
19.976013 44.488343 -32.321868
23.282682 37.824068 -37.672171
17.767826 42.775761 -35.263004
24.421561 43.329233 -31.643649
25.310973 19.942035 -40.954014
25.353172 29.552073 -41.022295
21.876250 21.285352 -41.127478
12.216393 35.881685 -37.571545
20.643035 35.348894 -39.793377
15.148745 39.955863 -37.201445
13.276527 31.785358 -38.991738
19.469510 39.493389 -38.014911
33.231636 40.281631 -29.864260
27.514898 36.181254 -36.711272
28.882435 41.934247 -30.832624
26.049925 39.840070 -34.309150
14.979876 23.481814 -40.687867
21.291454 30.465897 -40.614761
18.398771 22.467798 -41.028838
14.198907 27.611191 -40.021236
21.680806 25.820348 -41.025311
17.253315 31.261501 -39.919036
2.753081 1.701498 -41.122878
8.386869 5.183370 -41.067175
2.765499 4.576112 -41.109669
5.516408 0.000000 -40.944214
21.230626 13.121249 -40.727915
14.426877 8.916301 -40.944607
18.212814 14.519966 -41.046626
2.807906 10.432631 -40.774696
8.486831 8.206242 -41.129122
2.781892 7.501254 -40.993998
5.713475 12.495335 -40.849079
5.595423 6.363524 -41.126014
11.014308 -3.380849 -39.850141
11.265074 3.457822 -40.757422
8.293709 -1.707475 -40.517060
8.364023 1.721951 -40.860561
12.072175 16.937515 -40.985464
11.603361 10.211050 -41.117816
15.133741 15.802016 -41.126886
8.798262 14.662083 -40.920066
14.785145 12.276482 -41.091329
8.660992 11.377965 -41.084706
48.360731 29.888575 -23.548641
42.989303 26.568851 -30.969087
48.457310 25.775085 -25.078875
45.233963 33.034687 -25.495120
29.322457 18.122275 -40.359906
37.667083 23.279538 -37.818959
32.571192 16.411514 -39.510460
29.830767 23.022436 -40.846877
48.465150 17.843204 -27.970246
43.296635 22.697371 -32.477621
48.487616 21.743548 -26.552298
46.081003 16.348817 -31.791905
45.877151 24.244877 -28.873980
37.645227 38.196690 -28.628212
39.617157 29.371628 -32.683456
41.603093 35.827416 -27.202699
34.638730 36.158080 -32.180368
42.385119 31.164133 -29.192976
38.525120 12.526448 -36.792371
40.618181 21.070907 -36.081577
35.673756 14.526657 -38.315064
43.592136 14.842944 -35.535519
37.572745 19.243052 -39.034026
43.459773 18.783649 -34.034332
28.912358 32.172401 -38.997682
36.748556 27.542843 -36.218000
30.128435 28.222787 -40.976506
31.721897 34.145234 -35.642939
34.025002 25.834180 -39.510115
35.802870 31.864234 -34.298445
21.443320 -9.792241 -34.696021
22.713698 -3.400230 -36.751536
24.042966 -8.402046 -34.136558
18.997541 -8.289998 -36.322708
24.731832 11.293963 -40.016945
23.827579 3.566978 -38.553833
27.558022 9.630417 -39.127286
21.059001 9.189562 -40.264156
29.512879 -5.396070 -32.898734
25.514430 -1.806580 -36.310126
26.740669 -6.934951 -33.535359
30.626843 -1.866375 -34.113625
24.791490 -5.168829 -35.253846
13.821652 -5.107096 -38.890812
20.008525 -1.780077 -38.134924
16.435520 -6.713983 -37.731874
14.047505 -1.736367 -39.586345
19.532630 -5.075359 -37.267512
32.757379 5.989288 -36.515458
26.239416 1.857914 -37.341869
30.263271 7.848507 -37.953040
31.717327 1.932829 -35.328259
26.913922 5.611339 -38.271974
28.502269 0.000000 -35.853234
14.437206 5.334543 -40.622836
20.443584 1.818783 -38.964117
17.625409 7.200058 -40.463565
14.254543 1.761958 -40.169786
20.788873 5.401781 -39.664376
17.197365 0.000000 -39.290830
40.454728 57.932856 2.874015
47.901806 54.357390 8.842269
37.926296 56.842795 7.318759
45.684475 58.166039 0.000000
51.029109 36.028199 17.776176
50.561212 45.563647 13.844783
32.541942 53.591779 15.310864
44.115268 52.124289 13.030060
35.215823 55.293514 11.482601
41.422715 55.019748 10.264441
53.486313 54.123570 -6.151040
53.486313 54.123570 6.151040
50.720397 57.512705 -3.119132
50.720397 57.512705 3.119132
46.775623 3.577204 27.542555
50.467534 11.424802 26.826765
50.970492 27.247535 21.093864
50.751980 19.137214 24.056683
22.654682 46.524849 28.753938
31.767508 44.097620 27.253828
24.969753 48.246463 25.662933
48.112557 34.954948 21.603346
40.583098 40.420122 24.981009
47.726248 39.344032 19.824117
29.867094 51.751893 19.053270
34.457615 45.936208 24.081113
27.380838 50.000627 22.422036
35.205333 51.028620 18.104154
29.719350 47.220338 24.954717
45.965057 48.129797 15.649410
39.286515 44.226083 22.942525
47.066423 43.821827 17.844621
40.683487 49.907251 16.993215
43.721546 42.084783 21.553913
37.464558 47.839963 20.676801
53.597208 33.124896 -15.126714
57.539192 35.561176 -5.323492
53.831715 37.914604 -13.249624
53.597208 33.124896 15.126714
57.539192 35.561176 5.323492
53.831715 37.914604 13.249624
54.086580 48.520125 -8.871314
57.928169 40.705015 -2.882168
54.028315 43.081491 -11.172796
57.420079 51.551123 -3.141484
56.328062 39.611467 -8.258677
54.086580 48.520125 8.871314
57.928169 40.705015 2.882168
54.028315 43.081491 11.172796
57.420079 51.551123 3.141484
56.328062 39.611467 8.258677
58.166039 46.240294 0.000000
23.896166 -34.220304 1.697650
27.045552 -30.690401 4.992380
23.140268 -34.681939 4.465452
25.587595 -32.578443 0.000000
32.755974 -23.126775 11.410663
29.979470 -27.016243 8.209045
21.312445 -35.098454 10.027427
26.187028 -30.941220 7.734704
22.275839 -34.976024 7.263342
24.704450 -32.813701 6.121698
28.816792 -29.160126 -3.313992
28.816792 -29.160126 3.313992
27.235267 -30.882524 -1.674877
27.235267 -30.882524 1.674877
42.738831 -3.268487 25.165599
40.436706 -9.154031 21.494730
35.415424 -18.932190 14.656483
37.978168 -14.320551 18.001835
16.421214 -33.723470 20.842251
21.714587 -30.142798 18.629274
17.773275 -34.341456 18.266675
31.618895 -22.971900 14.197415
26.711584 -26.604314 16.442370
30.348419 -25.018290 12.605864
20.211914 -35.021982 12.893891
22.955813 -30.602902 16.042943
19.044627 -34.777725 15.595552
22.764335 -32.995927 11.706437
20.421841 -32.447758 17.147793
27.659162 -28.961780 9.416926
25.505532 -28.712391 14.894712
29.023236 -27.022474 11.003782
25.248527 -30.972875 10.546138
27.927933 -26.882421 13.767954
24.165374 -30.857713 13.336942
34.902368 -21.570849 -9.850478
35.831626 -22.145163 -3.315121
33.438381 -23.551228 -8.230204
34.902368 -21.570849 9.850478
35.831626 -22.145163 3.315121
33.438381 -23.551228 8.230204
30.434127 -27.301923 -4.991824
34.132313 -23.984123 -1.698225
31.941385 -25.469654 -6.605325
30.623928 -27.493830 -1.675452
33.900192 -23.839562 -4.970360
30.434127 -27.301923 4.991824
34.132313 -23.984123 1.698225
31.941385 -25.469654 6.605325
30.623928 -27.493830 1.675452
33.900192 -23.839562 4.970360
32.405008 -25.761031 0.000000
2.846200 -21.914218 37.216997
8.206565 -19.269969 36.251401
4.614870 -23.914563 35.842430
2.810119 -19.015304 38.124395
18.260657 -14.136611 34.159224
13.288166 -16.704062 35.240278
8.125863 -27.511355 32.505975
9.935780 -21.117657 34.777666
6.391451 -25.793053 34.259639
7.333120 -22.489839 35.312032
2.760024 -13.238670 39.543203
8.161156 -16.510377 37.246500
2.784353 -16.106590 38.900002
5.536939 -17.750478 37.689417
40.360629 -2.002267 28.183977
34.127097 -5.551425 30.074100
39.536409 -5.090486 26.379237
23.280544 -11.486532 32.973766
28.508539 -8.662488 31.635446
37.621025 -10.748111 22.844198
33.609861 -8.401813 28.445626
38.608599 -8.017706 24.589386
36.485494 -6.806705 27.468833
14.703137 -32.745184 23.790176
16.704745 -27.137827 27.028845
13.175846 -31.720641 26.149508
17.494744 -31.039533 22.668393
20.030375 -15.781552 32.409828
18.462188 -21.519829 29.872448
17.568469 -17.093928 33.028823
9.914522 -29.120686 30.492135
15.125148 -25.900129 29.156601
11.565569 -30.504988 28.402080
10.844137 -25.961967 31.848067
14.192562 -28.789240 27.711484
22.799154 -27.635928 20.488906
19.476045 -25.610407 25.985572
20.200693 -29.329273 21.564676
18.517276 -28.319835 24.388247
12.589139 -19.734198 34.194224
16.017657 -22.919632 30.554669
15.079280 -18.414177 33.626451
11.736990 -22.823749 33.082045
16.818208 -20.029328 31.824104
13.482112 -24.428409 31.193593
2.745489 -1.696805 41.009475
8.179309 -5.055091 40.050835
2.745040 -4.542257 40.805535
18.413781 -11.380343 35.324200
13.440970 -8.306977 38.146526
15.896516 -12.673323 35.826334
2.760510 -10.256532 40.086436
8.157625 -7.887919 39.533711
2.748198 -7.410399 40.497475
5.486616 -11.999194 39.227124
5.481240 -6.233667 40.286778
10.833516 -15.199650 36.780173
10.867163 -9.563190 38.509017
13.362195 -13.952242 36.312599
8.195464 -13.657535 38.116496
13.415590 -11.139305 37.285019
8.196659 -10.767969 38.882071
33.077464 -20.442997 16.106649
30.420674 -18.801010 21.914765
34.260006 -18.223351 17.731121
30.532132 -22.297834 17.208759
22.979444 -14.202077 31.629279
27.019814 -16.699163 27.128759
25.496246 -12.846690 30.928202
22.161015 -17.103166 30.344787
36.510895 -13.442058 21.071196
31.321753 -16.419786 23.495037
35.413697 -15.880744 19.392891
34.839323 -12.360445 24.036119
32.885475 -17.379116 20.697330
25.469683 -25.842787 19.369028
27.749700 -20.573255 22.893013
27.988281 -24.102722 18.300485
23.939352 -24.989398 22.240341
29.229906 -21.491616 20.132253
30.741019 -9.995446 29.358376
29.511041 -15.309016 26.214982
28.091465 -11.439084 30.171375
32.898563 -11.201826 26.818312
27.588215 -14.129430 28.661177
32.127691 -13.885836 25.159922
20.434448 -22.738555 27.562474
26.003808 -19.489713 25.628379
21.309632 -19.961780 28.982397
22.246207 -23.945666 24.995989
24.169137 -18.350912 28.065402
25.013270 -22.261587 23.962220
2.957327 22.769835 38.670096
9.101378 21.371094 40.204118
4.949025 25.646174 38.437716
2.903325 19.646001 39.388900
21.907160 16.959577 40.980541
15.472571 19.449996 41.033329
9.473709 32.074696 37.897780
11.458093 24.353204 40.106135
7.123213 28.746119 38.182051
8.173088 25.065926 39.356830
2.821643 13.534233 40.426034
8.900870 18.006852 40.622464
2.861239 16.551352 39.974172
5.889690 18.881335 40.090555
42.438895 2.105369 29.635238
38.740493 6.301882 34.139600
45.290196 5.831311 30.218243
38.918124 0.000000 30.566875
28.152371 13.890273 39.874056
33.880453 10.294776 37.596568
48.417586 13.832627 29.400074
41.179688 10.294122 34.852331
48.325326 10.035543 30.777861
43.410970 8.098716 32.682815
32.549424 -3.699180 32.166184
35.147083 3.994398 34.733257
35.617717 -1.931684 31.411229
37.161181 2.015392 32.772409
19.976013 44.488343 32.321868
23.282682 37.824068 37.672171
17.767826 42.775761 35.263004
24.421561 43.329233 31.643649
25.310973 19.942035 40.954014
25.353172 29.552073 41.022295
21.876250 21.285352 41.127478
12.216393 35.881685 37.571545
20.643035 35.348894 39.793377
15.148745 39.955863 37.201445
13.276527 31.785358 38.991738
19.469510 39.493389 38.014911
33.231636 40.281631 29.864260
27.514898 36.181254 36.711272
28.882435 41.934247 30.832624
26.049925 39.840070 34.309150
14.979876 23.481814 40.687867
21.291454 30.465897 40.614761
18.398771 22.467798 41.028838
14.198907 27.611191 40.021236
21.680806 25.820348 41.025311
17.253315 31.261501 39.919036
2.753081 1.701498 41.122878
8.386869 5.183370 41.067175
2.765499 4.576112 41.109669
5.516408 0.000000 40.944214
21.230626 13.121249 40.727915
14.426877 8.916301 40.944607
18.212814 14.519966 41.046626
2.807906 10.432631 40.774696
8.486831 8.206242 41.129122
2.781892 7.501254 40.993998
5.713475 12.495335 40.849079
5.595423 6.363524 41.126014
11.014308 -3.380849 39.850141
11.265074 3.457822 40.757422
8.293709 -1.707475 40.517060
8.364023 1.721951 40.860561
12.072175 16.937515 40.985464
11.603361 10.211050 41.117816
15.133741 15.802016 41.126886
8.798262 14.662083 40.920066
14.785145 12.276482 41.091329
8.660992 11.377965 41.084706
48.360731 29.888575 23.548641
42.989303 26.568851 30.969087
48.457310 25.775085 25.078875
45.233963 33.034687 25.495120
29.322457 18.122275 40.359906
37.667083 23.279538 37.818959
32.571192 16.411514 39.510460
29.830767 23.022436 40.846877
48.465150 17.843204 27.970246
43.296635 22.697371 32.477621
48.487616 21.743548 26.552298
46.081003 16.348817 31.791905
45.877151 24.244877 28.873980
37.645227 38.196690 28.628212
39.617157 29.371628 32.683456
41.603093 35.827416 27.202699
34.638730 36.158080 32.180368
42.385119 31.164133 29.192976
38.525120 12.526448 36.792371
40.618181 21.070907 36.081577
35.673756 14.526657 38.315064
43.592136 14.842944 35.535519
37.572745 19.243052 39.034026
43.459773 18.783649 34.034332
28.912358 32.172401 38.997682
36.748556 27.542843 36.218000
30.128435 28.222787 40.976506
31.721897 34.145234 35.642939
34.025002 25.834180 39.510115
35.802870 31.864234 34.298445
21.443320 -9.792241 34.696021
22.713698 -3.400230 36.751536
24.042966 -8.402046 34.136558
18.997541 -8.289998 36.322708
24.731832 11.293963 40.016945
23.827579 3.566978 38.553833
27.558022 9.630417 39.127286
21.059001 9.189562 40.264156
29.512879 -5.396070 32.898734
25.514430 -1.806580 36.310126
26.740669 -6.934951 33.535359
30.626843 -1.866375 34.113625
24.791490 -5.168829 35.253846
13.821652 -5.107096 38.890812
20.008525 -1.780077 38.134924
16.435520 -6.713983 37.731874
14.047505 -1.736367 39.586345
19.532630 -5.075359 37.267512
32.757379 5.989288 36.515458
26.239416 1.857914 37.341869
30.263271 7.848507 37.953040
31.717327 1.932829 35.328259
26.913922 5.611339 38.271974
28.502269 0.000000 35.853234
14.437206 5.334543 40.622836
20.443584 1.818783 38.964117
17.625409 7.200058 40.463565
14.254543 1.761958 40.169786
20.788873 5.401781 39.664376
17.197365 0.000000 39.290830
46.663720 0.000000 -24.553872
51.820536 0.000000 -18.680473
49.958627 3.682411 -24.917864
45.276788 -3.337316 -22.582703
57.888634 0.000000 -4.012114
55.745562 0.000000 -11.741389
52.390149 11.479312 -23.223152
55.040755 3.841717 -18.427096
52.185238 7.666516 -24.577534
52.991205 3.792962 -21.941069
42.430787 -9.297095 -18.808433
49.719362 -3.470296 -16.645546
43.856489 -6.442942 -20.654966
47.633027 -3.409438 -19.722509
46.663720 0.000000 24.553872
51.820536 0.000000 18.680473
49.958627 3.682411 24.917864
45.276788 -3.337316 22.582703
57.888634 0.000000 4.012114
55.745562 0.000000 11.741389
52.390149 11.479312 23.223152
55.040755 3.841717 18.427096
52.185238 7.666516 24.577534
52.991205 3.792962 21.941069
42.430787 -9.297095 18.808433
49.719362 -3.470296 16.645546
43.856489 -6.442942 20.654966
47.633027 -3.409438 19.722509
53.310604 27.789724 -17.174994
56.212844 19.806658 -12.241188
53.074612 23.549756 -18.774785
55.424070 28.987955 -12.649537
58.112778 3.890515 -2.404471
57.596599 11.762561 -7.269663
57.784908 3.887263 -6.432312
52.623711 15.500194 -21.747097
55.893654 15.773071 -13.880429
52.842886 19.444957 -20.303607
54.124428 11.637344 -19.393343
54.696730 19.680529 -16.341243
58.033661 30.448938 -2.708918
57.413376 20.404503 -7.539458
57.095590 29.924912 -7.775690
56.649064 24.675604 -10.080094
56.257907 3.874141 -14.394171
56.784253 11.717206 -11.329814
57.158501 3.878831 -10.459103
55.326199 7.738359 -16.923744
57.383280 7.807314 -8.879048
55.612362 11.723541 -15.401243
36.627527 -19.093179 -11.800233
41.937370 -14.776679 -9.132490
38.068539 -16.891406 -13.466488
37.361435 -19.540817 -8.527069
54.434499 -3.644263 -2.252278
47.779677 -9.757718 -6.030601
53.916415 -3.627025 -6.001691
40.951685 -12.062225 -16.923555
43.752748 -12.346933 -10.865400
39.516470 -14.541145 -15.183253
44.184218 -9.500090 -15.831663
40.848667 -14.697833 -12.203984
38.114033 -19.997564 -1.779102
42.517166 -15.110444 -5.583305
37.862592 -19.844523 -5.156401
39.908755 -17.383741 -7.101335
51.545077 -3.549597 -13.188345
46.949483 -9.687840 -9.367543
52.937455 -3.592387 -9.686719
47.708560 -6.672896 -14.593583
50.275831 -6.840306 -7.779296
45.707357 -9.635485 -12.658159
53.310604 27.789724 17.174994
56.212844 19.806658 12.241188
53.074612 23.549756 18.774785
55.424070 28.987955 12.649537
58.112778 3.890515 2.404471
57.596599 11.762561 7.269663
57.784908 3.887263 6.432312
58.166039 7.836702 0.000000
52.623711 15.500194 21.747097
55.893654 15.773071 13.880429
52.842886 19.444957 20.303607
54.124428 11.637344 19.393343
54.696730 19.680529 16.341243
58.033661 30.448938 2.708918
57.413376 20.404503 7.539458
57.095590 29.924912 7.775690
58.166039 25.458932 0.000000
56.649064 24.675604 10.080094
56.257907 3.874141 14.394171
56.784253 11.717206 11.329814
57.158501 3.878831 10.459103
55.326199 7.738359 16.923744
57.383280 7.807314 8.879048
55.612362 11.723541 15.401243
57.880126 15.997673 -4.910496
57.880126 15.997673 4.910496
58.101258 11.893137 -2.448511
58.079636 20.609984 -2.547534
58.101258 11.893137 2.448511
58.079636 20.609984 2.547534
36.627527 -19.093179 11.800233
41.937370 -14.776679 9.132490
38.068539 -16.891406 13.466488
37.361435 -19.540817 8.527069
54.434499 -3.644263 2.252278
47.779677 -9.757718 6.030601
53.916415 -3.627025 6.001691
51.259812 -6.906227 0.000000
40.951685 -12.062225 16.923555
43.752748 -12.346933 10.865400
39.516470 -14.541145 15.183253
44.184218 -9.500090 15.831663
40.848667 -14.697833 12.203984
38.114033 -19.997564 1.779102
42.517166 -15.110444 5.583305
37.862592 -19.844523 5.156401
40.457868 -17.708170 0.000000
39.908755 -17.383741 7.101335
51.545077 -3.549597 13.188345
46.949483 -9.687840 9.367543
52.937455 -3.592387 9.686719
47.708560 -6.672896 14.593583
50.275831 -6.840306 7.779296
45.707357 -9.635485 12.658159
45.370622 -12.540131 -3.849201
45.370622 -12.540131 3.849201
48.223748 -9.871243 -2.032252
42.886560 -15.218610 -1.881124
48.223748 -9.871243 2.032252
42.886560 -15.218610 1.881124
-23.896166 34.220304 -1.697650
-27.045552 30.690401 -4.992380
-23.140268 34.681939 -4.465452
-32.755974 23.126775 -11.410663
-29.979470 27.016243 -8.209045
-21.312445 35.098454 -10.027427
-26.187028 30.941220 -7.734704
-22.275839 34.976024 -7.263342
-24.704450 32.813701 -6.121698
-42.738831 3.268487 -25.165599
-40.436706 9.154031 -21.494730
-35.415424 18.932190 -14.656483
-37.978168 14.320551 -18.001835
-16.421214 33.723470 -20.842251
-21.714587 30.142798 -18.629274
-17.773275 34.341456 -18.266675
-31.618895 22.971900 -14.197415
-26.711584 26.604314 -16.442370
-30.348419 25.018290 -12.605864
-20.211914 35.021982 -12.893891
-22.955813 30.602902 -16.042943
-19.044627 34.777725 -15.595552
-22.764335 32.995927 -11.706437
-20.421841 32.447758 -17.147793
-27.659162 28.961780 -9.416926
-25.505532 28.712391 -14.894712
-29.023236 27.022474 -11.003782
-25.248527 30.972875 -10.546138
-27.927933 26.882421 -13.767954
-24.165374 30.857713 -13.336942
-40.454728 -57.932856 -2.874015
-47.901806 -54.357390 -8.842269
-37.926296 -56.842795 -7.318759
-51.029109 -36.028199 -17.776176
-50.561212 -45.563647 -13.844783
-32.541942 -53.591779 -15.310864
-44.115268 -52.124289 -13.030060
-35.215823 -55.293514 -11.482601
-41.422715 -55.019748 -10.264441
-46.775623 -3.577204 -27.542555
-50.467534 -11.424802 -26.826765
-50.970492 -27.247535 -21.093864
-50.751980 -19.137214 -24.056683
-22.654682 -46.524849 -28.753938
-31.767508 -44.097620 -27.253828
-24.969753 -48.246463 -25.662933
-48.112557 -34.954948 -21.603346
-40.583098 -40.420122 -24.981009
-47.726248 -39.344032 -19.824117
-29.867094 -51.751893 -19.053270
-34.457615 -45.936208 -24.081113
-27.380838 -50.000627 -22.422036
-35.205333 -51.028620 -18.104154
-29.719350 -47.220338 -24.954717
-45.965057 -48.129797 -15.649410
-39.286515 -44.226083 -22.942525
-47.066423 -43.821827 -17.844621
-40.683487 -49.907251 -16.993215
-43.721546 -42.084783 -21.553913
-37.464558 -47.839963 -20.676801
-2.957327 -22.769835 -38.670096
-9.101378 -21.371094 -40.204118
-4.949025 -25.646174 -38.437716
-2.903325 -19.646001 -39.388900
-21.907160 -16.959577 -40.980541
-15.472571 -19.449996 -41.033329
-9.473709 -32.074696 -37.897780
-11.458093 -24.353204 -40.106135
-7.123213 -28.746119 -38.182051
-8.173088 -25.065926 -39.356830
-2.821643 -13.534233 -40.426034
-8.900870 -18.006852 -40.622464
-2.861239 -16.551352 -39.974172
-5.889690 -18.881335 -40.090555
-42.438895 -2.105369 -29.635238
-38.740493 -6.301882 -34.139600
-45.290196 -5.831311 -30.218243
-28.152371 -13.890273 -39.874056
-33.880453 -10.294776 -37.596568
-48.417586 -13.832627 -29.400074
-41.179688 -10.294122 -34.852331
-48.325326 -10.035543 -30.777861
-43.410970 -8.098716 -32.682815
-19.976013 -44.488343 -32.321868
-23.282682 -37.824068 -37.672171
-17.767826 -42.775761 -35.263004
-24.421561 -43.329233 -31.643649
-25.310973 -19.942035 -40.954014
-25.353172 -29.552073 -41.022295
-21.876250 -21.285352 -41.127478
-12.216393 -35.881685 -37.571545
-20.643035 -35.348894 -39.793377
-15.148745 -39.955863 -37.201445
-13.276527 -31.785358 -38.991738
-19.469510 -39.493389 -38.014911
-33.231636 -40.281631 -29.864260
-27.514898 -36.181254 -36.711272
-28.882435 -41.934247 -30.832624
-26.049925 -39.840070 -34.309150
-14.979876 -23.481814 -40.687867
-21.291454 -30.465897 -40.614761
-18.398771 -22.467798 -41.028838
-14.198907 -27.611191 -40.021236
-21.680806 -25.820348 -41.025311
-17.253315 -31.261501 -39.919036
-2.753081 -1.701498 -41.122878
-8.386869 -5.183370 -41.067175
-2.765499 -4.576112 -41.109669
-21.230626 -13.121249 -40.727915
-14.426877 -8.916301 -40.944607
-18.212814 -14.519966 -41.046626
-2.807906 -10.432631 -40.774696
-8.486831 -8.206242 -41.129122
-2.781892 -7.501254 -40.993998
-5.713475 -12.495335 -40.849079
-5.595423 -6.363524 -41.126014
-12.072175 -16.937515 -40.985464
-11.603361 -10.211050 -41.117816
-15.133741 -15.802016 -41.126886
-8.798262 -14.662083 -40.920066
-14.785145 -12.276482 -41.091329
-8.660992 -11.377965 -41.084706
-48.360731 -29.888575 -23.548641
-42.989303 -26.568851 -30.969087
-48.457310 -25.775085 -25.078875
-45.233963 -33.034687 -25.495120
-29.322457 -18.122275 -40.359906
-37.667083 -23.279538 -37.818959
-32.571192 -16.411514 -39.510460
-29.830767 -23.022436 -40.846877
-48.465150 -17.843204 -27.970246
-43.296635 -22.697371 -32.477621
-48.487616 -21.743548 -26.552298
-46.081003 -16.348817 -31.791905
-45.877151 -24.244877 -28.873980
-37.645227 -38.196690 -28.628212
-39.617157 -29.371628 -32.683456
-41.603093 -35.827416 -27.202699
-34.638730 -36.158080 -32.180368
-42.385119 -31.164133 -29.192976
-38.525120 -12.526448 -36.792371
-40.618181 -21.070907 -36.081577
-35.673756 -14.526657 -38.315064
-43.592136 -14.842944 -35.535519
-37.572745 -19.243052 -39.034026
-43.459773 -18.783649 -34.034332
-28.912358 -32.172401 -38.997682
-36.748556 -27.542843 -36.218000
-30.128435 -28.222787 -40.976506
-31.721897 -34.145234 -35.642939
-34.025002 -25.834180 -39.510115
-35.802870 -31.864234 -34.298445
-2.846200 21.914218 -37.216997
-8.206565 19.269969 -36.251401
-4.614870 23.914563 -35.842430
-2.810119 19.015304 -38.124395
-18.260657 14.136611 -34.159224
-13.288166 16.704062 -35.240278
-8.125863 27.511355 -32.505975
-9.935780 21.117657 -34.777666
-6.391451 25.793053 -34.259639
-7.333120 22.489839 -35.312032
-2.760024 13.238670 -39.543203
-8.161156 16.510377 -37.246500
-2.784353 16.106590 -38.900002
-5.536939 17.750478 -37.689417
-40.360629 2.002267 -28.183977
-34.127097 5.551425 -30.074100
-39.536409 5.090486 -26.379237
-38.918124 0.000000 -30.566875
-23.280544 11.486532 -32.973766
-28.508539 8.662488 -31.635446
-37.621025 10.748111 -22.844198
-33.609861 8.401813 -28.445626
-38.608599 8.017706 -24.589386
-36.485494 6.806705 -27.468833
-35.147083 -3.994398 -34.733257
-32.549424 3.699180 -32.166184
-37.161181 -2.015392 -32.772409
-35.617717 1.931684 -31.411229
-14.703137 32.745184 -23.790176
-16.704745 27.137827 -27.028845
-13.175846 31.720641 -26.149508
-17.494744 31.039533 -22.668393
-20.030375 15.781552 -32.409828
-18.462188 21.519829 -29.872448
-17.568469 17.093928 -33.028823
-9.914522 29.120686 -30.492135
-15.125148 25.900129 -29.156601
-11.565569 30.504988 -28.402080
-10.844137 25.961967 -31.848067
-14.192562 28.789240 -27.711484
-22.799154 27.635928 -20.488906
-19.476045 25.610407 -25.985572
-20.200693 29.329273 -21.564676
-18.517276 28.319835 -24.388247
-12.589139 19.734198 -34.194224
-16.017657 22.919632 -30.554669
-15.079280 18.414177 -33.626451
-11.736990 22.823749 -33.082045
-16.818208 20.029328 -31.824104
-13.482112 24.428409 -31.193593
-2.745489 1.696805 -41.009475
-8.179309 5.055091 -40.050835
-2.745040 4.542257 -40.805535
-5.516408 0.000000 -40.944214
-18.413781 11.380343 -35.324200
-13.440970 8.306977 -38.146526
-15.896516 12.673323 -35.826334
-2.760510 10.256532 -40.086436
-8.157625 7.887919 -39.533711
-2.748198 7.410399 -40.497475
-5.486616 11.999194 -39.227124
-5.481240 6.233667 -40.286778
-11.265074 -3.457822 -40.757422
-11.014308 3.380849 -39.850141
-8.364023 -1.721951 -40.860561
-8.293709 1.707475 -40.517060
-10.833516 15.199650 -36.780173
-10.867163 9.563190 -38.509017
-13.362195 13.952242 -36.312599
-8.195464 13.657535 -38.116496
-13.415590 11.139305 -37.285019
-8.196659 10.767969 -38.882071
-33.077464 20.442997 -16.106649
-30.420674 18.801010 -21.914765
-34.260006 18.223351 -17.731121
-30.532132 22.297834 -17.208759
-22.979444 14.202077 -31.629279
-27.019814 16.699163 -27.128759
-25.496246 12.846690 -30.928202
-22.161015 17.103166 -30.344787
-36.510895 13.442058 -21.071196
-31.321753 16.419786 -23.495037
-35.413697 15.880744 -19.392891
-34.839323 12.360445 -24.036119
-32.885475 17.379116 -20.697330
-25.469683 25.842787 -19.369028
-27.749700 20.573255 -22.893013
-27.988281 24.102722 -18.300485
-23.939352 24.989398 -22.240341
-29.229906 21.491616 -20.132253
-30.741019 9.995446 -29.358376
-29.511041 15.309016 -26.214982
-28.091465 11.439084 -30.171375
-32.898563 11.201826 -26.818312
-27.588215 14.129430 -28.661177
-32.127691 13.885836 -25.159922
-20.434448 22.738555 -27.562474
-26.003808 19.489713 -25.628379
-21.309632 19.961780 -28.982397
-22.246207 23.945666 -24.995989
-24.169137 18.350912 -28.065402
-25.013270 22.261587 -23.962220
-24.731832 -11.293963 -40.016945
-23.827579 -3.566978 -38.553833
-27.558022 -9.630417 -39.127286
-21.059001 -9.189562 -40.264156
-21.443320 9.792241 -34.696021
-22.713698 3.400230 -36.751536
-24.042966 8.402046 -34.136558
-18.997541 8.289998 -36.322708
-32.757379 -5.989288 -36.515458
-26.239416 -1.857914 -37.341869
-30.263271 -7.848507 -37.953040
-31.717327 -1.932829 -35.328259
-26.913922 -5.611339 -38.271974
-14.437206 -5.334543 -40.622836
-20.443584 -1.818783 -38.964117
-17.625409 -7.200058 -40.463565
-14.254543 -1.761958 -40.169786
-20.788873 -5.401781 -39.664376
-29.512879 5.396070 -32.898734
-25.514430 1.806580 -36.310126
-26.740669 6.934951 -33.535359
-30.626843 1.866375 -34.113625
-24.791490 5.168829 -35.253846
-28.502269 0.000000 -35.853234
-13.821652 5.107096 -38.890812
-20.008525 1.780077 -38.134924
-16.435520 6.713983 -37.731874
-14.047505 1.736367 -39.586345
-19.532630 5.075359 -37.267512
-17.197365 0.000000 -39.290830
-23.896166 34.220304 1.697650
-27.045552 30.690401 4.992380
-23.140268 34.681939 4.465452
-25.587595 32.578443 0.000000
-32.755974 23.126775 11.410663
-29.979470 27.016243 8.209045
-21.312445 35.098454 10.027427
-26.187028 30.941220 7.734704
-22.275839 34.976024 7.263342
-24.704450 32.813701 6.121698
-28.816792 29.160126 -3.313992
-28.816792 29.160126 3.313992
-27.235267 30.882524 -1.674877
-27.235267 30.882524 1.674877
-42.738831 3.268487 25.165599
-40.436706 9.154031 21.494730
-35.415424 18.932190 14.656483
-37.978168 14.320551 18.001835
-16.421214 33.723470 20.842251
-21.714587 30.142798 18.629274
-17.773275 34.341456 18.266675
-31.618895 22.971900 14.197415
-26.711584 26.604314 16.442370
-30.348419 25.018290 12.605864
-20.211914 35.021982 12.893891
-22.955813 30.602902 16.042943
-19.044627 34.777725 15.595552
-22.764335 32.995927 11.706437
-20.421841 32.447758 17.147793
-27.659162 28.961780 9.416926
-25.505532 28.712391 14.894712
-29.023236 27.022474 11.003782
-25.248527 30.972875 10.546138
-27.927933 26.882421 13.767954
-24.165374 30.857713 13.336942
-34.902368 21.570849 -9.850478
-35.831626 22.145163 -3.315121
-33.438381 23.551228 -8.230204
-34.902368 21.570849 9.850478
-35.831626 22.145163 3.315121
-33.438381 23.551228 8.230204
-30.434127 27.301923 -4.991824
-34.132313 23.984123 -1.698225
-31.941385 25.469654 -6.605325
-30.623928 27.493830 -1.675452
-33.900192 23.839562 -4.970360
-30.434127 27.301923 4.991824
-34.132313 23.984123 1.698225
-31.941385 25.469654 6.605325
-30.623928 27.493830 1.675452
-33.900192 23.839562 4.970360
-32.405008 25.761031 0.000000
-40.454728 -57.932856 2.874015
-47.901806 -54.357390 8.842269
-37.926296 -56.842795 7.318759
-45.684475 -58.166039 0.000000
-51.029109 -36.028199 17.776176
-50.561212 -45.563647 13.844783
-32.541942 -53.591779 15.310864
-44.115268 -52.124289 13.030060
-35.215823 -55.293514 11.482601
-41.422715 -55.019748 10.264441
-53.486313 -54.123570 -6.151040
-53.486313 -54.123570 6.151040
-50.720397 -57.512705 -3.119132
-50.720397 -57.512705 3.119132
-46.775623 -3.577204 27.542555
-50.467534 -11.424802 26.826765
-50.970492 -27.247535 21.093864
-50.751980 -19.137214 24.056683
-22.654682 -46.524849 28.753938
-31.767508 -44.097620 27.253828
-24.969753 -48.246463 25.662933
-48.112557 -34.954948 21.603346
-40.583098 -40.420122 24.981009
-47.726248 -39.344032 19.824117
-29.867094 -51.751893 19.053270
-34.457615 -45.936208 24.081113
-27.380838 -50.000627 22.422036
-35.205333 -51.028620 18.104154
-29.719350 -47.220338 24.954717
-45.965057 -48.129797 15.649410
-39.286515 -44.226083 22.942525
-47.066423 -43.821827 17.844621
-40.683487 -49.907251 16.993215
-43.721546 -42.084783 21.553913
-37.464558 -47.839963 20.676801
-53.597208 -33.124896 -15.126714
-57.539192 -35.561176 -5.323492
-53.831715 -37.914604 -13.249624
-53.597208 -33.124896 15.126714
-57.539192 -35.561176 5.323492
-53.831715 -37.914604 13.249624
-54.086580 -48.520125 -8.871314
-57.928169 -40.705015 -2.882168
-54.028315 -43.081491 -11.172796
-57.420079 -51.551123 -3.141484
-56.328062 -39.611467 -8.258677
-54.086580 -48.520125 8.871314
-57.928169 -40.705015 2.882168
-54.028315 -43.081491 11.172796
-57.420079 -51.551123 3.141484
-56.328062 -39.611467 8.258677
-58.166039 -46.240294 0.000000
-2.957327 -22.769835 38.670096
-9.101378 -21.371094 40.204118
-4.949025 -25.646174 38.437716
-2.903325 -19.646001 39.388900
-21.907160 -16.959577 40.980541
-15.472571 -19.449996 41.033329
-9.473709 -32.074696 37.897780
-11.458093 -24.353204 40.106135
-7.123213 -28.746119 38.182051
-8.173088 -25.065926 39.356830
-2.821643 -13.534233 40.426034
-8.900870 -18.006852 40.622464
-2.861239 -16.551352 39.974172
-5.889690 -18.881335 40.090555
-42.438895 -2.105369 29.635238
-38.740493 -6.301882 34.139600
-45.290196 -5.831311 30.218243
-28.152371 -13.890273 39.874056
-33.880453 -10.294776 37.596568
-48.417586 -13.832627 29.400074
-41.179688 -10.294122 34.852331
-48.325326 -10.035543 30.777861
-43.410970 -8.098716 32.682815
-19.976013 -44.488343 32.321868
-23.282682 -37.824068 37.672171
-17.767826 -42.775761 35.263004
-24.421561 -43.329233 31.643649
-25.310973 -19.942035 40.954014
-25.353172 -29.552073 41.022295
-21.876250 -21.285352 41.127478
-12.216393 -35.881685 37.571545
-20.643035 -35.348894 39.793377
-15.148745 -39.955863 37.201445
-13.276527 -31.785358 38.991738
-19.469510 -39.493389 38.014911
-33.231636 -40.281631 29.864260
-27.514898 -36.181254 36.711272
-28.882435 -41.934247 30.832624
-26.049925 -39.840070 34.309150
-14.979876 -23.481814 40.687867
-21.291454 -30.465897 40.614761
-18.398771 -22.467798 41.028838
-14.198907 -27.611191 40.021236
-21.680806 -25.820348 41.025311
-17.253315 -31.261501 39.919036
-2.753081 -1.701498 41.122878
-8.386869 -5.183370 41.067175
-2.765499 -4.576112 41.109669
-21.230626 -13.121249 40.727915
-14.426877 -8.916301 40.944607
-18.212814 -14.519966 41.046626
-2.807906 -10.432631 40.774696
-8.486831 -8.206242 41.129122
-2.781892 -7.501254 40.993998
-5.713475 -12.495335 40.849079
-5.595423 -6.363524 41.126014
-12.072175 -16.937515 40.985464
-11.603361 -10.211050 41.117816
-15.133741 -15.802016 41.126886
-8.798262 -14.662083 40.920066
-14.785145 -12.276482 41.091329
-8.660992 -11.377965 41.084706
-48.360731 -29.888575 23.548641
-42.989303 -26.568851 30.969087
-48.457310 -25.775085 25.078875
-45.233963 -33.034687 25.495120
-29.322457 -18.122275 40.359906
-37.667083 -23.279538 37.818959
-32.571192 -16.411514 39.510460
-29.830767 -23.022436 40.846877
-48.465150 -17.843204 27.970246
-43.296635 -22.697371 32.477621
-48.487616 -21.743548 26.552298
-46.081003 -16.348817 31.791905
-45.877151 -24.244877 28.873980
-37.645227 -38.196690 28.628212
-39.617157 -29.371628 32.683456
-41.603093 -35.827416 27.202699
-34.638730 -36.158080 32.180368
-42.385119 -31.164133 29.192976
-38.525120 -12.526448 36.792371
-40.618181 -21.070907 36.081577
-35.673756 -14.526657 38.315064
-43.592136 -14.842944 35.535519
-37.572745 -19.243052 39.034026
-43.459773 -18.783649 34.034332
-28.912358 -32.172401 38.997682
-36.748556 -27.542843 36.218000
-30.128435 -28.222787 40.976506
-31.721897 -34.145234 35.642939
-34.025002 -25.834180 39.510115
-35.802870 -31.864234 34.298445
-2.846200 21.914218 37.216997
-8.206565 19.269969 36.251401
-4.614870 23.914563 35.842430
-2.810119 19.015304 38.124395
-18.260657 14.136611 34.159224
-13.288166 16.704062 35.240278
-8.125863 27.511355 32.505975
-9.935780 21.117657 34.777666
-6.391451 25.793053 34.259639
-7.333120 22.489839 35.312032
-2.760024 13.238670 39.543203
-8.161156 16.510377 37.246500
-2.784353 16.106590 38.900002
-5.536939 17.750478 37.689417
-40.360629 2.002267 28.183977
-34.127097 5.551425 30.074100
-39.536409 5.090486 26.379237
-38.918124 0.000000 30.566875
-23.280544 11.486532 32.973766
-28.508539 8.662488 31.635446
-37.621025 10.748111 22.844198
-33.609861 8.401813 28.445626
-38.608599 8.017706 24.589386
-36.485494 6.806705 27.468833
-35.147083 -3.994398 34.733257
-32.549424 3.699180 32.166184
-37.161181 -2.015392 32.772409
-35.617717 1.931684 31.411229
-14.703137 32.745184 23.790176
-16.704745 27.137827 27.028845
-13.175846 31.720641 26.149508
-17.494744 31.039533 22.668393
-20.030375 15.781552 32.409828
-18.462188 21.519829 29.872448
-17.568469 17.093928 33.028823
-9.914522 29.120686 30.492135
-15.125148 25.900129 29.156601
-11.565569 30.504988 28.402080
-10.844137 25.961967 31.848067
-14.192562 28.789240 27.711484
-22.799154 27.635928 20.488906
-19.476045 25.610407 25.985572
-20.200693 29.329273 21.564676
-18.517276 28.319835 24.388247
-12.589139 19.734198 34.194224
-16.017657 22.919632 30.554669
-15.079280 18.414177 33.626451
-11.736990 22.823749 33.082045
-16.818208 20.029328 31.824104
-13.482112 24.428409 31.193593
-2.745489 1.696805 41.009475
-8.179309 5.055091 40.050835
-2.745040 4.542257 40.805535
-5.516408 0.000000 40.944214
-18.413781 11.380343 35.324200
-13.440970 8.306977 38.146526
-15.896516 12.673323 35.826334
-2.760510 10.256532 40.086436
-8.157625 7.887919 39.533711
-2.748198 7.410399 40.497475
-5.486616 11.999194 39.227124
-5.481240 6.233667 40.286778
-11.265074 -3.457822 40.757422
-11.014308 3.380849 39.850141
-8.364023 -1.721951 40.860561
-8.293709 1.707475 40.517060
-10.833516 15.199650 36.780173
-10.867163 9.563190 38.509017
-13.362195 13.952242 36.312599
-8.195464 13.657535 38.116496
-13.415590 11.139305 37.285019
-8.196659 10.767969 38.882071
-33.077464 20.442997 16.106649
-30.420674 18.801010 21.914765
-34.260006 18.223351 17.731121
-30.532132 22.297834 17.208759
-22.979444 14.202077 31.629279
-27.019814 16.699163 27.128759
-25.496246 12.846690 30.928202
-22.161015 17.103166 30.344787
-36.510895 13.442058 21.071196
-31.321753 16.419786 23.495037
-35.413697 15.880744 19.392891
-34.839323 12.360445 24.036119
-32.885475 17.379116 20.697330
-25.469683 25.842787 19.369028
-27.749700 20.573255 22.893013
-27.988281 24.102722 18.300485
-23.939352 24.989398 22.240341
-29.229906 21.491616 20.132253
-30.741019 9.995446 29.358376
-29.511041 15.309016 26.214982
-28.091465 11.439084 30.171375
-32.898563 11.201826 26.818312
-27.588215 14.129430 28.661177
-32.127691 13.885836 25.159922
-20.434448 22.738555 27.562474
-26.003808 19.489713 25.628379
-21.309632 19.961780 28.982397
-22.246207 23.945666 24.995989
-24.169137 18.350912 28.065402
-25.013270 22.261587 23.962220
-24.731832 -11.293963 40.016945
-23.827579 -3.566978 38.553833
-27.558022 -9.630417 39.127286
-21.059001 -9.189562 40.264156
-21.443320 9.792241 34.696021
-22.713698 3.400230 36.751536
-24.042966 8.402046 34.136558
-18.997541 8.289998 36.322708
-32.757379 -5.989288 36.515458
-26.239416 -1.857914 37.341869
-30.263271 -7.848507 37.953040
-31.717327 -1.932829 35.328259
-26.913922 -5.611339 38.271974
-14.437206 -5.334543 40.622836
-20.443584 -1.818783 38.964117
-17.625409 -7.200058 40.463565
-14.254543 -1.761958 40.169786
-20.788873 -5.401781 39.664376
-29.512879 5.396070 32.898734
-25.514430 1.806580 36.310126
-26.740669 6.934951 33.535359
-30.626843 1.866375 34.113625
-24.791490 5.168829 35.253846
-28.502269 0.000000 35.853234
-13.821652 5.107096 38.890812
-20.008525 1.780077 38.134924
-16.435520 6.713983 37.731874
-14.047505 1.736367 39.586345
-19.532630 5.075359 37.267512
-17.197365 0.000000 39.290830
-46.663720 0.000000 -24.553872
-51.820536 0.000000 -18.680473
-45.276788 3.337316 -22.582703
-49.958627 -3.682411 -24.917864
-57.888634 0.000000 -4.012114
-55.745562 0.000000 -11.741389
-42.430787 9.297095 -18.808433
-49.719362 3.470296 -16.645546
-43.856489 6.442942 -20.654966
-47.633027 3.409438 -19.722509
-52.390149 -11.479312 -23.223152
-55.040755 -3.841717 -18.427096
-52.185238 -7.666516 -24.577534
-52.991205 -3.792962 -21.941069
-46.663720 0.000000 24.553872
-51.820536 0.000000 18.680473
-45.276788 3.337316 22.582703
-49.958627 -3.682411 24.917864
-57.888634 0.000000 4.012114
-55.745562 0.000000 11.741389
-42.430787 9.297095 18.808433
-49.719362 3.470296 16.645546
-43.856489 6.442942 20.654966
-47.633027 3.409438 19.722509
-52.390149 -11.479312 23.223152
-55.040755 -3.841717 18.427096
-52.185238 -7.666516 24.577534
-52.991205 -3.792962 21.941069
-36.627527 19.093179 -11.800233
-41.937370 14.776679 -9.132490
-38.068539 16.891406 -13.466488
-37.361435 19.540817 -8.527069
-54.434499 3.644263 -2.252278
-47.779677 9.757718 -6.030601
-53.916415 3.627025 -6.001691
-40.951685 12.062225 -16.923555
-43.752748 12.346933 -10.865400
-39.516470 14.541145 -15.183253
-44.184218 9.500090 -15.831663
-40.848667 14.697833 -12.203984
-38.114033 19.997564 -1.779102
-42.517166 15.110444 -5.583305
-37.862592 19.844523 -5.156401
-39.908755 17.383741 -7.101335
-51.545077 3.549597 -13.188345
-46.949483 9.687840 -9.367543
-52.937455 3.592387 -9.686719
-47.708560 6.672896 -14.593583
-50.275831 6.840306 -7.779296
-45.707357 9.635485 -12.658159
-53.310604 -27.789724 -17.174994
-56.212844 -19.806658 -12.241188
-53.074612 -23.549756 -18.774785
-55.424070 -28.987955 -12.649537
-58.112778 -3.890515 -2.404471
-57.596599 -11.762561 -7.269663
-57.784908 -3.887263 -6.432312
-52.623711 -15.500194 -21.747097
-55.893654 -15.773071 -13.880429
-52.842886 -19.444957 -20.303607
-54.124428 -11.637344 -19.393343
-54.696730 -19.680529 -16.341243
-58.033661 -30.448938 -2.708918
-57.413376 -20.404503 -7.539458
-57.095590 -29.924912 -7.775690
-56.649064 -24.675604 -10.080094
-56.257907 -3.874141 -14.394171
-56.784253 -11.717206 -11.329814
-57.158501 -3.878831 -10.459103
-55.326199 -7.738359 -16.923744
-57.383280 -7.807314 -8.879048
-55.612362 -11.723541 -15.401243
-36.627527 19.093179 11.800233
-41.937370 14.776679 9.132490
-38.068539 16.891406 13.466488
-37.361435 19.540817 8.527069
-54.434499 3.644263 2.252278
-47.779677 9.757718 6.030601
-53.916415 3.627025 6.001691
-51.259812 6.906227 0.000000
-40.951685 12.062225 16.923555
-43.752748 12.346933 10.865400
-39.516470 14.541145 15.183253
-44.184218 9.500090 15.831663
-40.848667 14.697833 12.203984
-38.114033 19.997564 1.779102
-42.517166 15.110444 5.583305
-37.862592 19.844523 5.156401
-40.457868 17.708170 0.000000
-39.908755 17.383741 7.101335
-51.545077 3.549597 13.188345
-46.949483 9.687840 9.367543
-52.937455 3.592387 9.686719
-47.708560 6.672896 14.593583
-50.275831 6.840306 7.779296
-45.707357 9.635485 12.658159
-45.370622 12.540131 -3.849201
-45.370622 12.540131 3.849201
-48.223748 9.871243 -2.032252
-42.886560 15.218610 -1.881124
-48.223748 9.871243 2.032252
-42.886560 15.218610 1.881124
-53.310604 -27.789724 17.174994
-56.212844 -19.806658 12.241188
-53.074612 -23.549756 18.774785
-55.424070 -28.987955 12.649537
-58.112778 -3.890515 2.404471
-57.596599 -11.762561 7.269663
-57.784908 -3.887263 6.432312
-58.166039 -7.836702 0.000000
-52.623711 -15.500194 21.747097
-55.893654 -15.773071 13.880429
-52.842886 -19.444957 20.303607
-54.124428 -11.637344 19.393343
-54.696730 -19.680529 16.341243
-58.033661 -30.448938 2.708918
-57.413376 -20.404503 7.539458
-57.095590 -29.924912 7.775690
-58.166039 -25.458932 0.000000
-56.649064 -24.675604 10.080094
-56.257907 -3.874141 14.394171
-56.784253 -11.717206 11.329814
-57.158501 -3.878831 10.459103
-55.326199 -7.738359 16.923744
-57.383280 -7.807314 8.879048
-55.612362 -11.723541 15.401243
-57.880126 -15.997673 -4.910496
-57.880126 -15.997673 4.910496
-58.101258 -11.893137 -2.448511
-58.079636 -20.609984 -2.547534
-58.101258 -11.893137 2.448511
-58.079636 -20.609984 2.547534
