-5.3595887 8.6719966 0
9.9279052 16.063688 0
-9.9279052 -16.063688 0
5.3595887 -8.6719966 0
0 -6.1386623 9.9325643
0 6.1386623 9.9325643
0 -6.1386623 -9.9325643
0 6.1386623 -9.9325643
10.384252 0 -6.4178205
10.384252 0 6.4178205
-10.384252 0 -6.4178205
-10.384252 0 6.4178205
0 12.794132 0
0 -12.794132 0
-4.6286633 -12.117998 7.4893346
3.3173806 -8.6850153 5.3676346
-3.3173806 8.6850153 5.3676346
4.6286633 12.117998 7.4893346
0 0 11.51378
-4.6286633 -12.117998 -7.4893346
3.3173806 -8.6850153 -5.3676346
-3.3173806 8.6850153 -5.3676346
4.6286633 12.117998 -7.4893346
0 0 -11.51378
14.064756 8.692497 -5.3722586
8.28479 -5.1202818 -3.1645082
5.4242341 -3.352361 -8.7765951
6.7635384 4.1800966 -10.943635
14.064756 8.692497 5.3722586
8.28479 -5.1202818 3.1645082
5.4242341 -3.352361 8.7765951
6.7635384 4.1800966 10.943635
12.502246 0 0
-8.28479 5.1202818 -3.1645082
-14.064756 -8.692497 -5.3722586
-6.7635384 -4.1800966 -10.943635
-5.4242341 3.352361 -8.7765951
-8.28479 5.1202818 3.1645082
-14.064756 -8.692497 5.3722586
-6.7635384 -4.1800966 10.943635
-5.4242341 3.352361 8.7765951
-12.502246 0 0
-3.0188632 10.626842 0
4.2824831 15.07497 0
-4.2824831 -15.07497 0
3.0188632 -10.626842 0
-7.4707036 -14.853446 4.4748251
-2.0784243 -8.9774119 9.0843723
-2.292037 -13.417818 3.7085938
4.5179716 -8.9827481 2.7061886
1.7925107 -7.7424554 7.834702
1.8745254 -10.973663 3.0330458
0 -10.399373 6.4271661
-4.5179716 8.9827481 2.7061886
-1.7925107 7.7424554 7.834702
-1.8745254 10.973663 3.0330458
7.4707036 14.853446 4.4748251
2.0784243 8.9774119 9.0843723
2.292037 13.417818 3.7085938
0 10.399373 6.4271661
0 -3.1547206 11.10508
0 3.1547206 11.10508
-7.4707036 -14.853446 -4.4748251
-2.0784243 -8.9774119 -9.0843723
-2.292037 -13.417818 -3.7085938
4.5179716 -8.9827481 -2.7061886
1.7925107 -7.7424554 -7.834702
1.8745254 -10.973663 -3.0330458
0 -10.399373 -6.4271661
-4.5179716 8.9827481 -2.7061886
-1.7925107 7.7424554 -7.834702
-1.8745254 10.973663 -3.0330458
7.4707036 14.853446 -4.4748251
2.0784243 8.9774119 -9.0843723
2.292037 13.417818 -3.7085938
0 10.399373 -6.4271661
0 -3.1547206 -11.10508
0 3.1547206 -11.10508
13.677555 13.840515 -3.1665877
12.360522 3.7237941 -6.2168602
10.3516 12.119865 -7.4904883
6.9387055 -7.0213759 -1.6064289
9.4476087 -2.8462349 -4.7517783
5.9717054 -6.9917945 -4.3211667
2.8372052 -4.7367033 -9.4176362
7.9431024 -1.8173118 -7.8495795
4.4636078 -6.1685542 -7.2222691
2.9632365 -1.8313808 -10.72109
7.217601 -4.4607227 -6.1645672
3.3366994 5.570607 -11.075625
9.17415 2.0989646 -9.0661326
6.3715407 8.8052526 -10.309369
3.1588123 1.9522533 -11.42869
10.615912 6.5609947 -9.0670717
6.2364782 0 -10.090834
13.677555 13.840515 3.1665877
12.360522 3.7237941 6.2168602
10.3516 12.119865 7.4904883
16.831112 10.402199 0
6.9387055 -7.0213759 1.6064289
9.4476087 -2.8462349 4.7517783
5.9717054 -6.9917945 4.3211667
8.6351657 -5.3368259 0
2.8372052 -4.7367033 9.4176362
7.9431024 -1.8173118 7.8495795
4.4636078 -6.1685542 7.2222691
2.9632365 -1.8313808 10.72109
7.217601 -4.4607227 6.1645672
3.3366994 5.570607 11.075625
9.17415 2.0989646 9.0661326
6.3715407 8.8052526 10.309369
3.1588123 1.9522533 11.42869
10.615912 6.5609947 9.0670717
6.2364782 0 10.090834
11.912143 0 -3.3839902
11.912143 0 3.3839902
14.423254 3.9864893 -2.4637859
10.411668 -2.8777143 -1.7785253
14.423254 3.9864893 2.4637859
10.411668 -2.8777143 1.7785253
-6.9387055 7.0213759 -1.6064289
-9.4476087 2.8462349 -4.7517783
-5.9717054 6.9917945 -4.3211667
-13.677555 -13.840515 -3.1665877
-12.360522 -3.7237941 -6.2168602
-10.3516 -12.119865 -7.4904883
-3.3366994 -5.570607 -11.075625
-9.17415 -2.0989646 -9.0661326
-6.3715407 -8.8052526 -10.309369
-3.1588123 -1.9522533 -11.42869
-10.615912 -6.5609947 -9.0670717
-2.8372052 4.7367033 -9.4176362
-7.9431024 1.8173118 -7.8495795
-4.4636078 6.1685542 -7.2222691
-2.9632365 1.8313808 -10.72109
-7.217601 4.4607227 -6.1645672
-6.2364782 0 -10.090834
-6.9387055 7.0213759 1.6064289
-9.4476087 2.8462349 4.7517783
-5.9717054 6.9917945 4.3211667
-8.6351657 5.3368259 0
-13.677555 -13.840515 3.1665877
-12.360522 -3.7237941 6.2168602
-10.3516 -12.119865 7.4904883
-16.831112 -10.402199 0
-3.3366994 -5.570607 11.075625
-9.17415 -2.0989646 9.0661326
-6.3715407 -8.8052526 10.309369
-3.1588123 -1.9522533 11.42869
-10.615912 -6.5609947 9.0670717
-2.8372052 4.7367033 9.4176362
-7.9431024 1.8173118 7.8495795
-4.4636078 6.1685542 7.2222691
-2.9632365 1.8313808 10.72109
-7.217601 4.4607227 6.1645672
-6.2364782 0 10.090834
-11.912143 0 -3.3839902
-11.912143 0 3.3839902
-10.411668 2.8777143 -1.7785253
-14.423254 -3.9864893 -2.4637859
-10.411668 2.8777143 1.7785253
-14.423254 -3.9864893 2.4637859
-4.2470273 9.6347165 0
-1.6260188 11.674129 0
6.9911874 15.86006 0
1.9454672 13.967633 0
-6.9911874 -15.86006 0
-1.9454672 -13.967633 0
4.2470273 -9.6347165 0
1.6260188 -11.674129 0
-8.8140865 -15.736802 2.3871018
-6.0475223 -13.60813 6.1857974
-5.9596131 -15.377038 2.1902625
-0.98954713 -7.5130675 9.5657306
-3.291091 -10.531159 8.4235848
-1.1086532 -13.314336 1.7938385
-3.4890688 -13.025067 5.645432
-3.2898577 -14.443654 1.9847095
-4.7162309 -14.343873 4.1342358
4.9844107 -8.8992413 1.3499182
3.9611494 -8.9133752 4.0517201
3.8254265 -9.8703939 1.4059114
0.92533661 -7.0255536 8.9450218
2.5922626 -8.2949784 6.6349255
0 -8.3623838 8.4620164
0.99726262 -11.976595 1.6136048
2.6419534 -9.8626949 4.2747705
2.4852241 -10.911024 1.4992891
0 -12.168813 3.3633771
3.2733738 -9.9555894 2.869431
-2.1029252 -11.294386 6.9803146
1.7740873 -9.5282643 5.8887912
-1.0215811 -9.8228234 7.8088564
-1.0773002 -11.947442 5.2293248
0.94132687 -9.0511533 7.1954013
0.97826187 -10.84909 4.7485829
-4.9844107 8.8992413 1.3499182
-3.9611494 8.9133752 4.0517201
-3.8254265 9.8703939 1.4059114
-0.92533661 7.0255536 8.9450218
-2.5922626 8.2949784 6.6349255
-0.99726262 11.976595 1.6136048
-2.6419534 9.8626949 4.2747705
-2.4852241 10.911024 1.4992891
-3.2733738 9.9555894 2.869431
8.8140865 15.736802 2.3871018
6.0475223 13.60813 6.1857974
5.9596131 15.377038 2.1902625
0.98954713 7.5130675 9.5657306
3.291091 10.531159 8.4235848
0 8.3623838 8.4620164
1.1086532 13.314336 1.7938385
3.4890688 13.025067 5.645432
3.2898577 14.443654 1.9847095
0 12.168813 3.3633771
4.7162309 14.343873 4.1342358
-1.7740873 9.5282643 5.8887912
2.1029252 11.294386 6.9803146
-0.94132687 9.0511533 7.1954013
-0.97826187 10.84909 4.7485829
1.0215811 9.8228234 7.8088564
1.0773002 11.947442 5.2293248
0 -4.6762885 10.608529
0 -1.5892964 11.410478
0 4.6762885 10.608529
0 1.5892964 11.410478
-8.8140865 -15.736802 -2.3871018
-6.0475223 -13.60813 -6.1857974
-5.9596131 -15.377038 -2.1902625
-0.98954713 -7.5130675 -9.5657306
-3.291091 -10.531159 -8.4235848
-1.1086532 -13.314336 -1.7938385
-3.4890688 -13.025067 -5.645432
-3.2898577 -14.443654 -1.9847095
-4.7162309 -14.343873 -4.1342358
4.9844107 -8.8992413 -1.3499182
3.9611494 -8.9133752 -4.0517201
3.8254265 -9.8703939 -1.4059114
0.92533661 -7.0255536 -8.9450218
2.5922626 -8.2949784 -6.6349255
0 -8.3623838 -8.4620164
0.99726262 -11.976595 -1.6136048
2.6419534 -9.8626949 -4.2747705
2.4852241 -10.911024 -1.4992891
0 -12.168813 -3.3633771
3.2733738 -9.9555894 -2.869431
-2.1029252 -11.294386 -6.9803146
1.7740873 -9.5282643 -5.8887912
-1.0215811 -9.8228234 -7.8088564
-1.0773002 -11.947442 -5.2293248
0.94132687 -9.0511533 -7.1954013
0.97826187 -10.84909 -4.7485829
-4.9844107 8.8992413 -1.3499182
-3.9611494 8.9133752 -4.0517201
-3.8254265 9.8703939 -1.4059114
-0.92533661 7.0255536 -8.9450218
-2.5922626 8.2949784 -6.6349255
-0.99726262 11.976595 -1.6136048
-2.6419534 9.8626949 -4.2747705
-2.4852241 10.911024 -1.4992891
-3.2733738 9.9555894 -2.869431
8.8140865 15.736802 -2.3871018
6.0475223 13.60813 -6.1857974
5.9596131 15.377038 -2.1902625
0.98954713 7.5130675 -9.5657306
3.291091 10.531159 -8.4235848
0 8.3623838 -8.4620164
1.1086532 13.314336 -1.7938385
3.4890688 13.025067 -5.645432
3.2898577 14.443654 -1.9847095
0 12.168813 -3.3633771
4.7162309 14.343873 -4.1342358
-1.7740873 9.5282643 -5.8887912
2.1029252 11.294386 -6.9803146
-0.94132687 9.0511533 -7.1954013
-0.97826187 10.84909 -4.7485829
1.0215811 9.8228234 -7.8088564
1.0773002 11.947442 -5.2293248
0 -4.6762885 -10.608529
0 -1.5892964 -11.410478
0 4.6762885 -10.608529
0 1.5892964 -11.410478
12.149149 15.468447 -1.6001661
14.28848 11.428963 -4.465291
10.726949 14.884347 -4.000138
11.367639 1.7243473 -6.3669451
13.313362 6.0518058 -5.9165259
7.5196223 12.553981 -7.7587869
12.589531 10.709294 -6.618708
9.1219473 13.846746 -6.1179176
12.059169 13.081739 -5.5135989
6.183744 -7.8732194 -0.81446176
7.6362411 -6.1080196 -2.3864007
5.7793905 -8.0192842 -2.1551663
9.9526584 -1.5097101 -5.5744232
8.8888426 -4.0405685 -3.950247
4.7009521 -7.8482218 -4.8504678
7.1596772 -6.0903852 -3.7640651
5.2766215 -8.0096975 -3.5389303
6.5146382 -7.0670536 -2.9785718
1.4691449 -5.4246413 -9.6852355
4.1458267 -4.0531523 -9.1204001
2.3344288 -6.2601089 -8.6863126
1.4785186 -4.0229876 -10.380143
9.178135 -0.94945149 -7.2086441
6.6889928 -2.6133866 -8.3625733
8.8209266 -2.3706061 -6.3571234
3.9192829 -7.4549192 -6.341533
4.9626129 -4.8096403 -8.0296763
3.1767456 -6.9480776 -7.5372469
5.2908955 -6.6636915 -5.8152569
3.7002925 -5.5172161 -8.3749103
1.5230262 -0.94128199 -11.304297
4.2710526 -2.6396557 -9.8541172
1.5027088 -2.4908927 -10.935911
2.9193409 -3.3303098 -10.128754
7.8425052 -4.8469348 -4.697528
6.4097589 -3.9614489 -7.5351235
8.3559175 -3.6919009 -5.504704
6.6239061 -5.7805371 -5.2593064
7.609759 -3.2073074 -7.0149215
5.8710601 -5.3416669 -6.7276362
1.6062475 5.9308761 -10.589075
5.1111648 4.9969117 -11.244046
2.7621967 7.4072305 -10.278019
1.5835595 4.3087997 -11.117597
9.9111654 1.0252814 -7.7843772
8.1342564 3.1780505 -10.169441
10.827518 2.9098733 -7.8032465
8.5864502 0 -8.4853525
5.6285671 10.706171 -9.1072129
6.7437298 6.5358543 -10.911584
4.1364527 9.0471187 -9.8142784
8.4196252 10.604213 -9.2540636
4.776427 7.1217558 -10.810537
1.548725 0.95716471 -11.49504
4.8873819 3.0205681 -11.276104
1.5701403 2.6026671 -11.426641
3.0924299 0 -11.188516
3.2822491 3.7443063 -11.387876
12.354535 7.6355228 -7.4001578
8.7274847 5.3938822 -10.259774
11.698018 5.1685435 -7.70641
10.842566 9.4620689 -8.6088747
9.9547305 4.1956495 -9.176592
8.8285857 8.0325126 -10.116659
5.8508988 -1.7626717 -9.4669531
6.5588158 1.9759424 -10.612387
7.194622 -0.94122492 -9.0501731
4.5794033 -0.94340896 -10.462566
7.6950205 1.0066887 -9.6796283
4.8046528 0.98981291 -10.977193
12.149149 15.468447 1.6001661
14.28848 11.428963 4.465291
10.726949 14.884347 4.000138
14.350969 14.521952 0
11.367639 1.7243473 6.3669451
13.313362 6.0518058 5.9165259
7.5196223 12.553981 7.7587869
12.589531 10.709294 6.618708
9.1219473 13.846746 6.1179176
12.059169 13.081739 5.5135989
15.815553 9.7745495 -2.9447307
15.815553 9.7745495 2.9447307
15.718983 12.49613 -1.6347862
15.718983 12.49613 1.6347862
6.183744 -7.8732194 0.81446176
7.6362411 -6.1080196 2.3864007
5.7793905 -8.0192842 2.1551663
7.0141078 -7.0976765 0
9.9526584 -1.5097101 5.5744232
8.8888426 -4.0405685 3.950247
4.7009521 -7.8482218 4.8504678
7.1596772 -6.0903852 3.7640651
5.2766215 -8.0096975 3.5389303
6.5146382 -7.0670536 2.9785718
8.5478962 -5.2828904 -1.5915505
8.5478962 -5.2828904 1.5915505
7.8184305 -6.2154229 -0.81312276
7.8184305 -6.2154229 0.81312276
1.4691449 -5.4246413 9.6852355
4.1458267 -4.0531523 9.1204001
2.3344288 -6.2601089 8.6863126
1.4785186 -4.0229876 10.380143
9.178135 -0.94945149 7.2086441
6.6889928 -2.6133866 8.3625733
8.8209266 -2.3706061 6.3571234
3.9192829 -7.4549192 6.341533
4.9626129 -4.8096403 8.0296763
3.1767456 -6.9480776 7.5372469
5.2908955 -6.6636915 5.8152569
3.7002925 -5.5172161 8.3749103
1.5230262 -0.94128199 11.304297
4.2710526 -2.6396557 9.8541172
1.5027088 -2.4908927 10.935911
2.9193409 -3.3303098 10.128754
7.8425052 -4.8469348 4.697528
6.4097589 -3.9614489 7.5351235
8.3559175 -3.6919009 5.504704
6.6239061 -5.7805371 5.2593064
7.609759 -3.2073074 7.0149215
5.8710601 -5.3416669 6.7276362
1.6062475 5.9308761 10.589075
5.1111648 4.9969117 11.244046
2.7621967 7.4072305 10.278019
1.5835595 4.3087997 11.117597
9.9111654 1.0252814 7.7843772
8.1342564 3.1780505 10.169441
10.827518 2.9098733 7.8032465
8.5864502 0 8.4853525
5.6285671 10.706171 9.1072129
6.7437298 6.5358543 10.911584
4.1364527 9.0471187 9.8142784
8.4196252 10.604213 9.2540636
4.776427 7.1217558 10.810537
1.548725 0.95716471 11.49504
4.8873819 3.0205681 11.276104
1.5701403 2.6026671 11.426641
3.0924299 0 11.188516
3.2822491 3.7443063 11.387876
12.354535 7.6355228 7.4001578
8.7274847 5.3938822 10.259774
11.698018 5.1685435 7.70641
10.842566 9.4620689 8.6088747
9.9547305 4.1956495 9.176592
8.8285857 8.0325126 10.116659
5.8508988 -1.7626717 9.4669531
6.5588158 1.9759424 10.612387
7.194622 -0.94122492 9.0501731
4.5794033 -0.94340896 10.462566
7.6950205 1.0066887 9.6796283
4.8046528 0.98981291 10.977193
11.245588 0 -4.9571069
12.348187 0 -1.7199042
12.313831 1.7539478 -4.7724191
10.665488 -1.5191623 -4.1335775
11.245588 0 4.9571069
12.348187 0 1.7199042
12.313831 1.7539478 4.7724191
10.665488 -1.5191623 4.1335775
14.709261 6.3754088 -3.9402194
13.545831 1.8250278 -1.1279292
13.505457 3.8925848 -4.4405617
16.078969 7.0376699 -1.4498397
13.09273 1.7990784 -2.9821554
9.3630159 -4.0581954 -2.5081027
11.451843 -1.5429051 -0.95356777
10.021455 -2.888415 -3.2950303
9.548548 -4.1793431 -0.86099204
11.181306 -1.5364286 -2.5467866
14.709261 6.3754088 3.9402194
13.545831 1.8250278 1.1279292
13.505457 3.8925848 4.4405617
16.078969 7.0376699 1.4498397
13.09273 1.7990784 2.9821554
14.929409 4.1263871 0
9.3630159 -4.0581954 2.5081027
11.451843 -1.5429051 0.95356777
10.021455 -2.888415 3.2950303
9.548548 -4.1793431 0.86099204
11.181306 -1.5364286 2.5467866
10.54059 -2.9133475 0
-6.183744 7.8732194 -0.81446176
-7.6362411 6.1080196 -2.3864007
-5.7793905 8.0192842 -2.1551663
-9.9526584 1.5097101 -5.5744232
-8.8888426 4.0405685 -3.950247
-4.7009521 7.8482218 -4.8504678
-7.1596772 6.0903852 -3.7640651
-5.2766215 8.0096975 -3.5389303
-6.5146382 7.0670536 -2.9785718
-12.149149 -15.468447 -1.6001661
-14.28848 -11.428963 -4.465291
-10.726949 -14.884347 -4.000138
-11.367639 -1.7243473 -6.3669451
-13.313362 -6.0518058 -5.9165259
-7.5196223 -12.553981 -7.7587869
-12.589531 -10.709294 -6.618708
-9.1219473 -13.846746 -6.1179176
-12.059169 -13.081739 -5.5135989
-1.6062475 -5.9308761 -10.589075
-5.1111648 -4.9969117 -11.244046
-2.7621967 -7.4072305 -10.278019
-1.5835595 -4.3087997 -11.117597
-9.9111654 -1.0252814 -7.7843772
-8.1342564 -3.1780505 -10.169441
-10.827518 -2.9098733 -7.8032465
-5.6285671 -10.706171 -9.1072129
-6.7437298 -6.5358543 -10.911584
-4.1364527 -9.0471187 -9.8142784
-8.4196252 -10.604213 -9.2540636
-4.776427 -7.1217558 -10.810537
-1.548725 -0.95716471 -11.49504
-4.8873819 -3.0205681 -11.276104
-1.5701403 -2.6026671 -11.426641
-3.2822491 -3.7443063 -11.387876
-12.354535 -7.6355228 -7.4001578
-8.7274847 -5.3938822 -10.259774
-11.698018 -5.1685435 -7.70641
-10.842566 -9.4620689 -8.6088747
-9.9547305 -4.1956495 -9.176592
-8.8285857 -8.0325126 -10.116659
-1.4691449 5.4246413 -9.6852355
-4.1458267 4.0531523 -9.1204001
-2.3344288 6.2601089 -8.6863126
-1.4785186 4.0229876 -10.380143
-9.178135 0.94945149 -7.2086441
-6.6889928 2.6133866 -8.3625733
-8.8209266 2.3706061 -6.3571234
-8.5864502 0 -8.4853525
-3.9192829 7.4549192 -6.341533
-4.9626129 4.8096403 -8.0296763
-3.1767456 6.9480776 -7.5372469
-5.2908955 6.6636915 -5.8152569
-3.7002925 5.5172161 -8.3749103
-1.5230262 0.94128199 -11.304297
-4.2710526 2.6396557 -9.8541172
-1.5027088 2.4908927 -10.935911
-3.0924299 0 -11.188516
-2.9193409 3.3303098 -10.128754
-7.8425052 4.8469348 -4.697528
-6.4097589 3.9614489 -7.5351235
-8.3559175 3.6919009 -5.504704
-6.6239061 5.7805371 -5.2593064
-7.609759 3.2073074 -7.0149215
-5.8710601 5.3416669 -6.7276362
-6.5588158 -1.9759424 -10.612387
-5.8508988 1.7626717 -9.4669531
-7.6950205 -1.0066887 -9.6796283
-4.8046528 -0.98981291 -10.977193
-7.194622 0.94122492 -9.0501731
-4.5794033 0.94340896 -10.462566
-6.183744 7.8732194 0.81446176
-7.6362411 6.1080196 2.3864007
-5.7793905 8.0192842 2.1551663
-7.0141078 7.0976765 0
-9.9526584 1.5097101 5.5744232
-8.8888426 4.0405685 3.950247
-4.7009521 7.8482218 4.8504678
-7.1596772 6.0903852 3.7640651
-5.2766215 8.0096975 3.5389303
-6.5146382 7.0670536 2.9785718
-8.5478962 5.2828904 -1.5915505
-8.5478962 5.2828904 1.5915505
-7.8184305 6.2154229 -0.81312276
-7.8184305 6.2154229 0.81312276
-12.149149 -15.468447 1.6001661
-14.28848 -11.428963 4.465291
-10.726949 -14.884347 4.000138
-14.350969 -14.521952 0
-11.367639 -1.7243473 6.3669451
-13.313362 -6.0518058 5.9165259
-7.5196223 -12.553981 7.7587869
-12.589531 -10.709294 6.618708
-9.1219473 -13.846746 6.1179176
-12.059169 -13.081739 5.5135989
-15.815553 -9.7745495 -2.9447307
-15.815553 -9.7745495 2.9447307
-15.718983 -12.49613 -1.6347862
-15.718983 -12.49613 1.6347862
-1.6062475 -5.9308761 10.589075
-5.1111648 -4.9969117 11.244046
-2.7621967 -7.4072305 10.278019
-1.5835595 -4.3087997 11.117597
-9.9111654 -1.0252814 7.7843772
-8.1342564 -3.1780505 10.169441
-10.827518 -2.9098733 7.8032465
-5.6285671 -10.706171 9.1072129
-6.7437298 -6.5358543 10.911584
-4.1364527 -9.0471187 9.8142784
-8.4196252 -10.604213 9.2540636
-4.776427 -7.1217558 10.810537
-1.548725 -0.95716471 11.49504
-4.8873819 -3.0205681 11.276104
-1.5701403 -2.6026671 11.426641
-3.2822491 -3.7443063 11.387876
-12.354535 -7.6355228 7.4001578
-8.7274847 -5.3938822 10.259774
-11.698018 -5.1685435 7.70641
-10.842566 -9.4620689 8.6088747
-9.9547305 -4.1956495 9.176592
-8.8285857 -8.0325126 10.116659
-1.4691449 5.4246413 9.6852355
-4.1458267 4.0531523 9.1204001
-2.3344288 6.2601089 8.6863126
-1.4785186 4.0229876 10.380143
-9.178135 0.94945149 7.2086441
-6.6889928 2.6133866 8.3625733
-8.8209266 2.3706061 6.3571234
-8.5864502 0 8.4853525
-3.9192829 7.4549192 6.341533
-4.9626129 4.8096403 8.0296763
-3.1767456 6.9480776 7.5372469
-5.2908955 6.6636915 5.8152569
-3.7002925 5.5172161 8.3749103
-1.5230262 0.94128199 11.304297
-4.2710526 2.6396557 9.8541172
-1.5027088 2.4908927 10.935911
-3.0924299 0 11.188516
-2.9193409 3.3303098 10.128754
-7.8425052 4.8469348 4.697528
-6.4097589 3.9614489 7.5351235
-8.3559175 3.6919009 5.504704
-6.6239061 5.7805371 5.2593064
-7.609759 3.2073074 7.0149215
-5.8710601 5.3416669 6.7276362
-6.5588158 -1.9759424 10.612387
-5.8508988 1.7626717 9.4669531
-7.6950205 -1.0066887 9.6796283
-4.8046528 -0.98981291 10.977193
-7.194622 0.94122492 9.0501731
-4.5794033 0.94340896 10.462566
-11.245588 0 -4.9571069
-12.348187 0 -1.7199042
-10.665488 1.5191623 -4.1335775
-12.313831 -1.7539478 -4.7724191
-11.245588 0 4.9571069
-12.348187 0 1.7199042
-10.665488 1.5191623 4.1335775
-12.313831 -1.7539478 4.7724191
-9.3630159 4.0581954 -2.5081027
-11.451843 1.5429051 -0.95356777
-10.021455 2.888415 -3.2950303
-9.548548 4.1793431 -0.86099204
-11.181306 1.5364286 -2.5467866
-14.709261 -6.3754088 -3.9402194
-13.545831 -1.8250278 -1.1279292
-13.505457 -3.8925848 -4.4405617
-16.078969 -7.0376699 -1.4498397
-13.09273 -1.7990784 -2.9821554
-9.3630159 4.0581954 2.5081027
-11.451843 1.5429051 0.95356777
-10.021455 2.888415 3.2950303
-9.548548 4.1793431 0.86099204
-11.181306 1.5364286 2.5467866
-10.54059 2.9133475 0
-14.709261 -6.3754088 3.9402194
-13.545831 -1.8250278 1.1279292
-13.505457 -3.8925848 4.4405617
-16.078969 -7.0376699 1.4498397
-13.09273 -1.7990784 2.9821554
-14.929409 -4.1263871 0
-4.8153096 9.1513166 0
-3.6500642 10.125454 0
-0.84727075 12.224815 0
-2.3468036 11.142113 0
8.4439017 16.047321 0
5.5969765 15.526283 0
0.92722054 13.378368 0
3.0631138 14.542998 0
-8.4439017 -16.047321 0
-5.5969765 -15.526283 0
-0.92722054 -13.378368 0
-3.0631138 -14.542998 0
4.8153096 -9.1513166 0
3.6500642 -10.125454 0
0.84727075 -12.224815 0
2.3468036 -11.142113 0
-9.4140371 -15.987894 1.2226871
-8.1589065 -15.348846 3.4746602
-7.9428884 -15.924952 1.1738156
-5.3324503 -12.885151 6.8880755
-6.763531 -14.268908 5.3804233
-5.1294977 -15.321537 1.0694076
-6.7477037 -15.222447 3.3354212
-6.4975455 -15.692616 1.1232334
-7.3653467 -15.638769 2.2974862
-0.48421405 -6.8158117 9.7605262
-1.5197704 -8.2331525 9.34271
-3.9458121 -11.32703 7.9972487
-2.668369 -9.7448959 8.7816921
-0.54199244 -13.099219 0.8769622
-1.6944106 -13.424597 2.741614
-1.523365 -13.685205 0.92062095
-4.0706759 -12.635241 6.5864919
-2.8931982 -13.285876 4.6812931
-4.7287479 -13.367741 5.9314054
-3.7916953 -14.81939 1.0205217
-2.7871773 -13.969142 2.8824771
-2.6113062 -14.270664 0.96842106
-4.5760948 -14.959924 2.0924132
-2.1490467 -13.888802 1.8896488
-6.0636186 -14.672768 4.3218303
-3.4546816 -13.911298 3.9257388
-5.4012849 -14.057575 5.1728619
-5.3438815 -14.914114 3.2066977
-4.0966491 -13.712133 4.9337875
-4.0097091 -14.478663 3.0522205
5.1833713 -8.8029388 0.67321186
4.7626019 -8.9595883 2.0282648
4.6303936 -9.2836251 0.68428864
3.6498233 -8.8193083 4.714579
4.2507036 -8.9676378 3.3814563
3.4373741 -10.267254 0.71663043
4.1849496 -9.4410156 2.06864
4.0466878 -9.773401 0.69955262
4.4185033 -9.3817651 1.3782719
0.46915691 -6.6038669 9.4570124
1.3668634 -7.4047991 8.402722
0 -7.2716683 9.2583782
2.9645838 -8.5102705 6.0085258
2.2012792 -8.0390819 7.2444839
-0.99730783 -8.6720815 8.775404
0.92603099 -8.0522944 8.1482325
-0.48979525 -7.9645897 9.0311812
0.47268504 -7.6863596 8.7156914
0.51367753 -12.414886 0.8311477
1.4505538 -11.49255 2.3470453
1.3200015 -11.858282 0.79772152
0 -12.635705 1.7024067
2.989976 -9.280785 4.8378828
2.2709284 -10.428347 3.6744394
3.3193162 -9.3834054 4.1635144
2.761987 -10.794898 0.74337925
2.1891006 -10.971622 2.2639508
2.0705679 -11.315555 0.76788448
3.1763302 -10.383889 1.4523727
1.7693404 -11.434846 1.5557744
-1.08531 -12.792572 3.53578
0.98082899 -11.561053 3.1953964
-0.53798681 -12.766008 2.6131599
0.51055015 -12.114957 2.479892
3.911588 -9.4652758 2.7879754
2.5969171 -10.457255 2.9510153
3.6289003 -9.4447042 3.4754322
3.5605707 -9.9371138 2.1365882
2.9675799 -9.9329601 3.5739963
2.8937375 -10.448999 2.2027345
-3.3100152 -11.728097 7.2483629
-1.003504 -10.846417 6.7034543
-2.6967635 -10.956643 7.7169525
-2.7774508 -12.169428 6.3648667
2.5694917 -9.1042632 5.6267441
0.92145134 -9.9595468 6.1553384
2.1930115 -8.9099563 6.2754357
2.2205826 -9.7295043 5.0887355
-1.5475126 -9.4348669 8.4638541
-0.50469068 -10.143685 7.1277733
-2.1061371 -10.184651 8.1211115
-0.49696729 -9.0835721 8.1551324
-1.5473187 -10.553442 7.421475
-1.6679343 -12.701409 4.5140342
-0.52166153 -11.175652 5.8636095
-2.2235185 -12.495939 5.4430706
-0.53121956 -12.110942 4.2976565
-1.5894983 -11.67142 6.1172187
1.3765171 -8.3923428 7.5286239
0.48361838 -9.720157 6.8301681
1.7931054 -8.6709237 6.9140843
0.47783836 -8.7339333 7.8412305
1.3656628 -9.3144628 6.5501905
0 -9.4350422 7.5005818
1.4380663 -10.950952 3.8919282
0.49785744 -10.665692 5.5960454
1.8417017 -10.35017 4.5084009
0.50532992 -11.5207 4.0882049
1.3882178 -10.193451 5.3425864
0 -11.392181 4.9862902
-5.1833713 8.8029388 0.67321186
-4.7626019 8.9595883 2.0282648
-4.6303936 9.2836251 0.68428864
-3.6498233 8.8193083 4.714579
-4.2507036 8.9676378 3.3814563
-3.4373741 10.267254 0.71663043
-4.1849496 9.4410156 2.06864
-4.0466878 9.773401 0.69955262
-4.4185033 9.3817651 1.3782719
-0.46915691 6.6038669 9.4570124
-1.3668634 7.4047991 8.402722
-2.9645838 8.5102705 6.0085258
-2.2012792 8.0390819 7.2444839
-0.51367753 12.414886 0.8311477
-1.4505538 11.49255 2.3470453
-1.3200015 11.858282 0.79772152
-2.989976 9.280785 4.8378828
-2.2709284 10.428347 3.6744394
-3.3193162 9.3834054 4.1635144
-2.761987 10.794898 0.74337925
-2.1891006 10.971622 2.2639508
-2.0705679 11.315555 0.76788448
-3.1763302 10.383889 1.4523727
-1.7693404 11.434846 1.5557744
-3.911588 9.4652758 2.7879754
-2.5969171 10.457255 2.9510153
-3.6289003 9.4447042 3.4754322
-3.5605707 9.9371138 2.1365882
-2.9675799 9.9329601 3.5739963
-2.8937375 10.448999 2.2027345
9.4140371 15.987894 1.2226871
8.1589065 15.348846 3.4746602
7.9428884 15.924952 1.1738156
5.3324503 12.885151 6.8880755
6.763531 14.268908 5.3804233
5.1294977 15.321537 1.0694076
6.7477037 15.222447 3.3354212
6.4975455 15.692616 1.1232334
7.3653467 15.638769 2.2974862
0.48421405 6.8158117 9.7605262
1.5197704 8.2331525 9.34271
0 7.2716683 9.2583782
3.9458121 11.32703 7.9972487
2.668369 9.7448959 8.7816921
-0.92603099 8.0522944 8.1482325
0.99730783 8.6720815 8.775404
-0.47268504 7.6863596 8.7156914
0.48979525 7.9645897 9.0311812
0.54199244 13.099219 0.8769622
1.6944106 13.424597 2.741614
1.523365 13.685205 0.92062095
0 12.635705 1.7024067
4.0706759 12.635241 6.5864919
2.8931982 13.285876 4.6812931
4.7287479 13.367741 5.9314054
3.7916953 14.81939 1.0205217
2.7871773 13.969142 2.8824771
2.6113062 14.270664 0.96842106
4.5760948 14.959924 2.0924132
2.1490467 13.888802 1.8896488
-0.98082899 11.561053 3.1953964
1.08531 12.792572 3.53578
-0.51055015 12.114957 2.479892
0.53798681 12.766008 2.6131599
6.0636186 14.672768 4.3218303
3.4546816 13.911298 3.9257388
5.4012849 14.057575 5.1728619
5.3438815 14.914114 3.2066977
4.0966491 13.712133 4.9337875
4.0097091 14.478663 3.0522205
-2.5694917 9.1042632 5.6267441
-0.92145134 9.9595468 6.1553384
-2.1930115 8.9099563 6.2754357
-2.2205826 9.7295043 5.0887355
3.3100152 11.728097 7.2483629
1.003504 10.846417 6.7034543
2.6967635 10.956643 7.7169525
2.7774508 12.169428 6.3648667
-1.3765171 8.3923428 7.5286239
-0.48361838 9.720157 6.8301681
-1.7931054 8.6709237 6.9140843
-0.47783836 8.7339333 7.8412305
-1.3656628 9.3144628 6.5501905
-1.4380663 10.950952 3.8919282
-0.49785744 10.665692 5.5960454
-1.8417017 10.35017 4.5084009
-0.50532992 11.5207 4.0882049
-1.3882178 10.193451 5.3425864
1.5475126 9.4348669 8.4638541
0.50469068 10.143685 7.1277733
2.1061371 10.184651 8.1211115
0.49696729 9.0835721 8.1551324
1.5473187 10.553442 7.421475
0 9.4350422 7.5005818
1.6679343 12.701409 4.5140342
0.52166153 11.175652 5.8636095
2.2235185 12.495939 5.4430706
0.53121956 12.110942 4.2976565
1.5894983 11.67142 6.1172187
0 11.392181 4.9862902
0 -5.4157107 10.292356
0 -3.9220355 10.879916
0 -0.79619554 11.487878
0 -2.3763613 11.282446
0 5.4157107 10.292356
0 3.9220355 10.879916
0 0.79619554 11.487878
0 2.3763613 11.282446
-9.4140371 -15.987894 -1.2226871
-8.1589065 -15.348846 -3.4746602
-7.9428884 -15.924952 -1.1738156
-5.3324503 -12.885151 -6.8880755
-6.763531 -14.268908 -5.3804233
-5.1294977 -15.321537 -1.0694076
-6.7477037 -15.222447 -3.3354212
-6.4975455 -15.692616 -1.1232334
-7.3653467 -15.638769 -2.2974862
-0.48421405 -6.8158117 -9.7605262
-1.5197704 -8.2331525 -9.34271
-3.9458121 -11.32703 -7.9972487
-2.668369 -9.7448959 -8.7816921
-0.54199244 -13.099219 -0.8769622
-1.6944106 -13.424597 -2.741614
-1.523365 -13.685205 -0.92062095
-4.0706759 -12.635241 -6.5864919
-2.8931982 -13.285876 -4.6812931
-4.7287479 -13.367741 -5.9314054
-3.7916953 -14.81939 -1.0205217
-2.7871773 -13.969142 -2.8824771
-2.6113062 -14.270664 -0.96842106
-4.5760948 -14.959924 -2.0924132
-2.1490467 -13.888802 -1.8896488
-6.0636186 -14.672768 -4.3218303
-3.4546816 -13.911298 -3.9257388
-5.4012849 -14.057575 -5.1728619
-5.3438815 -14.914114 -3.2066977
-4.0966491 -13.712133 -4.9337875
-4.0097091 -14.478663 -3.0522205
5.1833713 -8.8029388 -0.67321186
4.7626019 -8.9595883 -2.0282648
4.6303936 -9.2836251 -0.68428864
3.6498233 -8.8193083 -4.714579
4.2507036 -8.9676378 -3.3814563
3.4373741 -10.267254 -0.71663043
4.1849496 -9.4410156 -2.06864
4.0466878 -9.773401 -0.69955262
4.4185033 -9.3817651 -1.3782719
0.46915691 -6.6038669 -9.4570124
1.3668634 -7.4047991 -8.402722
0 -7.2716683 -9.2583782
2.9645838 -8.5102705 -6.0085258
2.2012792 -8.0390819 -7.2444839
-0.99730783 -8.6720815 -8.775404
0.92603099 -8.0522944 -8.1482325
-0.48979525 -7.9645897 -9.0311812
0.47268504 -7.6863596 -8.7156914
0.51367753 -12.414886 -0.8311477
1.4505538 -11.49255 -2.3470453
1.3200015 -11.858282 -0.79772152
0 -12.635705 -1.7024067
2.989976 -9.280785 -4.8378828
2.2709284 -10.428347 -3.6744394
3.3193162 -9.3834054 -4.1635144
2.761987 -10.794898 -0.74337925
2.1891006 -10.971622 -2.2639508
2.0705679 -11.315555 -0.76788448
3.1763302 -10.383889 -1.4523727
1.7693404 -11.434846 -1.5557744
-1.08531 -12.792572 -3.53578
0.98082899 -11.561053 -3.1953964
-0.53798681 -12.766008 -2.6131599
0.51055015 -12.114957 -2.479892
3.911588 -9.4652758 -2.7879754
2.5969171 -10.457255 -2.9510153
3.6289003 -9.4447042 -3.4754322
3.5605707 -9.9371138 -2.1365882
2.9675799 -9.9329601 -3.5739963
2.8937375 -10.448999 -2.2027345
-3.3100152 -11.728097 -7.2483629
-1.003504 -10.846417 -6.7034543
-2.6967635 -10.956643 -7.7169525
-2.7774508 -12.169428 -6.3648667
2.5694917 -9.1042632 -5.6267441
0.92145134 -9.9595468 -6.1553384
2.1930115 -8.9099563 -6.2754357
2.2205826 -9.7295043 -5.0887355
-1.5475126 -9.4348669 -8.4638541
-0.50469068 -10.143685 -7.1277733
-2.1061371 -10.184651 -8.1211115
-0.49696729 -9.0835721 -8.1551324
-1.5473187 -10.553442 -7.421475
-1.6679343 -12.701409 -4.5140342
-0.52166153 -11.175652 -5.8636095
-2.2235185 -12.495939 -5.4430706
-0.53121956 -12.110942 -4.2976565
-1.5894983 -11.67142 -6.1172187
1.3765171 -8.3923428 -7.5286239
0.48361838 -9.720157 -6.8301681
1.7931054 -8.6709237 -6.9140843
0.47783836 -8.7339333 -7.8412305
1.3656628 -9.3144628 -6.5501905
0 -9.4350422 -7.5005818
1.4380663 -10.950952 -3.8919282
0.49785744 -10.665692 -5.5960454
1.8417017 -10.35017 -4.5084009
0.50532992 -11.5207 -4.0882049
1.3882178 -10.193451 -5.3425864
0 -11.392181 -4.9862902
-5.1833713 8.8029388 -0.67321186
-4.7626019 8.9595883 -2.0282648
-4.6303936 9.2836251 -0.68428864
-3.6498233 8.8193083 -4.714579
-4.2507036 8.9676378 -3.3814563
-3.4373741 10.267254 -0.71663043
-4.1849496 9.4410156 -2.06864
-4.0466878 9.773401 -0.69955262
-4.4185033 9.3817651 -1.3782719
-0.46915691 6.6038669 -9.4570124
-1.3668634 7.4047991 -8.402722
-2.9645838 8.5102705 -6.0085258
-2.2012792 8.0390819 -7.2444839
-0.51367753 12.414886 -0.8311477
-1.4505538 11.49255 -2.3470453
-1.3200015 11.858282 -0.79772152
-2.989976 9.280785 -4.8378828
-2.2709284 10.428347 -3.6744394
-3.3193162 9.3834054 -4.1635144
-2.761987 10.794898 -0.74337925
-2.1891006 10.971622 -2.2639508
-2.0705679 11.315555 -0.76788448
-3.1763302 10.383889 -1.4523727
-1.7693404 11.434846 -1.5557744
-3.911588 9.4652758 -2.7879754
-2.5969171 10.457255 -2.9510153
-3.6289003 9.4447042 -3.4754322
-3.5605707 9.9371138 -2.1365882
-2.9675799 9.9329601 -3.5739963
-2.8937375 10.448999 -2.2027345
9.4140371 15.987894 -1.2226871
8.1589065 15.348846 -3.4746602
7.9428884 15.924952 -1.1738156
5.3324503 12.885151 -6.8880755
6.763531 14.268908 -5.3804233
5.1294977 15.321537 -1.0694076
6.7477037 15.222447 -3.3354212
6.4975455 15.692616 -1.1232334
7.3653467 15.638769 -2.2974862
0.48421405 6.8158117 -9.7605262
1.5197704 8.2331525 -9.34271
0 7.2716683 -9.2583782
3.9458121 11.32703 -7.9972487
2.668369 9.7448959 -8.7816921
-0.92603099 8.0522944 -8.1482325
0.99730783 8.6720815 -8.775404
-0.47268504 7.6863596 -8.7156914
0.48979525 7.9645897 -9.0311812
0.54199244 13.099219 -0.8769622
1.6944106 13.424597 -2.741614
1.523365 13.685205 -0.92062095
0 12.635705 -1.7024067
4.0706759 12.635241 -6.5864919
2.8931982 13.285876 -4.6812931
4.7287479 13.367741 -5.9314054
3.7916953 14.81939 -1.0205217
2.7871773 13.969142 -2.8824771
2.6113062 14.270664 -0.96842106
4.5760948 14.959924 -2.0924132
2.1490467 13.888802 -1.8896488
-0.98082899 11.561053 -3.1953964
1.08531 12.792572 -3.53578
-0.51055015 12.114957 -2.479892
0.53798681 12.766008 -2.6131599
6.0636186 14.672768 -4.3218303
3.4546816 13.911298 -3.9257388
5.4012849 14.057575 -5.1728619
5.3438815 14.914114 -3.2066977
4.0966491 13.712133 -4.9337875
4.0097091 14.478663 -3.0522205
-2.5694917 9.1042632 -5.6267441
-0.92145134 9.9595468 -6.1553384
-2.1930115 8.9099563 -6.2754357
-2.2205826 9.7295043 -5.0887355
3.3100152 11.728097 -7.2483629
1.003504 10.846417 -6.7034543
2.6967635 10.956643 -7.7169525
2.7774508 12.169428 -6.3648667
-1.3765171 8.3923428 -7.5286239
-0.48361838 9.720157 -6.8301681
-1.7931054 8.6709237 -6.9140843
-0.47783836 8.7339333 -7.8412305
-1.3656628 9.3144628 -6.5501905
-1.4380663 10.950952 -3.8919282
-0.49785744 10.665692 -5.5960454
-1.8417017 10.35017 -4.5084009
-0.50532992 11.5207 -4.0882049
-1.3882178 10.193451 -5.3425864
1.5475126 9.4348669 -8.4638541
0.50469068 10.143685 -7.1277733
2.1061371 10.184651 -8.1211115
0.49696729 9.0835721 -8.1551324
1.5473187 10.553442 -7.421475
0 9.4350422 -7.5005818
1.6679343 12.701409 -4.5140342
0.52166153 11.175652 -5.8636095
2.2235185 12.495939 -5.4430706
0.53121956 12.110942 -4.2976565
1.5894983 11.67142 -6.1172187
0 11.392181 -4.9862902
0 -5.4157107 -10.292356
0 -3.9220355 -10.879916
0 -0.79619554 -11.487878
0 -2.3763613 -11.282446
0 5.4157107 -10.292356
0 3.9220355 -10.879916
0 0.79619554 -11.487878
0 2.3763613 -11.282446
11.095963 15.889881 -0.7882878
13.023527 14.778669 -2.404033
10.502215 15.740404 -2.0266461
14.26617 10.072377 -4.9696723
14.097901 12.704438 -3.8603184
9.103039 14.991363 -4.2829464
12.276115 14.504814 -3.625922
9.8228278 15.423143 -3.2028674
11.477545 15.245056 -2.8441057
10.873695 0.83157458 -6.4026796
11.864474 2.6858706 -6.3067367
13.731318 7.3404151 -5.6826321
12.848239 4.8447274 -6.0901275
6.0454618 12.415279 -7.6730645
8.9818805 12.468071 -7.7056918
6.8088516 13.156038 -6.9978709
13.42256 9.7518178 -6.0269548
11.564525 11.518083 -7.1185669
13.438662 11.078414 -5.5820356
8.335157 14.442656 -5.31729
9.8032967 13.068992 -6.8511502
7.5784351 13.839113 -6.2059437
9.936653 14.402752 -5.1098706
8.3297723 13.234969 -6.9943357
12.888294 13.495272 -4.3879896
11.213711 12.623632 -6.5485789
13.266248 12.351719 -5.0297252
11.484424 14.088173 -4.7969654
12.414808 11.950046 -6.1202706
10.652634 13.602766 -5.8792202
5.7811746 -8.2788828 -0.41071058
6.569064 -7.4543573 -1.2125937
5.5975478 -8.3894366 -1.0801767
7.9662543 -5.6244328 -2.7750737
7.2940416 -6.5730848 -1.9972706
5.1636243 -8.5037276 -2.4294662
6.3698063 -7.5262292 -1.8814112
5.3910696 -8.4646946 -1.757832
5.994329 -7.9619713 -1.4853791
10.179442 -0.77848106 -5.9938879
9.707764 -2.1976363 -5.1603058
8.5922821 -4.5932166 -3.5558698
9.1741982 -3.4593447 -4.3486142
4.0257199 -8.2674306 -5.1095531
5.3482413 -7.4240861 -4.5883375
4.3393742 -8.3845228 -4.4598387
7.7290689 -5.6153574 -3.4704817
6.5746312 -6.5482284 -4.0470277
7.4146805 -6.1124315 -3.079846
4.906262 -8.501274 -3.1298772
5.6311511 -7.507012 -3.9353967
4.6344755 -8.4630965 -3.7951494
5.5416704 -8.0324136 -2.8497743
5.0012298 -7.9463302 -4.1994281
6.7415367 -7.0590318 -2.2952451
6.2579966 -7.0448262 -3.6545426
7.0840727 -6.5957213 -2.6858339
6.1549527 -7.5504042 -2.5708818
6.8433399 -6.587152 -3.3736398
5.9076502 -7.5437101 -3.2604497
0.75031987 -5.7770617 -9.8112054
2.1629086 -5.0787609 -9.5543588
1.2017117 -6.2273498 -9.333365
0.74987799 -5.0742187 -10.173464
4.7874621 -3.7062463 -8.9556468
3.4968331 -4.3957395 -9.2736177
2.0691289 -7.0053533 -8.2771583
2.5899845 -5.5047923 -9.0655811
1.6449579 -6.6383179 -8.8173499
1.9109094 -5.8605404 -9.2018262
0.75235671 -3.608738 -10.779109
2.1741898 -4.3984816 -9.9227319
0.75142516 -4.3467538 -10.498109
1.4764522 -4.7332525 -10.050069
9.7850316 -0.48542975 -6.832924
8.5637659 -1.3930602 -7.5467172
9.6013111 -1.2362109 -6.4061272
6.057811 -2.9889009 -8.5800763
7.3177083 -2.2235289 -8.1203377
9.1652847 -2.6184693 -5.5653342
8.4136667 -2.1032533 -7.1208869
9.3917846 -1.9503574 -5.9815229
9.0091733 -1.6807443 -6.782736
3.6264473 -8.076418 -5.867715
4.1977828 -6.8195416 -6.7921552
3.2699281 -7.8723001 -6.4896788
4.3264799 -7.6761292 -5.6059321
5.1977932 -4.0952426 -8.4102061
4.7181693 -5.4995754 -7.6341583
4.5691741 -4.4457564 -8.590074
2.4995862 -7.3417225 -7.6874834
3.8298173 -6.5581349 -7.3827015
2.8914207 -7.6263222 -7.10059
2.7664233 -6.6230991 -8.1246888
3.5589129 -7.2191614 -6.9489042
5.6500055 -6.8486379 -5.0774881
4.8951263 -6.4369421 -6.5312366
5.0038694 -7.26509 -5.3417388
4.6177696 -7.0622954 -6.0818506
3.2809653 -5.1431013 -8.9116549
4.0946823 -5.8590724 -7.8108589
3.9272632 -4.7958072 -8.7577072
3.027606 -5.8874819 -8.5336525
4.3372564 -5.1653738 -8.2071346
3.4439973 -6.2402224 -7.9683845
0.7672584 -0.47419177 -11.460569
2.2574598 -1.3951869 -11.053885
0.76448791 -1.2650094 -11.364258
4.8678637 -3.0085052 -9.3382989
3.6354725 -2.2468456 -10.317755
4.2143929 -3.3598785 -9.4980715
0.7592813 -2.8210703 -11.025818
2.2357218 -2.1618049 -10.834818
0.76125617 -2.0526949 -11.21788
1.4935366 -3.2663554 -10.678194
1.515876 -1.723965 -11.141595
2.8827483 -4.0445563 -9.787033
2.9464361 -2.5928873 -10.441028
3.5500182 -3.7067798 -9.6473961
2.2058045 -3.675918 -10.259034
3.5972829 -2.9869154 -9.997679
2.2273229 -2.9260392 -10.565638
8.0862917 -4.9976031 -3.9375166
7.553014 -4.6680194 -5.4411198
8.3725224 -4.4534556 -4.3331635
7.5088431 -5.4837619 -4.2321929
5.9386594 -3.6702934 -8.1740671
6.8363585 -4.2251019 -6.8639231
6.5565085 -3.3036013 -7.9533678
5.6913765 -4.3924232 -7.7931271
8.9074666 -3.2794234 -5.1406842
7.792652 -4.0851376 -5.845415
8.648395 -3.8782438 -4.7359468
8.5958478 -3.0496719 -5.9303913
8.1050107 -4.2832866 -5.1010995
6.3056498 -6.398021 -4.7952819
6.9276493 -5.1360661 -5.7151885
6.9121117 -5.9525166 -4.5195701
5.9671047 -6.2288385 -5.5436106
7.2398531 -5.323183 -4.9864873
7.7844733 -2.5311225 -7.43435
7.4204699 -3.8494099 -6.591685
7.1755581 -2.9219483 -7.706841
8.2198639 -2.7988301 -6.7006841
7.0132231 -3.5918541 -7.2859817
8.0107894 -3.462325 -6.2734306
5.1762388 -5.759891 -6.9818352
6.550916 -4.9098759 -6.4563374
5.436054 -5.0922191 -7.3933645
5.5878244 -6.0146962 -6.2785175
6.1455835 -4.6661601 -7.1363026
6.2691399 -5.5794784 -6.0057127
0.78582392 6.050424 -10.275458
2.4587951 5.7735369 -10.861398
1.3026671 6.7505076 -10.117458
0.78165224 5.2892264 -10.60454
5.9645384 4.6174878 -11.15754
4.2272439 5.3139119 -11.21067
2.4306594 8.2293703 -9.7233927
3.0664329 6.5174429 -10.733267
1.8534818 7.4798275 -9.9350856
2.1696698 6.6541289 -10.447865
0.77586286 3.7214871 -11.115884
2.4335657 4.9232104 -11.106491
0.77925377 4.5077334 -10.8869
1.5987082 5.1251841 -10.882254
10.17862 0.50495544 -7.1077681
9.5779078 1.5580298 -8.4404177
10.656089 1.3720182 -7.1098895
9.5509658 0 -7.5014711
7.4899704 3.6955229 -10.608538
8.6946226 2.6419124 -9.6482763
11.605457 3.3156124 -7.0470527
10.017924 2.5042866 -8.4786465
11.135442 2.3124563 -7.0920388
10.371314 1.9348641 -7.8082505
8.2694796 -0.93981048 -8.1721139
8.8901443 1.0103478 -8.7854708
8.9104871 -0.48324955 -7.8581497
9.2515788 0.50174824 -8.1589581
5.152373 11.474789 -8.3367146
6.0408489 9.8137094 -9.7742988
4.4279619 10.660248 -8.7879763
6.5721111 11.660374 -8.5156546
6.7904104 5.3500355 -10.987115
6.6069839 7.7012086 -10.690325
5.9091969 5.7495838 -11.109325
3.0771928 9.038254 -9.4639137
5.2441636 8.9800451 -10.109123
3.7301168 9.8384413 -9.1602132
3.4297354 8.2111356 -10.072765
4.8671708 9.8729283 -9.5033245
9.4082461 11.404178 -8.4549046
7.3967621 9.7265171 -9.8690004
8.0288091 11.656983 -8.5709273
7.0334592 10.756788 -9.2634436
4.0362436 6.3270434 -10.963118
5.5570094 7.9515133 -10.600338
4.9751592 6.0754533 -11.094491
3.7537694 7.299579 -10.580427
5.7749882 6.8776134 -10.92767
4.4853158 8.1270006 -10.377686
0.77051673 0.47620553 -11.509239
2.3423064 1.447625 -11.469346
0.77315697 1.2793542 -11.493125
1.5405235 0 -11.434166
5.8077619 3.5893942 -11.141359
4.0052831 2.4754011 -11.367307
5.0118168 3.995616 -11.295244
0.77821527 2.8914184 -11.300765
2.3672094 2.2889452 -11.472037
0.77519046 2.0902681 -11.423216
1.5809686 3.4575687 -11.303299
1.5630684 1.7776356 -11.488457
3.0344724 -0.93143327 -10.978824
3.1348167 0.96223402 -11.341873
2.3034684 -0.47422877 -11.253079
2.3326047 0.48022724 -11.395418
3.319259 4.65699 -11.269003
3.2279652 2.8406352 -11.438658
4.1708791 4.3550567 -11.334625
2.4284841 4.0470079 -11.2947
4.0960312 3.4010387 -11.383815
2.4065425 3.1614804 -11.415793
13.202846 8.1598077 -6.4289576
11.499399 7.1070196 -8.2840584
12.894228 6.8586105 -6.6733529
12.5646 9.1760176 -7.0817583
7.7435155 4.7857557 -10.6583
9.6910175 5.9893782 -9.7300923
8.4451748 4.2552359 -10.244413
7.8066068 6.0248906 -10.689484
12.078406 4.4468542 -6.970699
11.214151 5.8787882 -8.4119459
12.507972 5.6090137 -6.8494895
11.275028 4.0002029 -7.7787935
12.058094 6.3723882 -7.5890757
10.697548 10.854256 -8.1352059
10.8029 8.0091251 -8.9122024
11.727464 10.099363 -7.6681484
9.7310478 10.157879 -9.0404211
11.693116 8.5974948 -8.0536961
9.5721519 3.1123864 -9.1416239
10.30885 5.3477728 -9.1574643
9.0564609 3.687868 -9.7270071
10.438385 3.5542275 -8.5091825
9.3953258 4.8118588 -9.7607292
10.843907 4.6868204 -8.4921093
7.6577121 8.5211654 -10.328906
9.8192694 7.359489 -9.6775041
7.7856971 7.2932453 -10.589022
8.7057408 9.3708002 -9.7818296
8.8326159 6.7063444 -10.256507
9.8629898 8.7779727 -9.4485502
5.6420616 -2.5764866 -9.1290475
6.0496976 -0.90563696 -9.7886163
6.2916295 -2.1986706 -8.9329485
5.0597605 -2.2079388 -9.6741051
6.6811912 3.0510123 -10.810394
6.4079287 0.95926399 -10.368246
7.3394451 2.5648399 -10.420653
5.7600596 2.5135298 -11.013055
7.5946148 -1.3885828 -8.4659044
6.7420843 -0.47738149 -9.594803
6.9466058 -1.8015396 -8.7117088
7.8909393 -0.48086758 -8.7893013
6.5212488 -1.3596287 -9.2733074
3.7680361 -1.3922882 -10.60235
5.4015582 -0.4805547 -10.295012
4.430415 -1.8098442 -10.171133
3.8578299 -0.476854 -10.871496
5.2392435 -1.3613652 -9.9962766
8.4347659 1.5421942 -9.4024415
6.9608257 0.49286974 -9.9060985
7.9279281 2.0560367 -9.942381
8.1741407 0.49812564 -9.1047444
7.1591788 1.492632 -10.180453
7.4521198 0 -9.3740815
4.0030384 1.4791215 -11.26359
5.5517149 0.49391354 -10.581201
4.8609395 1.9857153 -11.159511
3.9376663 0.48672232 -11.096477
5.6706559 1.4734634 -10.819395
4.7011387 0 -10.740695
11.095963 15.889881 0.7882878
13.023527 14.778669 2.404033
10.502215 15.740404 2.0266461
12.283593 15.639622 0
14.26617 10.072377 4.9696723
14.097901 12.704438 3.8603184
9.103039 14.991363 4.2829464
12.276115 14.504814 3.625922
9.8228278 15.423143 3.2028674
11.477545 15.245056 2.8441057
14.164427 14.333187 -1.6289392
14.164427 14.333187 1.6289392
13.335 15.120779 -0.82005723
13.335 15.120779 0.82005723
10.873695 0.83157458 6.4026796
11.864474 2.6858706 6.3067367
13.731318 7.3404151 5.6826321
12.848239 4.8447274 6.0901275
6.0454618 12.415279 7.6730645
8.9818805 12.468071 7.7056918
6.8088516 13.156038 6.9978709
13.42256 9.7518178 6.0269548
11.564525 11.518083 7.1185669
13.438662 11.078414 5.5820356
8.335157 14.442656 5.31729
9.8032967 13.068992 6.8511502
7.5784351 13.839113 6.2059437
9.936653 14.402752 5.1098706
8.3297723 13.234969 6.9943357
12.888294 13.495272 4.3879896
11.213711 12.623632 6.5485789
13.266248 12.351719 5.0297252
11.484424 14.088173 4.7969654
12.414808 11.950046 6.1202706
10.652634 13.602766 5.8792202
14.947142 9.2378417 -4.2185245
16.533549 10.218295 -1.5296741
15.13351 10.658792 -3.7248176
14.947142 9.2378417 4.2185245
16.533549 10.218295 1.5296741
15.13351 10.658792 3.7248176
14.773281 13.252852 -2.4231224
16.45022 11.559255 -0.81846711
15.083769 12.027605 -3.119251
15.180018 13.628455 -0.83050724
15.929864 11.202325 -2.335596
14.773281 13.252852 2.4231224
16.45022 11.559255 0.81846711
15.083769 12.027605 3.119251
15.180018 13.628455 0.83050724
15.929864 11.202325 2.335596
15.976188 12.700601 0
5.7811746 -8.2788828 0.41071058
6.569064 -7.4543573 1.2125937
5.5975478 -8.3894366 1.0801767
6.2011185 -7.8953408 0
7.9662543 -5.6244328 2.7750737
7.2940416 -6.5730848 1.9972706
5.1636243 -8.5037276 2.4294662
6.3698063 -7.5262292 1.8814112
5.3910696 -8.4646946 1.757832
5.994329 -7.9619713 1.4853791
6.995268 -7.0786123 -0.8044707
6.995268 -7.0786123 0.8044707
6.6079247 -7.4928361 -0.40636495
6.6079247 -7.4928361 0.40636495
10.179442 -0.77848106 5.9938879
9.707764 -2.1976363 5.1603058
8.5922821 -4.5932166 3.5558698
9.1741982 -3.4593447 4.3486142
4.0257199 -8.2674306 5.1095531
5.3482413 -7.4240861 4.5883375
4.3393742 -8.3845228 4.4598387
7.7290689 -5.6153574 3.4704817
6.5746312 -6.5482284 4.0470277
7.4146805 -6.1124315 3.079846
4.906262 -8.501274 3.1298772
5.6311511 -7.507012 3.9353967
4.6344755 -8.4630965 3.7951494
5.5416704 -8.0324136 2.8497743
5.0012298 -7.9463302 4.1994281
6.7415367 -7.0590318 2.2952451
6.2579966 -7.0448262 3.6545426
7.0840727 -6.5957213 2.6858339
6.1549527 -7.5504042 2.5708818
6.8433399 -6.587152 3.3736398
5.9076502 -7.5437101 3.2604497
8.4384984 -5.2152788 -2.3815932
8.6133695 -5.3233551 -0.79690382
8.0998852 -5.7048886 -1.9936284
8.4384984 -5.2152788 2.3815932
8.6133695 -5.3233551 0.79690382
8.0998852 -5.7048886 1.9936284
7.38706 -6.6268024 -1.2116301
8.2340925 -5.7859391 -0.40968047
7.7474429 -6.1777124 -1.602134
7.4242153 -6.6653799 -0.40618296
8.1893816 -5.759002 -1.2007063
7.38706 -6.6268024 1.2116301
8.2340925 -5.7859391 0.40968047
7.7474429 -6.1777124 1.602134
7.4242153 -6.6653799 0.40618296
8.1893816 -5.759002 1.2007063
7.8394891 -6.2321638 0
0.75031987 -5.7770617 9.8112054
2.1629086 -5.0787609 9.5543588
1.2017117 -6.2273498 9.333365
0.74987799 -5.0742187 10.173464
4.7874621 -3.7062463 8.9556468
3.4968331 -4.3957395 9.2736177
2.0691289 -7.0053533 8.2771583
2.5899845 -5.5047923 9.0655811
1.6449579 -6.6383179 8.8173499
1.9109094 -5.8605404 9.2018262
0.75235671 -3.608738 10.779109
2.1741898 -4.3984816 9.9227319
0.75142516 -4.3467538 10.498109
1.4764522 -4.7332525 10.050069
9.7850316 -0.48542975 6.832924
8.5637659 -1.3930602 7.5467172
9.6013111 -1.2362109 6.4061272
6.057811 -2.9889009 8.5800763
7.3177083 -2.2235289 8.1203377
9.1652847 -2.6184693 5.5653342
8.4136667 -2.1032533 7.1208869
9.3917846 -1.9503574 5.9815229
9.0091733 -1.6807443 6.782736
3.6264473 -8.076418 5.867715
4.1977828 -6.8195416 6.7921552
3.2699281 -7.8723001 6.4896788
4.3264799 -7.6761292 5.6059321
5.1977932 -4.0952426 8.4102061
4.7181693 -5.4995754 7.6341583
4.5691741 -4.4457564 8.590074
2.4995862 -7.3417225 7.6874834
3.8298173 -6.5581349 7.3827015
2.8914207 -7.6263222 7.10059
2.7664233 -6.6230991 8.1246888
3.5589129 -7.2191614 6.9489042
5.6500055 -6.8486379 5.0774881
4.8951263 -6.4369421 6.5312366
5.0038694 -7.26509 5.3417388
4.6177696 -7.0622954 6.0818506
3.2809653 -5.1431013 8.9116549
4.0946823 -5.8590724 7.8108589
3.9272632 -4.7958072 8.7577072
3.027606 -5.8874819 8.5336525
4.3372564 -5.1653738 8.2071346
3.4439973 -6.2402224 7.9683845
0.7672584 -0.47419177 11.460569
2.2574598 -1.3951869 11.053885
0.76448791 -1.2650094 11.364258
4.8678637 -3.0085052 9.3382989
3.6354725 -2.2468456 10.317755
4.2143929 -3.3598785 9.4980715
0.7592813 -2.8210703 11.025818
2.2357218 -2.1618049 10.834818
0.76125617 -2.0526949 11.21788
1.4935366 -3.2663554 10.678194
1.515876 -1.723965 11.141595
2.8827483 -4.0445563 9.787033
2.9464361 -2.5928873 10.441028
3.5500182 -3.7067798 9.6473961
2.2058045 -3.675918 10.259034
3.5972829 -2.9869154 9.997679
2.2273229 -2.9260392 10.565638
8.0862917 -4.9976031 3.9375166
7.553014 -4.6680194 5.4411198
8.3725224 -4.4534556 4.3331635
7.5088431 -5.4837619 4.2321929
5.9386594 -3.6702934 8.1740671
6.8363585 -4.2251019 6.8639231
6.5565085 -3.3036013 7.9533678
5.6913765 -4.3924232 7.7931271
8.9074666 -3.2794234 5.1406842
7.792652 -4.0851376 5.845415
8.648395 -3.8782438 4.7359468
8.5958478 -3.0496719 5.9303913
8.1050107 -4.2832866 5.1010995
6.3056498 -6.398021 4.7952819
6.9276493 -5.1360661 5.7151885
6.9121117 -5.9525166 4.5195701
5.9671047 -6.2288385 5.5436106
7.2398531 -5.323183 4.9864873
7.7844733 -2.5311225 7.43435
7.4204699 -3.8494099 6.591685
7.1755581 -2.9219483 7.706841
8.2198639 -2.7988301 6.7006841
7.0132231 -3.5918541 7.2859817
8.0107894 -3.462325 6.2734306
5.1762388 -5.759891 6.9818352
6.550916 -4.9098759 6.4563374
5.436054 -5.0922191 7.3933645
5.5878244 -6.0146962 6.2785175
6.1455835 -4.6661601 7.1363026
6.2691399 -5.5794784 6.0057127
0.78582392 6.050424 10.275458
2.4587951 5.7735369 10.861398
1.3026671 6.7505076 10.117458
0.78165224 5.2892264 10.60454
5.9645384 4.6174878 11.15754
4.2272439 5.3139119 11.21067
2.4306594 8.2293703 9.7233927
3.0664329 6.5174429 10.733267
1.8534818 7.4798275 9.9350856
2.1696698 6.6541289 10.447865
0.77586286 3.7214871 11.115884
2.4335657 4.9232104 11.106491
0.77925377 4.5077334 10.8869
1.5987082 5.1251841 10.882254
10.17862 0.50495544 7.1077681
9.5779078 1.5580298 8.4404177
10.656089 1.3720182 7.1098895
9.5509658 0 7.5014711
7.4899704 3.6955229 10.608538
8.6946226 2.6419124 9.6482763
11.605457 3.3156124 7.0470527
10.017924 2.5042866 8.4786465
11.135442 2.3124563 7.0920388
10.371314 1.9348641 7.8082505
8.2694796 -0.93981048 8.1721139
8.8901443 1.0103478 8.7854708
8.9104871 -0.48324955 7.8581497
9.2515788 0.50174824 8.1589581
5.152373 11.474789 8.3367146
6.0408489 9.8137094 9.7742988
4.4279619 10.660248 8.7879763
6.5721111 11.660374 8.5156546
6.7904104 5.3500355 10.987115
6.6069839 7.7012086 10.690325
5.9091969 5.7495838 11.109325
3.0771928 9.038254 9.4639137
5.2441636 8.9800451 10.109123
3.7301168 9.8384413 9.1602132
3.4297354 8.2111356 10.072765
4.8671708 9.8729283 9.5033245
9.4082461 11.404178 8.4549046
7.3967621 9.7265171 9.8690004
8.0288091 11.656983 8.5709273
7.0334592 10.756788 9.2634436
4.0362436 6.3270434 10.963118
5.5570094 7.9515133 10.600338
4.9751592 6.0754533 11.094491
3.7537694 7.299579 10.580427
5.7749882 6.8776134 10.92767
4.4853158 8.1270006 10.377686
0.77051673 0.47620553 11.509239
2.3423064 1.447625 11.469346
0.77315697 1.2793542 11.493125
1.5405235 0 11.434166
5.8077619 3.5893942 11.141359
4.0052831 2.4754011 11.367307
5.0118168 3.995616 11.295244
0.77821527 2.8914184 11.300765
2.3672094 2.2889452 11.472037
0.77519046 2.0902681 11.423216
1.5809686 3.4575687 11.303299
1.5630684 1.7776356 11.488457
3.0344724 -0.93143327 10.978824
3.1348167 0.96223402 11.341873
2.3034684 -0.47422877 11.253079
2.3326047 0.48022724 11.395418
3.319259 4.65699 11.269003
3.2279652 2.8406352 11.438658
4.1708791 4.3550567 11.334625
2.4284841 4.0470079 11.2947
4.0960312 3.4010387 11.383815
2.4065425 3.1614804 11.415793
13.202846 8.1598077 6.4289576
11.499399 7.1070196 8.2840584
12.894228 6.8586105 6.6733529
12.5646 9.1760176 7.0817583
7.7435155 4.7857557 10.6583
9.6910175 5.9893782 9.7300923
8.4451748 4.2552359 10.244413
7.8066068 6.0248906 10.689484
12.078406 4.4468542 6.970699
11.214151 5.8787882 8.4119459
12.507972 5.6090137 6.8494895
11.275028 4.0002029 7.7787935
12.058094 6.3723882 7.5890757
10.697548 10.854256 8.1352059
10.8029 8.0091251 8.9122024
11.727464 10.099363 7.6681484
9.7310478 10.157879 9.0404211
11.693116 8.5974948 8.0536961
9.5721519 3.1123864 9.1416239
10.30885 5.3477728 9.1574643
9.0564609 3.687868 9.7270071
10.438385 3.5542275 8.5091825
9.3953258 4.8118588 9.7607292
10.843907 4.6868204 8.4921093
7.6577121 8.5211654 10.328906
9.8192694 7.359489 9.6775041
7.7856971 7.2932453 10.589022
8.7057408 9.3708002 9.7818296
8.8326159 6.7063444 10.256507
9.8629898 8.7779727 9.4485502
5.6420616 -2.5764866 9.1290475
6.0496976 -0.90563696 9.7886163
6.2916295 -2.1986706 8.9329485
5.0597605 -2.2079388 9.6741051
6.6811912 3.0510123 10.810394
6.4079287 0.95926399 10.368246
7.3394451 2.5648399 10.420653
5.7600596 2.5135298 11.013055
7.5946148 -1.3885828 8.4659044
6.7420843 -0.47738149 9.594803
6.9466058 -1.8015396 8.7117088
7.8909393 -0.48086758 8.7893013
6.5212488 -1.3596287 9.2733074
3.7680361 -1.3922882 10.60235
5.4015582 -0.4805547 10.295012
4.430415 -1.8098442 10.171133
3.8578299 -0.476854 10.871496
5.2392435 -1.3613652 9.9962766
8.4347659 1.5421942 9.4024415
6.9608257 0.49286974 9.9060985
7.9279281 2.0560367 9.942381
8.1741407 0.49812564 9.1047444
7.1591788 1.492632 10.180453
7.4521198 0 9.3740815
4.0030384 1.4791215 11.26359
5.5517149 0.49391354 10.581201
4.8609395 1.9857153 11.159511
3.9376663 0.48672232 11.096477
5.6706559 1.4734634 10.819395
4.7011387 0 10.740695
10.838143 0 -5.7028968
11.604782 0 -4.1833379
11.343529 0.83612251 -5.6578118
10.594961 -0.78094616 -5.2844485
12.46325 0 -0.86379606
12.162207 0 -2.5616606
12.390336 2.7148716 -5.4923045
12.148364 0.84792754 -4.067151
11.864148 1.7429579 -5.587624
11.772217 0.84262224 -4.8742997
10.055612 -2.2033054 -4.4573836
11.282112 -0.78746515 -3.7771384
10.331892 -1.5178548 -4.865982
10.964872 -0.78483476 -4.5400176
10.838143 0 5.7028968
11.604782 0 4.1833379
11.343529 0.83612251 5.6578118
10.594961 -0.78094616 5.2844485
12.46325 0 0.86379606
12.162207 0 2.5616606
12.390336 2.7148716 5.4923045
12.148364 0.84792754 4.067151
11.864148 1.7429579 5.587624
11.772217 0.84262224 4.8742997
10.055612 -2.2033054 4.4573836
11.282112 -0.78746515 3.7771384
10.331892 -1.5178548 4.865982
10.964872 -0.78483476 4.5400176
14.502621 7.5599187 -4.6722867
14.672601 5.169907 -3.1951783
14.020618 6.2210938 -4.9596988
15.362232 8.0347704 -3.5061503
13.029518 0.87229586 -0.53910849
14.025782 2.8643899 -1.7702903
12.930158 0.86982798 -1.4393171
12.951831 3.8149322 -5.3524298
14.006383 3.9525717 -3.4782947
13.490005 4.964009 -5.1832096
12.899552 2.7735449 -4.6220431
14.109318 5.0766991 -4.2153122
16.70082 8.7625395 -0.77956756
15.257674 5.4225211 -2.0036199
16.1667 8.4732829 -2.201698
15.467697 6.73753 -2.7523109
12.487145 0.85991405 -3.194966
13.736522 2.8344769 -2.740764
12.744481 0.86485283 -2.3320389
12.735936 1.7813487 -3.8957986
13.366604 1.8186008 -2.0682458
13.358157 2.8160088 -3.6993973
8.8287636 -4.6022534 -2.844349
9.8898018 -3.4846826 -2.1536523
9.1466223 -4.0584512 -3.2355557
8.9628831 -4.6877765 -2.0456153
11.975253 -0.80171526 -0.49548728
10.93141 -2.2324474 -1.3797284
11.900085 -0.80053365 -1.3246548
9.7571196 -2.8739373 -4.0321943
10.239949 -2.889692 -2.5429521
9.4577676 -3.4802393 -3.6339196
10.350304 -2.2254285 -3.7086209
9.6974267 -3.4892486 -2.8972117
9.0985446 -4.7737988 -0.4247055
9.9861715 -3.5490486 -1.3113724
9.0534431 -4.745086 -1.2329633
9.4814822 -4.1300118 -1.6871281
11.553433 -0.795615 -2.9560662
10.799983 -2.2285337 -2.1548545
11.757597 -0.79788187 -2.1514546
10.950223 -1.5315847 -3.3495663
11.344478 -1.5434794 -1.7553576
10.599946 -2.2345554 -2.9355406
14.502621 7.5599187 4.6722867
14.672601 5.169907 3.1951783
14.020618 6.2210938 4.9596988
15.362232 8.0347704 3.5061503
13.029518 0.87229586 0.53910849
14.025782 2.8643899 1.7702903
12.930158 0.86982798 1.4393171
13.627811 1.836073 0
12.951831 3.8149322 5.3524298
14.006383 3.9525717 3.4782947
13.490005 4.964009 5.1832096
12.899552 2.7735449 4.6220431
14.109318 5.0766991 4.2153122
16.70082 8.7625395 0.77956756
15.257674 5.4225211 2.0036199
16.1667 8.4732829 2.201698
16.332421 7.1486045 0
15.467697 6.73753 2.7523109
12.487145 0.85991405 3.194966
13.736522 2.8344769 2.740764
12.744481 0.86485283 2.3320389
12.735936 1.7813487 3.8957986
13.366604 1.8186008 2.0682458
13.358157 2.8160088 3.6993973
14.793343 4.0887794 -1.2550535
14.793343 4.0887794 1.2550535
14.232399 2.9133254 -0.59978367
15.608058 5.5386336 -0.68461276
14.232399 2.9133254 0.59978367
15.608058 5.5386336 0.68461276
8.8287636 -4.6022534 2.844349
9.8898018 -3.4846826 2.1536523
9.1466223 -4.0584512 3.2355557
8.9628831 -4.6877765 2.0456153
11.975253 -0.80171526 0.49548728
10.93141 -2.2324474 1.3797284
11.900085 -0.80053365 1.3246548
11.4929 -1.5484368 0
9.7571196 -2.8739373 4.0321943
10.239949 -2.889692 2.5429521
9.4577676 -3.4802393 3.6339196
10.350304 -2.2254285 3.7086209
9.6974267 -3.4892486 2.8972117
9.0985446 -4.7737988 0.4247055
9.9861715 -3.5490486 1.3113724
9.0534431 -4.745086 1.2329633
9.5761501 -4.1914244 0
9.4814822 -4.1300118 1.6871281
11.553433 -0.795615 2.9560662
10.799983 -2.2285337 2.1548545
11.757597 -0.79788187 2.1514546
10.950223 -1.5315847 3.3495663
11.344478 -1.5434794 1.7553576
10.599946 -2.2345554 2.9355406
10.50829 -2.9044199 -0.89151358
10.50829 -2.9044199 0.89151358
11.000371 -2.25174 -0.46357913
10.048725 -3.5658638 -0.440765
11.000371 -2.25174 0.46357913
10.048725 -3.5658638 0.440765
-5.7811746 8.2788828 -0.41071058
-6.569064 7.4543573 -1.2125937
-5.5975478 8.3894366 -1.0801767
-7.9662543 5.6244328 -2.7750737
-7.2940416 6.5730848 -1.9972706
-5.1636243 8.5037276 -2.4294662
-6.3698063 7.5262292 -1.8814112
-5.3910696 8.4646946 -1.757832
-5.994329 7.9619713 -1.4853791
-10.179442 0.77848106 -5.9938879
-9.707764 2.1976363 -5.1603058
-8.5922821 4.5932166 -3.5558698
-9.1741982 3.4593447 -4.3486142
-4.0257199 8.2674306 -5.1095531
-5.3482413 7.4240861 -4.5883375
-4.3393742 8.3845228 -4.4598387
-7.7290689 5.6153574 -3.4704817
-6.5746312 6.5482284 -4.0470277
-7.4146805 6.1124315 -3.079846
-4.906262 8.501274 -3.1298772
-5.6311511 7.507012 -3.9353967
-4.6344755 8.4630965 -3.7951494
-5.5416704 8.0324136 -2.8497743
-5.0012298 7.9463302 -4.1994281
-6.7415367 7.0590318 -2.2952451
-6.2579966 7.0448262 -3.6545426
-7.0840727 6.5957213 -2.6858339
-6.1549527 7.5504042 -2.5708818
-6.8433399 6.587152 -3.3736398
-5.9076502 7.5437101 -3.2604497
-11.095963 -15.889881 -0.7882878
-13.023527 -14.778669 -2.404033
-10.502215 -15.740404 -2.0266461
-14.26617 -10.072377 -4.9696723
-14.097901 -12.704438 -3.8603184
-9.103039 -14.991363 -4.2829464
-12.276115 -14.504814 -3.625922
-9.8228278 -15.423143 -3.2028674
-11.477545 -15.245056 -2.8441057
-10.873695 -0.83157458 -6.4026796
-11.864474 -2.6858706 -6.3067367
-13.731318 -7.3404151 -5.6826321
-12.848239 -4.8447274 -6.0901275
-6.0454618 -12.415279 -7.6730645
-8.9818805 -12.468071 -7.7056918
-6.8088516 -13.156038 -6.9978709
-13.42256 -9.7518178 -6.0269548
-11.564525 -11.518083 -7.1185669
-13.438662 -11.078414 -5.5820356
-8.335157 -14.442656 -5.31729
-9.8032967 -13.068992 -6.8511502
-7.5784351 -13.839113 -6.2059437
-9.936653 -14.402752 -5.1098706
-8.3297723 -13.234969 -6.9943357
-12.888294 -13.495272 -4.3879896
-11.213711 -12.623632 -6.5485789
-13.266248 -12.351719 -5.0297252
-11.484424 -14.088173 -4.7969654
-12.414808 -11.950046 -6.1202706
-10.652634 -13.602766 -5.8792202
-0.78582392 -6.050424 -10.275458
-2.4587951 -5.7735369 -10.861398
-1.3026671 -6.7505076 -10.117458
-0.78165224 -5.2892264 -10.60454
-5.9645384 -4.6174878 -11.15754
-4.2272439 -5.3139119 -11.21067
-2.4306594 -8.2293703 -9.7233927
-3.0664329 -6.5174429 -10.733267
-1.8534818 -7.4798275 -9.9350856
-2.1696698 -6.6541289 -10.447865
-0.77586286 -3.7214871 -11.115884
-2.4335657 -4.9232104 -11.106491
-0.77925377 -4.5077334 -10.8869
-1.5987082 -5.1251841 -10.882254
-10.17862 -0.50495544 -7.1077681
-9.5779078 -1.5580298 -8.4404177
-10.656089 -1.3720182 -7.1098895
-7.4899704 -3.6955229 -10.608538
-8.6946226 -2.6419124 -9.6482763
-11.605457 -3.3156124 -7.0470527
-10.017924 -2.5042866 -8.4786465
-11.135442 -2.3124563 -7.0920388
-10.371314 -1.9348641 -7.8082505
-5.152373 -11.474789 -8.3367146
-6.0408489 -9.8137094 -9.7742988
-4.4279619 -10.660248 -8.7879763
-6.5721111 -11.660374 -8.5156546
-6.7904104 -5.3500355 -10.987115
-6.6069839 -7.7012086 -10.690325
-5.9091969 -5.7495838 -11.109325
-3.0771928 -9.038254 -9.4639137
-5.2441636 -8.9800451 -10.109123
-3.7301168 -9.8384413 -9.1602132
-3.4297354 -8.2111356 -10.072765
-4.8671708 -9.8729283 -9.5033245
-9.4082461 -11.404178 -8.4549046
-7.3967621 -9.7265171 -9.8690004
-8.0288091 -11.656983 -8.5709273
-7.0334592 -10.756788 -9.2634436
-4.0362436 -6.3270434 -10.963118
-5.5570094 -7.9515133 -10.600338
-4.9751592 -6.0754533 -11.094491
-3.7537694 -7.299579 -10.580427
-5.7749882 -6.8776134 -10.92767
-4.4853158 -8.1270006 -10.377686
-0.77051673 -0.47620553 -11.509239
-2.3423064 -1.447625 -11.469346
-0.77315697 -1.2793542 -11.493125
-5.8077619 -3.5893942 -11.141359
-4.0052831 -2.4754011 -11.367307
-5.0118168 -3.995616 -11.295244
-0.77821527 -2.8914184 -11.300765
-2.3672094 -2.2889452 -11.472037
-0.77519046 -2.0902681 -11.423216
-1.5809686 -3.4575687 -11.303299
-1.5630684 -1.7776356 -11.488457
-3.319259 -4.65699 -11.269003
-3.2279652 -2.8406352 -11.438658
-4.1708791 -4.3550567 -11.334625
-2.4284841 -4.0470079 -11.2947
-4.0960312 -3.4010387 -11.383815
-2.4065425 -3.1614804 -11.415793
-13.202846 -8.1598077 -6.4289576
-11.499399 -7.1070196 -8.2840584
-12.894228 -6.8586105 -6.6733529
-12.5646 -9.1760176 -7.0817583
-7.7435155 -4.7857557 -10.6583
-9.6910175 -5.9893782 -9.7300923
-8.4451748 -4.2552359 -10.244413
-7.8066068 -6.0248906 -10.689484
-12.078406 -4.4468542 -6.970699
-11.214151 -5.8787882 -8.4119459
-12.507972 -5.6090137 -6.8494895
-11.275028 -4.0002029 -7.7787935
-12.058094 -6.3723882 -7.5890757
-10.697548 -10.854256 -8.1352059
-10.8029 -8.0091251 -8.9122024
-11.727464 -10.099363 -7.6681484
-9.7310478 -10.157879 -9.0404211
-11.693116 -8.5974948 -8.0536961
-9.5721519 -3.1123864 -9.1416239
-10.30885 -5.3477728 -9.1574643
-9.0564609 -3.687868 -9.7270071
-10.438385 -3.5542275 -8.5091825
-9.3953258 -4.8118588 -9.7607292
-10.843907 -4.6868204 -8.4921093
-7.6577121 -8.5211654 -10.328906
-9.8192694 -7.359489 -9.6775041
-7.7856971 -7.2932453 -10.589022
-8.7057408 -9.3708002 -9.7818296
-8.8326159 -6.7063444 -10.256507
-9.8629898 -8.7779727 -9.4485502
-0.75031987 5.7770617 -9.8112054
-2.1629086 5.0787609 -9.5543588
-1.2017117 6.2273498 -9.333365
-0.74987799 5.0742187 -10.173464
-4.7874621 3.7062463 -8.9556468
-3.4968331 4.3957395 -9.2736177
-2.0691289 7.0053533 -8.2771583
-2.5899845 5.5047923 -9.0655811
-1.6449579 6.6383179 -8.8173499
-1.9109094 5.8605404 -9.2018262
-0.75235671 3.608738 -10.779109
-2.1741898 4.3984816 -9.9227319
-0.75142516 4.3467538 -10.498109
-1.4764522 4.7332525 -10.050069
-9.7850316 0.48542975 -6.832924
-8.5637659 1.3930602 -7.5467172
-9.6013111 1.2362109 -6.4061272
-9.5509658 0 -7.5014711
-6.057811 2.9889009 -8.5800763
-7.3177083 2.2235289 -8.1203377
-9.1652847 2.6184693 -5.5653342
-8.4136667 2.1032533 -7.1208869
-9.3917846 1.9503574 -5.9815229
-9.0091733 1.6807443 -6.782736
-8.8901443 -1.0103478 -8.7854708
-8.2694796 0.93981048 -8.1721139
-9.2515788 -0.50174824 -8.1589581
-8.9104871 0.48324955 -7.8581497
-3.6264473 8.076418 -5.867715
-4.1977828 6.8195416 -6.7921552
-3.2699281 7.8723001 -6.4896788
-4.3264799 7.6761292 -5.6059321
-5.1977932 4.0952426 -8.4102061
-4.7181693 5.4995754 -7.6341583
-4.5691741 4.4457564 -8.590074
-2.4995862 7.3417225 -7.6874834
-3.8298173 6.5581349 -7.3827015
-2.8914207 7.6263222 -7.10059
-2.7664233 6.6230991 -8.1246888
-3.5589129 7.2191614 -6.9489042
-5.6500055 6.8486379 -5.0774881
-4.8951263 6.4369421 -6.5312366
-5.0038694 7.26509 -5.3417388
-4.6177696 7.0622954 -6.0818506
-3.2809653 5.1431013 -8.9116549
-4.0946823 5.8590724 -7.8108589
-3.9272632 4.7958072 -8.7577072
-3.027606 5.8874819 -8.5336525
-4.3372564 5.1653738 -8.2071346
-3.4439973 6.2402224 -7.9683845
-0.7672584 0.47419177 -11.460569
-2.2574598 1.3951869 -11.053885
-0.76448791 1.2650094 -11.364258
-1.5405235 0 -11.434166
-4.8678637 3.0085052 -9.3382989
-3.6354725 2.2468456 -10.317755
-4.2143929 3.3598785 -9.4980715
-0.7592813 2.8210703 -11.025818
-2.2357218 2.1618049 -10.834818
-0.76125617 2.0526949 -11.21788
-1.4935366 3.2663554 -10.678194
-1.515876 1.723965 -11.141595
-3.1348167 -0.96223402 -11.341873
-3.0344724 0.93143327 -10.978824
-2.3326047 -0.48022724 -11.395418
-2.3034684 0.47422877 -11.253079
-2.8827483 4.0445563 -9.787033
-2.9464361 2.5928873 -10.441028
-3.5500182 3.7067798 -9.6473961
-2.2058045 3.675918 -10.259034
-3.5972829 2.9869154 -9.997679
-2.2273229 2.9260392 -10.565638
-8.0862917 4.9976031 -3.9375166
-7.553014 4.6680194 -5.4411198
-8.3725224 4.4534556 -4.3331635
-7.5088431 5.4837619 -4.2321929
-5.9386594 3.6702934 -8.1740671
-6.8363585 4.2251019 -6.8639231
-6.5565085 3.3036013 -7.9533678
-5.6913765 4.3924232 -7.7931271
-8.9074666 3.2794234 -5.1406842
-7.792652 4.0851376 -5.845415
-8.648395 3.8782438 -4.7359468
-8.5958478 3.0496719 -5.9303913
-8.1050107 4.2832866 -5.1010995
-6.3056498 6.398021 -4.7952819
-6.9276493 5.1360661 -5.7151885
-6.9121117 5.9525166 -4.5195701
-5.9671047 6.2288385 -5.5436106
-7.2398531 5.323183 -4.9864873
-7.7844733 2.5311225 -7.43435
-7.4204699 3.8494099 -6.591685
-7.1755581 2.9219483 -7.706841
-8.2198639 2.7988301 -6.7006841
-7.0132231 3.5918541 -7.2859817
-8.0107894 3.462325 -6.2734306
-5.1762388 5.759891 -6.9818352
-6.550916 4.9098759 -6.4563374
-5.436054 5.0922191 -7.3933645
-5.5878244 6.0146962 -6.2785175
-6.1455835 4.6661601 -7.1363026
-6.2691399 5.5794784 -6.0057127
-6.6811912 -3.0510123 -10.810394
-6.4079287 -0.95926399 -10.368246
-7.3394451 -2.5648399 -10.420653
-5.7600596 -2.5135298 -11.013055
-5.6420616 2.5764866 -9.1290475
-6.0496976 0.90563696 -9.7886163
-6.2916295 2.1986706 -8.9329485
-5.0597605 2.2079388 -9.6741051
-8.4347659 -1.5421942 -9.4024415
-6.9608257 -0.49286974 -9.9060985
-7.9279281 -2.0560367 -9.942381
-8.1741407 -0.49812564 -9.1047444
-7.1591788 -1.492632 -10.180453
-4.0030384 -1.4791215 -11.26359
-5.5517149 -0.49391354 -10.581201
-4.8609395 -1.9857153 -11.159511
-3.9376663 -0.48672232 -11.096477
-5.6706559 -1.4734634 -10.819395
-7.5946148 1.3885828 -8.4659044
-6.7420843 0.47738149 -9.594803
-6.9466058 1.8015396 -8.7117088
-7.8909393 0.48086758 -8.7893013
-6.5212488 1.3596287 -9.2733074
-7.4521198 0 -9.3740815
-3.7680361 1.3922882 -10.60235
-5.4015582 0.4805547 -10.295012
-4.430415 1.8098442 -10.171133
-3.8578299 0.476854 -10.871496
-5.2392435 1.3613652 -9.9962766
-4.7011387 0 -10.740695
-5.7811746 8.2788828 0.41071058
-6.569064 7.4543573 1.2125937
-5.5975478 8.3894366 1.0801767
-6.2011185 7.8953408 0
-7.9662543 5.6244328 2.7750737
-7.2940416 6.5730848 1.9972706
-5.1636243 8.5037276 2.4294662
-6.3698063 7.5262292 1.8814112
-5.3910696 8.4646946 1.757832
-5.994329 7.9619713 1.4853791
-6.995268 7.0786123 -0.8044707
-6.995268 7.0786123 0.8044707
-6.6079247 7.4928361 -0.40636495
-6.6079247 7.4928361 0.40636495
-10.179442 0.77848106 5.9938879
-9.707764 2.1976363 5.1603058
-8.5922821 4.5932166 3.5558698
-9.1741982 3.4593447 4.3486142
-4.0257199 8.2674306 5.1095531
-5.3482413 7.4240861 4.5883375
-4.3393742 8.3845228 4.4598387
-7.7290689 5.6153574 3.4704817
-6.5746312 6.5482284 4.0470277
-7.4146805 6.1124315 3.079846
-4.906262 8.501274 3.1298772
-5.6311511 7.507012 3.9353967
-4.6344755 8.4630965 3.7951494
-5.5416704 8.0324136 2.8497743
-5.0012298 7.9463302 4.1994281
-6.7415367 7.0590318 2.2952451
-6.2579966 7.0448262 3.6545426
-7.0840727 6.5957213 2.6858339
-6.1549527 7.5504042 2.5708818
-6.8433399 6.587152 3.3736398
-5.9076502 7.5437101 3.2604497
-8.4384984 5.2152788 -2.3815932
-8.6133695 5.3233551 -0.79690382
-8.0998852 5.7048886 -1.9936284
-8.4384984 5.2152788 2.3815932
-8.6133695 5.3233551 0.79690382
-8.0998852 5.7048886 1.9936284
-7.38706 6.6268024 -1.2116301
-8.2340925 5.7859391 -0.40968047
-7.7474429 6.1777124 -1.602134
-7.4242153 6.6653799 -0.40618296
-8.1893816 5.759002 -1.2007063
-7.38706 6.6268024 1.2116301
-8.2340925 5.7859391 0.40968047
-7.7474429 6.1777124 1.602134
-7.4242153 6.6653799 0.40618296
-8.1893816 5.759002 1.2007063
-7.8394891 6.2321638 0
-11.095963 -15.889881 0.7882878
-13.023527 -14.778669 2.404033
-10.502215 -15.740404 2.0266461
-12.283593 -15.639622 0
-14.26617 -10.072377 4.9696723
-14.097901 -12.704438 3.8603184
-9.103039 -14.991363 4.2829464
-12.276115 -14.504814 3.625922
-9.8228278 -15.423143 3.2028674
-11.477545 -15.245056 2.8441057
-14.164427 -14.333187 -1.6289392
-14.164427 -14.333187 1.6289392
-13.335 -15.120779 -0.82005723
-13.335 -15.120779 0.82005723
-10.873695 -0.83157458 6.4026796
-11.864474 -2.6858706 6.3067367
-13.731318 -7.3404151 5.6826321
-12.848239 -4.8447274 6.0901275
-6.0454618 -12.415279 7.6730645
-8.9818805 -12.468071 7.7056918
-6.8088516 -13.156038 6.9978709
-13.42256 -9.7518178 6.0269548
-11.564525 -11.518083 7.1185669
-13.438662 -11.078414 5.5820356
-8.335157 -14.442656 5.31729
-9.8032967 -13.068992 6.8511502
-7.5784351 -13.839113 6.2059437
-9.936653 -14.402752 5.1098706
-8.3297723 -13.234969 6.9943357
-12.888294 -13.495272 4.3879896
-11.213711 -12.623632 6.5485789
-13.266248 -12.351719 5.0297252
-11.484424 -14.088173 4.7969654
-12.414808 -11.950046 6.1202706
-10.652634 -13.602766 5.8792202
-14.947142 -9.2378417 -4.2185245
-16.533549 -10.218295 -1.5296741
-15.13351 -10.658792 -3.7248176
-14.947142 -9.2378417 4.2185245
-16.533549 -10.218295 1.5296741
-15.13351 -10.658792 3.7248176
-14.773281 -13.252852 -2.4231224
-16.45022 -11.559255 -0.81846711
-15.083769 -12.027605 -3.119251
-15.180018 -13.628455 -0.83050724
-15.929864 -11.202325 -2.335596
-14.773281 -13.252852 2.4231224
-16.45022 -11.559255 0.81846711
-15.083769 -12.027605 3.119251
-15.180018 -13.628455 0.83050724
-15.929864 -11.202325 2.335596
-15.976188 -12.700601 0
-0.78582392 -6.050424 10.275458
-2.4587951 -5.7735369 10.861398
-1.3026671 -6.7505076 10.117458
-0.78165224 -5.2892264 10.60454
-5.9645384 -4.6174878 11.15754
-4.2272439 -5.3139119 11.21067
-2.4306594 -8.2293703 9.7233927
-3.0664329 -6.5174429 10.733267
-1.8534818 -7.4798275 9.9350856
-2.1696698 -6.6541289 10.447865
-0.77586286 -3.7214871 11.115884
-2.4335657 -4.9232104 11.106491
-0.77925377 -4.5077334 10.8869
-1.5987082 -5.1251841 10.882254
-10.17862 -0.50495544 7.1077681
-9.5779078 -1.5580298 8.4404177
-10.656089 -1.3720182 7.1098895
-7.4899704 -3.6955229 10.608538
-8.6946226 -2.6419124 9.6482763
-11.605457 -3.3156124 7.0470527
-10.017924 -2.5042866 8.4786465
-11.135442 -2.3124563 7.0920388
-10.371314 -1.9348641 7.8082505
-5.152373 -11.474789 8.3367146
-6.0408489 -9.8137094 9.7742988
-4.4279619 -10.660248 8.7879763
-6.5721111 -11.660374 8.5156546
-6.7904104 -5.3500355 10.987115
-6.6069839 -7.7012086 10.690325
-5.9091969 -5.7495838 11.109325
-3.0771928 -9.038254 9.4639137
-5.2441636 -8.9800451 10.109123
-3.7301168 -9.8384413 9.1602132
-3.4297354 -8.2111356 10.072765
-4.8671708 -9.8729283 9.5033245
-9.4082461 -11.404178 8.4549046
-7.3967621 -9.7265171 9.8690004
-8.0288091 -11.656983 8.5709273
-7.0334592 -10.756788 9.2634436
-4.0362436 -6.3270434 10.963118
-5.5570094 -7.9515133 10.600338
-4.9751592 -6.0754533 11.094491
-3.7537694 -7.299579 10.580427
-5.7749882 -6.8776134 10.92767
-4.4853158 -8.1270006 10.377686
-0.77051673 -0.47620553 11.509239
-2.3423064 -1.447625 11.469346
-0.77315697 -1.2793542 11.493125
-5.8077619 -3.5893942 11.141359
-4.0052831 -2.4754011 11.367307
-5.0118168 -3.995616 11.295244
-0.77821527 -2.8914184 11.300765
-2.3672094 -2.2889452 11.472037
-0.77519046 -2.0902681 11.423216
-1.5809686 -3.4575687 11.303299
-1.5630684 -1.7776356 11.488457
-3.319259 -4.65699 11.269003
-3.2279652 -2.8406352 11.438658
-4.1708791 -4.3550567 11.334625
-2.4284841 -4.0470079 11.2947
-4.0960312 -3.4010387 11.383815
-2.4065425 -3.1614804 11.415793
-13.202846 -8.1598077 6.4289576
-11.499399 -7.1070196 8.2840584
-12.894228 -6.8586105 6.6733529
-12.5646 -9.1760176 7.0817583
-7.7435155 -4.7857557 10.6583
-9.6910175 -5.9893782 9.7300923
-8.4451748 -4.2552359 10.244413
-7.8066068 -6.0248906 10.689484
-12.078406 -4.4468542 6.970699
-11.214151 -5.8787882 8.4119459
-12.507972 -5.6090137 6.8494895
-11.275028 -4.0002029 7.7787935
-12.058094 -6.3723882 7.5890757
-10.697548 -10.854256 8.1352059
-10.8029 -8.0091251 8.9122024
-11.727464 -10.099363 7.6681484
-9.7310478 -10.157879 9.0404211
-11.693116 -8.5974948 8.0536961
-9.5721519 -3.1123864 9.1416239
-10.30885 -5.3477728 9.1574643
-9.0564609 -3.687868 9.7270071
-10.438385 -3.5542275 8.5091825
-9.3953258 -4.8118588 9.7607292
-10.843907 -4.6868204 8.4921093
-7.6577121 -8.5211654 10.328906
-9.8192694 -7.359489 9.6775041
-7.7856971 -7.2932453 10.589022
-8.7057408 -9.3708002 9.7818296
-8.8326159 -6.7063444 10.256507
-9.8629898 -8.7779727 9.4485502
-0.75031987 5.7770617 9.8112054
-2.1629086 5.0787609 9.5543588
-1.2017117 6.2273498 9.333365
-0.74987799 5.0742187 10.173464
-4.7874621 3.7062463 8.9556468
-3.4968331 4.3957395 9.2736177
-2.0691289 7.0053533 8.2771583
-2.5899845 5.5047923 9.0655811
-1.6449579 6.6383179 8.8173499
-1.9109094 5.8605404 9.2018262
-0.75235671 3.608738 10.779109
-2.1741898 4.3984816 9.9227319
-0.75142516 4.3467538 10.498109
-1.4764522 4.7332525 10.050069
-9.7850316 0.48542975 6.832924
-8.5637659 1.3930602 7.5467172
-9.6013111 1.2362109 6.4061272
-9.5509658 0 7.5014711
-6.057811 2.9889009 8.5800763
-7.3177083 2.2235289 8.1203377
-9.1652847 2.6184693 5.5653342
-8.4136667 2.1032533 7.1208869
-9.3917846 1.9503574 5.9815229
-9.0091733 1.6807443 6.782736
-8.8901443 -1.0103478 8.7854708
-8.2694796 0.93981048 8.1721139
-9.2515788 -0.50174824 8.1589581
-8.9104871 0.48324955 7.8581497
-3.6264473 8.076418 5.867715
-4.1977828 6.8195416 6.7921552
-3.2699281 7.8723001 6.4896788
-4.3264799 7.6761292 5.6059321
-5.1977932 4.0952426 8.4102061
-4.7181693 5.4995754 7.6341583
-4.5691741 4.4457564 8.590074
-2.4995862 7.3417225 7.6874834
-3.8298173 6.5581349 7.3827015
-2.8914207 7.6263222 7.10059
-2.7664233 6.6230991 8.1246888
-3.5589129 7.2191614 6.9489042
-5.6500055 6.8486379 5.0774881
-4.8951263 6.4369421 6.5312366
-5.0038694 7.26509 5.3417388
-4.6177696 7.0622954 6.0818506
-3.2809653 5.1431013 8.9116549
-4.0946823 5.8590724 7.8108589
-3.9272632 4.7958072 8.7577072
-3.027606 5.8874819 8.5336525
-4.3372564 5.1653738 8.2071346
-3.4439973 6.2402224 7.9683845
-0.7672584 0.47419177 11.460569
-2.2574598 1.3951869 11.053885
-0.76448791 1.2650094 11.364258
-1.5405235 0 11.434166
-4.8678637 3.0085052 9.3382989
-3.6354725 2.2468456 10.317755
-4.2143929 3.3598785 9.4980715
-0.7592813 2.8210703 11.025818
-2.2357218 2.1618049 10.834818
-0.76125617 2.0526949 11.21788
-1.4935366 3.2663554 10.678194
-1.515876 1.723965 11.141595
-3.1348167 -0.96223402 11.341873
-3.0344724 0.93143327 10.978824
-2.3326047 -0.48022724 11.395418
-2.3034684 0.47422877 11.253079
-2.8827483 4.0445563 9.787033
-2.9464361 2.5928873 10.441028
-3.5500182 3.7067798 9.6473961
-2.2058045 3.675918 10.259034
-3.5972829 2.9869154 9.997679
-2.2273229 2.9260392 10.565638
-8.0862917 4.9976031 3.9375166
-7.553014 4.6680194 5.4411198
-8.3725224 4.4534556 4.3331635
-7.5088431 5.4837619 4.2321929
-5.9386594 3.6702934 8.1740671
-6.8363585 4.2251019 6.8639231
-6.5565085 3.3036013 7.9533678
-5.6913765 4.3924232 7.7931271
-8.9074666 3.2794234 5.1406842
-7.792652 4.0851376 5.845415
-8.648395 3.8782438 4.7359468
-8.5958478 3.0496719 5.9303913
-8.1050107 4.2832866 5.1010995
-6.3056498 6.398021 4.7952819
-6.9276493 5.1360661 5.7151885
-6.9121117 5.9525166 4.5195701
-5.9671047 6.2288385 5.5436106
-7.2398531 5.323183 4.9864873
-7.7844733 2.5311225 7.43435
-7.4204699 3.8494099 6.591685
-7.1755581 2.9219483 7.706841
-8.2198639 2.7988301 6.7006841
-7.0132231 3.5918541 7.2859817
-8.0107894 3.462325 6.2734306
-5.1762388 5.759891 6.9818352
-6.550916 4.9098759 6.4563374
-5.436054 5.0922191 7.3933645
-5.5878244 6.0146962 6.2785175
-6.1455835 4.6661601 7.1363026
-6.2691399 5.5794784 6.0057127
-6.6811912 -3.0510123 10.810394
-6.4079287 -0.95926399 10.368246
-7.3394451 -2.5648399 10.420653
-5.7600596 -2.5135298 11.013055
-5.6420616 2.5764866 9.1290475
-6.0496976 0.90563696 9.7886163
-6.2916295 2.1986706 8.9329485
-5.0597605 2.2079388 9.6741051
-8.4347659 -1.5421942 9.4024415
-6.9608257 -0.49286974 9.9060985
-7.9279281 -2.0560367 9.942381
-8.1741407 -0.49812564 9.1047444
-7.1591788 -1.492632 10.180453
-4.0030384 -1.4791215 11.26359
-5.5517149 -0.49391354 10.581201
-4.8609395 -1.9857153 11.159511
-3.9376663 -0.48672232 11.096477
-5.6706559 -1.4734634 10.819395
-7.5946148 1.3885828 8.4659044
-6.7420843 0.47738149 9.594803
-6.9466058 1.8015396 8.7117088
-7.8909393 0.48086758 8.7893013
-6.5212488 1.3596287 9.2733074
-7.4521198 0 9.3740815
-3.7680361 1.3922882 10.60235
-5.4015582 0.4805547 10.295012
-4.430415 1.8098442 10.171133
-3.8578299 0.476854 10.871496
-5.2392435 1.3613652 9.9962766
-4.7011387 0 10.740695
-10.838143 0 -5.7028968
-11.604782 0 -4.1833379
-10.594961 0.78094616 -5.2844485
-11.343529 -0.83612251 -5.6578118
-12.46325 0 -0.86379606
-12.162207 0 -2.5616606
-10.055612 2.2033054 -4.4573836
-11.282112 0.78746515 -3.7771384
-10.331892 1.5178548 -4.865982
-10.964872 0.78483476 -4.5400176
-12.390336 -2.7148716 -5.4923045
-12.148364 -0.84792754 -4.067151
-11.864148 -1.7429579 -5.587624
-11.772217 -0.84262224 -4.8742997
-10.838143 0 5.7028968
-11.604782 0 4.1833379
-10.594961 0.78094616 5.2844485
-11.343529 -0.83612251 5.6578118
-12.46325 0 0.86379606
-12.162207 0 2.5616606
-10.055612 2.2033054 4.4573836
-11.282112 0.78746515 3.7771384
-10.331892 1.5178548 4.865982
-10.964872 0.78483476 4.5400176
-12.390336 -2.7148716 5.4923045
-12.148364 -0.84792754 4.067151
-11.864148 -1.7429579 5.587624
-11.772217 -0.84262224 4.8742997
-8.8287636 4.6022534 -2.844349
-9.8898018 3.4846826 -2.1536523
-9.1466223 4.0584512 -3.2355557
-8.9628831 4.6877765 -2.0456153
-11.975253 0.80171526 -0.49548728
-10.93141 2.2324474 -1.3797284
-11.900085 0.80053365 -1.3246548
-9.7571196 2.8739373 -4.0321943
-10.239949 2.889692 -2.5429521
-9.4577676 3.4802393 -3.6339196
-10.350304 2.2254285 -3.7086209
-9.6974267 3.4892486 -2.8972117
-9.0985446 4.7737988 -0.4247055
-9.9861715 3.5490486 -1.3113724
-9.0534431 4.745086 -1.2329633
-9.4814822 4.1300118 -1.6871281
-11.553433 0.795615 -2.9560662
-10.799983 2.2285337 -2.1548545
-11.757597 0.79788187 -2.1514546
-10.950223 1.5315847 -3.3495663
-11.344478 1.5434794 -1.7553576
-10.599946 2.2345554 -2.9355406
-14.502621 -7.5599187 -4.6722867
-14.672601 -5.169907 -3.1951783
-14.020618 -6.2210938 -4.9596988
-15.362232 -8.0347704 -3.5061503
-13.029518 -0.87229586 -0.53910849
-14.025782 -2.8643899 -1.7702903
-12.930158 -0.86982798 -1.4393171
-12.951831 -3.8149322 -5.3524298
-14.006383 -3.9525717 -3.4782947
-13.490005 -4.964009 -5.1832096
-12.899552 -2.7735449 -4.6220431
-14.109318 -5.0766991 -4.2153122
-16.70082 -8.7625395 -0.77956756
-15.257674 -5.4225211 -2.0036199
-16.1667 -8.4732829 -2.201698
-15.467697 -6.73753 -2.7523109
-12.487145 -0.85991405 -3.194966
-13.736522 -2.8344769 -2.740764
-12.744481 -0.86485283 -2.3320389
-12.735936 -1.7813487 -3.8957986
-13.366604 -1.8186008 -2.0682458
-13.358157 -2.8160088 -3.6993973
-8.8287636 4.6022534 2.844349
-9.8898018 3.4846826 2.1536523
-9.1466223 4.0584512 3.2355557
-8.9628831 4.6877765 2.0456153
-11.975253 0.80171526 0.49548728
-10.93141 2.2324474 1.3797284
-11.900085 0.80053365 1.3246548
-11.4929 1.5484368 0
-9.7571196 2.8739373 4.0321943
-10.239949 2.889692 2.5429521
-9.4577676 3.4802393 3.6339196
-10.350304 2.2254285 3.7086209
-9.6974267 3.4892486 2.8972117
-9.0985446 4.7737988 0.4247055
-9.9861715 3.5490486 1.3113724
-9.0534431 4.745086 1.2329633
-9.5761501 4.1914244 0
-9.4814822 4.1300118 1.6871281
-11.553433 0.795615 2.9560662
-10.799983 2.2285337 2.1548545
-11.757597 0.79788187 2.1514546
-10.950223 1.5315847 3.3495663
-11.344478 1.5434794 1.7553576
-10.599946 2.2345554 2.9355406
-10.50829 2.9044199 -0.89151358
-10.50829 2.9044199 0.89151358
-11.000371 2.25174 -0.46357913
-10.048725 3.5658638 -0.440765
-11.000371 2.25174 0.46357913
-10.048725 3.5658638 0.440765
-14.502621 -7.5599187 4.6722867
-14.672601 -5.169907 3.1951783
-14.020618 -6.2210938 4.9596988
-15.362232 -8.0347704 3.5061503
-13.029518 -0.87229586 0.53910849
-14.025782 -2.8643899 1.7702903
-12.930158 -0.86982798 1.4393171
-13.627811 -1.836073 0
-12.951831 -3.8149322 5.3524298
-14.006383 -3.9525717 3.4782947
-13.490005 -4.964009 5.1832096
-12.899552 -2.7735449 4.6220431
-14.109318 -5.0766991 4.2153122
-16.70082 -8.7625395 0.77956756
-15.257674 -5.4225211 2.0036199
-16.1667 -8.4732829 2.201698
-16.332421 -7.1486045 0
-15.467697 -6.73753 2.7523109
-12.487145 -0.85991405 3.194966
-13.736522 -2.8344769 2.740764
-12.744481 -0.86485283 2.3320389
-12.735936 -1.7813487 3.8957986
-13.366604 -1.8186008 2.0682458
-13.358157 -2.8160088 3.6993973
-14.793343 -4.0887794 -1.2550535
-14.793343 -4.0887794 1.2550535
-14.232399 -2.9133254 -0.59978367
-15.608058 -5.5386336 -0.68461276
-14.232399 -2.9133254 0.59978367
-15.608058 -5.5386336 0.68461276
