-29.772966 48.17367 0
46.834357 75.779581 0
-46.834357 -75.779581 0
29.772966 -48.17367 0
0 -29.189408 47.229455
0 29.189408 47.229455
0 -29.189408 -47.229455
0 29.189408 -47.229455
48.970168 0 -30.265228
48.970168 0 30.265228
-48.970168 0 -30.265228
-48.970168 0 30.265228
0 71.023659 0
0 -71.023659 0
-22.48231 -58.859452 36.377142
17.835819 -46.694781 28.858961
-17.835819 46.694781 28.858961
22.48231 58.859452 36.377142
0 0 51.411214
-22.48231 -58.859452 -36.377142
17.835819 -46.694781 -28.858961
-17.835819 46.694781 -28.858961
22.48231 58.859452 -36.377142
0 0 -51.411214
61.814229 38.203294 -23.610934
43.005093 -26.578609 -16.426484
26.221308 -16.205659 -42.426967
29.513887 18.240585 -47.754472
61.814229 38.203294 23.610934
43.005093 -26.578609 16.426484
26.221308 -16.205659 42.426967
29.513887 18.240585 47.754472
58.634102 0 0
-43.005093 26.578609 -16.426484
-61.814229 -38.203294 -23.610934
-29.513887 -18.240585 -47.754472
-26.221308 16.205659 -42.426967
-43.005093 26.578609 16.426484
-61.814229 -38.203294 23.610934
-29.513887 -18.240585 47.754472
-26.221308 16.205659 42.426967
-58.634102 0 0
-17.054013 60.032632 0
21.974146 77.352225 0
-21.974146 -77.352225 0
17.054013 -60.032632 0
-35.883984 -71.345466 21.4939
-10.046571 -43.394512 43.911531
-12.114838 -70.921495 19.602219
25.005163 -49.715914 14.97767
9.1360257 -39.461561 39.931721
10.43509 -61.088081 16.88433
0 -54.625333 33.760313
-25.005163 49.715914 14.97767
-9.1360257 39.461561 39.931721
-10.43509 61.088081 16.88433
35.883984 71.345466 21.4939
10.046571 43.394512 43.911531
12.114838 70.921495 19.602219
0 54.625333 33.760313
0 -14.330842 50.446671
0 14.330842 50.446671
-35.883984 -71.345466 -21.4939
-10.046571 -43.394512 -43.911531
-12.114838 -70.921495 -19.602219
25.005163 -49.715914 -14.97767
9.1360257 -39.461561 -39.931721
10.43509 -61.088081 -16.88433
0 -54.625333 -33.760313
-25.005163 49.715914 -14.97767
-9.1360257 39.461561 -39.931721
-10.43509 61.088081 -16.88433
35.883984 71.345466 -21.4939
10.046571 43.394512 -43.911531
12.114838 70.921495 -19.602219
0 54.625333 -33.760313
0 -14.330842 -50.446671
0 14.330842 -50.446671
62.644189 63.390556 -14.5032
55.747499 16.794776 -28.038815
46.36799 54.288588 -33.552193
37.460494 -37.906813 -8.6727445
46.829452 -14.10808 -23.553386
31.840732 -37.279778 -23.04017
13.698907 -22.870274 -45.47127
38.071033 -8.7103166 -37.62278
22.80911 -31.521415 -36.905915
13.598497 -8.4043334 -49.199825
36.476068 -22.54345 -31.154282
14.928653 24.92333 -49.553211
41.475547 9.4892394 -40.98721
28.169861 38.929791 -45.579793
14.017109 8.6630496 -50.714376
46.374164 28.66081 -39.608265
28.505814 0 -46.123376
62.644189 63.390556 14.5032
55.747499 16.794776 28.038815
46.36799 54.288588 33.552193
70.337841 43.471177 0
37.460494 -37.906813 8.6727445
46.829452 -14.10808 23.553386
31.840732 -37.279778 23.04017
45.206291 -27.939024 0
13.698907 -22.870274 45.47127
38.071033 -8.7103166 37.62278
22.80911 -31.521415 36.905915
13.598497 -8.4043334 49.199825
36.476068 -22.54345 31.154282
14.928653 24.92333 49.553211
41.475547 9.4892394 40.98721
28.169861 38.929791 45.579793
14.017109 8.6630496 50.714376
46.374164 28.66081 39.608265
28.505814 0 46.123376
56.183342 0 -15.96051
56.183342 0 15.96051
63.196663 17.467128 -10.795279
51.834829 -14.326794 -8.8544459
63.196663 17.467128 10.795279
51.834829 -14.326794 8.8544459
-37.460494 37.906813 -8.6727445
-46.829452 14.10808 -23.553386
-31.840732 37.279778 -23.04017
-62.644189 -63.390556 -14.5032
-55.747499 -16.794776 -28.038815
-46.36799 -54.288588 -33.552193
-14.928653 -24.92333 -49.553211
-41.475547 -9.4892394 -40.98721
-28.169861 -38.929791 -45.579793
-14.017109 -8.6630496 -50.714376
-46.374164 -28.66081 -39.608265
-13.698907 22.870274 -45.47127
-38.071033 8.7103166 -37.62278
-22.80911 31.521415 -36.905915
-13.598497 8.4043334 -49.199825
-36.476068 22.54345 -31.154282
-28.505814 0 -46.123376
-37.460494 37.906813 8.6727445
-46.829452 14.10808 23.553386
-31.840732 37.279778 23.04017
-45.206291 27.939024 0
-62.644189 -63.390556 14.5032
-55.747499 -16.794776 28.038815
-46.36799 -54.288588 33.552193
-70.337841 -43.471177 0
-14.928653 -24.92333 49.553211
-41.475547 -9.4892394 40.98721
-28.169861 -38.929791 45.579793
-14.017109 -8.6630496 50.714376
-46.374164 -28.66081 39.608265
-13.698907 22.870274 45.47127
-38.071033 8.7103166 37.62278
-22.80911 31.521415 36.905915
-13.598497 8.4043334 49.199825
-36.476068 22.54345 31.154282
-28.505814 0 46.123376
-56.183342 0 -15.96051
-56.183342 0 15.96051
-51.834829 14.326794 -8.8544459
-63.196663 -17.467128 -10.795279
-51.834829 14.326794 8.8544459
-63.196663 -17.467128 10.795279
-23.855113 54.117204 0
-9.162814 65.785138 0
34.152246 77.477064 0
10.462496 75.116304 0
-34.152246 -77.477064 0
-10.462496 -75.116304 0
23.855113 -54.117204 0
9.162814 -65.785138 0
-41.943283 -74.886164 11.359417
-29.2607 -65.842404 29.929739
-29.564082 -76.281465 10.865319
-4.7481279 -36.04983 45.899089
-15.979298 -51.132139 40.899195
-6.0357775 -72.486483 9.7660932
-17.752212 -66.270909 28.723683
-17.187928 -75.46116 10.369155
-23.769852 -72.293266 20.83659
27.721475 -49.494334 7.5077525
21.67792 -48.779637 22.17358
21.476254 -55.41319 7.8929003
4.5597439 -34.619537 44.078023
13.607524 -43.542702 34.828612
0 -41.752218 42.24967
5.5771247 -66.978307 9.0239774
14.500121 -54.130505 23.461689
13.994817 -61.44226 8.4428108
0 -66.684026 18.431012
18.235187 -55.46022 15.984917
-10.704091 -57.489511 35.530472
9.4783724 -50.906422 31.461899
-5.1620188 -49.634431 39.457916
-5.7145879 -63.375751 27.739192
4.8791358 -46.914422 37.295589
5.3190869 -58.989578 25.81939
-27.721475 49.494334 7.5077525
-21.67792 48.779637 22.17358
-21.476254 55.41319 7.8929003
-4.5597439 34.619537 44.078023
-13.607524 43.542702 34.828612
-5.5771247 66.978307 9.0239774
-14.500121 54.130505 23.461689
-13.994817 61.44226 8.4428108
-18.235187 55.46022 15.984917
41.943283 74.886164 11.359417
29.2607 65.842404 29.929739
29.564082 76.281465 10.865319
4.7481279 36.04983 45.899089
15.979298 51.132139 40.899195
0 41.752218 42.24967
6.0357775 72.486483 9.7660932
17.752212 66.270909 28.723683
17.187928 75.46116 10.369155
0 66.684026 18.431012
23.769852 72.293266 20.83659
-9.4783724 50.906422 31.461899
10.704091 57.489511 35.530472
-4.8791358 46.914422 37.295589
-5.3190869 58.989578 25.81939
5.1620188 49.634431 39.457916
5.7145879 63.375751 27.739192
0 -21.672695 49.166218
0 -7.1278516 51.174966
0 21.672695 49.166218
0 7.1278516 51.174966
-41.943283 -74.886164 -11.359417
-29.2607 -65.842404 -29.929739
-29.564082 -76.281465 -10.865319
-4.7481279 -36.04983 -45.899089
-15.979298 -51.132139 -40.899195
-6.0357775 -72.486483 -9.7660932
-17.752212 -66.270909 -28.723683
-17.187928 -75.46116 -10.369155
-23.769852 -72.293266 -20.83659
27.721475 -49.494334 -7.5077525
21.67792 -48.779637 -22.17358
21.476254 -55.41319 -7.8929003
4.5597439 -34.619537 -44.078023
13.607524 -43.542702 -34.828612
0 -41.752218 -42.24967
5.5771247 -66.978307 -9.0239774
14.500121 -54.130505 -23.461689
13.994817 -61.44226 -8.4428108
0 -66.684026 -18.431012
18.235187 -55.46022 -15.984917
-10.704091 -57.489511 -35.530472
9.4783724 -50.906422 -31.461899
-5.1620188 -49.634431 -39.457916
-5.7145879 -63.375751 -27.739192
4.8791358 -46.914422 -37.295589
5.3190869 -58.989578 -25.81939
-27.721475 49.494334 -7.5077525
-21.67792 48.779637 -22.17358
-21.476254 55.41319 -7.8929003
-4.5597439 34.619537 -44.078023
-13.607524 43.542702 -34.828612
-5.5771247 66.978307 -9.0239774
-14.500121 54.130505 -23.461689
-13.994817 61.44226 -8.4428108
-18.235187 55.46022 -15.984917
41.943283 74.886164 -11.359417
29.2607 65.842404 -29.929739
29.564082 76.281465 -10.865319
4.7481279 36.04983 -45.899089
15.979298 51.132139 -40.899195
0 41.752218 -42.24967
6.0357775 72.486483 -9.7660932
17.752212 66.270909 -28.723683
17.187928 75.46116 -10.369155
0 66.684026 -18.431012
23.769852 72.293266 -20.83659
-9.4783724 50.906422 -31.461899
10.704091 57.489511 -35.530472
-4.8791358 46.914422 -37.295589
-5.3190869 58.989578 -25.81939
5.1620188 49.634431 -39.457916
5.7145879 63.375751 -27.739192
0 -21.672695 -49.166218
0 -7.1278516 -51.174966
0 21.672695 -49.166218
0 7.1278516 -51.174966
56.523839 71.966852 -7.4447625
63.70617 50.956817 -19.908806
49.874637 69.204338 -18.598525
52.417386 7.9511478 -29.358658
58.93295 26.788934 -26.190104
34.724757 57.972851 -35.829192
55.929343 47.576341 -29.403796
42.278173 64.176554 -28.355172
54.751117 59.393794 -25.032877
33.921473 -43.18924 -4.4678018
40.467252 -32.368644 -12.646415
31.671598 -43.946425 -11.810512
48.129413 -7.3007088 -26.956991
45.118665 -20.509425 -20.050965
25.241238 -42.140151 -26.044046
37.738633 -32.102399 -19.840373
28.706368 -43.575102 -19.252818
35.044232 -38.015843 -16.022649
7.0545108 -26.047934 -46.50637
20.058427 -19.610048 -44.126514
11.578473 -31.049352 -43.083017
6.9147408 -18.814722 -48.545887
43.683635 -4.5189456 -34.309779
32.229269 -12.591962 -40.293006
43.086673 -11.579456 -31.051987
20.564162 -39.11536 -33.273512
24.671365 -23.91087 -39.919107
16.249632 -35.540682 -38.55439
27.706866 -34.895795 -30.452793
18.4054 -27.442849 -41.657133
6.8525753 -4.2351245 -50.861596
20.109213 -12.428177 -46.395716
6.8701851 -11.38803 -49.997531
13.722881 -15.654714 -47.612008
40.263885 -24.88445 -24.117386
31.741933 -19.617593 -37.31488
41.887135 -18.507022 -27.59437
34.419512 -30.037151 -27.328703
37.471714 -15.793313 -34.542636
29.898853 -27.202875 -34.261037
7.4059557 27.345602 -48.823246
22.388122 21.887666 -49.251607
12.768659 34.241009 -47.51165
7.1570708 19.474092 -50.247198
45.821713 4.7401235 -35.989057
35.977066 14.056224 -44.978498
49.044723 13.180669 -35.345874
39.966904 0 -39.49633
25.976586 49.410402 -42.030998
29.252024 28.350331 -47.330769
19.118502 41.815384 -45.361162
37.19153 46.841386 -40.877447
21.241444 31.671451 -48.075979
6.9047578 4.267375 -51.248908
21.519841 13.299993 -49.650298
7.013361 11.625359 -51.039489
13.895166 0 -50.273182
14.544122 16.591564 -50.46133
54.449402 33.651581 -32.614271
37.913417 23.43178 -44.569894
52.040209 22.992962 -34.283003
47.363201 41.332824 -37.605845
44.096488 18.585476 -40.649566
38.109073 34.67278 -43.669112
27.497808 -8.2841302 -44.492388
29.208794 8.7995904 -47.260821
33.677424 -4.4057952 -42.363103
21.000058 -4.3262499 -47.978847
34.96926 4.5747975 -43.988114
21.503936 4.4300544 -49.130056
56.523839 71.966852 7.4447625
63.70617 50.956817 19.908806
49.874637 69.204338 18.598525
66.106331 66.893947 0
52.417386 7.9511478 29.358658
58.93295 26.788934 26.190104
34.724757 57.972851 35.829192
55.929343 47.576341 29.403796
42.278173 64.176554 28.355172
54.751117 59.393794 25.032877
67.791371 41.897372 -12.622216
67.791371 41.897372 12.622216
69.65145 55.370859 -7.2438041
69.65145 55.370859 7.2438041
33.921473 -43.18924 4.4678018
40.467252 -32.368644 12.646415
31.671598 -43.946425 11.810512
37.983936 -38.436491 0
48.129413 -7.3007088 26.956991
45.118665 -20.509425 20.050965
25.241238 -42.140151 26.044046
37.738633 -32.102399 19.840373
28.706368 -43.575102 19.252818
35.044232 -38.015843 16.022649
44.655941 -27.598889 -8.3145823
44.655941 -27.598889 8.3145823
41.630271 -33.094844 -4.32958
41.630271 -33.094844 4.32958
7.0545108 -26.047934 46.50637
20.058427 -19.610048 44.126514
11.578473 -31.049352 43.083017
6.9147408 -18.814722 48.545887
43.683635 -4.5189456 34.309779
32.229269 -12.591962 40.293006
43.086673 -11.579456 31.051987
20.564162 -39.11536 33.273512
24.671365 -23.91087 39.919107
16.249632 -35.540682 38.55439
27.706866 -34.895795 30.452793
18.4054 -27.442849 41.657133
6.8525753 -4.2351245 50.861596
20.109213 -12.428177 46.395716
6.8701851 -11.38803 49.997531
13.722881 -15.654714 47.612008
40.263885 -24.88445 24.117386
31.741933 -19.617593 37.31488
41.887135 -18.507022 27.59437
34.419512 -30.037151 27.328703
37.471714 -15.793313 34.542636
29.898853 -27.202875 34.261037
7.4059557 27.345602 48.823246
22.388122 21.887666 49.251607
12.768659 34.241009 47.51165
7.1570708 19.474092 50.247198
45.821713 4.7401235 35.989057
35.977066 14.056224 44.978498
49.044723 13.180669 35.345874
39.966904 0 39.49633
25.976586 49.410402 42.030998
29.252024 28.350331 47.330769
19.118502 41.815384 45.361162
37.19153 46.841386 40.877447
21.241444 31.671451 48.075979
6.9047578 4.267375 51.248908
21.519841 13.299993 49.650298
7.013361 11.625359 51.039489
13.895166 0 50.273182
14.544122 16.591564 50.46133
54.449402 33.651581 32.614271
37.913417 23.43178 44.569894
52.040209 22.992962 34.283003
47.363201 41.332824 37.605845
44.096488 18.585476 40.649566
38.109073 34.67278 43.669112
27.497808 -8.2841302 44.492388
29.208794 8.7995904 47.260821
33.677424 -4.4057952 42.363103
21.000058 -4.3262499 47.978847
34.96926 4.5747975 43.988114
21.503936 4.4300544 49.130056
53.151569 0 -23.429456
58.019137 0 -8.0811347
56.658852 8.070329 -21.95903
51.712875 -7.3658378 -20.042139
53.151569 0 23.429456
58.019137 0 8.0811347
56.658852 8.070329 21.95903
51.712875 -7.3658378 20.042139
63.795514 27.650777 -17.08912
61.274592 8.2555167 -5.1021899
60.279431 17.373925 -19.819732
67.159773 29.395436 -6.0557929
59.71802 8.2058822 -13.602084
47.690058 -20.670218 -12.774897
55.475861 -7.4742546 -4.6193434
49.85744 -14.370067 -16.393006
48.822579 -21.369355 -4.4023292
54.216091 -7.4498595 -12.348899
63.795514 27.650777 17.08912
61.274592 8.2555167 5.1021899
60.279431 17.373925 19.819732
67.159773 29.395436 6.0557929
59.71802 8.2058822 13.602084
64.487667 17.823953 0
47.690058 -20.670218 12.774897
55.475861 -7.4742546 4.6193434
49.85744 -14.370067 16.393006
48.822579 -21.369355 4.4023292
54.216091 -7.4498595 12.348899
52.520164 -14.516216 0
-33.921473 43.18924 -4.4678018
-40.467252 32.368644 -12.646415
-31.671598 43.946425 -11.810512
-48.129413 7.3007088 -26.956991
-45.118665 20.509425 -20.050965
-25.241238 42.140151 -26.044046
-37.738633 32.102399 -19.840373
-28.706368 43.575102 -19.252818
-35.044232 38.015843 -16.022649
-56.523839 -71.966852 -7.4447625
-63.70617 -50.956817 -19.908806
-49.874637 -69.204338 -18.598525
-52.417386 -7.9511478 -29.358658
-58.93295 -26.788934 -26.190104
-34.724757 -57.972851 -35.829192
-55.929343 -47.576341 -29.403796
-42.278173 -64.176554 -28.355172
-54.751117 -59.393794 -25.032877
-7.4059557 -27.345602 -48.823246
-22.388122 -21.887666 -49.251607
-12.768659 -34.241009 -47.51165
-7.1570708 -19.474092 -50.247198
-45.821713 -4.7401235 -35.989057
-35.977066 -14.056224 -44.978498
-49.044723 -13.180669 -35.345874
-25.976586 -49.410402 -42.030998
-29.252024 -28.350331 -47.330769
-19.118502 -41.815384 -45.361162
-37.19153 -46.841386 -40.877447
-21.241444 -31.671451 -48.075979
-6.9047578 -4.267375 -51.248908
-21.519841 -13.299993 -49.650298
-7.013361 -11.625359 -51.039489
-14.544122 -16.591564 -50.46133
-54.449402 -33.651581 -32.614271
-37.913417 -23.43178 -44.569894
-52.040209 -22.992962 -34.283003
-47.363201 -41.332824 -37.605845
-44.096488 -18.585476 -40.649566
-38.109073 -34.67278 -43.669112
-7.0545108 26.047934 -46.50637
-20.058427 19.610048 -44.126514
-11.578473 31.049352 -43.083017
-6.9147408 18.814722 -48.545887
-43.683635 4.5189456 -34.309779
-32.229269 12.591962 -40.293006
-43.086673 11.579456 -31.051987
-39.966904 0 -39.49633
-20.564162 39.11536 -33.273512
-24.671365 23.91087 -39.919107
-16.249632 35.540682 -38.55439
-27.706866 34.895795 -30.452793
-18.4054 27.442849 -41.657133
-6.8525753 4.2351245 -50.861596
-20.109213 12.428177 -46.395716
-6.8701851 11.38803 -49.997531
-13.895166 0 -50.273182
-13.722881 15.654714 -47.612008
-40.263885 24.88445 -24.117386
-31.741933 19.617593 -37.31488
-41.887135 18.507022 -27.59437
-34.419512 30.037151 -27.328703
-37.471714 15.793313 -34.542636
-29.898853 27.202875 -34.261037
-29.208794 -8.7995904 -47.260821
-27.497808 8.2841302 -44.492388
-34.96926 -4.5747975 -43.988114
-21.503936 -4.4300544 -49.130056
-33.677424 4.4057952 -42.363103
-21.000058 4.3262499 -47.978847
-33.921473 43.18924 4.4678018
-40.467252 32.368644 12.646415
-31.671598 43.946425 11.810512
-37.983936 38.436491 0
-48.129413 7.3007088 26.956991
-45.118665 20.509425 20.050965
-25.241238 42.140151 26.044046
-37.738633 32.102399 19.840373
-28.706368 43.575102 19.252818
-35.044232 38.015843 16.022649
-44.655941 27.598889 -8.3145823
-44.655941 27.598889 8.3145823
-41.630271 33.094844 -4.32958
-41.630271 33.094844 4.32958
-56.523839 -71.966852 7.4447625
-63.70617 -50.956817 19.908806
-49.874637 -69.204338 18.598525
-66.106331 -66.893947 0
-52.417386 -7.9511478 29.358658
-58.93295 -26.788934 26.190104
-34.724757 -57.972851 35.829192
-55.929343 -47.576341 29.403796
-42.278173 -64.176554 28.355172
-54.751117 -59.393794 25.032877
-67.791371 -41.897372 -12.622216
-67.791371 -41.897372 12.622216
-69.65145 -55.370859 -7.2438041
-69.65145 -55.370859 7.2438041
-7.4059557 -27.345602 48.823246
-22.388122 -21.887666 49.251607
-12.768659 -34.241009 47.51165
-7.1570708 -19.474092 50.247198
-45.821713 -4.7401235 35.989057
-35.977066 -14.056224 44.978498
-49.044723 -13.180669 35.345874
-25.976586 -49.410402 42.030998
-29.252024 -28.350331 47.330769
-19.118502 -41.815384 45.361162
-37.19153 -46.841386 40.877447
-21.241444 -31.671451 48.075979
-6.9047578 -4.267375 51.248908
-21.519841 -13.299993 49.650298
-7.013361 -11.625359 51.039489
-14.544122 -16.591564 50.46133
-54.449402 -33.651581 32.614271
-37.913417 -23.43178 44.569894
-52.040209 -22.992962 34.283003
-47.363201 -41.332824 37.605845
-44.096488 -18.585476 40.649566
-38.109073 -34.67278 43.669112
-7.0545108 26.047934 46.50637
-20.058427 19.610048 44.126514
-11.578473 31.049352 43.083017
-6.9147408 18.814722 48.545887
-43.683635 4.5189456 34.309779
-32.229269 12.591962 40.293006
-43.086673 11.579456 31.051987
-39.966904 0 39.49633
-20.564162 39.11536 33.273512
-24.671365 23.91087 39.919107
-16.249632 35.540682 38.55439
-27.706866 34.895795 30.452793
-18.4054 27.442849 41.657133
-6.8525753 4.2351245 50.861596
-20.109213 12.428177 46.395716
-6.8701851 11.38803 49.997531
-13.895166 0 50.273182
-13.722881 15.654714 47.612008
-40.263885 24.88445 24.117386
-31.741933 19.617593 37.31488
-41.887135 18.507022 27.59437
-34.419512 30.037151 27.328703
-37.471714 15.793313 34.542636
-29.898853 27.202875 34.261037
-29.208794 -8.7995904 47.260821
-27.497808 8.2841302 44.492388
-34.96926 -4.5747975 43.988114
-21.503936 -4.4300544 49.130056
-33.677424 4.4057952 42.363103
-21.000058 4.3262499 47.978847
-53.151569 0 -23.429456
-58.019137 0 -8.0811347
-51.712875 7.3658378 -20.042139
-56.658852 -8.070329 -21.95903
-53.151569 0 23.429456
-58.019137 0 8.0811347
-51.712875 7.3658378 20.042139
-56.658852 -8.070329 21.95903
-47.690058 20.670218 -12.774897
-55.475861 7.4742546 -4.6193434
-49.85744 14.370067 -16.393006
-48.822579 21.369355 -4.4023292
-54.216091 7.4498595 -12.348899
-63.795514 -27.650777 -17.08912
-61.274592 -8.2555167 -5.1021899
-60.279431 -17.373925 -19.819732
-67.159773 -29.395436 -6.0557929
-59.71802 -8.2058822 -13.602084
-47.690058 20.670218 12.774897
-55.475861 7.4742546 4.6193434
-49.85744 14.370067 16.393006
-48.822579 21.369355 4.4023292
-54.216091 7.4498595 12.348899
-52.520164 14.516216 0
-63.795514 -27.650777 17.08912
-61.274592 -8.2555167 5.1021899
-60.279431 -17.373925 19.819732
-67.159773 -29.395436 6.0557929
-59.71802 -8.2058822 13.602084
-64.487667 -17.823953 0
-26.912388 51.145992 0
-20.577548 57.083113 0
-4.7476905 68.501879 0
-13.257727 62.944803 0
40.433671 76.842686 0
27.99714 77.665419 0
5.0775476 73.26121 0
16.112656 76.499387 0
-40.433671 -76.842686 0
-27.99714 -77.665419 0
-5.0775476 -73.26121 0
-16.112656 -76.499387 0
26.912388 -51.145992 0
20.577548 -57.083113 0
4.7476905 -68.501879 0
13.257727 -62.944803 0
-44.591786 -75.730395 5.7915432
-39.011875 -73.390628 16.614115
-38.259115 -76.706931 5.654007
-25.8635 -62.495676 33.408607
-32.617719 -68.813053 25.947561
-25.873909 -77.283991 5.3942428
-32.939531 -74.309765 16.282163
-31.980266 -77.237478 5.528442
-35.713153 -75.82939 11.14007
-2.3132477 -32.561345 46.629201
-7.3212344 -39.661807 45.006911
-19.172439 -55.037286 38.858101
-12.932761 -47.230504 42.562153
-2.9838103 -72.114629 4.8279064
-9.0996176 -72.095097 14.723491
-8.2513512 -74.126316 4.9865704
-20.256155 -62.874424 32.775147
-15.019401 -68.970697 24.301901
-23.469689 -66.34668 29.43871
-19.640813 -76.763781 5.2862568
-14.663193 -73.490921 15.164561
-13.853899 -75.710895 5.1378146
-23.298345 -76.165703 10.653137
-11.483383 -74.214505 10.097296
-29.802593 -72.116432 21.24173
-17.851256 -71.883365 20.285334
-26.693652 -69.473842 25.564764
-26.73432 -74.61219 16.042437
-20.767324 -69.511524 25.011067
-20.586494 -74.33579 15.670593
28.832023 -48.965531 3.7446786
26.444074 -49.7476 11.261824
25.90432 -51.936405 3.8281912
19.813761 -47.877294 25.59399
23.412837 -49.393667 18.625031
19.379993 -57.887008 4.0403785
23.347952 -52.671692 11.541001
22.743498 -54.929201 3.9316781
24.70489 -52.455652 7.7062421
2.2710608 -31.967521 45.778821
6.8529109 -37.124727 42.127916
0 -35.402794 45.075275
15.761104 -45.24455 31.944114
11.393229 -41.608123 37.495498
-4.9074004 -42.672257 43.180671
4.6775116 -40.673261 41.157858
-2.3979012 -38.992414 44.214149
2.3450656 -38.133251 43.23993
2.8666104 -69.282068 4.6382731
8.1047369 -64.212785 13.11374
7.418402 -66.643486 4.483191
0 -69.925129 9.4210023
16.252048 -50.445811 26.296367
12.565011 -57.699874 20.330614
18.20614 -51.467105 22.836489
15.593944 -60.947077 4.1970562
12.269541 -61.4941 12.689064
11.679703 -63.82902 4.331499
17.877545 -58.444313 8.1744833
9.9438176 -64.264642 8.743562
-5.8572041 -69.038992 19.081908
5.4293029 -63.995312 17.687869
-2.94376 -69.853131 14.298707
2.8303809 -67.162732 13.747991
21.735432 -52.595484 15.49188
14.477644 -58.298516 16.451718
20.051807 -52.187542 19.203806
19.931464 -55.626259 11.960254
16.424343 -54.974878 19.78061
16.225938 -58.590255 12.351305
-16.485054 -58.4101 36.099427
-5.1994008 -56.197949 34.732243
-13.416308 -54.508931 38.391579
-14.156936 -62.028754 32.442343
13.786675 -48.849161 30.190442
4.8890796 -52.843829 32.659282
11.618448 -47.20443 33.246893
12.039779 -52.75241 27.590621
-7.6515404 -46.649873 41.848785
-2.6024269 -52.305701 36.754214
-10.45139 -50.53981 40.299802
-2.4972879 -45.645447 40.979987
-7.8533031 -53.563222 37.667154
-8.8486507 -67.382952 23.947653
-2.7574264 -59.072856 30.99418
-11.57703 -65.061688 28.340035
-2.8682095 -65.390512 23.204302
-8.2691464 -60.718958 31.82399
7.0771149 -43.147718 38.707063
2.5250048 -50.749608 35.660778
9.3643782 -45.283344 36.108362
2.432451 -44.460359 39.916028
7.1924744 -49.056059 34.497591
0 -48.369362 38.452224
7.9229201 -60.333464 21.442291
2.6641723 -57.075056 29.94598
10.076086 -56.626541 24.665794
2.7626748 -62.984492 22.350508
7.4887552 -54.988676 28.820637
0 -61.323573 26.840966
-28.832023 48.965531 3.7446786
-26.444074 49.7476 11.261824
-25.90432 51.936405 3.8281912
-19.813761 47.877294 25.59399
-23.412837 49.393667 18.625031
-19.379993 57.887008 4.0403785
-23.347952 52.671692 11.541001
-22.743498 54.929201 3.9316781
-24.70489 52.455652 7.7062421
-2.2710608 31.967521 45.778821
-6.8529109 37.124727 42.127916
-15.761104 45.24455 31.944114
-11.393229 41.608123 37.495498
-2.8666104 69.282068 4.6382731
-8.1047369 64.212785 13.11374
-7.418402 66.643486 4.483191
-16.252048 50.445811 26.296367
-12.565011 57.699874 20.330614
-18.20614 51.467105 22.836489
-15.593944 60.947077 4.1970562
-12.269541 61.4941 12.689064
-11.679703 63.82902 4.331499
-17.877545 58.444313 8.1744833
-9.9438176 64.264642 8.743562
-21.735432 52.595484 15.49188
-14.477644 58.298516 16.451718
-20.051807 52.187542 19.203806
-19.931464 55.626259 11.960254
-16.424343 54.974878 19.78061
-16.225938 58.590255 12.351305
44.591786 75.730395 5.7915432
39.011875 73.390628 16.614115
38.259115 76.706931 5.654007
25.8635 62.495676 33.408607
32.617719 68.813053 25.947561
25.873909 77.283991 5.3942428
32.939531 74.309765 16.282163
31.980266 77.237478 5.528442
35.713153 75.82939 11.14007
2.3132477 32.561345 46.629201
7.3212344 39.661807 45.006911
0 35.402794 45.075275
19.172439 55.037286 38.858101
12.932761 47.230504 42.562153
-4.6775116 40.673261 41.157858
4.9074004 42.672257 43.180671
-2.3450656 38.133251 43.23993
2.3979012 38.992414 44.214149
2.9838103 72.114629 4.8279064
9.0996176 72.095097 14.723491
8.2513512 74.126316 4.9865704
0 69.925129 9.4210023
20.256155 62.874424 32.775147
15.019401 68.970697 24.301901
23.469689 66.34668 29.43871
19.640813 76.763781 5.2862568
14.663193 73.490921 15.164561
13.853899 75.710895 5.1378146
23.298345 76.165703 10.653137
11.483383 74.214505 10.097296
-5.4293029 63.995312 17.687869
5.8572041 69.038992 19.081908
-2.8303809 67.162732 13.747991
2.94376 69.853131 14.298707
29.802593 72.116432 21.24173
17.851256 71.883365 20.285334
26.693652 69.473842 25.564764
26.73432 74.61219 16.042437
20.767324 69.511524 25.011067
20.586494 74.33579 15.670593
-13.786675 48.849161 30.190442
-4.8890796 52.843829 32.659282
-11.618448 47.20443 33.246893
-12.039779 52.75241 27.590621
16.485054 58.4101 36.099427
5.1994008 56.197949 34.732243
13.416308 54.508931 38.391579
14.156936 62.028754 32.442343
-7.0771149 43.147718 38.707063
-2.5250048 50.749608 35.660778
-9.3643782 45.283344 36.108362
-2.432451 44.460359 39.916028
-7.1924744 49.056059 34.497591
-7.9229201 60.333464 21.442291
-2.6641723 57.075056 29.94598
-10.076086 56.626541 24.665794
-2.7626748 62.984492 22.350508
-7.4887552 54.988676 28.820637
7.6515404 46.649873 41.848785
2.6024269 52.305701 36.754214
10.45139 50.53981 40.299802
2.4972879 45.645447 40.979987
7.8533031 53.563222 37.667154
0 48.369362 38.452224
8.8486507 67.382952 23.947653
2.7574264 59.072856 30.99418
11.57703 65.061688 28.340035
2.8682095 65.390512 23.204302
8.2691464 60.718958 31.82399
0 61.323573 26.840966
0 -25.408653 48.2882
0 -17.981265 49.880897
0 -3.5591076 51.352454
0 -10.715549 50.875096
0 25.408653 48.2882
0 17.981265 49.880897
0 3.5591076 51.352454
0 10.715549 50.875096
-44.591786 -75.730395 -5.7915432
-39.011875 -73.390628 -16.614115
-38.259115 -76.706931 -5.654007
-25.8635 -62.495676 -33.408607
-32.617719 -68.813053 -25.947561
-25.873909 -77.283991 -5.3942428
-32.939531 -74.309765 -16.282163
-31.980266 -77.237478 -5.528442
-35.713153 -75.82939 -11.14007
-2.3132477 -32.561345 -46.629201
-7.3212344 -39.661807 -45.006911
-19.172439 -55.037286 -38.858101
-12.932761 -47.230504 -42.562153
-2.9838103 -72.114629 -4.8279064
-9.0996176 -72.095097 -14.723491
-8.2513512 -74.126316 -4.9865704
-20.256155 -62.874424 -32.775147
-15.019401 -68.970697 -24.301901
-23.469689 -66.34668 -29.43871
-19.640813 -76.763781 -5.2862568
-14.663193 -73.490921 -15.164561
-13.853899 -75.710895 -5.1378146
-23.298345 -76.165703 -10.653137
-11.483383 -74.214505 -10.097296
-29.802593 -72.116432 -21.24173
-17.851256 -71.883365 -20.285334
-26.693652 -69.473842 -25.564764
-26.73432 -74.61219 -16.042437
-20.767324 -69.511524 -25.011067
-20.586494 -74.33579 -15.670593
28.832023 -48.965531 -3.7446786
26.444074 -49.7476 -11.261824
25.90432 -51.936405 -3.8281912
19.813761 -47.877294 -25.59399
23.412837 -49.393667 -18.625031
19.379993 -57.887008 -4.0403785
23.347952 -52.671692 -11.541001
22.743498 -54.929201 -3.9316781
24.70489 -52.455652 -7.7062421
2.2710608 -31.967521 -45.778821
6.8529109 -37.124727 -42.127916
0 -35.402794 -45.075275
15.761104 -45.24455 -31.944114
11.393229 -41.608123 -37.495498
-4.9074004 -42.672257 -43.180671
4.6775116 -40.673261 -41.157858
-2.3979012 -38.992414 -44.214149
2.3450656 -38.133251 -43.23993
2.8666104 -69.282068 -4.6382731
8.1047369 -64.212785 -13.11374
7.418402 -66.643486 -4.483191
0 -69.925129 -9.4210023
16.252048 -50.445811 -26.296367
12.565011 -57.699874 -20.330614
18.20614 -51.467105 -22.836489
15.593944 -60.947077 -4.1970562
12.269541 -61.4941 -12.689064
11.679703 -63.82902 -4.331499
17.877545 -58.444313 -8.1744833
9.9438176 -64.264642 -8.743562
-5.8572041 -69.038992 -19.081908
5.4293029 -63.995312 -17.687869
-2.94376 -69.853131 -14.298707
2.8303809 -67.162732 -13.747991
21.735432 -52.595484 -15.49188
14.477644 -58.298516 -16.451718
20.051807 -52.187542 -19.203806
19.931464 -55.626259 -11.960254
16.424343 -54.974878 -19.78061
16.225938 -58.590255 -12.351305
-16.485054 -58.4101 -36.099427
-5.1994008 -56.197949 -34.732243
-13.416308 -54.508931 -38.391579
-14.156936 -62.028754 -32.442343
13.786675 -48.849161 -30.190442
4.8890796 -52.843829 -32.659282
11.618448 -47.20443 -33.246893
12.039779 -52.75241 -27.590621
-7.6515404 -46.649873 -41.848785
-2.6024269 -52.305701 -36.754214
-10.45139 -50.53981 -40.299802
-2.4972879 -45.645447 -40.979987
-7.8533031 -53.563222 -37.667154
-8.8486507 -67.382952 -23.947653
-2.7574264 -59.072856 -30.99418
-11.57703 -65.061688 -28.340035
-2.8682095 -65.390512 -23.204302
-8.2691464 -60.718958 -31.82399
7.0771149 -43.147718 -38.707063
2.5250048 -50.749608 -35.660778
9.3643782 -45.283344 -36.108362
2.432451 -44.460359 -39.916028
7.1924744 -49.056059 -34.497591
0 -48.369362 -38.452224
7.9229201 -60.333464 -21.442291
2.6641723 -57.075056 -29.94598
10.076086 -56.626541 -24.665794
2.7626748 -62.984492 -22.350508
7.4887552 -54.988676 -28.820637
0 -61.323573 -26.840966
-28.832023 48.965531 -3.7446786
-26.444074 49.7476 -11.261824
-25.90432 51.936405 -3.8281912
-19.813761 47.877294 -25.59399
-23.412837 49.393667 -18.625031
-19.379993 57.887008 -4.0403785
-23.347952 52.671692 -11.541001
-22.743498 54.929201 -3.9316781
-24.70489 52.455652 -7.7062421
-2.2710608 31.967521 -45.778821
-6.8529109 37.124727 -42.127916
-15.761104 45.24455 -31.944114
-11.393229 41.608123 -37.495498
-2.8666104 69.282068 -4.6382731
-8.1047369 64.212785 -13.11374
-7.418402 66.643486 -4.483191
-16.252048 50.445811 -26.296367
-12.565011 57.699874 -20.330614
-18.20614 51.467105 -22.836489
-15.593944 60.947077 -4.1970562
-12.269541 61.4941 -12.689064
-11.679703 63.82902 -4.331499
-17.877545 58.444313 -8.1744833
-9.9438176 64.264642 -8.743562
-21.735432 52.595484 -15.49188
-14.477644 58.298516 -16.451718
-20.051807 52.187542 -19.203806
-19.931464 55.626259 -11.960254
-16.424343 54.974878 -19.78061
-16.225938 58.590255 -12.351305
44.591786 75.730395 -5.7915432
39.011875 73.390628 -16.614115
38.259115 76.706931 -5.654007
25.8635 62.495676 -33.408607
32.617719 68.813053 -25.947561
25.873909 77.283991 -5.3942428
32.939531 74.309765 -16.282163
31.980266 77.237478 -5.528442
35.713153 75.82939 -11.14007
2.3132477 32.561345 -46.629201
7.3212344 39.661807 -45.006911
0 35.402794 -45.075275
19.172439 55.037286 -38.858101
12.932761 47.230504 -42.562153
-4.6775116 40.673261 -41.157858
4.9074004 42.672257 -43.180671
-2.3450656 38.133251 -43.23993
2.3979012 38.992414 -44.214149
2.9838103 72.114629 -4.8279064
9.0996176 72.095097 -14.723491
8.2513512 74.126316 -4.9865704
0 69.925129 -9.4210023
20.256155 62.874424 -32.775147
15.019401 68.970697 -24.301901
23.469689 66.34668 -29.43871
19.640813 76.763781 -5.2862568
14.663193 73.490921 -15.164561
13.853899 75.710895 -5.1378146
23.298345 76.165703 -10.653137
11.483383 74.214505 -10.097296
-5.4293029 63.995312 -17.687869
5.8572041 69.038992 -19.081908
-2.8303809 67.162732 -13.747991
2.94376 69.853131 -14.298707
29.802593 72.116432 -21.24173
17.851256 71.883365 -20.285334
26.693652 69.473842 -25.564764
26.73432 74.61219 -16.042437
20.767324 69.511524 -25.011067
20.586494 74.33579 -15.670593
-13.786675 48.849161 -30.190442
-4.8890796 52.843829 -32.659282
-11.618448 47.20443 -33.246893
-12.039779 52.75241 -27.590621
16.485054 58.4101 -36.099427
5.1994008 56.197949 -34.732243
13.416308 54.508931 -38.391579
14.156936 62.028754 -32.442343
-7.0771149 43.147718 -38.707063
-2.5250048 50.749608 -35.660778
-9.3643782 45.283344 -36.108362
-2.432451 44.460359 -39.916028
-7.1924744 49.056059 -34.497591
-7.9229201 60.333464 -21.442291
-2.6641723 57.075056 -29.94598
-10.076086 56.626541 -24.665794
-2.7626748 62.984492 -22.350508
-7.4887552 54.988676 -28.820637
7.6515404 46.649873 -41.848785
2.6024269 52.305701 -36.754214
10.45139 50.53981 -40.299802
2.4972879 45.645447 -40.979987
7.8533031 53.563222 -37.667154
0 48.369362 -38.452224
8.8486507 67.382952 -23.947653
2.7574264 59.072856 -30.99418
11.57703 65.061688 -28.340035
2.8682095 65.390512 -23.204302
8.2691464 60.718958 -31.82399
0 61.323573 -26.840966
0 -25.408653 -48.2882
0 -17.981265 -49.880897
0 -3.5591076 -51.352454
0 -10.715549 -50.875096
0 25.408653 -48.2882
0 17.981265 -49.880897
0 3.5591076 -51.352454
0 10.715549 -50.875096
51.920162 74.351833 -3.6885514
60.221631 68.337522 -11.116404
49.253581 73.819789 -9.5046215
62.968965 44.458123 -21.935469
63.721194 57.422871 -17.448278
42.882529 70.621201 -20.176072
56.637774 66.920225 -16.728757
46.175792 72.50212 -15.056249
53.393009 70.919297 -13.230648
50.708146 3.8779464 -29.858114
54.097652 12.246586 -28.756408
60.434066 32.306522 -25.010313
57.362745 21.629956 -27.190218
28.602851 58.740322 -36.303516
40.702945 56.501222 -34.919675
32.190699 62.19875 -33.084339
59.395937 43.152599 -26.669773
51.518764 51.311871 -31.71248
59.931365 49.405549 -24.893773
39.327414 68.144164 -25.088341
44.640253 59.510908 -31.19737
35.798458 65.372189 -29.315183
46.13822 66.87537 -23.726332
38.526373 61.2136 -32.34979
58.826614 61.597074 -20.028297
50.582029 56.941803 -29.538876
59.832588 55.707936 -22.684746
52.787923 64.756006 -22.049156
55.701851 53.616592 -27.459981
48.741932 62.240484 -26.900817
31.928599 -45.723083 -2.2682957
35.762086 -40.581637 -6.601379
30.937944 -46.368862 -5.9701943
41.79151 -29.506155 -14.558225
39.026058 -35.168649 -10.686202
28.45821 -46.866475 -13.389483
34.666167 -40.959727 -10.239136
29.776081 -46.752399 -9.7088987
32.888075 -43.683606 -8.1495792
48.612224 -3.7176591 -28.623987
47.532694 -10.760416 -25.266708
44.112967 -23.581676 -18.255914
46.024119 -17.354464 -21.815654
21.647439 -44.456323 -27.475519
28.634252 -39.748235 -24.56576
23.531614 -45.467697 -24.184871
40.447359 -29.385994 -18.161543
34.872356 -34.732314 -21.46575
39.210655 -32.324042 -16.286983
26.933614 -46.668938 -17.1819
30.337697 -40.443854 -21.201859
25.306969 -46.213498 -20.723754
30.281546 -43.891802 -15.572123
27.049843 -42.978826 -22.713188
36.35353 -38.065612 -12.377039
33.537507 -37.754241 -19.585222
37.841644 -35.232972 -14.347166
33.430249 -41.009559 -13.963587
36.449388 -35.084865 -17.968873
31.978444 -40.834529 -17.648999
3.5874356 -27.621335 -46.909417
10.419415 -24.465998 -46.026369
5.8444608 -30.286385 -45.392325
3.5371247 -23.934753 -47.987556
23.160655 -17.929978 -43.325387
16.907769 -21.254131 -44.839482
10.403572 -35.222888 -41.617519
12.673183 -26.935776 -44.35925
8.1373167 -32.838589 -43.617876
9.3269468 -28.604679 -44.913141
3.4650316 -16.620296 -49.643941
10.332123 -20.902338 -47.154522
3.5000086 -20.246429 -48.898377
6.9939354 -22.421357 -47.607049
46.374156 -2.300595 -32.383245
40.911587 -6.6550517 -36.052851
46.08943 -5.9342161 -30.751503
29.244072 -14.428914 -41.420304
35.173759 -10.687754 -39.031728
45.122794 -12.891324 -27.399414
40.730436 -10.181818 -34.472108
45.66359 -9.4827898 -29.082631
43.443303 -8.1047484 -32.707158
19.267787 -42.91106 -31.175933
21.740086 -35.31803 -35.176198
17.171904 -41.341088 -34.080305
22.986061 -40.782339 -29.783634
25.482197 -20.076939 -41.231061
23.782944 -27.721789 -38.481612
22.415042 -21.809591 -42.14041
12.771206 -37.511269 -39.277875
19.590228 -33.54608 -37.763892
14.985796 -39.526074 -36.801283
13.940778 -33.375641 -40.942569
18.44837 -37.422035 -36.0211
29.880363 -36.219396 -26.852574
25.341801 -33.323697 -33.811854
26.541909 -38.536049 -28.334062
24.221865 -37.044284 -31.901498
16.082606 -25.210407 -43.683068
20.652719 -29.551932 -39.396334
19.265281 -23.525944 -42.961137
15.045942 -29.258335 -42.408702
21.576916 -25.696622 -40.828726
17.372917 -31.478209 -40.195759
3.4326767 -2.1215109 -51.274028
10.24617 -6.332481 -50.17143
3.4350227 -5.6839824 -51.062264
23.226674 -14.354874 -44.557045
16.892606 -10.440204 -47.942537
20.111745 -16.033868 -45.32629
3.4614444 -12.860817 -50.264974
10.243844 -9.9051647 -49.644008
3.4423068 -9.2820339 -50.725873
6.9017324 -15.094046 -49.344648
6.8695549 -7.8125599 -50.490805
13.730127 -19.263656 -46.61427
13.678737 -12.037398 -48.472147
16.931533 -17.679196 -46.0125
10.346733 -17.242572 -48.121892
16.928932 -14.056522 -47.049408
10.319874 -13.557242 -48.95386
41.769159 -25.81476 -20.338959
38.496033 -23.791857 -27.732178
42.758817 -22.743981 -22.129645
39.072568 -28.534976 -22.022386
29.068133 -17.965094 -40.00985
34.218532 -21.148216 -34.356503
32.029731 -16.13869 -38.853641
28.253064 -21.804816 -38.68655
44.419651 -16.35379 -25.635504
39.237437 -20.56942 -29.43274
43.648917 -19.573706 -23.902579
42.540717 -15.092779 -29.349415
41.124133 -21.733031 -25.882544
33.200578 -33.686931 -25.248172
35.508555 -26.325566 -29.293932
36.199618 -31.174095 -23.66957
31.145142 -32.511254 -28.934725
37.411467 -27.5072 -25.767347
37.822243 -12.297907 -36.121107
37.022636 -19.205697 -32.887614
34.966376 -14.238606 -37.555309
40.326276 -13.730932 -32.87325
34.642785 -17.74246 -35.990113
39.822759 -17.211704 -31.186104
26.420733 -29.399831 -35.63692
33.249902 -24.920621 -32.769858
27.368196 -25.637135 -37.222413
28.862415 -31.067307 -32.430006
30.866447 -23.435982 -35.842374
32.272573 -28.722301 -30.91649
3.6804122 28.337205 -48.125181
11.161869 26.209366 -49.306059
6.1210562 31.71972 -47.540565
3.6156911 24.466391 -49.053454
26.012708 20.137915 -48.660568
18.681148 23.48338 -49.542491
11.480074 38.867553 -45.923864
13.915847 29.576952 -48.708879
8.7339382 35.246288 -46.815904
10.018683 30.726153 -48.244138
3.517504 16.871984 -50.39572
10.950776 22.153901 -49.977978
3.5651959 20.623516 -49.809104
7.2905491 23.37225 -49.62607
47.543682 2.3586145 -33.19993
43.798635 7.1246852 -38.597028
49.243862 6.3403631 -32.856184
44.800902 0 -35.187297
32.849012 16.207578 -46.526218
38.862014 11.808452 -43.124523
52.526399 15.006491 -31.895023
45.344239 11.33518 -38.376989
50.913709 10.573063 -32.426373
47.450727 8.8523704 -35.724228
39.06135 -4.4392474 -38.601437
40.777283 4.63426 -40.297167
41.951436 -2.2751857 -36.99693
42.921917 2.3278185 -37.852795
24.39507 54.329972 -39.472052
27.228501 44.234278 -44.056639
20.970943 50.487214 -41.620086
30.317225 53.789441 -39.282814
29.467824 23.217139 -47.679941
28.831952 33.606995 -46.651079
25.752861 25.057252 -48.415529
14.556417 42.754745 -44.768295
23.679138 40.547882 -45.646043
17.661627 46.583765 -43.372441
15.85678 37.962744 -46.569662
22.477346 45.594706 -43.887819
41.792604 50.658784 -37.557742
32.625541 42.901594 -43.530058
36.209205 52.571943 -38.654109
31.662394 48.423634 -41.701074
18.008076 28.228692 -48.912969
24.631878 35.245703 -46.986826
21.893708 26.735667 -48.822468
17.009686 33.077031 -47.943738
25.299817 30.13034 -47.873351
20.287242 36.758711 -46.938639
3.4391923 2.1255378 -51.371352
10.422545 6.4414872 -51.035072
3.4525684 5.7130156 -51.323085
6.8897733 0 -51.137689
25.454997 15.732053 -48.831765
17.710427 10.945646 -50.263579
21.98018 17.523457 -49.537222
3.5019399 13.011276 -50.853025
10.523019 10.17511 -50.996953
3.4711605 9.3598366 -51.151061
7.0944546 15.515529 -50.722536
6.9670745 7.9234662 -51.207568
13.76781 -4.2260382 -49.812404
13.979199 4.2909243 -50.577218
10.360969 -2.1330744 -50.616193
10.420779 2.1453879 -50.908384
14.757021 20.70441 -50.100612
14.296004 12.580598 -50.6595
18.382972 19.194727 -49.956875
10.853896 18.087745 -50.480667
18.058999 14.994845 -50.190122
10.712326 14.072808 -50.815515
58.241397 35.995163 -28.359905
50.482997 31.200208 -36.367473
57.0081 30.323364 -29.5043
55.430122 40.481015 -31.241959
33.678718 20.814592 -46.355933
42.165485 26.059703 -42.335498
36.985378 18.635672 -44.865085
33.744492 26.042925 -46.20589
54.133882 19.930236 -31.241789
49.451357 25.923858 -37.094394
55.616255 24.94028 -30.456012
50.578317 17.944393 -34.894663
53.315436 28.175817 -33.555458
47.184969 47.876179 -35.882936
47.048759 34.881318 -38.814397
51.685632 44.510216 -33.795292
42.546162 44.412355 -39.526598
51.280012 37.704203 -35.319381
42.815844 13.921577 -40.89011
45.293891 23.496457 -40.235061
40.058775 16.312274 -43.024753
46.772189 15.925739 -38.127841
41.172972 21.086925 -42.774274
48.155043 20.812981 -37.711304
33.285118 37.038216 -44.895766
42.508936 31.860217 -41.895215
33.629142 31.502071 -45.737681
37.860106 40.752361 -42.539872
38.138482 28.957423 -44.286722
42.747856 38.045209 -40.951605
26.892578 -12.280682 -43.513105
28.036548 -4.1970584 -45.364087
29.942875 -10.463826 -42.513336
23.81006 -10.390048 -45.524095
29.41963 13.434678 -47.601961
28.89969 4.3262703 -46.76068
32.565117 11.380194 -46.236434
25.4491 11.105279 -48.657888
35.979277 -6.5783723 -40.106987
31.180236 -2.2077546 -44.373255
32.991984 -8.5561735 -41.375107
36.836536 -2.2447893 -41.030276
30.592218 -6.378235 -43.502564
17.292006 -6.389391 -48.655557
24.736006 -2.200662 -47.145191
20.581142 -8.4074875 -47.249193
17.491872 -2.1621143 -49.29269
24.316005 -6.3182712 -46.394008
38.225434 6.9890549 -42.610834
31.725365 2.2463532 -45.14904
35.52946 9.2142452 -44.557345
37.593748 2.2909331 -41.873694
32.183965 6.7101016 -45.76605
34.368799 0 -43.232789
17.80372 6.5784691 -50.095397
25.083629 2.2315886 -47.807736
21.551943 8.8040641 -49.477912
17.66424 2.1834202 -49.77843
25.318149 6.5786685 -48.306062
21.284763 0 -48.629313
51.920162 74.351833 3.6885514
60.221631 68.337522 11.116404
49.253581 73.819789 9.5046215
57.198543 72.825893 0
62.968965 44.458123 21.935469
63.721194 57.422871 17.448278
42.882529 70.621201 20.176072
56.637774 66.920225 16.728757
46.175792 72.50212 15.056249
53.393009 70.919297 13.230648
65.152868 65.929124 -7.4927184
65.152868 65.929124 7.4927184
61.831606 70.11189 -3.802434
61.831606 70.11189 3.802434
50.708146 3.8779464 29.858114
54.097652 12.246586 28.756408
60.434066 32.306522 25.010313
57.362745 21.629956 27.190218
28.602851 58.740322 36.303516
40.702945 56.501222 34.919675
32.190699 62.19875 33.084339
59.395937 43.152599 26.669773
51.518764 51.311871 31.71248
59.931365 49.405549 24.893773
39.327414 68.144164 25.088341
44.640253 59.510908 31.19737
35.798458 65.372189 29.315183
46.13822 66.87537 23.726332
38.526373 61.2136 32.34979
58.826614 61.597074 20.028297
50.582029 56.941803 29.538876
59.832588 55.707936 22.684746
52.787923 64.756006 22.049156
55.701851 53.616592 27.459981
48.741932 62.240484 26.900817
65.066742 40.213458 -18.363755
69.662724 43.053931 -6.4451538
66.358361 46.737337 -16.332813
65.066742 40.213458 18.363755
69.662724 43.053931 6.4451538
66.358361 46.737337 16.332813
66.929691 60.041455 -10.977849
70.668262 49.657234 -3.516041
67.130322 53.528864 -13.882228
68.840919 61.80463 -3.7663251
69.095965 48.590213 -10.130674
66.929691 60.041455 10.977849
70.668262 49.657234 3.516041
67.130322 53.528864 13.882228
68.840919 61.80463 3.7663251
69.095965 48.590213 10.130674
70.625402 56.145122 0
31.928599 -45.723083 2.2682957
35.762086 -40.581637 6.601379
30.937944 -46.368862 5.9701943
34.046835 -43.348852 0
41.79151 -29.506155 14.558225
39.026058 -35.168649 10.686202
28.45821 -46.866475 13.389483
34.666167 -40.959727 10.239136
29.776081 -46.752399 9.7088987
32.888075 -43.683606 8.1495792
37.852869 -38.303863 -4.3531605
37.852869 -38.303863 4.3531605
36.031378 -40.856581 -2.2158075
36.031378 -40.856581 2.2158075
48.612224 -3.7176591 28.623987
47.532694 -10.760416 25.266708
44.112967 -23.581676 18.255914
46.024119 -17.354464 21.815654
21.647439 -44.456323 27.475519
28.634252 -39.748235 24.56576
23.531614 -45.467697 24.184871
40.447359 -29.385994 18.161543
34.872356 -34.732314 21.46575
39.210655 -32.324042 16.286983
26.933614 -46.668938 17.1819
30.337697 -40.443854 21.201859
25.306969 -46.213498 20.723754
30.281546 -43.891802 15.572123
27.049843 -42.978826 22.713188
36.35353 -38.065612 12.377039
33.537507 -37.754241 19.585222
37.841644 -35.232972 14.347166
33.430249 -41.009559 13.963587
36.449388 -35.084865 17.968873
31.978444 -40.834529 17.648999
43.967913 -27.173664 -12.409042
45.06872 -27.854001 -4.1697312
42.636399 -30.02955 -10.494116
43.967913 -27.173664 12.409042
45.06872 -27.854001 4.1697312
42.636399 -30.02955 10.494116
39.622938 -35.545045 -6.4989784
43.489268 -30.559075 -2.1637726
41.180857 -32.837092 -8.5160037
39.881571 -35.805242 -2.181943
43.204779 -30.382808 -6.3345746
39.622938 -35.545045 6.4989784
43.489268 -30.559075 2.1637726
41.180857 -32.837092 8.5160037
39.881571 -35.805242 2.181943
43.204779 -30.382808 6.3345746
41.770302 -33.206165 0
3.5874356 -27.621335 46.909417
10.419415 -24.465998 46.026369
5.8444608 -30.286385 45.392325
3.5371247 -23.934753 47.987556
23.160655 -17.929978 43.325387
16.907769 -21.254131 44.839482
10.403572 -35.222888 41.617519
12.673183 -26.935776 44.35925
8.1373167 -32.838589 43.617876
9.3269468 -28.604679 44.913141
3.4650316 -16.620296 49.643941
10.332123 -20.902338 47.154522
3.5000086 -20.246429 48.898377
6.9939354 -22.421357 47.607049
46.374156 -2.300595 32.383245
40.911587 -6.6550517 36.052851
46.08943 -5.9342161 30.751503
29.244072 -14.428914 41.420304
35.173759 -10.687754 39.031728
45.122794 -12.891324 27.399414
40.730436 -10.181818 34.472108
45.66359 -9.4827898 29.082631
43.443303 -8.1047484 32.707158
19.267787 -42.91106 31.175933
21.740086 -35.31803 35.176198
17.171904 -41.341088 34.080305
22.986061 -40.782339 29.783634
25.482197 -20.076939 41.231061
23.782944 -27.721789 38.481612
22.415042 -21.809591 42.14041
12.771206 -37.511269 39.277875
19.590228 -33.54608 37.763892
14.985796 -39.526074 36.801283
13.940778 -33.375641 40.942569
18.44837 -37.422035 36.0211
29.880363 -36.219396 26.852574
25.341801 -33.323697 33.811854
26.541909 -38.536049 28.334062
24.221865 -37.044284 31.901498
16.082606 -25.210407 43.683068
20.652719 -29.551932 39.396334
19.265281 -23.525944 42.961137
15.045942 -29.258335 42.408702
21.576916 -25.696622 40.828726
17.372917 -31.478209 40.195759
3.4326767 -2.1215109 51.274028
10.24617 -6.332481 50.17143
3.4350227 -5.6839824 51.062264
23.226674 -14.354874 44.557045
16.892606 -10.440204 47.942537
20.111745 -16.033868 45.32629
3.4614444 -12.860817 50.264974
10.243844 -9.9051647 49.644008
3.4423068 -9.2820339 50.725873
6.9017324 -15.094046 49.344648
6.8695549 -7.8125599 50.490805
13.730127 -19.263656 46.61427
13.678737 -12.037398 48.472147
16.931533 -17.679196 46.0125
10.346733 -17.242572 48.121892
16.928932 -14.056522 47.049408
10.319874 -13.557242 48.95386
41.769159 -25.81476 20.338959
38.496033 -23.791857 27.732178
42.758817 -22.743981 22.129645
39.072568 -28.534976 22.022386
29.068133 -17.965094 40.00985
34.218532 -21.148216 34.356503
32.029731 -16.13869 38.853641
28.253064 -21.804816 38.68655
44.419651 -16.35379 25.635504
39.237437 -20.56942 29.43274
43.648917 -19.573706 23.902579
42.540717 -15.092779 29.349415
41.124133 -21.733031 25.882544
33.200578 -33.686931 25.248172
35.508555 -26.325566 29.293932
36.199618 -31.174095 23.66957
31.145142 -32.511254 28.934725
37.411467 -27.5072 25.767347
37.822243 -12.297907 36.121107
37.022636 -19.205697 32.887614
34.966376 -14.238606 37.555309
40.326276 -13.730932 32.87325
34.642785 -17.74246 35.990113
39.822759 -17.211704 31.186104
26.420733 -29.399831 35.63692
33.249902 -24.920621 32.769858
27.368196 -25.637135 37.222413
28.862415 -31.067307 32.430006
30.866447 -23.435982 35.842374
32.272573 -28.722301 30.91649
3.6804122 28.337205 48.125181
11.161869 26.209366 49.306059
6.1210562 31.71972 47.540565
3.6156911 24.466391 49.053454
26.012708 20.137915 48.660568
18.681148 23.48338 49.542491
11.480074 38.867553 45.923864
13.915847 29.576952 48.708879
8.7339382 35.246288 46.815904
10.018683 30.726153 48.244138
3.517504 16.871984 50.39572
10.950776 22.153901 49.977978
3.5651959 20.623516 49.809104
7.2905491 23.37225 49.62607
47.543682 2.3586145 33.19993
43.798635 7.1246852 38.597028
49.243862 6.3403631 32.856184
44.800902 0 35.187297
32.849012 16.207578 46.526218
38.862014 11.808452 43.124523
52.526399 15.006491 31.895023
45.344239 11.33518 38.376989
50.913709 10.573063 32.426373
47.450727 8.8523704 35.724228
39.06135 -4.4392474 38.601437
40.777283 4.63426 40.297167
41.951436 -2.2751857 36.99693
42.921917 2.3278185 37.852795
24.39507 54.329972 39.472052
27.228501 44.234278 44.056639
20.970943 50.487214 41.620086
30.317225 53.789441 39.282814
29.467824 23.217139 47.679941
28.831952 33.606995 46.651079
25.752861 25.057252 48.415529
14.556417 42.754745 44.768295
23.679138 40.547882 45.646043
17.661627 46.583765 43.372441
15.85678 37.962744 46.569662
22.477346 45.594706 43.887819
41.792604 50.658784 37.557742
32.625541 42.901594 43.530058
36.209205 52.571943 38.654109
31.662394 48.423634 41.701074
18.008076 28.228692 48.912969
24.631878 35.245703 46.986826
21.893708 26.735667 48.822468
17.009686 33.077031 47.943738
25.299817 30.13034 47.873351
20.287242 36.758711 46.938639
3.4391923 2.1255378 51.371352
10.422545 6.4414872 51.035072
3.4525684 5.7130156 51.323085
6.8897733 0 51.137689
25.454997 15.732053 48.831765
17.710427 10.945646 50.263579
21.98018 17.523457 49.537222
3.5019399 13.011276 50.853025
10.523019 10.17511 50.996953
3.4711605 9.3598366 51.151061
7.0944546 15.515529 50.722536
6.9670745 7.9234662 51.207568
13.76781 -4.2260382 49.812404
13.979199 4.2909243 50.577218
10.360969 -2.1330744 50.616193
10.420779 2.1453879 50.908384
14.757021 20.70441 50.100612
14.296004 12.580598 50.6595
18.382972 19.194727 49.956875
10.853896 18.087745 50.480667
18.058999 14.994845 50.190122
10.712326 14.072808 50.815515
58.241397 35.995163 28.359905
50.482997 31.200208 36.367473
57.0081 30.323364 29.5043
55.430122 40.481015 31.241959
33.678718 20.814592 46.355933
42.165485 26.059703 42.335498
36.985378 18.635672 44.865085
33.744492 26.042925 46.20589
54.133882 19.930236 31.241789
49.451357 25.923858 37.094394
55.616255 24.94028 30.456012
50.578317 17.944393 34.894663
53.315436 28.175817 33.555458
47.184969 47.876179 35.882936
47.048759 34.881318 38.814397
51.685632 44.510216 33.795292
42.546162 44.412355 39.526598
51.280012 37.704203 35.319381
42.815844 13.921577 40.89011
45.293891 23.496457 40.235061
40.058775 16.312274 43.024753
46.772189 15.925739 38.127841
41.172972 21.086925 42.774274
48.155043 20.812981 37.711304
33.285118 37.038216 44.895766
42.508936 31.860217 41.895215
33.629142 31.502071 45.737681
37.860106 40.752361 42.539872
38.138482 28.957423 44.286722
42.747856 38.045209 40.951605
26.892578 -12.280682 43.513105
28.036548 -4.1970584 45.364087
29.942875 -10.463826 42.513336
23.81006 -10.390048 45.524095
29.41963 13.434678 47.601961
28.89969 4.3262703 46.76068
32.565117 11.380194 46.236434
25.4491 11.105279 48.657888
35.979277 -6.5783723 40.106987
31.180236 -2.2077546 44.373255
32.991984 -8.5561735 41.375107
36.836536 -2.2447893 41.030276
30.592218 -6.378235 43.502564
17.292006 -6.389391 48.655557
24.736006 -2.200662 47.145191
20.581142 -8.4074875 47.249193
17.491872 -2.1621143 49.29269
24.316005 -6.3182712 46.394008
38.225434 6.9890549 42.610834
31.725365 2.2463532 45.14904
35.52946 9.2142452 44.557345
37.593748 2.2909331 41.873694
32.183965 6.7101016 45.76605
34.368799 0 43.232789
17.80372 6.5784691 50.095397
25.083629 2.2315886 47.807736
21.551943 8.8040641 49.477912
17.66424 2.1834202 49.77843
25.318149 6.5786685 48.306062
21.284763 0 48.629313
51.200152 0 -26.940887
54.81479 0 -19.759854
52.949779 3.9028862 -26.409761
50.68296 -3.7358007 -25.279139
58.480208 0 -4.0531141
57.252625 0 -12.058814
56.410329 12.360181 -25.00519
56.564277 3.948055 -18.937156
54.697113 8.0355343 -25.760544
54.917719 3.9308563 -22.738744
49.324291 -10.807545 -21.864139
53.99782 -3.7689223 -18.077932
50.053457 -7.3533364 -23.573535
52.489749 -3.757069 -21.73344
51.200152 0 26.940887
54.81479 0 19.759854
52.949779 3.9028862 26.409761
50.68296 -3.7358007 25.279139
58.480208 0 4.0531141
57.252625 0 12.058814
56.410329 12.360181 25.00519
56.564277 3.948055 18.937156
54.697113 8.0355343 25.760544
54.917719 3.9308563 22.738744
49.324291 -10.807545 21.864139
53.99782 -3.7689223 18.077932
50.053457 -7.3533364 23.573535
52.489749 -3.757069 21.73344
63.226958 32.958916 -20.36973
63.724165 22.45328 -13.87689
61.581396 27.324304 -21.784002
65.867838 34.450266 -15.033138
60.025685 4.0185798 -2.4836189
62.349935 12.733303 -7.8696138
59.666066 4.0138112 -6.6417123
58.197504 17.141942 -24.050504
61.957988 17.484413 -15.386424
59.887722 22.037294 -23.010416
58.474156 12.572583 -20.951895
62.038256 22.322097 -18.534604
68.968571 36.186236 -3.2193425
65.19937 23.171616 -8.5619053
67.875217 35.574725 -9.2437374
65.819816 28.670266 -11.711931
57.963354 3.9915853 -14.830528
61.45885 12.68179 -12.262508
58.972129 4.0019057 -10.790969
58.371272 8.1642672 -17.855202
60.677945 8.2555719 -9.3888396
60.176683 12.685737 -16.665282
45.417573 -23.675249 -14.632109
49.827543 -17.55679 -10.850693
46.528143 -20.64502 -16.459016
46.249679 -24.189555 -10.555649
57.115402 -3.8237431 -2.3632032
53.716372 -10.970129 -6.7799125
56.792329 -3.8204913 -6.321823
48.473966 -14.277896 -20.032188
50.977889 -14.385853 -12.659665
47.551199 -17.497739 -18.270404
50.841142 -10.931402 -18.216907
48.825225 -17.567892 -14.587067
47.092834 -24.708536 -2.1982181
50.401926 -17.912659 -6.6187221
46.812194 -24.535184 -6.3752228
48.406733 -21.085351 -8.6134593
55.254461 -3.8050402 -14.137429
53.075183 -10.951854 -10.589766
56.168947 -3.8116791 -10.278031
53.111227 -7.4285558 -16.246206
54.983765 -7.4808471 -8.507766
52.097766 -10.982635 -14.427913
63.226958 32.958916 20.36973
63.724165 22.45328 13.87689
61.581396 27.324304 21.784002
65.867838 34.450266 15.033138
60.025685 4.0185798 2.4836189
62.349935 12.733303 7.8696138
59.666066 4.0138112 6.6417123
61.534313 8.2905089 0
58.197504 17.141942 24.050504
61.957988 17.484413 15.386424
59.887722 22.037294 23.010416
58.474156 12.572583 20.951895
62.038256 22.322097 18.534604
68.968571 36.186236 3.2193425
65.19937 23.171616 8.5619053
67.875217 35.574725 9.2437374
67.639045 29.605211 0
65.819816 28.670266 11.711931
57.963354 3.9915853 14.830528
61.45885 12.68179 12.262508
58.972129 4.0019057 10.790969
58.371272 8.1642672 17.855202
60.677945 8.2555719 9.3888396
60.176683 12.685737 16.665282
64.160381 17.733493 -5.4433072
64.160381 17.733493 5.4433072
62.933817 12.882346 -2.6521653
65.962571 23.407302 -2.8933016
62.933817 12.882346 2.6521653
65.962571 23.407302 2.8933016
45.417573 -23.675249 14.632109
49.827543 -17.55679 10.850693
46.528143 -20.64502 16.459016
46.249679 -24.189555 10.555649
57.115402 -3.8237431 2.3632032
53.716372 -10.970129 6.7799125
56.792329 -3.8204913 6.321823
55.667707 -7.5001019 0
48.473966 -14.277896 20.032188
50.977889 -14.385853 12.659665
47.551199 -17.497739 18.270404
50.841142 -10.931402 18.216907
48.825225 -17.567892 14.587067
47.092834 -24.708536 2.1982181
50.401926 -17.912659 6.6187221
46.812194 -24.535184 6.3752228
48.984092 -21.440048 0
48.406733 -21.085351 8.6134593
55.254461 -3.8050402 14.137429
53.075183 -10.951854 10.589766
56.168947 -3.8116791 10.278031
53.111227 -7.4285558 16.246206
54.983765 -7.4808471 8.507766
52.097766 -10.982635 14.427913
52.348994 -14.468906 -4.4412401
52.348994 -14.468906 4.4412401
54.067334 -11.067406 -2.2785128
50.745656 -18.007468 -2.2258454
54.067334 -11.067406 2.2785128
50.745656 -18.007468 2.2258454
-31.928599 45.723083 -2.2682957
-35.762086 40.581637 -6.601379
-30.937944 46.368862 -5.9701943
-41.79151 29.506155 -14.558225
-39.026058 35.168649 -10.686202
-28.45821 46.866475 -13.389483
-34.666167 40.959727 -10.239136
-29.776081 46.752399 -9.7088987
-32.888075 43.683606 -8.1495792
-48.612224 3.7176591 -28.623987
-47.532694 10.760416 -25.266708
-44.112967 23.581676 -18.255914
-46.024119 17.354464 -21.815654
-21.647439 44.456323 -27.475519
-28.634252 39.748235 -24.56576
-23.531614 45.467697 -24.184871
-40.447359 29.385994 -18.161543
-34.872356 34.732314 -21.46575
-39.210655 32.324042 -16.286983
-26.933614 46.668938 -17.1819
-30.337697 40.443854 -21.201859
-25.306969 46.213498 -20.723754
-30.281546 43.891802 -15.572123
-27.049843 42.978826 -22.713188
-36.35353 38.065612 -12.377039
-33.537507 37.754241 -19.585222
-37.841644 35.232972 -14.347166
-33.430249 41.009559 -13.963587
-36.449388 35.084865 -17.968873
-31.978444 40.834529 -17.648999
-51.920162 -74.351833 -3.6885514
-60.221631 -68.337522 -11.116404
-49.253581 -73.819789 -9.5046215
-62.968965 -44.458123 -21.935469
-63.721194 -57.422871 -17.448278
-42.882529 -70.621201 -20.176072
-56.637774 -66.920225 -16.728757
-46.175792 -72.50212 -15.056249
-53.393009 -70.919297 -13.230648
-50.708146 -3.8779464 -29.858114
-54.097652 -12.246586 -28.756408
-60.434066 -32.306522 -25.010313
-57.362745 -21.629956 -27.190218
-28.602851 -58.740322 -36.303516
-40.702945 -56.501222 -34.919675
-32.190699 -62.19875 -33.084339
-59.395937 -43.152599 -26.669773
-51.518764 -51.311871 -31.71248
-59.931365 -49.405549 -24.893773
-39.327414 -68.144164 -25.088341
-44.640253 -59.510908 -31.19737
-35.798458 -65.372189 -29.315183
-46.13822 -66.87537 -23.726332
-38.526373 -61.2136 -32.34979
-58.826614 -61.597074 -20.028297
-50.582029 -56.941803 -29.538876
-59.832588 -55.707936 -22.684746
-52.787923 -64.756006 -22.049156
-55.701851 -53.616592 -27.459981
-48.741932 -62.240484 -26.900817
-3.6804122 -28.337205 -48.125181
-11.161869 -26.209366 -49.306059
-6.1210562 -31.71972 -47.540565
-3.6156911 -24.466391 -49.053454
-26.012708 -20.137915 -48.660568
-18.681148 -23.48338 -49.542491
-11.480074 -38.867553 -45.923864
-13.915847 -29.576952 -48.708879
-8.7339382 -35.246288 -46.815904
-10.018683 -30.726153 -48.244138
-3.517504 -16.871984 -50.39572
-10.950776 -22.153901 -49.977978
-3.5651959 -20.623516 -49.809104
-7.2905491 -23.37225 -49.62607
-47.543682 -2.3586145 -33.19993
-43.798635 -7.1246852 -38.597028
-49.243862 -6.3403631 -32.856184
-32.849012 -16.207578 -46.526218
-38.862014 -11.808452 -43.124523
-52.526399 -15.006491 -31.895023
-45.344239 -11.33518 -38.376989
-50.913709 -10.573063 -32.426373
-47.450727 -8.8523704 -35.724228
-24.39507 -54.329972 -39.472052
-27.228501 -44.234278 -44.056639
-20.970943 -50.487214 -41.620086
-30.317225 -53.789441 -39.282814
-29.467824 -23.217139 -47.679941
-28.831952 -33.606995 -46.651079
-25.752861 -25.057252 -48.415529
-14.556417 -42.754745 -44.768295
-23.679138 -40.547882 -45.646043
-17.661627 -46.583765 -43.372441
-15.85678 -37.962744 -46.569662
-22.477346 -45.594706 -43.887819
-41.792604 -50.658784 -37.557742
-32.625541 -42.901594 -43.530058
-36.209205 -52.571943 -38.654109
-31.662394 -48.423634 -41.701074
-18.008076 -28.228692 -48.912969
-24.631878 -35.245703 -46.986826
-21.893708 -26.735667 -48.822468
-17.009686 -33.077031 -47.943738
-25.299817 -30.13034 -47.873351
-20.287242 -36.758711 -46.938639
-3.4391923 -2.1255378 -51.371352
-10.422545 -6.4414872 -51.035072
-3.4525684 -5.7130156 -51.323085
-25.454997 -15.732053 -48.831765
-17.710427 -10.945646 -50.263579
-21.98018 -17.523457 -49.537222
-3.5019399 -13.011276 -50.853025
-10.523019 -10.17511 -50.996953
-3.4711605 -9.3598366 -51.151061
-7.0944546 -15.515529 -50.722536
-6.9670745 -7.9234662 -51.207568
-14.757021 -20.70441 -50.100612
-14.296004 -12.580598 -50.6595
-18.382972 -19.194727 -49.956875
-10.853896 -18.087745 -50.480667
-18.058999 -14.994845 -50.190122
-10.712326 -14.072808 -50.815515
-58.241397 -35.995163 -28.359905
-50.482997 -31.200208 -36.367473
-57.0081 -30.323364 -29.5043
-55.430122 -40.481015 -31.241959
-33.678718 -20.814592 -46.355933
-42.165485 -26.059703 -42.335498
-36.985378 -18.635672 -44.865085
-33.744492 -26.042925 -46.20589
-54.133882 -19.930236 -31.241789
-49.451357 -25.923858 -37.094394
-55.616255 -24.94028 -30.456012
-50.578317 -17.944393 -34.894663
-53.315436 -28.175817 -33.555458
-47.184969 -47.876179 -35.882936
-47.048759 -34.881318 -38.814397
-51.685632 -44.510216 -33.795292
-42.546162 -44.412355 -39.526598
-51.280012 -37.704203 -35.319381
-42.815844 -13.921577 -40.89011
-45.293891 -23.496457 -40.235061
-40.058775 -16.312274 -43.024753
-46.772189 -15.925739 -38.127841
-41.172972 -21.086925 -42.774274
-48.155043 -20.812981 -37.711304
-33.285118 -37.038216 -44.895766
-42.508936 -31.860217 -41.895215
-33.629142 -31.502071 -45.737681
-37.860106 -40.752361 -42.539872
-38.138482 -28.957423 -44.286722
-42.747856 -38.045209 -40.951605
-3.5874356 27.621335 -46.909417
-10.419415 24.465998 -46.026369
-5.8444608 30.286385 -45.392325
-3.5371247 23.934753 -47.987556
-23.160655 17.929978 -43.325387
-16.907769 21.254131 -44.839482
-10.403572 35.222888 -41.617519
-12.673183 26.935776 -44.35925
-8.1373167 32.838589 -43.617876
-9.3269468 28.604679 -44.913141
-3.4650316 16.620296 -49.643941
-10.332123 20.902338 -47.154522
-3.5000086 20.246429 -48.898377
-6.9939354 22.421357 -47.607049
-46.374156 2.300595 -32.383245
-40.911587 6.6550517 -36.052851
-46.08943 5.9342161 -30.751503
-44.800902 0 -35.187297
-29.244072 14.428914 -41.420304
-35.173759 10.687754 -39.031728
-45.122794 12.891324 -27.399414
-40.730436 10.181818 -34.472108
-45.66359 9.4827898 -29.082631
-43.443303 8.1047484 -32.707158
-40.777283 -4.63426 -40.297167
-39.06135 4.4392474 -38.601437
-42.921917 -2.3278185 -37.852795
-41.951436 2.2751857 -36.99693
-19.267787 42.91106 -31.175933
-21.740086 35.31803 -35.176198
-17.171904 41.341088 -34.080305
-22.986061 40.782339 -29.783634
-25.482197 20.076939 -41.231061
-23.782944 27.721789 -38.481612
-22.415042 21.809591 -42.14041
-12.771206 37.511269 -39.277875
-19.590228 33.54608 -37.763892
-14.985796 39.526074 -36.801283
-13.940778 33.375641 -40.942569
-18.44837 37.422035 -36.0211
-29.880363 36.219396 -26.852574
-25.341801 33.323697 -33.811854
-26.541909 38.536049 -28.334062
-24.221865 37.044284 -31.901498
-16.082606 25.210407 -43.683068
-20.652719 29.551932 -39.396334
-19.265281 23.525944 -42.961137
-15.045942 29.258335 -42.408702
-21.576916 25.696622 -40.828726
-17.372917 31.478209 -40.195759
-3.4326767 2.1215109 -51.274028
-10.24617 6.332481 -50.17143
-3.4350227 5.6839824 -51.062264
-6.8897733 0 -51.137689
-23.226674 14.354874 -44.557045
-16.892606 10.440204 -47.942537
-20.111745 16.033868 -45.32629
-3.4614444 12.860817 -50.264974
-10.243844 9.9051647 -49.644008
-3.4423068 9.2820339 -50.725873
-6.9017324 15.094046 -49.344648
-6.8695549 7.8125599 -50.490805
-13.979199 -4.2909243 -50.577218
-13.76781 4.2260382 -49.812404
-10.420779 -2.1453879 -50.908384
-10.360969 2.1330744 -50.616193
-13.730127 19.263656 -46.61427
-13.678737 12.037398 -48.472147
-16.931533 17.679196 -46.0125
-10.346733 17.242572 -48.121892
-16.928932 14.056522 -47.049408
-10.319874 13.557242 -48.95386
-41.769159 25.81476 -20.338959
-38.496033 23.791857 -27.732178
-42.758817 22.743981 -22.129645
-39.072568 28.534976 -22.022386
-29.068133 17.965094 -40.00985
-34.218532 21.148216 -34.356503
-32.029731 16.13869 -38.853641
-28.253064 21.804816 -38.68655
-44.419651 16.35379 -25.635504
-39.237437 20.56942 -29.43274
-43.648917 19.573706 -23.902579
-42.540717 15.092779 -29.349415
-41.124133 21.733031 -25.882544
-33.200578 33.686931 -25.248172
-35.508555 26.325566 -29.293932
-36.199618 31.174095 -23.66957
-31.145142 32.511254 -28.934725
-37.411467 27.5072 -25.767347
-37.822243 12.297907 -36.121107
-37.022636 19.205697 -32.887614
-34.966376 14.238606 -37.555309
-40.326276 13.730932 -32.87325
-34.642785 17.74246 -35.990113
-39.822759 17.211704 -31.186104
-26.420733 29.399831 -35.63692
-33.249902 24.920621 -32.769858
-27.368196 25.637135 -37.222413
-28.862415 31.067307 -32.430006
-30.866447 23.435982 -35.842374
-32.272573 28.722301 -30.91649
-29.41963 -13.434678 -47.601961
-28.89969 -4.3262703 -46.76068
-32.565117 -11.380194 -46.236434
-25.4491 -11.105279 -48.657888
-26.892578 12.280682 -43.513105
-28.036548 4.1970584 -45.364087
-29.942875 10.463826 -42.513336
-23.81006 10.390048 -45.524095
-38.225434 -6.9890549 -42.610834
-31.725365 -2.2463532 -45.14904
-35.52946 -9.2142452 -44.557345
-37.593748 -2.2909331 -41.873694
-32.183965 -6.7101016 -45.76605
-17.80372 -6.5784691 -50.095397
-25.083629 -2.2315886 -47.807736
-21.551943 -8.8040641 -49.477912
-17.66424 -2.1834202 -49.77843
-25.318149 -6.5786685 -48.306062
-35.979277 6.5783723 -40.106987
-31.180236 2.2077546 -44.373255
-32.991984 8.5561735 -41.375107
-36.836536 2.2447893 -41.030276
-30.592218 6.378235 -43.502564
-34.368799 0 -43.232789
-17.292006 6.389391 -48.655557
-24.736006 2.200662 -47.145191
-20.581142 8.4074875 -47.249193
-17.491872 2.1621143 -49.29269
-24.316005 6.3182712 -46.394008
-21.284763 0 -48.629313
-31.928599 45.723083 2.2682957
-35.762086 40.581637 6.601379
-30.937944 46.368862 5.9701943
-34.046835 43.348852 0
-41.79151 29.506155 14.558225
-39.026058 35.168649 10.686202
-28.45821 46.866475 13.389483
-34.666167 40.959727 10.239136
-29.776081 46.752399 9.7088987
-32.888075 43.683606 8.1495792
-37.852869 38.303863 -4.3531605
-37.852869 38.303863 4.3531605
-36.031378 40.856581 -2.2158075
-36.031378 40.856581 2.2158075
-48.612224 3.7176591 28.623987
-47.532694 10.760416 25.266708
-44.112967 23.581676 18.255914
-46.024119 17.354464 21.815654
-21.647439 44.456323 27.475519
-28.634252 39.748235 24.56576
-23.531614 45.467697 24.184871
-40.447359 29.385994 18.161543
-34.872356 34.732314 21.46575
-39.210655 32.324042 16.286983
-26.933614 46.668938 17.1819
-30.337697 40.443854 21.201859
-25.306969 46.213498 20.723754
-30.281546 43.891802 15.572123
-27.049843 42.978826 22.713188
-36.35353 38.065612 12.377039
-33.537507 37.754241 19.585222
-37.841644 35.232972 14.347166
-33.430249 41.009559 13.963587
-36.449388 35.084865 17.968873
-31.978444 40.834529 17.648999
-43.967913 27.173664 -12.409042
-45.06872 27.854001 -4.1697312
-42.636399 30.02955 -10.494116
-43.967913 27.173664 12.409042
-45.06872 27.854001 4.1697312
-42.636399 30.02955 10.494116
-39.622938 35.545045 -6.4989784
-43.489268 30.559075 -2.1637726
-41.180857 32.837092 -8.5160037
-39.881571 35.805242 -2.181943
-43.204779 30.382808 -6.3345746
-39.622938 35.545045 6.4989784
-43.489268 30.559075 2.1637726
-41.180857 32.837092 8.5160037
-39.881571 35.805242 2.181943
-43.204779 30.382808 6.3345746
-41.770302 33.206165 0
-51.920162 -74.351833 3.6885514
-60.221631 -68.337522 11.116404
-49.253581 -73.819789 9.5046215
-57.198543 -72.825893 0
-62.968965 -44.458123 21.935469
-63.721194 -57.422871 17.448278
-42.882529 -70.621201 20.176072
-56.637774 -66.920225 16.728757
-46.175792 -72.50212 15.056249
-53.393009 -70.919297 13.230648
-65.152868 -65.929124 -7.4927184
-65.152868 -65.929124 7.4927184
-61.831606 -70.11189 -3.802434
-61.831606 -70.11189 3.802434
-50.708146 -3.8779464 29.858114
-54.097652 -12.246586 28.756408
-60.434066 -32.306522 25.010313
-57.362745 -21.629956 27.190218
-28.602851 -58.740322 36.303516
-40.702945 -56.501222 34.919675
-32.190699 -62.19875 33.084339
-59.395937 -43.152599 26.669773
-51.518764 -51.311871 31.71248
-59.931365 -49.405549 24.893773
-39.327414 -68.144164 25.088341
-44.640253 -59.510908 31.19737
-35.798458 -65.372189 29.315183
-46.13822 -66.87537 23.726332
-38.526373 -61.2136 32.34979
-58.826614 -61.597074 20.028297
-50.582029 -56.941803 29.538876
-59.832588 -55.707936 22.684746
-52.787923 -64.756006 22.049156
-55.701851 -53.616592 27.459981
-48.741932 -62.240484 26.900817
-65.066742 -40.213458 -18.363755
-69.662724 -43.053931 -6.4451538
-66.358361 -46.737337 -16.332813
-65.066742 -40.213458 18.363755
-69.662724 -43.053931 6.4451538
-66.358361 -46.737337 16.332813
-66.929691 -60.041455 -10.977849
-70.668262 -49.657234 -3.516041
-67.130322 -53.528864 -13.882228
-68.840919 -61.80463 -3.7663251
-69.095965 -48.590213 -10.130674
-66.929691 -60.041455 10.977849
-70.668262 -49.657234 3.516041
-67.130322 -53.528864 13.882228
-68.840919 -61.80463 3.7663251
-69.095965 -48.590213 10.130674
-70.625402 -56.145122 0
-3.6804122 -28.337205 48.125181
-11.161869 -26.209366 49.306059
-6.1210562 -31.71972 47.540565
-3.6156911 -24.466391 49.053454
-26.012708 -20.137915 48.660568
-18.681148 -23.48338 49.542491
-11.480074 -38.867553 45.923864
-13.915847 -29.576952 48.708879
-8.7339382 -35.246288 46.815904
-10.018683 -30.726153 48.244138
-3.517504 -16.871984 50.39572
-10.950776 -22.153901 49.977978
-3.5651959 -20.623516 49.809104
-7.2905491 -23.37225 49.62607
-47.543682 -2.3586145 33.19993
-43.798635 -7.1246852 38.597028
-49.243862 -6.3403631 32.856184
-32.849012 -16.207578 46.526218
-38.862014 -11.808452 43.124523
-52.526399 -15.006491 31.895023
-45.344239 -11.33518 38.376989
-50.913709 -10.573063 32.426373
-47.450727 -8.8523704 35.724228
-24.39507 -54.329972 39.472052
-27.228501 -44.234278 44.056639
-20.970943 -50.487214 41.620086
-30.317225 -53.789441 39.282814
-29.467824 -23.217139 47.679941
-28.831952 -33.606995 46.651079
-25.752861 -25.057252 48.415529
-14.556417 -42.754745 44.768295
-23.679138 -40.547882 45.646043
-17.661627 -46.583765 43.372441
-15.85678 -37.962744 46.569662
-22.477346 -45.594706 43.887819
-41.792604 -50.658784 37.557742
-32.625541 -42.901594 43.530058
-36.209205 -52.571943 38.654109
-31.662394 -48.423634 41.701074
-18.008076 -28.228692 48.912969
-24.631878 -35.245703 46.986826
-21.893708 -26.735667 48.822468
-17.009686 -33.077031 47.943738
-25.299817 -30.13034 47.873351
-20.287242 -36.758711 46.938639
-3.4391923 -2.1255378 51.371352
-10.422545 -6.4414872 51.035072
-3.4525684 -5.7130156 51.323085
-25.454997 -15.732053 48.831765
-17.710427 -10.945646 50.263579
-21.98018 -17.523457 49.537222
-3.5019399 -13.011276 50.853025
-10.523019 -10.17511 50.996953
-3.4711605 -9.3598366 51.151061
-7.0944546 -15.515529 50.722536
-6.9670745 -7.9234662 51.207568
-14.757021 -20.70441 50.100612
-14.296004 -12.580598 50.6595
-18.382972 -19.194727 49.956875
-10.853896 -18.087745 50.480667
-18.058999 -14.994845 50.190122
-10.712326 -14.072808 50.815515
-58.241397 -35.995163 28.359905
-50.482997 -31.200208 36.367473
-57.0081 -30.323364 29.5043
-55.430122 -40.481015 31.241959
-33.678718 -20.814592 46.355933
-42.165485 -26.059703 42.335498
-36.985378 -18.635672 44.865085
-33.744492 -26.042925 46.20589
-54.133882 -19.930236 31.241789
-49.451357 -25.923858 37.094394
-55.616255 -24.94028 30.456012
-50.578317 -17.944393 34.894663
-53.315436 -28.175817 33.555458
-47.184969 -47.876179 35.882936
-47.048759 -34.881318 38.814397
-51.685632 -44.510216 33.795292
-42.546162 -44.412355 39.526598
-51.280012 -37.704203 35.319381
-42.815844 -13.921577 40.89011
-45.293891 -23.496457 40.235061
-40.058775 -16.312274 43.024753
-46.772189 -15.925739 38.127841
-41.172972 -21.086925 42.774274
-48.155043 -20.812981 37.711304
-33.285118 -37.038216 44.895766
-42.508936 -31.860217 41.895215
-33.629142 -31.502071 45.737681
-37.860106 -40.752361 42.539872
-38.138482 -28.957423 44.286722
-42.747856 -38.045209 40.951605
-3.5874356 27.621335 46.909417
-10.419415 24.465998 46.026369
-5.8444608 30.286385 45.392325
-3.5371247 23.934753 47.987556
-23.160655 17.929978 43.325387
-16.907769 21.254131 44.839482
-10.403572 35.222888 41.617519
-12.673183 26.935776 44.35925
-8.1373167 32.838589 43.617876
-9.3269468 28.604679 44.913141
-3.4650316 16.620296 49.643941
-10.332123 20.902338 47.154522
-3.5000086 20.246429 48.898377
-6.9939354 22.421357 47.607049
-46.374156 2.300595 32.383245
-40.911587 6.6550517 36.052851
-46.08943 5.9342161 30.751503
-44.800902 0 35.187297
-29.244072 14.428914 41.420304
-35.173759 10.687754 39.031728
-45.122794 12.891324 27.399414
-40.730436 10.181818 34.472108
-45.66359 9.4827898 29.082631
-43.443303 8.1047484 32.707158
-40.777283 -4.63426 40.297167
-39.06135 4.4392474 38.601437
-42.921917 -2.3278185 37.852795
-41.951436 2.2751857 36.99693
-19.267787 42.91106 31.175933
-21.740086 35.31803 35.176198
-17.171904 41.341088 34.080305
-22.986061 40.782339 29.783634
-25.482197 20.076939 41.231061
-23.782944 27.721789 38.481612
-22.415042 21.809591 42.14041
-12.771206 37.511269 39.277875
-19.590228 33.54608 37.763892
-14.985796 39.526074 36.801283
-13.940778 33.375641 40.942569
-18.44837 37.422035 36.0211
-29.880363 36.219396 26.852574
-25.341801 33.323697 33.811854
-26.541909 38.536049 28.334062
-24.221865 37.044284 31.901498
-16.082606 25.210407 43.683068
-20.652719 29.551932 39.396334
-19.265281 23.525944 42.961137
-15.045942 29.258335 42.408702
-21.576916 25.696622 40.828726
-17.372917 31.478209 40.195759
-3.4326767 2.1215109 51.274028
-10.24617 6.332481 50.17143
-3.4350227 5.6839824 51.062264
-6.8897733 0 51.137689
-23.226674 14.354874 44.557045
-16.892606 10.440204 47.942537
-20.111745 16.033868 45.32629
-3.4614444 12.860817 50.264974
-10.243844 9.9051647 49.644008
-3.4423068 9.2820339 50.725873
-6.9017324 15.094046 49.344648
-6.8695549 7.8125599 50.490805
-13.979199 -4.2909243 50.577218
-13.76781 4.2260382 49.812404
-10.420779 -2.1453879 50.908384
-10.360969 2.1330744 50.616193
-13.730127 19.263656 46.61427
-13.678737 12.037398 48.472147
-16.931533 17.679196 46.0125
-10.346733 17.242572 48.121892
-16.928932 14.056522 47.049408
-10.319874 13.557242 48.95386
-41.769159 25.81476 20.338959
-38.496033 23.791857 27.732178
-42.758817 22.743981 22.129645
-39.072568 28.534976 22.022386
-29.068133 17.965094 40.00985
-34.218532 21.148216 34.356503
-32.029731 16.13869 38.853641
-28.253064 21.804816 38.68655
-44.419651 16.35379 25.635504
-39.237437 20.56942 29.43274
-43.648917 19.573706 23.902579
-42.540717 15.092779 29.349415
-41.124133 21.733031 25.882544
-33.200578 33.686931 25.248172
-35.508555 26.325566 29.293932
-36.199618 31.174095 23.66957
-31.145142 32.511254 28.934725
-37.411467 27.5072 25.767347
-37.822243 12.297907 36.121107
-37.022636 19.205697 32.887614
-34.966376 14.238606 37.555309
-40.326276 13.730932 32.87325
-34.642785 17.74246 35.990113
-39.822759 17.211704 31.186104
-26.420733 29.399831 35.63692
-33.249902 24.920621 32.769858
-27.368196 25.637135 37.222413
-28.862415 31.067307 32.430006
-30.866447 23.435982 35.842374
-32.272573 28.722301 30.91649
-29.41963 -13.434678 47.601961
-28.89969 -4.3262703 46.76068
-32.565117 -11.380194 46.236434
-25.4491 -11.105279 48.657888
-26.892578 12.280682 43.513105
-28.036548 4.1970584 45.364087
-29.942875 10.463826 42.513336
-23.81006 10.390048 45.524095
-38.225434 -6.9890549 42.610834
-31.725365 -2.2463532 45.14904
-35.52946 -9.2142452 44.557345
-37.593748 -2.2909331 41.873694
-32.183965 -6.7101016 45.76605
-17.80372 -6.5784691 50.095397
-25.083629 -2.2315886 47.807736
-21.551943 -8.8040641 49.477912
-17.66424 -2.1834202 49.77843
-25.318149 -6.5786685 48.306062
-35.979277 6.5783723 40.106987
-31.180236 2.2077546 44.373255
-32.991984 8.5561735 41.375107
-36.836536 2.2447893 41.030276
-30.592218 6.378235 43.502564
-34.368799 0 43.232789
-17.292006 6.389391 48.655557
-24.736006 2.200662 47.145191
-20.581142 8.4074875 47.249193
-17.491872 2.1621143 49.29269
-24.316005 6.3182712 46.394008
-21.284763 0 48.629313
-51.200152 0 -26.940887
-54.81479 0 -19.759854
-50.68296 3.7358007 -25.279139
-52.949779 -3.9028862 -26.409761
-58.480208 0 -4.0531141
-57.252625 0 -12.058814
-49.324291 10.807545 -21.864139
-53.99782 3.7689223 -18.077932
-50.053457 7.3533364 -23.573535
-52.489749 3.757069 -21.73344
-56.410329 -12.360181 -25.00519
-56.564277 -3.948055 -18.937156
-54.697113 -8.0355343 -25.760544
-54.917719 -3.9308563 -22.738744
-51.200152 0 26.940887
-54.81479 0 19.759854
-50.68296 3.7358007 25.279139
-52.949779 -3.9028862 26.409761
-58.480208 0 4.0531141
-57.252625 0 12.058814
-49.324291 10.807545 21.864139
-53.99782 3.7689223 18.077932
-50.053457 7.3533364 23.573535
-52.489749 3.757069 21.73344
-56.410329 -12.360181 25.00519
-56.564277 -3.948055 18.937156
-54.697113 -8.0355343 25.760544
-54.917719 -3.9308563 22.738744
-45.417573 23.675249 -14.632109
-49.827543 17.55679 -10.850693
-46.528143 20.64502 -16.459016
-46.249679 24.189555 -10.555649
-57.115402 3.8237431 -2.3632032
-53.716372 10.970129 -6.7799125
-56.792329 3.8204913 -6.321823
-48.473966 14.277896 -20.032188
-50.977889 14.385853 -12.659665
-47.551199 17.497739 -18.270404
-50.841142 10.931402 -18.216907
-48.825225 17.567892 -14.587067
-47.092834 24.708536 -2.1982181
-50.401926 17.912659 -6.6187221
-46.812194 24.535184 -6.3752228
-48.406733 21.085351 -8.6134593
-55.254461 3.8050402 -14.137429
-53.075183 10.951854 -10.589766
-56.168947 3.8116791 -10.278031
-53.111227 7.4285558 -16.246206
-54.983765 7.4808471 -8.507766
-52.097766 10.982635 -14.427913
-63.226958 -32.958916 -20.36973
-63.724165 -22.45328 -13.87689
-61.581396 -27.324304 -21.784002
-65.867838 -34.450266 -15.033138
-60.025685 -4.0185798 -2.4836189
-62.349935 -12.733303 -7.8696138
-59.666066 -4.0138112 -6.6417123
-58.197504 -17.141942 -24.050504
-61.957988 -17.484413 -15.386424
-59.887722 -22.037294 -23.010416
-58.474156 -12.572583 -20.951895
-62.038256 -22.322097 -18.534604
-68.968571 -36.186236 -3.2193425
-65.19937 -23.171616 -8.5619053
-67.875217 -35.574725 -9.2437374
-65.819816 -28.670266 -11.711931
-57.963354 -3.9915853 -14.830528
-61.45885 -12.68179 -12.262508
-58.972129 -4.0019057 -10.790969
-58.371272 -8.1642672 -17.855202
-60.677945 -8.2555719 -9.3888396
-60.176683 -12.685737 -16.665282
-45.417573 23.675249 14.632109
-49.827543 17.55679 10.850693
-46.528143 20.64502 16.459016
-46.249679 24.189555 10.555649
-57.115402 3.8237431 2.3632032
-53.716372 10.970129 6.7799125
-56.792329 3.8204913 6.321823
-55.667707 7.5001019 0
-48.473966 14.277896 20.032188
-50.977889 14.385853 12.659665
-47.551199 17.497739 18.270404
-50.841142 10.931402 18.216907
-48.825225 17.567892 14.587067
-47.092834 24.708536 2.1982181
-50.401926 17.912659 6.6187221
-46.812194 24.535184 6.3752228
-48.984092 21.440048 0
-48.406733 21.085351 8.6134593
-55.254461 3.8050402 14.137429
-53.075183 10.951854 10.589766
-56.168947 3.8116791 10.278031
-53.111227 7.4285558 16.246206
-54.983765 7.4808471 8.507766
-52.097766 10.982635 14.427913
-52.348994 14.468906 -4.4412401
-52.348994 14.468906 4.4412401
-54.067334 11.067406 -2.2785128
-50.745656 18.007468 -2.2258454
-54.067334 11.067406 2.2785128
-50.745656 18.007468 2.2258454
-63.226958 -32.958916 20.36973
-63.724165 -22.45328 13.87689
-61.581396 -27.324304 21.784002
-65.867838 -34.450266 15.033138
-60.025685 -4.0185798 2.4836189
-62.349935 -12.733303 7.8696138
-59.666066 -4.0138112 6.6417123
-61.534313 -8.2905089 0
-58.197504 -17.141942 24.050504
-61.957988 -17.484413 15.386424
-59.887722 -22.037294 23.010416
-58.474156 -12.572583 20.951895
-62.038256 -22.322097 18.534604
-68.968571 -36.186236 3.2193425
-65.19937 -23.171616 8.5619053
-67.875217 -35.574725 9.2437374
-67.639045 -29.605211 0
-65.819816 -28.670266 11.711931
-57.963354 -3.9915853 14.830528
-61.45885 -12.68179 12.262508
-58.972129 -4.0019057 10.790969
-58.371272 -8.1642672 17.855202
-60.677945 -8.2555719 9.3888396
-60.176683 -12.685737 16.665282
-64.160381 -17.733493 -5.4433072
-64.160381 -17.733493 5.4433072
-62.933817 -12.882346 -2.6521653
-65.962571 -23.407302 -2.8933016
-62.933817 -12.882346 2.6521653
-65.962571 -23.407302 2.8933016
