-25.75328192 41.66968547 0
32.42852842 52.47046119 0
-32.42852842 -52.47046119 0
25.75328192 -41.66968547 0
0 -19.01386284 30.76507633
0 19.01386284 30.76507633
0 -19.01386284 -30.76507633
0 19.01386284 -30.76507633
34.092948 0 -21.07060064
34.092948 0 21.07060064
-34.092948 0 -21.07060064
-34.092948 0 21.07060064
0 50.34750199 0
0 -50.34750199 0
-13.15680268 -34.4449566 21.28815392
12.86035043 -33.66883454 20.80848411
-12.86035043 33.66883454 20.80848411
13.15680268 34.4449566 21.28815392
0 0 35.96199447
-13.15680268 -34.4449566 -21.28815392
12.86035043 -33.66883454 -20.80848411
-12.86035043 33.66883454 -20.80848411
13.15680268 34.4449566 -21.28815392
0 0 -35.96199447
38.51277251 23.80220241 -14.7105701
38.47331306 -23.77781513 -14.69549793
19.52672134 -12.06817748 -31.59489882
19.11244988 11.81214363 -30.92459351
38.51277251 23.80220241 14.7105701
38.47331306 -23.77781513 14.69549793
19.52672134 -12.06817748 31.59489882
19.11244988 11.81214363 30.92459351
47.9652299 0 0
-38.47331306 23.77781513 -14.69549793
-38.51277251 -23.80220241 -14.7105701
-19.11244988 -11.81214363 -30.92459351
-19.52672134 12.06817748 -31.59489882
-38.47331306 23.77781513 14.69549793
-38.51277251 -23.80220241 14.7105701
-19.11244988 -11.81214363 30.92459351
-19.52672134 12.06817748 31.59489882
-47.9652299 0 0
-13.35375788 47.00719101 0
14.79186809 52.06955041 0
-14.79186809 -52.06955041 0
13.35375788 -47.00719101 0
-22.32649791 -44.39012134 13.3731947
-6.092619933 -26.31607021 26.62960998
-7.654398173 -44.8096274 12.38507641
20.26674253 -40.29486234 12.13943606
6.081813675 -26.26939435 26.58237801
7.415104396 -43.40877723 11.99789094
0 -34.25095975 21.16825727
-20.26674253 40.29486234 12.13943606
-6.081813675 26.26939435 26.58237801
-7.415104396 43.40877723 11.99789094
22.32649791 44.39012134 13.3731947
6.092619933 26.31607021 26.62960998
7.654398173 44.8096274 12.38507641
0 34.25095975 21.16825727
0 -9.794120986 34.47674582
0 9.794120986 34.47674582
-22.32649791 -44.39012134 -13.3731947
-6.092619933 -26.31607021 -26.62960998
-7.654398173 -44.8096274 -12.38507641
20.26674253 -40.29486234 -12.13943606
6.081813675 -26.26939435 -26.58237801
7.415104396 -43.40877723 -11.99789094
0 -34.25095975 -21.16825727
-20.26674253 40.29486234 -12.13943606
-6.081813675 26.26939435 -26.58237801
-7.415104396 43.40877723 -11.99789094
22.32649791 44.39012134 -13.3731947
6.092619933 26.31607021 -26.62960998
7.654398173 44.8096274 -12.38507641
0 34.25095975 -21.16825727
0 -9.794120986 -34.47674582
0 9.794120986 -34.47674582
40.47918685 40.96147144 -9.37162345
36.1777881 10.89910524 -18.19601493
27.89345061 32.65822081 -20.18389047
34.55596727 -34.96768035 -8.000296904
36.71821498 -11.061917 -18.46782855
26.90468186 -31.50055019 -19.46841068
9.638823262 -16.09197893 -31.99448925
27.76203539 -6.351708881 -27.43516232
17.00013435 -23.49360785 -27.50679518
9.674156163 -5.978957321 -35.00142581
29.23240298 -18.06661861 -24.96745286
9.536167038 15.92059476 -31.65373879
27.39722661 6.268243848 -27.07464884
16.91154867 23.37118546 -27.36346056
9.59157838 5.927921444 -34.70265658
28.61036114 17.68217562 -24.43616571
20.03953837 0 -32.4246542
40.47918685 40.96147144 9.37162345
36.1777881 10.89910524 18.19601493
27.89345061 32.65822081 20.18389047
46.99165936 29.04244267 0
34.55596727 -34.96768035 8.000296904
36.71821498 -11.061917 18.46782855
26.90468186 -31.50055019 19.46841068
43.70253128 -27.00964973 0
9.638823262 -16.09197893 31.99448925
27.76203539 -6.351708881 27.43516232
17.00013435 -23.49360785 27.50679518
9.674156163 -5.978957321 35.00142581
29.23240298 -18.06661861 24.96745286
9.536167038 15.92059476 31.65373879
27.39722661 6.268243848 27.07464884
16.91154867 23.37118546 27.36346056
9.59157838 5.927921444 34.70265658
28.61036114 17.68217562 24.43616571
20.03953837 0 32.4246542
42.0290403 0 -11.93956958
42.0290403 0 11.93956958
44.79686458 12.38154885 -7.652218024
45.16199245 -12.48246771 -7.714589311
44.79686458 12.38154885 7.652218024
45.16199245 -12.48246771 7.714589311
-34.55596727 34.96768035 -8.000296904
-36.71821498 11.061917 -18.46782855
-26.90468186 31.50055019 -19.46841068
-40.47918685 -40.96147144 -9.37162345
-36.1777881 -10.89910524 -18.19601493
-27.89345061 -32.65822081 -20.18389047
-9.536167038 -15.92059476 -31.65373879
-27.39722661 -6.268243848 -27.07464884
-16.91154867 -23.37118546 -27.36346056
-9.59157838 -5.927921444 -34.70265658
-28.61036114 -17.68217562 -24.43616571
-9.638823262 16.09197893 -31.99448925
-27.76203539 6.351708881 -27.43516232
-17.00013435 23.49360785 -27.50679518
-9.674156163 5.978957321 -35.00142581
-29.23240298 18.06661861 -24.96745286
-20.03953837 0 -32.4246542
-34.55596727 34.96768035 8.000296904
-36.71821498 11.061917 18.46782855
-26.90468186 31.50055019 19.46841068
-43.70253128 27.00964973 0
-40.47918685 -40.96147144 9.37162345
-36.1777881 -10.89910524 18.19601493
-27.89345061 -32.65822081 20.18389047
-46.99165936 -29.04244267 0
-9.536167038 -15.92059476 31.65373879
-27.39722661 -6.268243848 27.07464884
-16.91154867 -23.37118546 27.36346056
-9.59157838 -5.927921444 34.70265658
-28.61036114 -17.68217562 24.43616571
-9.638823262 16.09197893 31.99448925
-27.76203539 6.351708881 27.43516232
-17.00013435 23.49360785 27.50679518
-9.674156163 5.978957321 35.00142581
-29.23240298 18.06661861 24.96745286
-20.03953837 0 32.4246542
-42.0290403 0 -11.93956958
-42.0290403 0 11.93956958
-45.16199245 12.48246771 -7.714589311
-44.79686458 -12.38154885 -7.652218024
-45.16199245 12.48246771 7.714589311
-44.79686458 -12.38154885 7.652218024
-19.65443708 44.58764066 0
-6.813635682 48.91902881 0
23.15472516 52.52832025 0
7.154321181 51.36500692 0
-23.15472516 -52.52832025 0
-7.154321181 -51.36500692 0
19.65443708 -44.58764066 0
6.813635682 -48.91902881 0
-27.84070386 -49.70720807 7.540043167
-17.39969099 -39.15277028 17.79753067
-19.34311103 -49.90923913 7.10893293
-2.980154625 -22.62661589 28.80848747
-9.44109138 -30.21053906 24.16458089
-4.079252381 -48.98965518 6.600369001
-10.64628516 -39.74372187 17.22605124
-11.29374869 -49.5836022 6.813306893
-14.71467359 -44.75298457 12.89884464
23.44708954 -41.86278351 6.350129227
16.57341476 -37.29348421 16.95236184
17.20085292 -44.38176879 6.321615459
2.982745244 -22.64628499 28.8335304
9.357023008 -29.94152876 23.94940693
0 -26.33145916 26.64518229
3.983779966 -47.84308216 6.445891388
10.32944614 -38.56092791 16.71339494
10.5682865 -46.39856335 6.375649157
0 -44.23416537 12.22602262
13.82685999 -42.05280178 12.12058954
-6.405578961 -34.40306958 21.26226632
6.335178323 -34.02496199 21.02858297
-3.151707217 -30.3046541 24.09131083
-3.547977232 -39.34767046 17.22224326
3.141834296 -30.20972286 24.01584328
3.513833441 -38.96901001 17.05650581
-23.44708954 41.86278351 6.350129227
-16.57341476 37.29348421 16.95236184
-17.20085292 44.38176879 6.321615459
-2.982745244 22.64628499 28.8335304
-9.357023008 29.94152876 23.94940693
-3.983779966 47.84308216 6.445891388
-10.32944614 38.56092791 16.71339494
-10.5682865 46.39856335 6.375649157
-13.82685999 42.05280178 12.12058954
27.84070386 49.70720807 7.540043167
17.39969099 39.15277028 17.79753067
19.34311103 49.90923913 7.10893293
2.980154625 22.62661589 28.80848747
9.44109138 30.21053906 24.16458089
0 26.33145916 26.64518229
4.079252381 48.98965518 6.600369001
10.64628516 39.74372187 17.22605124
11.29374869 49.5836022 6.813306893
0 44.23416537 12.22602262
14.71467359 44.75298457 12.89884464
-6.335178323 34.02496199 21.02858297
6.405578961 34.40306958 21.26226632
-3.141834296 30.20972286 24.01584328
-3.513833441 38.96901001 17.05650581
3.151707217 30.3046541 24.09131083
3.547977232 39.34767046 17.22224326
0 -14.47120116 32.8290612
0 -4.954708806 35.57271831
0 14.47120116 32.8290612
0 4.954708806 35.57271831
-27.84070386 -49.70720807 -7.540043167
-17.39969099 -39.15277028 -17.79753067
-19.34311103 -49.90923913 -7.10893293
-2.980154625 -22.62661589 -28.80848747
-9.44109138 -30.21053906 -24.16458089
-4.079252381 -48.98965518 -6.600369001
-10.64628516 -39.74372187 -17.22605124
-11.29374869 -49.5836022 -6.813306893
-14.71467359 -44.75298457 -12.89884464
23.44708954 -41.86278351 -6.350129227
16.57341476 -37.29348421 -16.95236184
17.20085292 -44.38176879 -6.321615459
2.982745244 -22.64628499 -28.8335304
9.357023008 -29.94152876 -23.94940693
0 -26.33145916 -26.64518229
3.983779966 -47.84308216 -6.445891388
10.32944614 -38.56092791 -16.71339494
10.5682865 -46.39856335 -6.375649157
0 -44.23416537 -12.22602262
13.82685999 -42.05280178 -12.12058954
-6.405578961 -34.40306958 -21.26226632
6.335178323 -34.02496199 -21.02858297
-3.151707217 -30.3046541 -24.09131083
-3.547977232 -39.34767046 -17.22224326
3.141834296 -30.20972286 -24.01584328
3.513833441 -38.96901001 -17.05650581
-23.44708954 41.86278351 -6.350129227
-16.57341476 37.29348421 -16.95236184
-17.20085292 44.38176879 -6.321615459
-2.982745244 22.64628499 -28.8335304
-9.357023008 29.94152876 -23.94940693
-3.983779966 47.84308216 -6.445891388
-10.32944614 38.56092791 -16.71339494
-10.5682865 46.39856335 -6.375649157
-13.82685999 42.05280178 -12.12058954
27.84070386 49.70720807 -7.540043167
17.39969099 39.15277028 -17.79753067
19.34311103 49.90923913 -7.10893293
2.980154625 22.62661589 -28.80848747
9.44109138 30.21053906 -24.16458089
0 26.33145916 -26.64518229
4.079252381 48.98965518 -6.600369001
10.64628516 39.74372187 -17.22605124
11.29374869 49.5836022 -6.813306893
0 44.23416537 -12.22602262
14.71467359 44.75298457 -12.89884464
-6.335178323 34.02496199 -21.02858297
6.405578961 34.40306958 -21.26226632
-3.141834296 30.20972286 -24.01584328
-3.513833441 38.96901001 -17.05650581
3.151707217 30.3046541 -24.09131083
3.547977232 39.34767046 -17.22224326
0 -14.47120116 -32.8290612
0 -4.954708806 -35.57271831
0 14.47120116 -32.8290612
0 4.954708806 -35.57271831
38.66258482 49.22568162 -5.092254251
39.74844689 31.79369154 -12.42178164
32.10070061 44.5418323 -11.97052669
35.12335031 5.327830465 -19.67237414
37.3000693 16.9553552 -16.57634121
20.44267571 34.12896969 -21.09286327
34.11624757 29.02101357 -17.93597277
25.70198958 39.01457836 -17.23783859
33.97946855 36.86079229 -15.53582632
30.41200436 -38.72094045 -4.005569189
37.51180417 -30.00466243 -11.72280873
27.63768718 -38.34910777 -10.30624459
35.416996 -5.372373324 -19.8368433
37.88993903 -17.22349011 -16.83848233
19.76110211 -32.99108513 -20.38961194
33.4434541 -28.44870126 -17.58226431
23.85788143 -36.21529694 -16.00103011
31.25203685 -33.90208524 -14.28881138
4.772445169 -17.62168063 -31.46201153
14.62012509 -14.293312 -32.16279886
7.932123907 -21.2711388 -29.51510338
4.763205753 -12.96048488 -33.44073961
31.04140463 -3.211143441 -24.38038235
23.97678191 -9.367718401 -29.97575293
32.2566176 -8.668900269 -23.2469113
15.08553299 -28.6943889 -24.40890511
18.51682327 -17.94604215 -29.96084941
11.44069686 -25.02273076 -27.14455877
21.88664952 -27.56544311 -24.05575566
13.2481799 -19.75332231 -29.98474257
4.814141331 -2.975302969 -35.7318089
14.59130041 -9.017919593 -33.66485894
4.802753074 -7.961051376 -34.95186722
9.74816847 -11.12046243 -33.82160538
33.96135347 -20.98927075 -20.34227643
24.41815766 -15.09125137 -28.70526592
33.31378184 -14.71905166 -21.94642387
28.72776416 -25.07008766 -22.80951927
28.63761093 -12.06997794 -26.39907445
23.51930851 -21.39857378 -26.95072937
4.750635004 17.54114922 -31.31822954
14.36855775 14.04736811 -31.60937612
7.898915509 21.18208567 -29.39153631
4.734761206 12.88308845 -33.24104076
30.85391511 3.191748193 -24.23312528
23.51007215 9.185375098 -29.39227277
31.78867623 8.543141979 -22.90967223
27.6819203 0 -27.35599051
15.24030143 28.98877597 -24.65932571
18.18887394 17.62820187 -29.43021626
11.44424092 25.0304822 -27.15296751
22.0527557 27.77464782 -24.23832401
13.11238315 19.55084643 -29.67739239
4.802638942 2.968194102 -35.64643517
14.36068024 8.875388492 -33.13277509
4.777225026 7.918736041 -34.76608774
9.770619052 0 -35.35043182
9.63077623 10.98654435 -33.41430897
33.44457046 20.66988129 -20.03273215
23.85526827 14.7433666 -28.04354975
32.66016681 14.43026447 -21.51583593
28.59316164 24.95262301 -22.7026464
28.04341652 11.81954108 -25.85132686
23.17070264 21.08140169 -26.5512626
20.00667327 -6.027312585 -32.37147735
19.72556933 5.942625776 -31.91664162
24.04288059 -3.145371408 -30.2437333
15.01069073 -3.092372355 -34.29493495
23.86011401 3.121461263 -30.01382975
14.90820235 3.071258587 -34.06077967
38.66258482 49.22568162 5.092254251
39.74844689 31.79369154 12.42178164
32.10070061 44.5418323 11.97052669
44.66261157 45.19473909 0
35.12335031 5.327830465 19.67237414
37.3000693 16.9553552 16.57634121
20.44267571 34.12896969 21.09286327
34.11624757 29.02101357 17.93597277
25.70198958 39.01457836 17.23783859
33.97946855 36.86079229 15.53582632
43.82579405 27.0858303 -8.160015595
43.82579405 27.0858303 8.160015595
45.28315137 35.99877668 -4.709482396
45.28315137 35.99877668 4.709482396
30.41200436 -38.72094045 4.005569189
37.51180417 -30.00466243 11.72280873
27.63768718 -38.34910777 10.30624459
35.31106636 -35.73177598 0
35.416996 -5.372373324 19.8368433
37.88993903 -17.22349011 16.83848233
19.76110211 -32.99108513 20.38961194
33.4434541 -28.44870126 17.58226431
23.85788143 -36.21529694 16.00103011
31.25203685 -33.90208524 14.28881138
42.16482038 -26.05929213 -7.850755459
42.16482038 -26.05929213 7.850755459
39.66781703 -31.53475064 -4.125483327
39.66781703 -31.53475064 4.125483327
4.772445169 -17.62168063 31.46201153
14.62012509 -14.293312 32.16279886
7.932123907 -21.2711388 29.51510338
4.763205753 -12.96048488 33.44073961
31.04140463 -3.211143441 24.38038235
23.97678191 -9.367718401 29.97575293
32.2566176 -8.668900269 23.2469113
15.08553299 -28.6943889 24.40890511
18.51682327 -17.94604215 29.96084941
11.44069686 -25.02273076 27.14455877
21.88664952 -27.56544311 24.05575566
13.2481799 -19.75332231 29.98474257
4.814141331 -2.975302969 35.7318089
14.59130041 -9.017919593 33.66485894
4.802753074 -7.961051376 34.95186722
9.74816847 -11.12046243 33.82160538
33.96135347 -20.98927075 20.34227643
24.41815766 -15.09125137 28.70526592
33.31378184 -14.71905166 21.94642387
28.72776416 -25.07008766 22.80951927
28.63761093 -12.06997794 26.39907445
23.51930851 -21.39857378 26.95072937
4.750635004 17.54114922 31.31822954
14.36855775 14.04736811 31.60937612
7.898915509 21.18208567 29.39153631
4.734761206 12.88308845 33.24104076
30.85391511 3.191748193 24.23312528
23.51007215 9.185375098 29.39227277
31.78867623 8.543141979 22.90967223
27.6819203 0 27.35599051
15.24030143 28.98877597 24.65932571
18.18887394 17.62820187 29.43021626
11.44424092 25.0304822 27.15296751
22.0527557 27.77464782 24.23832401
13.11238315 19.55084643 29.67739239
4.802638942 2.968194102 35.64643517
14.36068024 8.875388492 33.13277509
4.777225026 7.918736041 34.76608774
9.770619052 0 35.35043182
9.63077623 10.98654435 33.41430897
33.44457046 20.66988129 20.03273215
23.85526827 14.7433666 28.04354975
32.66016681 14.43026447 21.51583593
28.59316164 24.95262301 22.7026464
28.04341652 11.81954108 25.85132686
23.17070264 21.08140169 26.5512626
20.00667327 -6.027312585 32.37147735
19.72556933 5.942625776 31.91664162
24.04288059 -3.145371408 30.2437333
15.01069073 -3.092372355 34.29493495
23.86011401 3.121461263 30.01382975
14.90820235 3.071258587 34.06077967
37.97887489 0 -16.74126273
45.97201578 0 -6.40316406
39.12688369 5.573124269 -15.1642395
39.41947107 -5.6147996 -15.27763635
37.97887489 0 16.74126273
45.97201578 0 6.40316406
39.12688369 5.573124269 15.1642395
39.41947107 -5.6147996 15.27763635
41.90922118 18.16463978 -11.22636478
47.01029907 6.333690645 -3.914436093
40.46447199 11.66279618 -13.30462098
46.42403068 20.31952439 -4.186052235
43.42938725 5.967653224 -9.891991776
42.215387 -18.2973407 -11.30837845
47.25058866 -6.366064826 -3.934444437
40.96938055 -11.8083225 -13.4706337
45.89638652 -20.08857765 -4.138474591
43.71131937 -6.006393655 -9.956207977
41.90922118 18.16463978 11.22636478
47.01029907 6.333690645 3.914436093
40.46447199 11.66279618 13.30462098
46.42403068 20.31952439 4.186052235
43.42938725 5.967653224 9.891991776
47.58060778 13.15095655 0
42.215387 -18.2973407 11.30837845
47.25058866 -6.366064826 3.934444437
40.96938055 -11.8083225 13.4706337
45.89638652 -20.08857765 4.138474591
43.71131937 -6.006393655 9.956207977
47.74422471 -13.19617916 0
-30.41200436 38.72094045 -4.005569189
-37.51180417 30.00466243 -11.72280873
-27.63768718 38.34910777 -10.30624459
-35.416996 5.372373324 -19.8368433
-37.88993903 17.22349011 -16.83848233
-19.76110211 32.99108513 -20.38961194
-33.4434541 28.44870126 -17.58226431
-23.85788143 36.21529694 -16.00103011
-31.25203685 33.90208524 -14.28881138
-38.66258482 -49.22568162 -5.092254251
-39.74844689 -31.79369154 -12.42178164
-32.10070061 -44.5418323 -11.97052669
-35.12335031 -5.327830465 -19.67237414
-37.3000693 -16.9553552 -16.57634121
-20.44267571 -34.12896969 -21.09286327
-34.11624757 -29.02101357 -17.93597277
-25.70198958 -39.01457836 -17.23783859
-33.97946855 -36.86079229 -15.53582632
-4.750635004 -17.54114922 -31.31822954
-14.36855775 -14.04736811 -31.60937612
-7.898915509 -21.18208567 -29.39153631
-4.734761206 -12.88308845 -33.24104076
-30.85391511 -3.191748193 -24.23312528
-23.51007215 -9.185375098 -29.39227277
-31.78867623 -8.543141979 -22.90967223
-15.24030143 -28.98877597 -24.65932571
-18.18887394 -17.62820187 -29.43021626
-11.44424092 -25.0304822 -27.15296751
-22.0527557 -27.77464782 -24.23832401
-13.11238315 -19.55084643 -29.67739239
-4.802638942 -2.968194102 -35.64643517
-14.36068024 -8.875388492 -33.13277509
-4.777225026 -7.918736041 -34.76608774
-9.63077623 -10.98654435 -33.41430897
-33.44457046 -20.66988129 -20.03273215
-23.85526827 -14.7433666 -28.04354975
-32.66016681 -14.43026447 -21.51583593
-28.59316164 -24.95262301 -22.7026464
-28.04341652 -11.81954108 -25.85132686
-23.17070264 -21.08140169 -26.5512626
-4.772445169 17.62168063 -31.46201153
-14.62012509 14.293312 -32.16279886
-7.932123907 21.2711388 -29.51510338
-4.763205753 12.96048488 -33.44073961
-31.04140463 3.211143441 -24.38038235
-23.97678191 9.367718401 -29.97575293
-32.2566176 8.668900269 -23.2469113
-27.6819203 0 -27.35599051
-15.08553299 28.6943889 -24.40890511
-18.51682327 17.94604215 -29.96084941
-11.44069686 25.02273076 -27.14455877
-21.88664952 27.56544311 -24.05575566
-13.2481799 19.75332231 -29.98474257
-4.814141331 2.975302969 -35.7318089
-14.59130041 9.017919593 -33.66485894
-4.802753074 7.961051376 -34.95186722
-9.770619052 0 -35.35043182
-9.74816847 11.12046243 -33.82160538
-33.96135347 20.98927075 -20.34227643
-24.41815766 15.09125137 -28.70526592
-33.31378184 14.71905166 -21.94642387
-28.72776416 25.07008766 -22.80951927
-28.63761093 12.06997794 -26.39907445
-23.51930851 21.39857378 -26.95072937
-19.72556933 -5.942625776 -31.91664162
-20.00667327 6.027312585 -32.37147735
-23.86011401 -3.121461263 -30.01382975
-14.90820235 -3.071258587 -34.06077967
-24.04288059 3.145371408 -30.2437333
-15.01069073 3.092372355 -34.29493495
-30.41200436 38.72094045 4.005569189
-37.51180417 30.00466243 11.72280873
-27.63768718 38.34910777 10.30624459
-35.31106636 35.73177598 0
-35.416996 5.372373324 19.8368433
-37.88993903 17.22349011 16.83848233
-19.76110211 32.99108513 20.38961194
-33.4434541 28.44870126 17.58226431
-23.85788143 36.21529694 16.00103011
-31.25203685 33.90208524 14.28881138
-42.16482038 26.05929213 -7.850755459
-42.16482038 26.05929213 7.850755459
-39.66781703 31.53475064 -4.125483327
-39.66781703 31.53475064 4.125483327
-38.66258482 -49.22568162 5.092254251
-39.74844689 -31.79369154 12.42178164
-32.10070061 -44.5418323 11.97052669
-44.66261157 -45.19473909 0
-35.12335031 -5.327830465 19.67237414
-37.3000693 -16.9553552 16.57634121
-20.44267571 -34.12896969 21.09286327
-34.11624757 -29.02101357 17.93597277
-25.70198958 -39.01457836 17.23783859
-33.97946855 -36.86079229 15.53582632
-43.82579405 -27.0858303 -8.160015595
-43.82579405 -27.0858303 8.160015595
-45.28315137 -35.99877668 -4.709482396
-45.28315137 -35.99877668 4.709482396
-4.750635004 -17.54114922 31.31822954
-14.36855775 -14.04736811 31.60937612
-7.898915509 -21.18208567 29.39153631
-4.734761206 -12.88308845 33.24104076
-30.85391511 -3.191748193 24.23312528
-23.51007215 -9.185375098 29.39227277
-31.78867623 -8.543141979 22.90967223
-15.24030143 -28.98877597 24.65932571
-18.18887394 -17.62820187 29.43021626
-11.44424092 -25.0304822 27.15296751
-22.0527557 -27.77464782 24.23832401
-13.11238315 -19.55084643 29.67739239
-4.802638942 -2.968194102 35.64643517
-14.36068024 -8.875388492 33.13277509
-4.777225026 -7.918736041 34.76608774
-9.63077623 -10.98654435 33.41430897
-33.44457046 -20.66988129 20.03273215
-23.85526827 -14.7433666 28.04354975
-32.66016681 -14.43026447 21.51583593
-28.59316164 -24.95262301 22.7026464
-28.04341652 -11.81954108 25.85132686
-23.17070264 -21.08140169 26.5512626
-4.772445169 17.62168063 31.46201153
-14.62012509 14.293312 32.16279886
-7.932123907 21.2711388 29.51510338
-4.763205753 12.96048488 33.44073961
-31.04140463 3.211143441 24.38038235
-23.97678191 9.367718401 29.97575293
-32.2566176 8.668900269 23.2469113
-27.6819203 0 27.35599051
-15.08553299 28.6943889 24.40890511
-18.51682327 17.94604215 29.96084941
-11.44069686 25.02273076 27.14455877
-21.88664952 27.56544311 24.05575566
-13.2481799 19.75332231 29.98474257
-4.814141331 2.975302969 35.7318089
-14.59130041 9.017919593 33.66485894
-4.802753074 7.961051376 34.95186722
-9.770619052 0 35.35043182
-9.74816847 11.12046243 33.82160538
-33.96135347 20.98927075 20.34227643
-24.41815766 15.09125137 28.70526592
-33.31378184 14.71905166 21.94642387
-28.72776416 25.07008766 22.80951927
-28.63761093 12.06997794 26.39907445
-23.51930851 21.39857378 26.95072937
-19.72556933 -5.942625776 31.91664162
-20.00667327 6.027312585 32.37147735
-23.86011401 -3.121461263 30.01382975
-14.90820235 -3.071258587 34.06077967
-24.04288059 3.145371408 30.2437333
-15.01069073 3.092372355 34.29493495
-37.97887489 0 -16.74126273
-45.97201578 0 -6.40316406
-39.41947107 5.6147996 -15.27763635
-39.12688369 -5.573124269 -15.1642395
-37.97887489 0 16.74126273
-45.97201578 0 6.40316406
-39.41947107 5.6147996 15.27763635
-39.12688369 -5.573124269 15.1642395
-42.215387 18.2973407 -11.30837845
-47.25058866 6.366064826 -3.934444437
-40.96938055 11.8083225 -13.4706337
-45.89638652 20.08857765 -4.138474591
-43.71131937 6.006393655 -9.956207977
-41.90922118 -18.16463978 -11.22636478
-47.01029907 -6.333690645 -3.914436093
-40.46447199 -11.66279618 -13.30462098
-46.42403068 -20.31952439 -4.186052235
-43.42938725 -5.967653224 -9.891991776
-42.215387 18.2973407 11.30837845
-47.25058866 6.366064826 3.934444437
-40.96938055 11.8083225 13.4706337
-45.89638652 20.08857765 4.138474591
-43.71131937 6.006393655 9.956207977
-47.74422471 13.19617916 0
-41.90922118 -18.16463978 11.22636478
-47.01029907 -6.333690645 3.914436093
-40.46447199 -11.66279618 13.30462098
-46.42403068 -20.31952439 4.186052235
-43.42938725 -5.967653224 9.891991776
-47.58060778 -13.15095655 0
-22.72631513 43.19051582 0
-16.53200076 45.86056884 0
-3.443896895 49.69014043 0
-10.11551218 48.02625061 0
27.68865521 52.62125841 0
18.86431913 52.3305327 0
3.52786665 50.90169497 0
10.89989147 51.75031277 0
-27.68865521 -52.62125841 0
-18.86431913 -52.3305327 0
-3.52786665 -50.90169497 0
-10.89989147 -51.75031277 0
22.72631513 -43.19051582 0
16.53200076 -45.86056884 0
3.443896895 -49.69014043 0
10.11551218 -48.02625061 0
-30.45510817 -51.72202343 3.955483566
-25.04720019 -47.11974847 10.66693315
-25.86108763 -51.84972684 3.821802202
-15.20152155 -36.73243686 19.63623124
-19.77121792 -41.71100567 15.72810436
-17.2724119 -51.59177615 3.60098598
-21.00951331 -47.39630352 10.38509988
-21.43483962 -51.76858035 3.705449751
-23.4990829 -49.89537407 7.330112466
-1.479004003 -20.81850533 29.81296647
-4.513975371 -24.45385697 27.74943079
-11.24366447 -32.27658012 22.78830793
-7.729842071 -28.22941907 25.43917027
-2.075728808 -50.16753738 3.358599763
-5.944856239 -47.10032896 9.618979454
-5.63611402 -50.63223683 3.4060942
-11.95688315 -37.11376308 19.34664334
-9.21645551 -42.3229506 14.91253827
-13.9695979 -39.49078509 17.52247112
-13.13269553 -51.32757869 3.534619556
-9.436985214 -47.29752395 9.759656802
-9.33552341 -51.01819015 3.462143728
-15.22611792 -49.77640962 6.962121924
-7.630806577 -49.31617505 6.709739931
-18.44476027 -44.63270294 13.14646081
-11.12674628 -44.80513682 12.64391487
-16.14407309 -42.01713551 15.46133202
-16.99157568 -47.42139257 10.19611818
-12.60928674 -42.20528048 15.18595815
-13.1208981 -47.37826382 9.987725463
24.71419278 -41.97220548 3.209858354
21.95363401 -41.30001378 9.349465997
21.65967224 -43.42617391 3.200908803
14.69798432 -35.51570672 18.9857981
18.44935357 -38.92229069 14.67655455
15.38555176 -45.95582523 3.207609714
18.82076869 -42.45861635 9.303193264
18.53337275 -44.76107186 3.203871952
20.34044453 -43.18866794 6.344832545
1.480217506 -20.83558664 29.83742762
4.514150417 -24.45480526 27.75050688
0 -22.64664085 28.83398349
11.0784205 -31.80222319 22.45339661
7.693561681 -28.09692292 25.31977029
-3.028561664 -26.3348315 26.6485948
3.025722039 -26.31013956 26.62360868
-1.505826675 -24.48633732 27.7654666
1.505811937 -24.48609767 27.76519485
2.0477058 -49.49025945 3.313257584
5.772528934 -45.73500196 9.340148016
5.432525922 -48.80329568 3.283059031
0 -48.47379216 6.530866853
11.63621609 -36.11842333 18.82779314
8.927829473 -40.99754893 14.44553153
13.42948074 -37.96392292 16.84498653
12.04092664 -47.06052983 3.240773738
9.002765691 -45.12124542 9.310590344
8.781672498 -47.99142134 3.256744269
13.90451009 -45.45588006 6.357818525
7.299328423 -47.1739068 6.41827242
-3.779203782 -44.54555756 12.3120893
3.721169127 -43.86150182 12.12302094
-1.968683734 -46.71533068 9.562475021
1.949708542 -46.26506416 9.47030694
17.04088114 -41.23559076 12.14584917
10.6215422 -42.77078309 12.06982455
15.25868474 -39.71279247 14.61338719
15.57089906 -43.4564593 9.343614153
12.06952907 -40.39862606 14.53590256
12.27992951 -44.34160953 9.347573906
-9.721498549 -34.44536547 21.28840662
-3.176741618 -34.33594942 21.22078378
-7.955512459 -32.32234172 22.76518201
-8.44523968 -37.00289954 19.35329511
9.559268221 -33.87054844 20.93315016
3.159415635 -34.14868079 21.1050454
7.871318037 -31.98026936 22.52425456
8.287532946 -36.31190596 18.99189092
-4.645059552 -28.31997565 25.40535484
-1.606036682 -32.27943641 22.68214164
-6.260346717 -30.27317191 24.13944214
-1.548146664 -28.29703689 25.40477257
-4.7383717 -32.31792433 22.72686728
-5.520786932 -42.04109028 14.94124885
-1.715555881 -36.75267136 19.28328831
-7.038663374 -39.5565459 17.23032315
-1.835333529 -41.84261997 14.84816015
-5.022567393 -36.87987204 19.3294601
4.631215375 -28.23557053 25.32963649
1.60255087 -32.20937573 22.63291135
6.222192975 -30.08867177 23.99232408
1.546588891 -28.26856389 25.37920982
4.708212612 -32.11222516 22.58221388
0 -30.26563322 24.06029038
5.419219539 -41.26764911 14.66637071
1.709114301 -36.61467219 19.2108833
6.902802098 -38.79301986 16.89774102
1.824103172 -41.58658609 14.75730465
4.967277902 -36.47389056 19.11667729
0 -39.17351063 17.14601453
-24.71419278 41.97220548 3.209858354
-21.95363401 41.30001378 9.349465997
-21.65967224 43.42617391 3.200908803
-14.69798432 35.51570672 18.9857981
-18.44935357 38.92229069 14.67655455
-15.38555176 45.95582523 3.207609714
-18.82076869 42.45861635 9.303193264
-18.53337275 44.76107186 3.203871952
-20.34044453 43.18866794 6.344832545
-1.480217506 20.83558664 29.83742762
-4.514150417 24.45480526 27.75050688
-11.0784205 31.80222319 22.45339661
-7.693561681 28.09692292 25.31977029
-2.0477058 49.49025945 3.313257584
-5.772528934 45.73500196 9.340148016
-5.432525922 48.80329568 3.283059031
-11.63621609 36.11842333 18.82779314
-8.927829473 40.99754893 14.44553153
-13.42948074 37.96392292 16.84498653
-12.04092664 47.06052983 3.240773738
-9.002765691 45.12124542 9.310590344
-8.781672498 47.99142134 3.256744269
-13.90451009 45.45588006 6.357818525
-7.299328423 47.1739068 6.41827242
-17.04088114 41.23559076 12.14584917
-10.6215422 42.77078309 12.06982455
-15.25868474 39.71279247 14.61338719
-15.57089906 43.4564593 9.343614153
-12.06952907 40.39862606 14.53590256
-12.27992951 44.34160953 9.347573906
30.45510817 51.72202343 3.955483566
25.04720019 47.11974847 10.66693315
25.86108763 51.84972684 3.821802202
15.20152155 36.73243686 19.63623124
19.77121792 41.71100567 15.72810436
17.2724119 51.59177615 3.60098598
21.00951331 47.39630352 10.38509988
21.43483962 51.76858035 3.705449751
23.4990829 49.89537407 7.330112466
1.479004003 20.81850533 29.81296647
4.513975371 24.45385697 27.74943079
0 22.64664085 28.83398349
11.24366447 32.27658012 22.78830793
7.729842071 28.22941907 25.43917027
-3.025722039 26.31013956 26.62360868
3.028561664 26.3348315 26.6485948
-1.505811937 24.48609767 27.76519485
1.505826675 24.48633732 27.7654666
2.075728808 50.16753738 3.358599763
5.944856239 47.10032896 9.618979454
5.63611402 50.63223683 3.4060942
0 48.47379216 6.530866853
11.95688315 37.11376308 19.34664334
9.21645551 42.3229506 14.91253827
13.9695979 39.49078509 17.52247112
13.13269553 51.32757869 3.534619556
9.436985214 47.29752395 9.759656802
9.33552341 51.01819015 3.462143728
15.22611792 49.77640962 6.962121924
7.630806577 49.31617505 6.709739931
-3.721169127 43.86150182 12.12302094
3.779203782 44.54555756 12.3120893
-1.949708542 46.26506416 9.47030694
1.968683734 46.71533068 9.562475021
18.44476027 44.63270294 13.14646081
11.12674628 44.80513682 12.64391487
16.14407309 42.01713551 15.46133202
16.99157568 47.42139257 10.19611818
12.60928674 42.20528048 15.18595815
13.1208981 47.37826382 9.987725463
-9.559268221 33.87054844 20.93315016
-3.159415635 34.14868079 21.1050454
-7.871318037 31.98026936 22.52425456
-8.287532946 36.31190596 18.99189092
9.721498549 34.44536547 21.28840662
3.176741618 34.33594942 21.22078378
7.955512459 32.32234172 22.76518201
8.44523968 37.00289954 19.35329511
-4.631215375 28.23557053 25.32963649
-1.60255087 32.20937573 22.63291135
-6.222192975 30.08867177 23.99232408
-1.546588891 28.26856389 25.37920982
-4.708212612 32.11222516 22.58221388
-5.419219539 41.26764911 14.66637071
-1.709114301 36.61467219 19.2108833
-6.902802098 38.79301986 16.89774102
-1.824103172 41.58658609 14.75730465
-4.967277902 36.47389056 19.11667729
4.645059552 28.31997565 25.40535484
1.606036682 32.27943641 22.68214164
6.260346717 30.27317191 24.13944214
1.548146664 28.29703689 25.40477257
4.7383717 32.31792433 22.72686728
0 30.26563322 24.06029038
5.520786932 42.04109028 14.94124885
1.715555881 36.75267136 19.28328831
7.038663374 39.5565459 17.23032315
1.835333529 41.84261997 14.84816015
5.022567393 36.87987204 19.3294601
0 39.17351063 17.14601453
0 -16.75549708 31.8431984
0 -12.15264651 33.71202856
0 -2.485600426 35.86339487
0 -7.393765515 35.10398971
0 16.75549708 31.8431984
0 12.15264651 33.71202856
0 2.485600426 35.86339487
0 7.393765515 35.10398971
-30.45510817 -51.72202343 -3.955483566
-25.04720019 -47.11974847 -10.66693315
-25.86108763 -51.84972684 -3.821802202
-15.20152155 -36.73243686 -19.63623124
-19.77121792 -41.71100567 -15.72810436
-17.2724119 -51.59177615 -3.60098598
-21.00951331 -47.39630352 -10.38509988
-21.43483962 -51.76858035 -3.705449751
-23.4990829 -49.89537407 -7.330112466
-1.479004003 -20.81850533 -29.81296647
-4.513975371 -24.45385697 -27.74943079
-11.24366447 -32.27658012 -22.78830793
-7.729842071 -28.22941907 -25.43917027
-2.075728808 -50.16753738 -3.358599763
-5.944856239 -47.10032896 -9.618979454
-5.63611402 -50.63223683 -3.4060942
-11.95688315 -37.11376308 -19.34664334
-9.21645551 -42.3229506 -14.91253827
-13.9695979 -39.49078509 -17.52247112
-13.13269553 -51.32757869 -3.534619556
-9.436985214 -47.29752395 -9.759656802
-9.33552341 -51.01819015 -3.462143728
-15.22611792 -49.77640962 -6.962121924
-7.630806577 -49.31617505 -6.709739931
-18.44476027 -44.63270294 -13.14646081
-11.12674628 -44.80513682 -12.64391487
-16.14407309 -42.01713551 -15.46133202
-16.99157568 -47.42139257 -10.19611818
-12.60928674 -42.20528048 -15.18595815
-13.1208981 -47.37826382 -9.987725463
24.71419278 -41.97220548 -3.209858354
21.95363401 -41.30001378 -9.349465997
21.65967224 -43.42617391 -3.200908803
14.69798432 -35.51570672 -18.9857981
18.44935357 -38.92229069 -14.67655455
15.38555176 -45.95582523 -3.207609714
18.82076869 -42.45861635 -9.303193264
18.53337275 -44.76107186 -3.203871952
20.34044453 -43.18866794 -6.344832545
1.480217506 -20.83558664 -29.83742762
4.514150417 -24.45480526 -27.75050688
0 -22.64664085 -28.83398349
11.0784205 -31.80222319 -22.45339661
7.693561681 -28.09692292 -25.31977029
-3.028561664 -26.3348315 -26.6485948
3.025722039 -26.31013956 -26.62360868
-1.505826675 -24.48633732 -27.7654666
1.505811937 -24.48609767 -27.76519485
2.0477058 -49.49025945 -3.313257584
5.772528934 -45.73500196 -9.340148016
5.432525922 -48.80329568 -3.283059031
0 -48.47379216 -6.530866853
11.63621609 -36.11842333 -18.82779314
8.927829473 -40.99754893 -14.44553153
13.42948074 -37.96392292 -16.84498653
12.04092664 -47.06052983 -3.240773738
9.002765691 -45.12124542 -9.310590344
8.781672498 -47.99142134 -3.256744269
13.90451009 -45.45588006 -6.357818525
7.299328423 -47.1739068 -6.41827242
-3.779203782 -44.54555756 -12.3120893
3.721169127 -43.86150182 -12.12302094
-1.968683734 -46.71533068 -9.562475021
1.949708542 -46.26506416 -9.47030694
17.04088114 -41.23559076 -12.14584917
10.6215422 -42.77078309 -12.06982455
15.25868474 -39.71279247 -14.61338719
15.57089906 -43.4564593 -9.343614153
12.06952907 -40.39862606 -14.53590256
12.27992951 -44.34160953 -9.347573906
-9.721498549 -34.44536547 -21.28840662
-3.176741618 -34.33594942 -21.22078378
-7.955512459 -32.32234172 -22.76518201
-8.44523968 -37.00289954 -19.35329511
9.559268221 -33.87054844 -20.93315016
3.159415635 -34.14868079 -21.1050454
7.871318037 -31.98026936 -22.52425456
8.287532946 -36.31190596 -18.99189092
-4.645059552 -28.31997565 -25.40535484
-1.606036682 -32.27943641 -22.68214164
-6.260346717 -30.27317191 -24.13944214
-1.548146664 -28.29703689 -25.40477257
-4.7383717 -32.31792433 -22.72686728
-5.520786932 -42.04109028 -14.94124885
-1.715555881 -36.75267136 -19.28328831
-7.038663374 -39.5565459 -17.23032315
-1.835333529 -41.84261997 -14.84816015
-5.022567393 -36.87987204 -19.3294601
4.631215375 -28.23557053 -25.32963649
1.60255087 -32.20937573 -22.63291135
6.222192975 -30.08867177 -23.99232408
1.546588891 -28.26856389 -25.37920982
4.708212612 -32.11222516 -22.58221388
0 -30.26563322 -24.06029038
5.419219539 -41.26764911 -14.66637071
1.709114301 -36.61467219 -19.2108833
6.902802098 -38.79301986 -16.89774102
1.824103172 -41.58658609 -14.75730465
4.967277902 -36.47389056 -19.11667729
0 -39.17351063 -17.14601453
-24.71419278 41.97220548 -3.209858354
-21.95363401 41.30001378 -9.349465997
-21.65967224 43.42617391 -3.200908803
-14.69798432 35.51570672 -18.9857981
-18.44935357 38.92229069 -14.67655455
-15.38555176 45.95582523 -3.207609714
-18.82076869 42.45861635 -9.303193264
-18.53337275 44.76107186 -3.203871952
-20.34044453 43.18866794 -6.344832545
-1.480217506 20.83558664 -29.83742762
-4.514150417 24.45480526 -27.75050688
-11.0784205 31.80222319 -22.45339661
-7.693561681 28.09692292 -25.31977029
-2.0477058 49.49025945 -3.313257584
-5.772528934 45.73500196 -9.340148016
-5.432525922 48.80329568 -3.283059031
-11.63621609 36.11842333 -18.82779314
-8.927829473 40.99754893 -14.44553153
-13.42948074 37.96392292 -16.84498653
-12.04092664 47.06052983 -3.240773738
-9.002765691 45.12124542 -9.310590344
-8.781672498 47.99142134 -3.256744269
-13.90451009 45.45588006 -6.357818525
-7.299328423 47.1739068 -6.41827242
-17.04088114 41.23559076 -12.14584917
-10.6215422 42.77078309 -12.06982455
-15.25868474 39.71279247 -14.61338719
-15.57089906 43.4564593 -9.343614153
-12.06952907 40.39862606 -14.53590256
-12.27992951 44.34160953 -9.347573906
30.45510817 51.72202343 -3.955483566
25.04720019 47.11974847 -10.66693315
25.86108763 51.84972684 -3.821802202
15.20152155 36.73243686 -19.63623124
19.77121792 41.71100567 -15.72810436
17.2724119 51.59177615 -3.60098598
21.00951331 47.39630352 -10.38509988
21.43483962 51.76858035 -3.705449751
23.4990829 49.89537407 -7.330112466
1.479004003 20.81850533 -29.81296647
4.513975371 24.45385697 -27.74943079
0 22.64664085 -28.83398349
11.24366447 32.27658012 -22.78830793
7.729842071 28.22941907 -25.43917027
-3.025722039 26.31013956 -26.62360868
3.028561664 26.3348315 -26.6485948
-1.505811937 24.48609767 -27.76519485
1.505826675 24.48633732 -27.7654666
2.075728808 50.16753738 -3.358599763
5.944856239 47.10032896 -9.618979454
5.63611402 50.63223683 -3.4060942
0 48.47379216 -6.530866853
11.95688315 37.11376308 -19.34664334
9.21645551 42.3229506 -14.91253827
13.9695979 39.49078509 -17.52247112
13.13269553 51.32757869 -3.534619556
9.436985214 47.29752395 -9.759656802
9.33552341 51.01819015 -3.462143728
15.22611792 49.77640962 -6.962121924
7.630806577 49.31617505 -6.709739931
-3.721169127 43.86150182 -12.12302094
3.779203782 44.54555756 -12.3120893
-1.949708542 46.26506416 -9.47030694
1.968683734 46.71533068 -9.562475021
18.44476027 44.63270294 -13.14646081
11.12674628 44.80513682 -12.64391487
16.14407309 42.01713551 -15.46133202
16.99157568 47.42139257 -10.19611818
12.60928674 42.20528048 -15.18595815
13.1208981 47.37826382 -9.987725463
-9.559268221 33.87054844 -20.93315016
-3.159415635 34.14868079 -21.1050454
-7.871318037 31.98026936 -22.52425456
-8.287532946 36.31190596 -18.99189092
9.721498549 34.44536547 -21.28840662
3.176741618 34.33594942 -21.22078378
7.955512459 32.32234172 -22.76518201
8.44523968 37.00289954 -19.35329511
-4.631215375 28.23557053 -25.32963649
-1.60255087 32.20937573 -22.63291135
-6.222192975 30.08867177 -23.99232408
-1.546588891 28.26856389 -25.37920982
-4.708212612 32.11222516 -22.58221388
-5.419219539 41.26764911 -14.66637071
-1.709114301 36.61467219 -19.2108833
-6.902802098 38.79301986 -16.89774102
-1.824103172 41.58658609 -14.75730465
-4.967277902 36.47389056 -19.11667729
4.645059552 28.31997565 -25.40535484
1.606036682 32.27943641 -22.68214164
6.260346717 30.27317191 -24.13944214
1.548146664 28.29703689 -25.40477257
4.7383717 32.31792433 -22.72686728
0 30.26563322 -24.06029038
5.520786932 42.04109028 -14.94124885
1.715555881 36.75267136 -19.28328831
7.038663374 39.5565459 -17.23032315
1.835333529 41.84261997 -14.84816015
5.022567393 36.87987204 -19.3294601
0 39.17351063 -17.14601453
0 -16.75549708 -31.8431984
0 -12.15264651 -33.71202856
0 -2.485600426 -35.86339487
0 -7.393765515 -35.10398971
0 16.75549708 -31.8431984
0 12.15264651 -33.71202856
0 2.485600426 -35.86339487
0 7.393765515 -35.10398971
36.01013979 51.56801956 -2.558259589
40.09054584 45.49342987 -7.400376012
33.34046126 49.96968272 -6.433815727
39.14123541 27.63497625 -13.6349922
40.2539841 36.27520471 -11.02243511
27.15213747 44.715566 -12.77498082
36.73203433 43.40064668 -10.84931911
30.22959755 47.46447938 -9.856773871
35.47990113 47.12620084 -8.791826987
34.60858266 2.646719344 -20.37832355
35.64446336 8.069166756 -18.94734243
37.89542425 20.25793487 -15.68281763
36.72830506 13.84926126 -17.40939379
16.73305161 34.36387693 -21.23804393
24.21660312 33.61593754 -20.77579196
18.99880608 36.70942277 -19.52622827
36.49851493 26.51706259 -16.38844596
31.24798972 31.12250185 -19.23476396
36.91308865 30.42999983 -15.33264026
24.1487824 41.84354931 -15.40535809
26.95245947 35.93091963 -18.83604617
21.47631284 39.21826973 -17.58684823
28.79182118 41.73250984 -14.80603972
22.97157431 36.49896544 -19.2887507
37.21708346 38.96983492 -12.67104682
30.86218657 34.74254734 -18.0228889
37.2028043 34.63817176 -14.10495849
33.32374045 40.87890223 -13.91909921
34.17005558 32.89086255 -16.84520472
30.02947784 38.34581717 -16.57335815
28.13333396 -40.28810564 -1.998669591
32.57271536 -36.96244366 -6.012648029
26.98049367 -40.43755418 -5.206512387
38.24744503 -27.00393138 -13.32363705
36.24926756 -32.66632187 -9.925854751
23.97880744 -39.48955944 -11.28194071
31.18245411 -36.84355355 -9.210173126
25.59034093 -40.1802309 -8.344080778
29.15656516 -38.72722588 -7.22492082
34.75761968 -2.658117072 -20.46607996
36.07240671 -8.166044249 -19.17482205
38.3065108 -20.47769134 -15.85294359
37.33681384 -14.07871365 -17.69782989
16.25951611 -33.39139946 -20.6370198
23.33657189 -32.39433454 -20.02079979
18.20752354 -35.18050959 -18.7129791
36.15763925 -26.26940808 -16.23538706
30.32624396 -30.20445771 -18.66738147
35.59942415 -29.34705576 -14.78698163
22.11275052 -38.31563643 -14.10650171
25.47179815 -33.95701729 -17.80126844
20.18799933 -36.86565795 -16.53185456
25.85878136 -37.48119442 -13.29773971
21.83162101 -34.68772188 -18.33155575
33.06056073 -34.61755931 -11.25590385
29.17212155 -32.83998728 -17.03592533
34.54622973 -32.16473225 -13.09775286
29.55665381 -36.25774133 -12.3456128
32.54242249 -31.32416167 -16.04281174
27.61952991 -35.2684602 -15.24330071
2.38053741 -18.32886501 -31.12797959
7.189148197 -16.88095646 -31.75709925
3.888342706 -20.14965066 -30.19969168
2.372659222 -16.05513441 -32.18945566
17.10499315 -13.24194641 -31.99738652
12.1206684 -15.23644368 -32.14406879
7.024364048 -23.78206214 -28.09963824
8.805048211 -18.71438265 -30.81982821
5.444998004 -21.97358878 -29.18643302
6.340436654 -19.44539368 -30.53184833
2.373738923 -11.38582506 -34.0088542
7.180607146 -14.52668372 -32.77139745
2.373486614 -13.72985962 -33.15981614
4.775467276 -15.30932874 -32.50614874
32.5800542 -1.616277623 -22.75077298
29.44706224 -4.790127578 -25.94987457
33.22908842 -4.278390817 -22.17090593
21.83117076 -10.77141664 -30.92092377
25.94914199 -7.884799988 -28.7953261
34.47513914 -9.849349585 -20.93395659
30.03062887 -7.507074219 -25.41635148
33.86282473 -7.032168273 -21.5668554
31.65731588 -5.905963968 -23.83384227
14.00936083 -31.20008245 -22.66762198
16.08547914 -26.13179387 -26.02685198
12.19104766 -29.34975422 -24.19502265
17.39083591 -30.85517687 -22.53375652
19.08957887 -15.04031678 -30.88758744
17.81580823 -20.76639764 -28.82658326
16.55814549 -16.11089407 -31.12940987
8.738824253 -25.66745717 -26.87627497
14.19659677 -24.31008817 -27.36664128
10.4240237 -27.494084 -25.59873703
9.664435136 -23.13764154 -28.38340995
13.23534239 -26.8475446 -25.84247769
24.40632327 -29.58405421 -21.93322023
19.40917716 -25.52247728 -25.89635489
20.89819697 -30.34197556 -22.30927721
18.4529867 -28.22151271 -24.30357479
11.42913606 -17.9158263 -31.04346002
15.10306975 -21.61095123 -28.8100369
13.97439627 -17.06493979 -31.1625844
10.56710919 -20.54879793 -29.7846012
15.88281278 -18.91533671 -30.05410998
12.3745987 -22.42169234 -28.63113769
2.40376237 -1.485606846 -35.9050935
7.236561802 -4.472441155 -35.43457423
2.402087631 -3.974769627 -35.7074886
17.06070541 -10.54409582 -32.72851873
12.12690994 -7.494842522 -34.41711941
14.64190761 -11.67310024 -32.99879468
2.393440026 -8.89270221 -34.75606904
7.231038531 -6.991967554 -35.04326279
2.396625025 -6.462397515 -35.31669418
4.793920594 -10.48427492 -34.27463032
4.821089211 -5.482894961 -35.43470863
9.714050974 -13.62901727 -32.97954923
9.736266407 -8.56799236 -34.50155691
12.16723162 -12.7045119 -33.06521192
7.241921466 -12.06848081 -33.68164184
12.17324316 -10.10775296 -33.8322506
7.262438321 -9.540682061 -34.45045821
36.2656807 -22.4134233 -17.65911071
31.60983738 -19.53595388 -22.77142756
36.02428709 -19.16179553 -18.64421701
33.93173329 -24.7805877 -19.12486868
21.98117409 -13.5851127 -30.25524444
26.83515918 -16.58504047 -26.94336021
24.24300635 -12.21522501 -29.40796081
21.56547999 -16.64355091 -29.52932853
35.07008748 -12.91160203 -20.23967673
31.38818117 -16.4546089 -23.5448658
35.59768502 -15.96325101 -19.4936448
32.80615223 -11.63910809 -22.63340672
33.70259145 -17.81094003 -21.21160352
27.99251001 -28.40257101 -21.28757251
29.12149788 -21.59028719 -24.02472245
31.14636402 -26.82237466 -20.36543707
25.40675123 -26.52116191 -23.60359688
31.54898101 -23.19674148 -21.72952838
28.22499651 -9.177361232 -26.95551708
28.98286636 -15.03502249 -25.74579867
26.33419296 -10.72350762 -28.28399357
30.5240273 -10.3933066 -24.88263402
26.63638193 -13.64194405 -27.67232539
30.98500394 -13.39195786 -24.2650583
20.29181804 -22.57984307 -27.37009151
26.54008035 -19.89164589 -26.15690898
20.99874262 -19.67055477 -28.55956871
22.80798306 -24.55035792 -25.62720481
24.06661575 -18.2730707 -27.94635391
26.12115478 -23.24759412 -25.02355228
2.375579335 18.29069048 -31.06314764
7.135598081 16.75521455 -31.52054878
3.878430096 20.09828286 -30.12270316
2.366495898 16.01342889 -32.10583892
16.76656357 12.97994886 -31.36430459
11.95089405 15.02302663 -31.69382641
7.017676425 23.75942017 -28.07288567
8.738316495 18.57255005 -30.58625084
5.432953379 21.92498204 -29.12187108
6.309918421 19.35179775 -30.3848903
2.36659367 11.35155229 -33.90648326
7.118892602 14.40183249 -32.48973995
2.366540522 13.6896787 -33.06277278
4.749212318 15.22515985 -32.32743376
32.48672533 1.611647631 -22.68560108
29.16703992 4.744576594 -25.70310821
32.9873727 4.247268859 -22.00962987
30.96257035 0 -24.31846473
21.37017444 10.5439628 -30.26798434
25.51778058 7.753728278 -28.31665161
33.96615806 9.703936608 -20.62489365
29.61032292 7.402005892 -25.06062654
33.47921476 6.952505401 -21.32253849
31.32307002 5.843607324 -23.5821986
27.75198027 -3.153959305 -27.42522559
27.56295428 3.132476865 -27.23842522
29.38377944 -1.593593925 -25.9135258
29.2882758 1.5884144 -25.82930124
14.25062054 31.73738912 -23.0579884
16.12680511 26.19893031 -26.0937188
12.31524597 29.64875967 -24.44151343
17.73907196 31.47302439 -22.98497499
18.69184672 14.72695117 -30.24404331
17.59738471 20.51179961 -28.47316658
16.2604439 15.82123368 -30.56972914
8.751670204 25.70518798 -26.91578273
14.16991112 24.26439197 -27.31519961
10.47671381 27.63305782 -25.72813047
9.639742459 23.07852475 -28.3108902
13.29397121 26.96647163 -25.95695256
24.87467075 30.15176026 -22.35410987
19.40657842 25.51906002 -25.89288757
21.33895386 30.98190804 -22.77979473
18.63660048 28.50232681 -24.54540401
11.3039954 17.71966114 -30.70355691
14.97618718 21.42939523 -28.56800058
13.7720095 16.81779365 -30.71126652
10.4944111 20.40742924 -29.57969335
15.66131539 18.65154856 -29.63498353
12.31228305 22.30878183 -28.48695784
2.402286218 1.484694533 -35.88304415
7.199432716 4.449494118 -35.25276781
2.398320521 3.968536136 -35.65148979
4.826861683 0 -35.82622265
16.73833469 10.34485975 -32.11009668
11.97861828 7.403193235 -33.99625607
14.38680421 11.46972185 -32.42386244
2.38667685 8.867573979 -34.65785833
7.17833634 6.941007791 -34.78785595
2.391034945 6.447324102 -35.2343187
4.76531301 10.42171031 -34.07009744
4.801292706 5.460380929 -35.28920554
9.758696337 -2.995438159 -35.30729503
9.71279165 2.981347686 -35.14121032
7.29502693 -1.501870679 -35.63822071
7.281567639 1.499099735 -35.57246836
9.598300486 13.46661691 -32.5865722
9.630065486 8.4745347 -34.12522198
11.98556312 12.51482128 -32.57151643
7.175945257 11.95853311 -33.37479137
11.99850705 9.962665133 -33.34661864
7.199318484 9.457761385 -34.15103986
35.93695183 22.21025768 -17.49904037
31.01015884 19.16533216 -22.33942482
35.44668235 18.85455992 -18.34528013
33.82244459 24.70077337 -19.06327053
21.48418272 13.27795514 -29.57117747
26.22876618 16.21026899 -26.33452221
23.70210047 11.94268096 -28.75181533
21.10559194 16.28862395 -28.89960987
34.46148418 12.68753519 -19.88843911
30.72585169 16.10739628 -23.04803999
34.9517511 15.67359158 -19.13992499
32.2231593 11.43227135 -22.23119204
33.05528304 17.46885443 -20.80420312
28.36390509 28.77940664 -21.57000877
28.65620003 21.24532162 -23.64085993
31.30201341 26.95641554 -20.46721035
25.46496988 26.58193419 -23.65768367
31.19817484 22.93880732 -21.48790877
27.72948727 9.016246341 -26.48229443
28.33865919 14.70083645 -25.17354236
25.79555205 10.50416845 -27.70547133
29.97964453 10.20794649 -24.43886305
26.03335008 13.33309855 -27.0458404
30.35179595 13.11828047 -23.76917878
20.09429274 22.36004559 -27.10366464
26.03300293 19.51159412 -25.65715247
20.64414955 19.33839001 -28.07730055
22.69358949 24.42722547 -25.49867142
23.56693183 17.89367545 -27.3661168
25.83635672 22.99412639 -24.75072133
19.82943461 -9.055248863 -32.08469918
20.07196106 -3.004763383 -32.47711522
22.01386751 -7.692958357 -31.25561428
17.36151606 -7.576082704 -33.19467982
19.45595611 8.884697313 -31.48039827
19.92137356 2.982220503 -32.23345953
21.63626281 7.561000752 -30.71948555
17.08580081 7.455768238 -32.66752082
25.93152458 -4.741263279 -28.90651004
22.08122885 -1.563488319 -31.42426469
24.06020514 -6.239797315 -30.17380112
25.91533085 -1.579259681 -28.86572084
22.09192141 -4.605990517 -31.41502238
12.36209932 -4.56779196 -34.78398217
17.58055407 -1.564070528 -33.50737258
14.85178857 -6.067021456 -34.09602078
12.39524457 -1.532136488 -34.93022049
17.53219262 -4.555565364 -33.45075427
25.6544437 4.690602415 -28.59764114
21.99383679 1.557300417 -31.29989518
23.71734068 6.150878508 -29.74381626
25.81986148 1.573441853 -28.75938254
21.84538242 4.554589093 -31.06444048
23.98842887 0 -30.17523805
12.25770075 4.529216719 -34.49022963
17.51299505 1.558060076 -33.37860955
14.66969925 5.992637159 -33.67798888
12.35783765 1.527512739 -34.82480652
17.34640909 4.507291369 -33.0962864
15.00685911 0 -34.28618084
36.01013979 51.56801956 2.558259589
40.09054584 45.49342987 7.400376012
33.34046126 49.96968272 6.433815727
39.82647725 50.70756387 0
39.14123541 27.63497625 13.6349922
40.2539841 36.27520471 11.02243511
27.15213747 44.715566 12.77498082
36.73203433 43.40064668 10.84931911
30.22959755 47.46447938 9.856773871
35.47990113 47.12620084 8.791826987
43.36046879 43.87708207 -4.986546184
43.36046879 43.87708207 4.986546184
42.37294887 48.04739398 -2.605792604
42.37294887 48.04739398 2.605792604
34.60858266 2.646719344 20.37832355
35.64446336 8.069166756 18.94734243
37.89542425 20.25793487 15.68281763
36.72830506 13.84926126 17.40939379
16.73305161 34.36387693 21.23804393
24.21660312 33.61593754 20.77579196
18.99880608 36.70942277 19.52622827
36.49851493 26.51706259 16.38844596
31.24798972 31.12250185 19.23476396
36.91308865 30.42999983 15.33264026
24.1487824 41.84354931 15.40535809
26.95245947 35.93091963 18.83604617
21.47631284 39.21826973 17.58684823
28.79182118 41.73250984 14.80603972
22.97157431 36.49896544 19.2887507
37.21708346 38.96983492 12.67104682
30.86218657 34.74254734 18.0228889
37.2028043 34.63817176 14.10495849
33.32374045 40.87890223 13.91909921
34.17005558 32.89086255 16.84520472
30.02947784 38.34581717 16.57335815
41.17576987 25.44802529 -11.62101727
46.05372473 28.46276719 -4.26086322
41.9500368 29.54613349 -10.32518137
41.17576987 25.44802529 11.62101727
46.05372473 28.46276719 4.26086322
41.9500368 29.54613349 10.32518137
43.28750558 38.83246416 -7.100042875
46.49489796 32.67107417 -2.313315223
42.70239035 34.0503428 -8.830649462
45.49194293 40.84217257 -2.48888956
44.64043818 31.39240328 -6.545067275
43.28750558 38.83246416 7.100042875
46.49489796 32.67107417 2.313315223
42.70239035 34.0503428 8.830649462
45.49194293 40.84217257 2.48888956
44.64043818 31.39240328 6.545067275
46.44508248 36.92247782 0
28.13333396 -40.28810564 1.998669591
32.57271536 -36.96244366 6.012648029
26.98049367 -40.43755418 5.206512387
30.57362794 -38.92672159 0
38.24744503 -27.00393138 13.32363705
36.24926756 -32.66632187 9.925854751
23.97880744 -39.48955944 11.28194071
31.18245411 -36.84355355 9.210173126
25.59034093 -40.1802309 8.344080778
29.15656516 -38.72722588 7.22492082
35.12864373 -35.54717989 -4.039868784
35.12864373 -35.54717989 4.039868784
32.92933408 -37.33912155 -2.025042332
32.92933408 -37.33912155 2.025042332
34.75761968 -2.658117072 20.46607996
36.07240671 -8.166044249 19.17482205
38.3065108 -20.47769134 15.85294359
37.33681384 -14.07871365 17.69782989
16.25951611 -33.39139946 20.6370198
23.33657189 -32.39433454 20.02079979
18.20752354 -35.18050959 18.7129791
36.15763925 -26.26940808 16.23538706
30.32624396 -30.20445771 18.66738147
35.59942415 -29.34705576 14.78698163
22.11275052 -38.31563643 14.10650171
25.47179815 -33.95701729 17.80126844
20.18799933 -36.86565795 16.53185456
25.85878136 -37.48119442 13.29773971
21.83162101 -34.68772188 18.33155575
33.06056073 -34.61755931 11.25590385
29.17212155 -32.83998728 17.03592533
34.54622973 -32.16473225 13.09775286
29.55665381 -36.25774133 12.3456128
32.54242249 -31.32416167 16.04281174
27.61952991 -35.2684602 15.24330071
40.49019533 -25.02431692 -11.4275279
43.29814995 -26.75972832 -4.00591908
39.95901536 -28.1438228 -9.835130367
40.49019533 -25.02431692 11.4275279
43.29814995 -26.75972832 4.00591908
39.95901536 -28.1438228 9.835130367
37.2117345 -33.38199619 -6.103491223
41.87135418 -29.42219852 -2.083274623
38.83421554 -30.96590942 -8.030729468
37.63531395 -33.78857635 -2.059049009
41.2114493 -28.9810425 -6.042317664
37.2117345 -33.38199619 6.103491223
41.87135418 -29.42219852 2.083274623
38.83421554 -30.96590942 8.030729468
37.63531395 -33.78857635 2.059049009
41.2114493 -28.9810425 6.042317664
39.93907147 -31.75038996 0
2.38053741 -18.32886501 31.12797959
7.189148197 -16.88095646 31.75709925
3.888342706 -20.14965066 30.19969168
2.372659222 -16.05513441 32.18945566
17.10499315 -13.24194641 31.99738652
12.1206684 -15.23644368 32.14406879
7.024364048 -23.78206214 28.09963824
8.805048211 -18.71438265 30.81982821
5.444998004 -21.97358878 29.18643302
6.340436654 -19.44539368 30.53184833
2.373738923 -11.38582506 34.0088542
7.180607146 -14.52668372 32.77139745
2.373486614 -13.72985962 33.15981614
4.775467276 -15.30932874 32.50614874
32.5800542 -1.616277623 22.75077298
29.44706224 -4.790127578 25.94987457
33.22908842 -4.278390817 22.17090593
21.83117076 -10.77141664 30.92092377
25.94914199 -7.884799988 28.7953261
34.47513914 -9.849349585 20.93395659
30.03062887 -7.507074219 25.41635148
33.86282473 -7.032168273 21.5668554
31.65731588 -5.905963968 23.83384227
14.00936083 -31.20008245 22.66762198
16.08547914 -26.13179387 26.02685198
12.19104766 -29.34975422 24.19502265
17.39083591 -30.85517687 22.53375652
19.08957887 -15.04031678 30.88758744
17.81580823 -20.76639764 28.82658326
16.55814549 -16.11089407 31.12940987
8.738824253 -25.66745717 26.87627497
14.19659677 -24.31008817 27.36664128
10.4240237 -27.494084 25.59873703
9.664435136 -23.13764154 28.38340995
13.23534239 -26.8475446 25.84247769
24.40632327 -29.58405421 21.93322023
19.40917716 -25.52247728 25.89635489
20.89819697 -30.34197556 22.30927721
18.4529867 -28.22151271 24.30357479
11.42913606 -17.9158263 31.04346002
15.10306975 -21.61095123 28.8100369
13.97439627 -17.06493979 31.1625844
10.56710919 -20.54879793 29.7846012
15.88281278 -18.91533671 30.05410998
12.3745987 -22.42169234 28.63113769
2.40376237 -1.485606846 35.9050935
7.236561802 -4.472441155 35.43457423
2.402087631 -3.974769627 35.7074886
17.06070541 -10.54409582 32.72851873
12.12690994 -7.494842522 34.41711941
14.64190761 -11.67310024 32.99879468
2.393440026 -8.89270221 34.75606904
7.231038531 -6.991967554 35.04326279
2.396625025 -6.462397515 35.31669418
4.793920594 -10.48427492 34.27463032
4.821089211 -5.482894961 35.43470863
9.714050974 -13.62901727 32.97954923
9.736266407 -8.56799236 34.50155691
12.16723162 -12.7045119 33.06521192
7.241921466 -12.06848081 33.68164184
12.17324316 -10.10775296 33.8322506
7.262438321 -9.540682061 34.45045821
36.2656807 -22.4134233 17.65911071
31.60983738 -19.53595388 22.77142756
36.02428709 -19.16179553 18.64421701
33.93173329 -24.7805877 19.12486868
21.98117409 -13.5851127 30.25524444
26.83515918 -16.58504047 26.94336021
24.24300635 -12.21522501 29.40796081
21.56547999 -16.64355091 29.52932853
35.07008748 -12.91160203 20.23967673
31.38818117 -16.4546089 23.5448658
35.59768502 -15.96325101 19.4936448
32.80615223 -11.63910809 22.63340672
33.70259145 -17.81094003 21.21160352
27.99251001 -28.40257101 21.28757251
29.12149788 -21.59028719 24.02472245
31.14636402 -26.82237466 20.36543707
25.40675123 -26.52116191 23.60359688
31.54898101 -23.19674148 21.72952838
28.22499651 -9.177361232 26.95551708
28.98286636 -15.03502249 25.74579867
26.33419296 -10.72350762 28.28399357
30.5240273 -10.3933066 24.88263402
26.63638193 -13.64194405 27.67232539
30.98500394 -13.39195786 24.2650583
20.29181804 -22.57984307 27.37009151
26.54008035 -19.89164589 26.15690898
20.99874262 -19.67055477 28.55956871
22.80798306 -24.55035792 25.62720481
24.06661575 -18.2730707 27.94635391
26.12115478 -23.24759412 25.02355228
2.375579335 18.29069048 31.06314764
7.135598081 16.75521455 31.52054878
3.878430096 20.09828286 30.12270316
2.366495898 16.01342889 32.10583892
16.76656357 12.97994886 31.36430459
11.95089405 15.02302663 31.69382641
7.017676425 23.75942017 28.07288567
8.738316495 18.57255005 30.58625084
5.432953379 21.92498204 29.12187108
6.309918421 19.35179775 30.3848903
2.36659367 11.35155229 33.90648326
7.118892602 14.40183249 32.48973995
2.366540522 13.6896787 33.06277278
4.749212318 15.22515985 32.32743376
32.48672533 1.611647631 22.68560108
29.16703992 4.744576594 25.70310821
32.9873727 4.247268859 22.00962987
30.96257035 0 24.31846473
21.37017444 10.5439628 30.26798434
25.51778058 7.753728278 28.31665161
33.96615806 9.703936608 20.62489365
29.61032292 7.402005892 25.06062654
33.47921476 6.952505401 21.32253849
31.32307002 5.843607324 23.5821986
27.75198027 -3.153959305 27.42522559
27.56295428 3.132476865 27.23842522
29.38377944 -1.593593925 25.9135258
29.2882758 1.5884144 25.82930124
14.25062054 31.73738912 23.0579884
16.12680511 26.19893031 26.0937188
12.31524597 29.64875967 24.44151343
17.73907196 31.47302439 22.98497499
18.69184672 14.72695117 30.24404331
17.59738471 20.51179961 28.47316658
16.2604439 15.82123368 30.56972914
8.751670204 25.70518798 26.91578273
14.16991112 24.26439197 27.31519961
10.47671381 27.63305782 25.72813047
9.639742459 23.07852475 28.3108902
13.29397121 26.96647163 25.95695256
24.87467075 30.15176026 22.35410987
19.40657842 25.51906002 25.89288757
21.33895386 30.98190804 22.77979473
18.63660048 28.50232681 24.54540401
11.3039954 17.71966114 30.70355691
14.97618718 21.42939523 28.56800058
13.7720095 16.81779365 30.71126652
10.4944111 20.40742924 29.57969335
15.66131539 18.65154856 29.63498353
12.31228305 22.30878183 28.48695784
2.402286218 1.484694533 35.88304415
7.199432716 4.449494118 35.25276781
2.398320521 3.968536136 35.65148979
4.826861683 0 35.82622265
16.73833469 10.34485975 32.11009668
11.97861828 7.403193235 33.99625607
14.38680421 11.46972185 32.42386244
2.38667685 8.867573979 34.65785833
7.17833634 6.941007791 34.78785595
2.391034945 6.447324102 35.2343187
4.76531301 10.42171031 34.07009744
4.801292706 5.460380929 35.28920554
9.758696337 -2.995438159 35.30729503
9.71279165 2.981347686 35.14121032
7.29502693 -1.501870679 35.63822071
7.281567639 1.499099735 35.57246836
9.598300486 13.46661691 32.5865722
9.630065486 8.4745347 34.12522198
11.98556312 12.51482128 32.57151643
7.175945257 11.95853311 33.37479137
11.99850705 9.962665133 33.34661864
7.199318484 9.457761385 34.15103986
35.93695183 22.21025768 17.49904037
31.01015884 19.16533216 22.33942482
35.44668235 18.85455992 18.34528013
33.82244459 24.70077337 19.06327053
21.48418272 13.27795514 29.57117747
26.22876618 16.21026899 26.33452221
23.70210047 11.94268096 28.75181533
21.10559194 16.28862395 28.89960987
34.46148418 12.68753519 19.88843911
30.72585169 16.10739628 23.04803999
34.9517511 15.67359158 19.13992499
32.2231593 11.43227135 22.23119204
33.05528304 17.46885443 20.80420312
28.36390509 28.77940664 21.57000877
28.65620003 21.24532162 23.64085993
31.30201341 26.95641554 20.46721035
25.46496988 26.58193419 23.65768367
31.19817484 22.93880732 21.48790877
27.72948727 9.016246341 26.48229443
28.33865919 14.70083645 25.17354236
25.79555205 10.50416845 27.70547133
29.97964453 10.20794649 24.43886305
26.03335008 13.33309855 27.0458404
30.35179595 13.11828047 23.76917878
20.09429274 22.36004559 27.10366464
26.03300293 19.51159412 25.65715247
20.64414955 19.33839001 28.07730055
22.69358949 24.42722547 25.49867142
23.56693183 17.89367545 27.3661168
25.83635672 22.99412639 24.75072133
19.82943461 -9.055248863 32.08469918
20.07196106 -3.004763383 32.47711522
22.01386751 -7.692958357 31.25561428
17.36151606 -7.576082704 33.19467982
19.45595611 8.884697313 31.48039827
19.92137356 2.982220503 32.23345953
21.63626281 7.561000752 30.71948555
17.08580081 7.455768238 32.66752082
25.93152458 -4.741263279 28.90651004
22.08122885 -1.563488319 31.42426469
24.06020514 -6.239797315 30.17380112
25.91533085 -1.579259681 28.86572084
22.09192141 -4.605990517 31.41502238
12.36209932 -4.56779196 34.78398217
17.58055407 -1.564070528 33.50737258
14.85178857 -6.067021456 34.09602078
12.39524457 -1.532136488 34.93022049
17.53219262 -4.555565364 33.45075427
25.6544437 4.690602415 28.59764114
21.99383679 1.557300417 31.29989518
23.71734068 6.150878508 29.74381626
25.81986148 1.573441853 28.75938254
21.84538242 4.554589093 31.06444048
23.98842887 0 30.17523805
12.25770075 4.529216719 34.49022963
17.51299505 1.558060076 33.37860955
14.66969925 5.992637159 33.67798888
12.35783765 1.527512739 34.82480652
17.34640909 4.507291369 33.0962864
15.00685911 0 34.28618084
36.02160471 0 -18.95412279
39.98177321 0 -14.41278906
36.55354898 2.694333076 -18.23181319
36.70222554 -2.705291907 -18.30596859
47.41094846 0 -3.285931912
44.07436182 0 -9.283146993
37.66811566 8.253536974 -16.6972679
40.57749713 2.832214922 -13.58494118
37.10521966 5.451115223 -17.47534013
38.55006054 2.759305186 -15.96169645
38.09313254 -8.346663281 -16.88566651
40.72684545 -2.842639087 -13.6349415
37.39898049 -5.494271526 -17.61369183
38.69928198 -2.769986038 -16.02348175
36.02160471 0 18.95412279
39.98177321 0 14.41278906
36.55354898 2.694333076 18.23181319
36.70222554 -2.705291907 18.30596859
47.41094846 0 3.285931912
44.07436182 0 9.283146993
37.66811566 8.253536974 16.6972679
40.57749713 2.832214922 13.58494118
37.10521966 5.451115223 17.47534013
38.55006054 2.759305186 15.96169645
38.09313254 -8.346663281 16.88566651
40.72684545 -2.842639087 13.6349415
37.39898049 -5.494271526 17.61369183
38.69928198 -2.769986038 16.02348175
40.287821 21.00121461 -12.97946444
43.41373368 15.29687689 -9.453989839
39.58598126 17.56471065 -14.0032729
42.85936251 22.41634848 -9.781870973
47.68495494 3.192396653 -1.973009637
46.01885039 9.398116448 -5.808355395
46.54425688 3.131090651 -5.181061616
38.29675565 11.28022199 -15.82638806
42.66469651 12.03988714 -10.59519704
38.91841554 14.32107489 -14.95346452
39.78528858 8.554272286 -14.2554806
41.17259617 14.81438615 -12.30076107
46.92087625 24.61831348 -2.190191412
45.67546449 16.23289208 -5.998048713
45.29001256 23.73737875 -6.167921084
44.37301153 19.32831369 -7.895701809
42.7318943 2.942686819 -10.93340016
44.12004723 9.103997063 -8.80300275
44.75471974 3.037098568 -8.189407201
41.26804151 5.772074337 -12.62349115
45.41339678 6.178745239 -7.026920609
41.96889448 8.847386171 -11.62283173
40.46499524 -21.09357191 -13.03654438
43.77725014 -15.42496232 -9.533150987
40.07189687 -17.78031644 -14.17516226
42.52985148 -22.24400728 -9.706666067
47.81379953 -3.201022498 -1.978340702
46.34053223 -9.463811341 -5.848957072
46.68083578 -3.140278486 -5.196264861
38.82769842 -11.43660997 -16.04580368
43.11675089 -12.16745593 -10.7074586
39.48855802 -14.53087411 -15.17252804
40.20651248 -8.644840034 -14.40640948
41.66612393 -14.99196326 -12.44820785
45.2191893 -23.72547715 -2.110759389
45.79864932 -16.27667152 -6.014225201
44.23075092 -23.18219907 -6.023663182
44.31238936 -19.30190746 -7.884914744
42.88082919 -2.952943063 -10.97150671
44.4912258 -9.18058829 -8.877061735
44.89914343 -3.046899299 -8.215834456
41.55911647 -5.812786381 -12.71252814
45.67797808 -6.214742996 -7.067859889
42.3742034 -8.932828604 -11.73507765
40.287821 21.00121461 12.97946444
43.41373368 15.29687689 9.453989839
39.58598126 17.56471065 14.0032729
42.85936251 22.41634848 9.781870973
47.68495494 3.192396653 1.973009637
46.01885039 9.398116448 5.808355395
46.54425688 3.131090651 5.181061616
47.79553723 6.439485666 0
38.29675565 11.28022199 15.82638806
42.66469651 12.03988714 10.59519704
38.91841554 14.32107489 14.95346452
39.78528858 8.554272286 14.2554806
41.17259617 14.81438615 12.30076107
46.92087625 24.61831348 2.190191412
45.67546449 16.23289208 5.998048713
45.29001256 23.73737875 6.167921084
47.32215555 20.71262834 0
44.37301153 19.32831369 7.895701809
42.7318943 2.942686819 10.93340016
44.12004723 9.103997063 8.80300275
44.75471974 3.037098568 8.189407201
41.26804151 5.772074337 12.62349115
45.41339678 6.178745239 7.026920609
41.96889448 8.847386171 11.62283173
46.77266901 12.92764776 -3.968149851
46.77266901 12.92764776 3.968149851
47.48158348 9.719324457 -2.000975262
47.2311782 16.7603295 -2.071690659
47.48158348 9.719324457 2.000975262
47.2311782 16.7603295 2.071690659
40.46499524 -21.09357191 13.03654438
43.77725014 -15.42496232 9.533150987
40.07189687 -17.78031644 14.17516226
42.52985148 -22.24400728 9.706666067
47.81379953 -3.201022498 1.978340702
46.34053223 -9.463811341 5.848957072
46.68083578 -3.140278486 5.196264861
48.0205969 -6.469807923 0
38.82769842 -11.43660997 16.04580368
43.11675089 -12.16745593 10.7074586
39.48855802 -14.53087411 15.17252804
40.20651248 -8.644840034 14.40640948
41.66612393 -14.99196326 12.44820785
45.2191893 -23.72547715 2.110759389
45.79864932 -16.27667152 6.014225201
44.23075092 -23.18219907 6.023663182
46.54598001 -20.37290089 0
44.31238936 -19.30190746 7.884914744
42.88082919 -2.952943063 10.97150671
44.4912258 -9.18058829 8.877061735
44.89914343 -3.046899299 8.215834456
41.55911647 -5.812786381 12.71252814
45.67797808 -6.214742996 7.067859889
42.3742034 -8.932828604 11.73507765
47.0072763 -12.99249162 -3.988053716
47.0072763 -12.99249162 3.988053716
47.74675038 -9.773603252 -2.012149961
47.12525566 -16.72274211 -2.067044602
47.74675038 -9.773603252 2.012149961
47.12525566 -16.72274211 2.067044602
-28.13333396 40.28810564 -1.998669591
-32.57271536 36.96244366 -6.012648029
-26.98049367 40.43755418 -5.206512387
-38.24744503 27.00393138 -13.32363705
-36.24926756 32.66632187 -9.925854751
-23.97880744 39.48955944 -11.28194071
-31.18245411 36.84355355 -9.210173126
-25.59034093 40.1802309 -8.344080778
-29.15656516 38.72722588 -7.22492082
-34.75761968 2.658117072 -20.46607996
-36.07240671 8.166044249 -19.17482205
-38.3065108 20.47769134 -15.85294359
-37.33681384 14.07871365 -17.69782989
-16.25951611 33.39139946 -20.6370198
-23.33657189 32.39433454 -20.02079979
-18.20752354 35.18050959 -18.7129791
-36.15763925 26.26940808 -16.23538706
-30.32624396 30.20445771 -18.66738147
-35.59942415 29.34705576 -14.78698163
-22.11275052 38.31563643 -14.10650171
-25.47179815 33.95701729 -17.80126844
-20.18799933 36.86565795 -16.53185456
-25.85878136 37.48119442 -13.29773971
-21.83162101 34.68772188 -18.33155575
-33.06056073 34.61755931 -11.25590385
-29.17212155 32.83998728 -17.03592533
-34.54622973 32.16473225 -13.09775286
-29.55665381 36.25774133 -12.3456128
-32.54242249 31.32416167 -16.04281174
-27.61952991 35.2684602 -15.24330071
-36.01013979 -51.56801956 -2.558259589
-40.09054584 -45.49342987 -7.400376012
-33.34046126 -49.96968272 -6.433815727
-39.14123541 -27.63497625 -13.6349922
-40.2539841 -36.27520471 -11.02243511
-27.15213747 -44.715566 -12.77498082
-36.73203433 -43.40064668 -10.84931911
-30.22959755 -47.46447938 -9.856773871
-35.47990113 -47.12620084 -8.791826987
-34.60858266 -2.646719344 -20.37832355
-35.64446336 -8.069166756 -18.94734243
-37.89542425 -20.25793487 -15.68281763
-36.72830506 -13.84926126 -17.40939379
-16.73305161 -34.36387693 -21.23804393
-24.21660312 -33.61593754 -20.77579196
-18.99880608 -36.70942277 -19.52622827
-36.49851493 -26.51706259 -16.38844596
-31.24798972 -31.12250185 -19.23476396
-36.91308865 -30.42999983 -15.33264026
-24.1487824 -41.84354931 -15.40535809
-26.95245947 -35.93091963 -18.83604617
-21.47631284 -39.21826973 -17.58684823
-28.79182118 -41.73250984 -14.80603972
-22.97157431 -36.49896544 -19.2887507
-37.21708346 -38.96983492 -12.67104682
-30.86218657 -34.74254734 -18.0228889
-37.2028043 -34.63817176 -14.10495849
-33.32374045 -40.87890223 -13.91909921
-34.17005558 -32.89086255 -16.84520472
-30.02947784 -38.34581717 -16.57335815
-2.375579335 -18.29069048 -31.06314764
-7.135598081 -16.75521455 -31.52054878
-3.878430096 -20.09828286 -30.12270316
-2.366495898 -16.01342889 -32.10583892
-16.76656357 -12.97994886 -31.36430459
-11.95089405 -15.02302663 -31.69382641
-7.017676425 -23.75942017 -28.07288567
-8.738316495 -18.57255005 -30.58625084
-5.432953379 -21.92498204 -29.12187108
-6.309918421 -19.35179775 -30.3848903
-2.36659367 -11.35155229 -33.90648326
-7.118892602 -14.40183249 -32.48973995
-2.366540522 -13.6896787 -33.06277278
-4.749212318 -15.22515985 -32.32743376
-32.48672533 -1.611647631 -22.68560108
-29.16703992 -4.744576594 -25.70310821
-32.9873727 -4.247268859 -22.00962987
-21.37017444 -10.5439628 -30.26798434
-25.51778058 -7.753728278 -28.31665161
-33.96615806 -9.703936608 -20.62489365
-29.61032292 -7.402005892 -25.06062654
-33.47921476 -6.952505401 -21.32253849
-31.32307002 -5.843607324 -23.5821986
-14.25062054 -31.73738912 -23.0579884
-16.12680511 -26.19893031 -26.0937188
-12.31524597 -29.64875967 -24.44151343
-17.73907196 -31.47302439 -22.98497499
-18.69184672 -14.72695117 -30.24404331
-17.59738471 -20.51179961 -28.47316658
-16.2604439 -15.82123368 -30.56972914
-8.751670204 -25.70518798 -26.91578273
-14.16991112 -24.26439197 -27.31519961
-10.47671381 -27.63305782 -25.72813047
-9.639742459 -23.07852475 -28.3108902
-13.29397121 -26.96647163 -25.95695256
-24.87467075 -30.15176026 -22.35410987
-19.40657842 -25.51906002 -25.89288757
-21.33895386 -30.98190804 -22.77979473
-18.63660048 -28.50232681 -24.54540401
-11.3039954 -17.71966114 -30.70355691
-14.97618718 -21.42939523 -28.56800058
-13.7720095 -16.81779365 -30.71126652
-10.4944111 -20.40742924 -29.57969335
-15.66131539 -18.65154856 -29.63498353
-12.31228305 -22.30878183 -28.48695784
-2.402286218 -1.484694533 -35.88304415
-7.199432716 -4.449494118 -35.25276781
-2.398320521 -3.968536136 -35.65148979
-16.73833469 -10.34485975 -32.11009668
-11.97861828 -7.403193235 -33.99625607
-14.38680421 -11.46972185 -32.42386244
-2.38667685 -8.867573979 -34.65785833
-7.17833634 -6.941007791 -34.78785595
-2.391034945 -6.447324102 -35.2343187
-4.76531301 -10.42171031 -34.07009744
-4.801292706 -5.460380929 -35.28920554
-9.598300486 -13.46661691 -32.5865722
-9.630065486 -8.4745347 -34.12522198
-11.98556312 -12.51482128 -32.57151643
-7.175945257 -11.95853311 -33.37479137
-11.99850705 -9.962665133 -33.34661864
-7.199318484 -9.457761385 -34.15103986
-35.93695183 -22.21025768 -17.49904037
-31.01015884 -19.16533216 -22.33942482
-35.44668235 -18.85455992 -18.34528013
-33.82244459 -24.70077337 -19.06327053
-21.48418272 -13.27795514 -29.57117747
-26.22876618 -16.21026899 -26.33452221
-23.70210047 -11.94268096 -28.75181533
-21.10559194 -16.28862395 -28.89960987
-34.46148418 -12.68753519 -19.88843911
-30.72585169 -16.10739628 -23.04803999
-34.9517511 -15.67359158 -19.13992499
-32.2231593 -11.43227135 -22.23119204
-33.05528304 -17.46885443 -20.80420312
-28.36390509 -28.77940664 -21.57000877
-28.65620003 -21.24532162 -23.64085993
-31.30201341 -26.95641554 -20.46721035
-25.46496988 -26.58193419 -23.65768367
-31.19817484 -22.93880732 -21.48790877
-27.72948727 -9.016246341 -26.48229443
-28.33865919 -14.70083645 -25.17354236
-25.79555205 -10.50416845 -27.70547133
-29.97964453 -10.20794649 -24.43886305
-26.03335008 -13.33309855 -27.0458404
-30.35179595 -13.11828047 -23.76917878
-20.09429274 -22.36004559 -27.10366464
-26.03300293 -19.51159412 -25.65715247
-20.64414955 -19.33839001 -28.07730055
-22.69358949 -24.42722547 -25.49867142
-23.56693183 -17.89367545 -27.3661168
-25.83635672 -22.99412639 -24.75072133
-2.38053741 18.32886501 -31.12797959
-7.189148197 16.88095646 -31.75709925
-3.888342706 20.14965066 -30.19969168
-2.372659222 16.05513441 -32.18945566
-17.10499315 13.24194641 -31.99738652
-12.1206684 15.23644368 -32.14406879
-7.024364048 23.78206214 -28.09963824
-8.805048211 18.71438265 -30.81982821
-5.444998004 21.97358878 -29.18643302
-6.340436654 19.44539368 -30.53184833
-2.373738923 11.38582506 -34.0088542
-7.180607146 14.52668372 -32.77139745
-2.373486614 13.72985962 -33.15981614
-4.775467276 15.30932874 -32.50614874
-32.5800542 1.616277623 -22.75077298
-29.44706224 4.790127578 -25.94987457
-33.22908842 4.278390817 -22.17090593
-30.96257035 0 -24.31846473
-21.83117076 10.77141664 -30.92092377
-25.94914199 7.884799988 -28.7953261
-34.47513914 9.849349585 -20.93395659
-30.03062887 7.507074219 -25.41635148
-33.86282473 7.032168273 -21.5668554
-31.65731588 5.905963968 -23.83384227
-27.56295428 -3.132476865 -27.23842522
-27.75198027 3.153959305 -27.42522559
-29.2882758 -1.5884144 -25.82930124
-29.38377944 1.593593925 -25.9135258
-14.00936083 31.20008245 -22.66762198
-16.08547914 26.13179387 -26.02685198
-12.19104766 29.34975422 -24.19502265
-17.39083591 30.85517687 -22.53375652
-19.08957887 15.04031678 -30.88758744
-17.81580823 20.76639764 -28.82658326
-16.55814549 16.11089407 -31.12940987
-8.738824253 25.66745717 -26.87627497
-14.19659677 24.31008817 -27.36664128
-10.4240237 27.494084 -25.59873703
-9.664435136 23.13764154 -28.38340995
-13.23534239 26.8475446 -25.84247769
-24.40632327 29.58405421 -21.93322023
-19.40917716 25.52247728 -25.89635489
-20.89819697 30.34197556 -22.30927721
-18.4529867 28.22151271 -24.30357479
-11.42913606 17.9158263 -31.04346002
-15.10306975 21.61095123 -28.8100369
-13.97439627 17.06493979 -31.1625844
-10.56710919 20.54879793 -29.7846012
-15.88281278 18.91533671 -30.05410998
-12.3745987 22.42169234 -28.63113769
-2.40376237 1.485606846 -35.9050935
-7.236561802 4.472441155 -35.43457423
-2.402087631 3.974769627 -35.7074886
-4.826861683 0 -35.82622265
-17.06070541 10.54409582 -32.72851873
-12.12690994 7.494842522 -34.41711941
-14.64190761 11.67310024 -32.99879468
-2.393440026 8.89270221 -34.75606904
-7.231038531 6.991967554 -35.04326279
-2.396625025 6.462397515 -35.31669418
-4.793920594 10.48427492 -34.27463032
-4.821089211 5.482894961 -35.43470863
-9.71279165 -2.981347686 -35.14121032
-9.758696337 2.995438159 -35.30729503
-7.281567639 -1.499099735 -35.57246836
-7.29502693 1.501870679 -35.63822071
-9.714050974 13.62901727 -32.97954923
-9.736266407 8.56799236 -34.50155691
-12.16723162 12.7045119 -33.06521192
-7.241921466 12.06848081 -33.68164184
-12.17324316 10.10775296 -33.8322506
-7.262438321 9.540682061 -34.45045821
-36.2656807 22.4134233 -17.65911071
-31.60983738 19.53595388 -22.77142756
-36.02428709 19.16179553 -18.64421701
-33.93173329 24.7805877 -19.12486868
-21.98117409 13.5851127 -30.25524444
-26.83515918 16.58504047 -26.94336021
-24.24300635 12.21522501 -29.40796081
-21.56547999 16.64355091 -29.52932853
-35.07008748 12.91160203 -20.23967673
-31.38818117 16.4546089 -23.5448658
-35.59768502 15.96325101 -19.4936448
-32.80615223 11.63910809 -22.63340672
-33.70259145 17.81094003 -21.21160352
-27.99251001 28.40257101 -21.28757251
-29.12149788 21.59028719 -24.02472245
-31.14636402 26.82237466 -20.36543707
-25.40675123 26.52116191 -23.60359688
-31.54898101 23.19674148 -21.72952838
-28.22499651 9.177361232 -26.95551708
-28.98286636 15.03502249 -25.74579867
-26.33419296 10.72350762 -28.28399357
-30.5240273 10.3933066 -24.88263402
-26.63638193 13.64194405 -27.67232539
-30.98500394 13.39195786 -24.2650583
-20.29181804 22.57984307 -27.37009151
-26.54008035 19.89164589 -26.15690898
-20.99874262 19.67055477 -28.55956871
-22.80798306 24.55035792 -25.62720481
-24.06661575 18.2730707 -27.94635391
-26.12115478 23.24759412 -25.02355228
-19.45595611 -8.884697313 -31.48039827
-19.92137356 -2.982220503 -32.23345953
-21.63626281 -7.561000752 -30.71948555
-17.08580081 -7.455768238 -32.66752082
-19.82943461 9.055248863 -32.08469918
-20.07196106 3.004763383 -32.47711522
-22.01386751 7.692958357 -31.25561428
-17.36151606 7.576082704 -33.19467982
-25.6544437 -4.690602415 -28.59764114
-21.99383679 -1.557300417 -31.29989518
-23.71734068 -6.150878508 -29.74381626
-25.81986148 -1.573441853 -28.75938254
-21.84538242 -4.554589093 -31.06444048
-12.25770075 -4.529216719 -34.49022963
-17.51299505 -1.558060076 -33.37860955
-14.66969925 -5.992637159 -33.67798888
-12.35783765 -1.527512739 -34.82480652
-17.34640909 -4.507291369 -33.0962864
-25.93152458 4.741263279 -28.90651004
-22.08122885 1.563488319 -31.42426469
-24.06020514 6.239797315 -30.17380112
-25.91533085 1.579259681 -28.86572084
-22.09192141 4.605990517 -31.41502238
-23.98842887 0 -30.17523805
-12.36209932 4.56779196 -34.78398217
-17.58055407 1.564070528 -33.50737258
-14.85178857 6.067021456 -34.09602078
-12.39524457 1.532136488 -34.93022049
-17.53219262 4.555565364 -33.45075427
-15.00685911 0 -34.28618084
-28.13333396 40.28810564 1.998669591
-32.57271536 36.96244366 6.012648029
-26.98049367 40.43755418 5.206512387
-30.57362794 38.92672159 0
-38.24744503 27.00393138 13.32363705
-36.24926756 32.66632187 9.925854751
-23.97880744 39.48955944 11.28194071
-31.18245411 36.84355355 9.210173126
-25.59034093 40.1802309 8.344080778
-29.15656516 38.72722588 7.22492082
-35.12864373 35.54717989 -4.039868784
-35.12864373 35.54717989 4.039868784
-32.92933408 37.33912155 -2.025042332
-32.92933408 37.33912155 2.025042332
-34.75761968 2.658117072 20.46607996
-36.07240671 8.166044249 19.17482205
-38.3065108 20.47769134 15.85294359
-37.33681384 14.07871365 17.69782989
-16.25951611 33.39139946 20.6370198
-23.33657189 32.39433454 20.02079979
-18.20752354 35.18050959 18.7129791
-36.15763925 26.26940808 16.23538706
-30.32624396 30.20445771 18.66738147
-35.59942415 29.34705576 14.78698163
-22.11275052 38.31563643 14.10650171
-25.47179815 33.95701729 17.80126844
-20.18799933 36.86565795 16.53185456
-25.85878136 37.48119442 13.29773971
-21.83162101 34.68772188 18.33155575
-33.06056073 34.61755931 11.25590385
-29.17212155 32.83998728 17.03592533
-34.54622973 32.16473225 13.09775286
-29.55665381 36.25774133 12.3456128
-32.54242249 31.32416167 16.04281174
-27.61952991 35.2684602 15.24330071
-40.49019533 25.02431692 -11.4275279
-43.29814995 26.75972832 -4.00591908
-39.95901536 28.1438228 -9.835130367
-40.49019533 25.02431692 11.4275279
-43.29814995 26.75972832 4.00591908
-39.95901536 28.1438228 9.835130367
-37.2117345 33.38199619 -6.103491223
-41.87135418 29.42219852 -2.083274623
-38.83421554 30.96590942 -8.030729468
-37.63531395 33.78857635 -2.059049009
-41.2114493 28.9810425 -6.042317664
-37.2117345 33.38199619 6.103491223
-41.87135418 29.42219852 2.083274623
-38.83421554 30.96590942 8.030729468
-37.63531395 33.78857635 2.059049009
-41.2114493 28.9810425 6.042317664
-39.93907147 31.75038996 0
-36.01013979 -51.56801956 2.558259589
-40.09054584 -45.49342987 7.400376012
-33.34046126 -49.96968272 6.433815727
-39.82647725 -50.70756387 0
-39.14123541 -27.63497625 13.6349922
-40.2539841 -36.27520471 11.02243511
-27.15213747 -44.715566 12.77498082
-36.73203433 -43.40064668 10.84931911
-30.22959755 -47.46447938 9.856773871
-35.47990113 -47.12620084 8.791826987
-43.36046879 -43.87708207 -4.986546184
-43.36046879 -43.87708207 4.986546184
-42.37294887 -48.04739398 -2.605792604
-42.37294887 -48.04739398 2.605792604
-34.60858266 -2.646719344 20.37832355
-35.64446336 -8.069166756 18.94734243
-37.89542425 -20.25793487 15.68281763
-36.72830506 -13.84926126 17.40939379
-16.73305161 -34.36387693 21.23804393
-24.21660312 -33.61593754 20.77579196
-18.99880608 -36.70942277 19.52622827
-36.49851493 -26.51706259 16.38844596
-31.24798972 -31.12250185 19.23476396
-36.91308865 -30.42999983 15.33264026
-24.1487824 -41.84354931 15.40535809
-26.95245947 -35.93091963 18.83604617
-21.47631284 -39.21826973 17.58684823
-28.79182118 -41.73250984 14.80603972
-22.97157431 -36.49896544 19.2887507
-37.21708346 -38.96983492 12.67104682
-30.86218657 -34.74254734 18.0228889
-37.2028043 -34.63817176 14.10495849
-33.32374045 -40.87890223 13.91909921
-34.17005558 -32.89086255 16.84520472
-30.02947784 -38.34581717 16.57335815
-41.17576987 -25.44802529 -11.62101727
-46.05372473 -28.46276719 -4.26086322
-41.9500368 -29.54613349 -10.32518137
-41.17576987 -25.44802529 11.62101727
-46.05372473 -28.46276719 4.26086322
-41.9500368 -29.54613349 10.32518137
-43.28750558 -38.83246416 -7.100042875
-46.49489796 -32.67107417 -2.313315223
-42.70239035 -34.0503428 -8.830649462
-45.49194293 -40.84217257 -2.48888956
-44.64043818 -31.39240328 -6.545067275
-43.28750558 -38.83246416 7.100042875
-46.49489796 -32.67107417 2.313315223
-42.70239035 -34.0503428 8.830649462
-45.49194293 -40.84217257 2.48888956
-44.64043818 -31.39240328 6.545067275
-46.44508248 -36.92247782 0
-2.375579335 -18.29069048 31.06314764
-7.135598081 -16.75521455 31.52054878
-3.878430096 -20.09828286 30.12270316
-2.366495898 -16.01342889 32.10583892
-16.76656357 -12.97994886 31.36430459
-11.95089405 -15.02302663 31.69382641
-7.017676425 -23.75942017 28.07288567
-8.738316495 -18.57255005 30.58625084
-5.432953379 -21.92498204 29.12187108
-6.309918421 -19.35179775 30.3848903
-2.36659367 -11.35155229 33.90648326
-7.118892602 -14.40183249 32.48973995
-2.366540522 -13.6896787 33.06277278
-4.749212318 -15.22515985 32.32743376
-32.48672533 -1.611647631 22.68560108
-29.16703992 -4.744576594 25.70310821
-32.9873727 -4.247268859 22.00962987
-21.37017444 -10.5439628 30.26798434
-25.51778058 -7.753728278 28.31665161
-33.96615806 -9.703936608 20.62489365
-29.61032292 -7.402005892 25.06062654
-33.47921476 -6.952505401 21.32253849
-31.32307002 -5.843607324 23.5821986
-14.25062054 -31.73738912 23.0579884
-16.12680511 -26.19893031 26.0937188
-12.31524597 -29.64875967 24.44151343
-17.73907196 -31.47302439 22.98497499
-18.69184672 -14.72695117 30.24404331
-17.59738471 -20.51179961 28.47316658
-16.2604439 -15.82123368 30.56972914
-8.751670204 -25.70518798 26.91578273
-14.16991112 -24.26439197 27.31519961
-10.47671381 -27.63305782 25.72813047
-9.639742459 -23.07852475 28.3108902
-13.29397121 -26.96647163 25.95695256
-24.87467075 -30.15176026 22.35410987
-19.40657842 -25.51906002 25.89288757
-21.33895386 -30.98190804 22.77979473
-18.63660048 -28.50232681 24.54540401
-11.3039954 -17.71966114 30.70355691
-14.97618718 -21.42939523 28.56800058
-13.7720095 -16.81779365 30.71126652
-10.4944111 -20.40742924 29.57969335
-15.66131539 -18.65154856 29.63498353
-12.31228305 -22.30878183 28.48695784
-2.402286218 -1.484694533 35.88304415
-7.199432716 -4.449494118 35.25276781
-2.398320521 -3.968536136 35.65148979
-16.73833469 -10.34485975 32.11009668
-11.97861828 -7.403193235 33.99625607
-14.38680421 -11.46972185 32.42386244
-2.38667685 -8.867573979 34.65785833
-7.17833634 -6.941007791 34.78785595
-2.391034945 -6.447324102 35.2343187
-4.76531301 -10.42171031 34.07009744
-4.801292706 -5.460380929 35.28920554
-9.598300486 -13.46661691 32.5865722
-9.630065486 -8.4745347 34.12522198
-11.98556312 -12.51482128 32.57151643
-7.175945257 -11.95853311 33.37479137
-11.99850705 -9.962665133 33.34661864
-7.199318484 -9.457761385 34.15103986
-35.93695183 -22.21025768 17.49904037
-31.01015884 -19.16533216 22.33942482
-35.44668235 -18.85455992 18.34528013
-33.82244459 -24.70077337 19.06327053
-21.48418272 -13.27795514 29.57117747
-26.22876618 -16.21026899 26.33452221
-23.70210047 -11.94268096 28.75181533
-21.10559194 -16.28862395 28.89960987
-34.46148418 -12.68753519 19.88843911
-30.72585169 -16.10739628 23.04803999
-34.9517511 -15.67359158 19.13992499
-32.2231593 -11.43227135 22.23119204
-33.05528304 -17.46885443 20.80420312
-28.36390509 -28.77940664 21.57000877
-28.65620003 -21.24532162 23.64085993
-31.30201341 -26.95641554 20.46721035
-25.46496988 -26.58193419 23.65768367
-31.19817484 -22.93880732 21.48790877
-27.72948727 -9.016246341 26.48229443
-28.33865919 -14.70083645 25.17354236
-25.79555205 -10.50416845 27.70547133
-29.97964453 -10.20794649 24.43886305
-26.03335008 -13.33309855 27.0458404
-30.35179595 -13.11828047 23.76917878
-20.09429274 -22.36004559 27.10366464
-26.03300293 -19.51159412 25.65715247
-20.64414955 -19.33839001 28.07730055
-22.69358949 -24.42722547 25.49867142
-23.56693183 -17.89367545 27.3661168
-25.83635672 -22.99412639 24.75072133
-2.38053741 18.32886501 31.12797959
-7.189148197 16.88095646 31.75709925
-3.888342706 20.14965066 30.19969168
-2.372659222 16.05513441 32.18945566
-17.10499315 13.24194641 31.99738652
-12.1206684 15.23644368 32.14406879
-7.024364048 23.78206214 28.09963824
-8.805048211 18.71438265 30.81982821
-5.444998004 21.97358878 29.18643302
-6.340436654 19.44539368 30.53184833
-2.373738923 11.38582506 34.0088542
-7.180607146 14.52668372 32.77139745
-2.373486614 13.72985962 33.15981614
-4.775467276 15.30932874 32.50614874
-32.5800542 1.616277623 22.75077298
-29.44706224 4.790127578 25.94987457
-33.22908842 4.278390817 22.17090593
-30.96257035 0 24.31846473
-21.83117076 10.77141664 30.92092377
-25.94914199 7.884799988 28.7953261
-34.47513914 9.849349585 20.93395659
-30.03062887 7.507074219 25.41635148
-33.86282473 7.032168273 21.5668554
-31.65731588 5.905963968 23.83384227
-27.56295428 -3.132476865 27.23842522
-27.75198027 3.153959305 27.42522559
-29.2882758 -1.5884144 25.82930124
-29.38377944 1.593593925 25.9135258
-14.00936083 31.20008245 22.66762198
-16.08547914 26.13179387 26.02685198
-12.19104766 29.34975422 24.19502265
-17.39083591 30.85517687 22.53375652
-19.08957887 15.04031678 30.88758744
-17.81580823 20.76639764 28.82658326
-16.55814549 16.11089407 31.12940987
-8.738824253 25.66745717 26.87627497
-14.19659677 24.31008817 27.36664128
-10.4240237 27.494084 25.59873703
-9.664435136 23.13764154 28.38340995
-13.23534239 26.8475446 25.84247769
-24.40632327 29.58405421 21.93322023
-19.40917716 25.52247728 25.89635489
-20.89819697 30.34197556 22.30927721
-18.4529867 28.22151271 24.30357479
-11.42913606 17.9158263 31.04346002
-15.10306975 21.61095123 28.8100369
-13.97439627 17.06493979 31.1625844
-10.56710919 20.54879793 29.7846012
-15.88281278 18.91533671 30.05410998
-12.3745987 22.42169234 28.63113769
-2.40376237 1.485606846 35.9050935
-7.236561802 4.472441155 35.43457423
-2.402087631 3.974769627 35.7074886
-4.826861683 0 35.82622265
-17.06070541 10.54409582 32.72851873
-12.12690994 7.494842522 34.41711941
-14.64190761 11.67310024 32.99879468
-2.393440026 8.89270221 34.75606904
-7.231038531 6.991967554 35.04326279
-2.396625025 6.462397515 35.31669418
-4.793920594 10.48427492 34.27463032
-4.821089211 5.482894961 35.43470863
-9.71279165 -2.981347686 35.14121032
-9.758696337 2.995438159 35.30729503
-7.281567639 -1.499099735 35.57246836
-7.29502693 1.501870679 35.63822071
-9.714050974 13.62901727 32.97954923
-9.736266407 8.56799236 34.50155691
-12.16723162 12.7045119 33.06521192
-7.241921466 12.06848081 33.68164184
-12.17324316 10.10775296 33.8322506
-7.262438321 9.540682061 34.45045821
-36.2656807 22.4134233 17.65911071
-31.60983738 19.53595388 22.77142756
-36.02428709 19.16179553 18.64421701
-33.93173329 24.7805877 19.12486868
-21.98117409 13.5851127 30.25524444
-26.83515918 16.58504047 26.94336021
-24.24300635 12.21522501 29.40796081
-21.56547999 16.64355091 29.52932853
-35.07008748 12.91160203 20.23967673
-31.38818117 16.4546089 23.5448658
-35.59768502 15.96325101 19.4936448
-32.80615223 11.63910809 22.63340672
-33.70259145 17.81094003 21.21160352
-27.99251001 28.40257101 21.28757251
-29.12149788 21.59028719 24.02472245
-31.14636402 26.82237466 20.36543707
-25.40675123 26.52116191 23.60359688
-31.54898101 23.19674148 21.72952838
-28.22499651 9.177361232 26.95551708
-28.98286636 15.03502249 25.74579867
-26.33419296 10.72350762 28.28399357
-30.5240273 10.3933066 24.88263402
-26.63638193 13.64194405 27.67232539
-30.98500394 13.39195786 24.2650583
-20.29181804 22.57984307 27.37009151
-26.54008035 19.89164589 26.15690898
-20.99874262 19.67055477 28.55956871
-22.80798306 24.55035792 25.62720481
-24.06661575 18.2730707 27.94635391
-26.12115478 23.24759412 25.02355228
-19.45595611 -8.884697313 31.48039827
-19.92137356 -2.982220503 32.23345953
-21.63626281 -7.561000752 30.71948555
-17.08580081 -7.455768238 32.66752082
-19.82943461 9.055248863 32.08469918
-20.07196106 3.004763383 32.47711522
-22.01386751 7.692958357 31.25561428
-17.36151606 7.576082704 33.19467982
-25.6544437 -4.690602415 28.59764114
-21.99383679 -1.557300417 31.29989518
-23.71734068 -6.150878508 29.74381626
-25.81986148 -1.573441853 28.75938254
-21.84538242 -4.554589093 31.06444048
-12.25770075 -4.529216719 34.49022963
-17.51299505 -1.558060076 33.37860955
-14.66969925 -5.992637159 33.67798888
-12.35783765 -1.527512739 34.82480652
-17.34640909 -4.507291369 33.0962864
-25.93152458 4.741263279 28.90651004
-22.08122885 1.563488319 31.42426469
-24.06020514 6.239797315 30.17380112
-25.91533085 1.579259681 28.86572084
-22.09192141 4.605990517 31.41502238
-23.98842887 0 30.17523805
-12.36209932 4.56779196 34.78398217
-17.58055407 1.564070528 33.50737258
-14.85178857 6.067021456 34.09602078
-12.39524457 1.532136488 34.93022049
-17.53219262 4.555565364 33.45075427
-15.00685911 0 34.28618084
-36.02160471 0 -18.95412279
-39.98177321 0 -14.41278906
-36.70222554 2.705291907 -18.30596859
-36.55354898 -2.694333076 -18.23181319
-47.41094846 0 -3.285931912
-44.07436182 0 -9.283146993
-38.09313254 8.346663281 -16.88566651
-40.72684545 2.842639087 -13.6349415
-37.39898049 5.494271526 -17.61369183
-38.69928198 2.769986038 -16.02348175
-37.66811566 -8.253536974 -16.6972679
-40.57749713 -2.832214922 -13.58494118
-37.10521966 -5.451115223 -17.47534013
-38.55006054 -2.759305186 -15.96169645
-36.02160471 0 18.95412279
-39.98177321 0 14.41278906
-36.70222554 2.705291907 18.30596859
-36.55354898 -2.694333076 18.23181319
-47.41094846 0 3.285931912
-44.07436182 0 9.283146993
-38.09313254 8.346663281 16.88566651
-40.72684545 2.842639087 13.6349415
-37.39898049 5.494271526 17.61369183
-38.69928198 2.769986038 16.02348175
-37.66811566 -8.253536974 16.6972679
-40.57749713 -2.832214922 13.58494118
-37.10521966 -5.451115223 17.47534013
-38.55006054 -2.759305186 15.96169645
-40.46499524 21.09357191 -13.03654438
-43.77725014 15.42496232 -9.533150987
-40.07189687 17.78031644 -14.17516226
-42.52985148 22.24400728 -9.706666067
-47.81379953 3.201022498 -1.978340702
-46.34053223 9.463811341 -5.848957072
-46.68083578 3.140278486 -5.196264861
-38.82769842 11.43660997 -16.04580368
-43.11675089 12.16745593 -10.7074586
-39.48855802 14.53087411 -15.17252804
-40.20651248 8.644840034 -14.40640948
-41.66612393 14.99196326 -12.44820785
-45.2191893 23.72547715 -2.110759389
-45.79864932 16.27667152 -6.014225201
-44.23075092 23.18219907 -6.023663182
-44.31238936 19.30190746 -7.884914744
-42.88082919 2.952943063 -10.97150671
-44.4912258 9.18058829 -8.877061735
-44.89914343 3.046899299 -8.215834456
-41.55911647 5.812786381 -12.71252814
-45.67797808 6.214742996 -7.067859889
-42.3742034 8.932828604 -11.73507765
-40.287821 -21.00121461 -12.97946444
-43.41373368 -15.29687689 -9.453989839
-39.58598126 -17.56471065 -14.0032729
-42.85936251 -22.41634848 -9.781870973
-47.68495494 -3.192396653 -1.973009637
-46.01885039 -9.398116448 -5.808355395
-46.54425688 -3.131090651 -5.181061616
-38.29675565 -11.28022199 -15.82638806
-42.66469651 -12.03988714 -10.59519704
-38.91841554 -14.32107489 -14.95346452
-39.78528858 -8.554272286 -14.2554806
-41.17259617 -14.81438615 -12.30076107
-46.92087625 -24.61831348 -2.190191412
-45.67546449 -16.23289208 -5.998048713
-45.29001256 -23.73737875 -6.167921084
-44.37301153 -19.32831369 -7.895701809
-42.7318943 -2.942686819 -10.93340016
-44.12004723 -9.103997063 -8.80300275
-44.75471974 -3.037098568 -8.189407201
-41.26804151 -5.772074337 -12.62349115
-45.41339678 -6.178745239 -7.026920609
-41.96889448 -8.847386171 -11.62283173
-40.46499524 21.09357191 13.03654438
-43.77725014 15.42496232 9.533150987
-40.07189687 17.78031644 14.17516226
-42.52985148 22.24400728 9.706666067
-47.81379953 3.201022498 1.978340702
-46.34053223 9.463811341 5.848957072
-46.68083578 3.140278486 5.196264861
-48.0205969 6.469807923 0
-38.82769842 11.43660997 16.04580368
-43.11675089 12.16745593 10.7074586
-39.48855802 14.53087411 15.17252804
-40.20651248 8.644840034 14.40640948
-41.66612393 14.99196326 12.44820785
-45.2191893 23.72547715 2.110759389
-45.79864932 16.27667152 6.014225201
-44.23075092 23.18219907 6.023663182
-46.54598001 20.37290089 0
-44.31238936 19.30190746 7.884914744
-42.88082919 2.952943063 10.97150671
-44.4912258 9.18058829 8.877061735
-44.89914343 3.046899299 8.215834456
-41.55911647 5.812786381 12.71252814
-45.67797808 6.214742996 7.067859889
-42.3742034 8.932828604 11.73507765
-47.0072763 12.99249162 -3.988053716
-47.0072763 12.99249162 3.988053716
-47.74675038 9.773603252 -2.012149961
-47.12525566 16.72274211 -2.067044602
-47.74675038 9.773603252 2.012149961
-47.12525566 16.72274211 2.067044602
-40.287821 -21.00121461 12.97946444
-43.41373368 -15.29687689 9.453989839
-39.58598126 -17.56471065 14.0032729
-42.85936251 -22.41634848 9.781870973
-47.68495494 -3.192396653 1.973009637
-46.01885039 -9.398116448 5.808355395
-46.54425688 -3.131090651 5.181061616
-47.79553723 -6.439485666 0
-38.29675565 -11.28022199 15.82638806
-42.66469651 -12.03988714 10.59519704
-38.91841554 -14.32107489 14.95346452
-39.78528858 -8.554272286 14.2554806
-41.17259617 -14.81438615 12.30076107
-46.92087625 -24.61831348 2.190191412
-45.67546449 -16.23289208 5.998048713
-45.29001256 -23.73737875 6.167921084
-47.32215555 -20.71262834 0
-44.37301153 -19.32831369 7.895701809
-42.7318943 -2.942686819 10.93340016
-44.12004723 -9.103997063 8.80300275
-44.75471974 -3.037098568 8.189407201
-41.26804151 -5.772074337 12.62349115
-45.41339678 -6.178745239 7.026920609
-41.96889448 -8.847386171 11.62283173
-46.77266901 -12.92764776 -3.968149851
-46.77266901 -12.92764776 3.968149851
-47.48158348 -9.719324457 -2.000975262
-47.2311782 -16.7603295 -2.071690659
-47.48158348 -9.719324457 2.000975262
-47.2311782 -16.7603295 2.071690659
