-8.6757351 14.037634 0
14.037634 22.713369 0
-14.037634 -22.713369 0
8.6757351 -14.037634 0
0 -9.0954909 14.716813
0 9.0954909 14.716813
0 -9.0954909 -14.716813
0 9.0954909 -14.716813
17.101754 0 -10.569465
17.101754 0 10.569465
-17.101754 0 -10.569465
-17.101754 0 10.569465
0 22.713369 0
0 -22.713369 0
-7.0752087 -18.523137 11.447928
5.3057271 -13.890574 8.5848467
-5.3057271 13.890574 8.5848467
7.0752087 18.523137 11.447928
0 0 16.060778
-7.0752087 -18.523137 -11.447928
5.3057271 -13.890574 -8.5848467
-5.3057271 13.890574 -8.5848467
7.0752087 18.523137 -11.447928
0 0 -16.060778
19.927342 12.315775 -7.6115675
13.315202 -8.2292473 -5.0859545
8.104632 -5.008938 -13.11357
9.7906402 6.0509484 -15.841589
19.927342 12.315775 7.6115675
13.315202 -8.2292473 5.0859545
8.104632 -5.008938 13.11357
9.7906402 6.0509484 15.841589
22.713369 0 0
-13.315202 8.2292473 -5.0859545
-19.927342 -12.315775 -7.6115675
-9.7906402 -6.0509484 -15.841589
-8.104632 5.008938 -13.11357
-13.315202 8.2292473 5.0859545
-19.927342 -12.315775 7.6115675
-9.7906402 -6.0509484 15.841589
-8.104632 5.008938 13.11357
-22.713369 0 0
-5.0249183 17.688451 0
6.4523923 22.713369 0
-6.4523923 -22.713369 0
5.0249183 -17.688451 0
-10.589423 -21.054166 6.3428855
-3.2373187 -13.983066 14.149666
-3.7172528 -21.761177 6.0146414
7.3128081 -14.539514 4.3802484
2.7852276 -12.030333 12.173667
3.1432928 -18.401156 5.0859545
0 -17.101754 10.569465
-7.3128081 14.539514 4.3802484
-2.7852276 12.030333 12.173667
-3.1432928 18.401156 5.0859545
10.589423 21.054166 6.3428855
3.2373187 13.983066 14.149666
3.7172528 21.761177 6.0146414
0 17.101754 10.569465
0 -4.4731755 15.746235
0 4.4731755 15.746235
-10.589423 -21.054166 -6.3428855
-3.2373187 -13.983066 -14.149666
-3.7172528 -21.761177 -6.0146414
7.3128081 -14.539514 -4.3802484
2.7852276 -12.030333 -12.173667
3.1432928 -18.401156 -5.0859545
0 -17.101754 -10.569465
-7.3128081 14.539514 -4.3802484
-2.7852276 12.030333 -12.173667
-3.1432928 18.401156 -5.0859545
10.589423 21.054166 -6.3428855
3.2373187 13.983066 -14.149666
3.7172528 21.761177 -6.0146414
0 17.101754 -10.569465
0 -4.4731755 -15.746235
0 4.4731755 -15.746235
19.416906 19.648247 -4.4953455
19.764971 5.9544962 -9.9410089
14.159068 16.577726 -10.245598
11.142844 -11.275604 -2.5797589
15.31603 -4.6141854 -7.7033651
9.4641711 -11.080845 -6.8483386
4.2060218 -7.0219374 -13.961198
12.205301 -2.7924653 -12.061595
6.8765812 -9.5032014 -11.126542
4.232506 -2.6158326 -15.313351
11.24891 -6.9522088 -9.6077163
4.7900806 7.9970214 -15.899885
14.229402 3.2555616 -14.061863
9.6614145 13.351746 -15.632497
4.4267721 2.7358956 -16.016212
15.746536 9.7318943 -13.449147
9.0954909 0 -14.716813
19.416906 19.648247 4.4953455
19.764971 5.9544962 9.9410089
14.159068 16.577726 10.245598
22.713369 14.037634 0
11.142844 -11.275604 2.5797589
15.31603 -4.6141854 7.7033651
9.4641711 -11.080845 6.8483386
14.037634 -8.6757351 0
4.2060218 -7.0219374 13.961198
12.205301 -2.7924653 12.061595
6.8765812 -9.5032014 11.126542
4.232506 -2.6158326 15.313351
11.24891 -6.9522088 9.6077163
4.7900806 7.9970214 15.899885
14.229402 3.2555616 14.061863
9.6614145 13.351746 15.632497
4.4267721 2.7358956 16.016212
15.746536 9.7318943 13.449147
9.0954909 0 14.716813
21.076103 0 -5.9872793
21.076103 0 5.9872793
22.276088 6.1569593 -3.8052101
17.484559 -4.8326132 -2.9867192
22.276088 6.1569593 3.8052101
17.484559 -4.8326132 2.9867192
-11.142844 11.275604 -2.5797589
-15.31603 4.6141854 -7.7033651
-9.4641711 11.080845 -6.8483386
-19.416906 -19.648247 -4.4953455
-19.764971 -5.9544962 -9.9410089
-14.159068 -16.577726 -10.245598
-4.7900806 -7.9970214 -15.899885
-14.229402 -3.2555616 -14.061863
-9.6614145 -13.351746 -15.632497
-4.4267721 -2.7358956 -16.016212
-15.746536 -9.7318943 -13.449147
-4.2060218 7.0219374 -13.961198
-12.205301 2.7924653 -12.061595
-6.8765812 9.5032014 -11.126542
-4.232506 2.6158326 -15.313351
-11.24891 6.9522088 -9.6077163
-9.0954909 0 -14.716813
-11.142844 11.275604 2.5797589
-15.31603 4.6141854 7.7033651
-9.4641711 11.080845 6.8483386
-14.037634 8.6757351 0
-19.416906 -19.648247 4.4953455
-19.764971 -5.9544962 9.9410089
-14.159068 -16.577726 10.245598
-22.713369 -14.037634 0
-4.7900806 -7.9970214 15.899885
-14.229402 -3.2555616 14.061863
-9.6614145 -13.351746 15.632497
-4.4267721 -2.7358956 16.016212
-15.746536 -9.7318943 13.449147
-4.2060218 7.0219374 13.961198
-12.205301 2.7924653 12.061595
-6.8765812 9.5032014 11.126542
-4.232506 2.6158326 15.313351
-11.24891 6.9522088 9.6077163
-9.0954909 0 14.716813
-21.076103 0 -5.9872793
-21.076103 0 5.9872793
-17.484559 4.8326132 -2.9867192
-22.276088 -6.1569593 -3.8052101
-17.484559 4.8326132 2.9867192
-22.276088 -6.1569593 3.8052101
-6.9490046 15.764365 0
-2.7768388 19.936531 0
10.012158 22.713369 0
3.1636079 22.713369 0
-10.012158 -22.713369 0
-3.1636079 -22.713369 0
6.9490046 -15.764365 0
2.7768388 -19.936531 0
-12.414251 -22.164589 3.3621273
-8.7999887 -19.801727 9.0011983
-8.6631147 -22.352633 3.1838467
-1.4965264 -11.362272 14.466586
-5.3622756 -17.15874 13.724805
-1.8729415 -22.493033 3.030483
-5.4746534 -20.437467 8.8581753
-5.1119298 -22.443203 3.0839315
-7.0651302 -21.487779 6.1932747
8.0783796 -14.42326 2.1878517
6.3845192 -14.36644 6.5304997
6.2783356 -16.199408 2.3073986
1.406669 -10.680036 13.597954
4.0965674 -13.108602 10.485211
0 -13.010029 13.165035
1.7195144 -20.650455 2.7822327
4.3204139 -16.128567 6.9905765
4.1618947 -18.272209 2.5107931
0 -21.154713 5.8470189
5.3730849 -16.341619 4.7100322
-3.541198 -19.019058 11.754425
2.8702154 -15.415346 9.527208
-1.6431299 -15.799209 12.559908
-1.8611506 -20.640476 9.0342148
1.4991651 -14.414943 11.459457
1.6336883 -18.117881 7.9300898
-8.0783796 14.42326 2.1878517
-6.3845192 14.36644 6.5304997
-6.2783356 16.199408 2.3073986
-1.406669 10.680036 13.597954
-4.0965674 13.108602 10.485211
-1.7195144 20.650455 2.7822327
-4.3204139 16.128567 6.9905765
-4.1618947 18.272209 2.5107931
-5.3730849 16.341619 4.7100322
12.414251 22.164589 3.3621273
8.7999887 19.801727 9.0011983
8.6631147 22.352633 3.1838467
1.4965264 11.362272 14.466586
5.3622756 17.15874 13.724805
0 13.010029 13.165035
1.8729415 22.493033 3.030483
5.4746534 20.437467 8.8581753
5.1119298 22.443203 3.0839315
0 21.154713 5.8470189
7.0651302 21.487779 6.1932747
-2.8702154 15.415346 9.527208
3.541198 19.019058 11.754425
-1.4991651 14.414943 11.459457
-1.6336883 18.117881 7.9300898
1.6431299 15.799209 12.559908
1.8611506 20.640476 9.0342148
0 -6.7589436 15.333197
0 -2.2262374 15.983445
0 6.7589436 15.333197
0 2.2262374 15.983445
-12.414251 -22.164589 -3.3621273
-8.7999887 -19.801727 -9.0011983
-8.6631147 -22.352633 -3.1838467
-1.4965264 -11.362272 -14.466586
-5.3622756 -17.15874 -13.724805
-1.8729415 -22.493033 -3.030483
-5.4746534 -20.437467 -8.8581753
-5.1119298 -22.443203 -3.0839315
-7.0651302 -21.487779 -6.1932747
8.0783796 -14.42326 -2.1878517
6.3845192 -14.36644 -6.5304997
6.2783356 -16.199408 -2.3073986
1.406669 -10.680036 -13.597954
4.0965674 -13.108602 -10.485211
0 -13.010029 -13.165035
1.7195144 -20.650455 -2.7822327
4.3204139 -16.128567 -6.9905765
4.1618947 -18.272209 -2.5107931
0 -21.154713 -5.8470189
5.3730849 -16.341619 -4.7100322
-3.541198 -19.019058 -11.754425
2.8702154 -15.415346 -9.527208
-1.6431299 -15.799209 -12.559908
-1.8611506 -20.640476 -9.0342148
1.4991651 -14.414943 -11.459457
1.6336883 -18.117881 -7.9300898
-8.0783796 14.42326 -2.1878517
-6.3845192 14.36644 -6.5304997
-6.2783356 16.199408 -2.3073986
-1.406669 10.680036 -13.597954
-4.0965674 13.108602 -10.485211
-1.7195144 20.650455 -2.7822327
-4.3204139 16.128567 -6.9905765
-4.1618947 18.272209 -2.5107931
-5.3730849 16.341619 -4.7100322
12.414251 22.164589 -3.3621273
8.7999887 19.801727 -9.0011983
8.6631147 22.352633 -3.1838467
1.4965264 11.362272 -14.466586
5.3622756 17.15874 -13.724805
0 13.010029 -13.165035
1.8729415 22.493033 -3.030483
5.4746534 20.437467 -8.8581753
5.1119298 22.443203 -3.0839315
0 21.154713 -5.8470189
7.0651302 21.487779 -6.1932747
-2.8702154 15.415346 -9.527208
3.541198 19.019058 -11.754425
-1.4991651 14.414943 -11.459457
-1.6336883 18.117881 -7.9300898
1.6431299 15.799209 -12.559908
1.8611506 20.640476 -9.0342148
0 -6.7589436 -15.333197
0 -2.2262374 -15.983445
0 6.7589436 -15.333197
0 2.2262374 -15.983445
17.445798 22.212206 -2.2977884
19.880167 15.9016 -6.2127483
14.933032 20.720563 -5.5686092
19.57001 2.9685578 -10.961043
19.865406 9.0301443 -8.8282876
10.626271 17.74052 -10.964244
17.41156 14.811158 -9.153799
12.623246 19.161576 -8.4661725
16.59771 18.00513 -7.5886748
9.958375 -12.679126 -1.3116189
12.255377 -9.8027394 -3.8299261
9.2892849 -12.889494 -3.4640251
16.249564 -2.4648822 -9.1012816
14.334396 -6.5159337 -6.3702788
7.4659088 -12.464307 -7.7033651
11.388482 -9.6876213 -5.9872793
8.4415053 -12.813863 -5.661558
10.405782 -11.28815 -4.7576499
2.1761582 -8.0352029 -14.346171
6.1612481 -6.0235217 -13.554124
3.5366567 -9.4840569 -13.159752
2.1421586 -5.8287244 -15.039318
14.507047 -1.500712 -11.394051
10.097283 -3.9450042 -12.623615
13.956663 -3.7508248 -10.05838
6.1458619 -11.690124 -9.9442134
7.5237398 -7.2918205 -12.173667
4.9079964 -10.734615 -11.644867
8.2820273 -10.430914 -9.1028289
5.6000793 -8.3498392 -12.674717
2.1386072 -1.3217319 -15.873298
6.2364879 -3.8543615 -14.388744
2.136828 -3.5420095 -15.550691
4.2428405 -4.8401245 -14.720681
12.436406 -7.6861214 -7.4491967
9.7906402 -6.0509484 -11.509588
13.231288 -5.8459895 -8.7164965
10.402181 -9.0777548 -8.2592142
11.77612 -4.9633159 -10.855608
9.0682319 -8.2505499 -10.391269
2.3405998 8.6423838 -15.430241
7.3005001 7.1373073 -16.060363
4.1114638 11.025485 -15.298586
2.2540427 6.1331566 -15.824816
15.912057 1.6460563 -12.497567
12.145591 4.7452773 -15.184408
18.004026 4.8385453 -12.97526
13.217111 0 -13.061492
8.4723518 16.115371 -13.708553
9.9252059 9.6192614 -16.059321
6.3815372 13.957497 -15.141037
11.844248 14.917402 -13.018089
7.0140922 10.458163 -15.875067
2.1624349 1.3364583 -16.050154
6.9139804 4.2730749 -15.951846
2.202428 3.6507483 -16.028093
4.3566646 0 -15.76256
4.6271833 5.2785729 -16.054171
17.833575 11.021756 -10.68201
13.315202 8.2292473 -15.652959
17.970194 7.9397832 -11.838388
15.128414 13.202234 -12.011789
15.925026 6.7119673 -14.680203
12.858269 11.69884 -14.734266
8.6284947 -2.5994644 -13.961198
9.4933705 2.8600213 -15.360596
10.775131 -1.4096392 -13.554124
6.5858883 -1.3567676 -15.046783
11.471789 1.5007784 -14.430456
6.8266111 1.4063592 -15.596763
17.445798 22.212206 2.2977884
19.880167 15.9016 6.2127483
14.933032 20.720563 5.5686092
22.44594 22.713369 0
19.57001 2.9685578 10.961043
19.865406 9.0301443 8.8282876
10.626271 17.74052 10.964244
17.41156 14.811158 9.153799
12.623246 19.161576 8.4661725
16.59771 18.00513 7.5886748
21.819154 13.484979 -4.0625536
21.819154 13.484979 4.0625536
22.188625 17.639306 -2.307634
22.188625 17.639306 2.307634
9.958375 -12.679126 1.3116189
12.255377 -9.8027394 3.8299261
9.2892849 -12.889494 3.4640251
11.289431 -11.423938 0
16.249564 -2.4648822 9.1012816
14.334396 -6.5159337 6.3702788
7.4659088 -12.464307 7.7033651
11.388482 -9.6876213 5.9872793
8.4415053 -12.813863 5.661558
10.405782 -11.28815 4.7576499
13.855363 -8.5630854 -2.5797589
13.855363 -8.5630854 2.5797589
12.611627 -10.025874 -1.3116189
12.611627 -10.025874 1.3116189
2.1761582 -8.0352029 14.346171
6.1612481 -6.0235217 13.554124
3.5366567 -9.4840569 13.159752
2.1421586 -5.8287244 15.039318
14.507047 -1.500712 11.394051
10.097283 -3.9450042 12.623615
13.956663 -3.7508248 10.05838
6.1458619 -11.690124 9.9442134
7.5237398 -7.2918205 12.173667
4.9079964 -10.734615 11.644867
8.2820273 -10.430914 9.1028289
5.6000793 -8.3498392 12.674717
2.1386072 -1.3217319 15.873298
6.2364879 -3.8543615 14.388744
2.136828 -3.5420095 15.550691
4.2428405 -4.8401245 14.720681
12.436406 -7.6861214 7.4491967
9.7906402 -6.0509484 11.509588
13.231288 -5.8459895 8.7164965
10.402181 -9.0777548 8.2592142
11.77612 -4.9633159 10.855608
9.0682319 -8.2505499 10.391269
2.3405998 8.6423838 15.430241
7.3005001 7.1373073 16.060363
4.1114638 11.025485 15.298586
2.2540427 6.1331566 15.824816
15.912057 1.6460563 12.497567
12.145591 4.7452773 15.184408
18.004026 4.8385453 12.97526
13.217111 0 13.061492
8.4723518 16.115371 13.708553
9.9252059 9.6192614 16.059321
6.3815372 13.957497 15.141037
11.844248 14.917402 13.018089
7.0140922 10.458163 15.875067
2.1624349 1.3364583 16.050154
6.9139804 4.2730749 15.951846
2.202428 3.6507483 16.028093
4.3566646 0 15.76256
4.6271833 5.2785729 16.054171
17.833575 11.021756 10.68201
13.315202 8.2292473 15.652959
17.970194 7.9397832 11.838388
15.128414 13.202234 12.011789
15.925026 6.7119673 14.680203
12.858269 11.69884 14.734266
8.6284947 -2.5994644 13.961198
9.4933705 2.8600213 15.360596
10.775131 -1.4096392 13.554124
6.5858883 -1.3567676 15.046783
11.471789 1.5007784 14.430456
6.8266111 1.4063592 15.596763
19.274817 0 -8.496428
22.285151 0 -3.103964
21.029012 2.9953138 -8.1501244
17.925281 -2.5532271 -6.9472247
19.274817 0 8.496428
22.285151 0 3.103964
21.029012 2.9953138 8.1501244
17.925281 -2.5532271 6.9472247
21.478544 9.3094074 -5.7535302
22.623145 3.0480129 -1.8837756
21.24309 6.1227495 -6.9846767
22.552366 9.8710378 -2.0335456
22.07129 3.0328268 -5.0272186
15.319519 -6.6399119 -4.1036912
19.909622 -2.6824204 -1.657827
16.584252 -4.7799647 -5.452862
15.736691 -6.8878568 -1.4189765
19.21372 -2.6401666 -4.3763445
21.478544 9.3094074 5.7535302
22.623145 3.0480129 1.8837756
21.24309 6.1227495 6.9846767
22.552366 9.8710378 2.0335456
22.07129 3.0328268 5.0272186
22.713369 6.2778209 0
15.319519 -6.6399119 4.1036912
19.909622 -2.6824204 1.657827
16.584252 -4.7799647 5.452862
15.736691 -6.8878568 1.4189765
19.21372 -2.6401666 4.3763445
17.794963 -4.9184067 0
-9.958375 12.679126 -1.3116189
-12.255377 9.8027394 -3.8299261
-9.2892849 12.889494 -3.4640251
-16.249564 2.4648822 -9.1012816
-14.334396 6.5159337 -6.3702788
-7.4659088 12.464307 -7.7033651
-11.388482 9.6876213 -5.9872793
-8.4415053 12.813863 -5.661558
-10.405782 11.28815 -4.7576499
-17.445798 -22.212206 -2.2977884
-19.880167 -15.9016 -6.2127483
-14.933032 -20.720563 -5.5686092
-19.57001 -2.9685578 -10.961043
-19.865406 -9.0301443 -8.8282876
-10.626271 -17.74052 -10.964244
-17.41156 -14.811158 -9.153799
-12.623246 -19.161576 -8.4661725
-16.59771 -18.00513 -7.5886748
-2.3405998 -8.6423838 -15.430241
-7.3005001 -7.1373073 -16.060363
-4.1114638 -11.025485 -15.298586
-2.2540427 -6.1331566 -15.824816
-15.912057 -1.6460563 -12.497567
-12.145591 -4.7452773 -15.184408
-18.004026 -4.8385453 -12.97526
-8.4723518 -16.115371 -13.708553
-9.9252059 -9.6192614 -16.059321
-6.3815372 -13.957497 -15.141037
-11.844248 -14.917402 -13.018089
-7.0140922 -10.458163 -15.875067
-2.1624349 -1.3364583 -16.050154
-6.9139804 -4.2730749 -15.951846
-2.202428 -3.6507483 -16.028093
-4.6271833 -5.2785729 -16.054171
-17.833575 -11.021756 -10.68201
-13.315202 -8.2292473 -15.652959
-17.970194 -7.9397832 -11.838388
-15.128414 -13.202234 -12.011789
-15.925026 -6.7119673 -14.680203
-12.858269 -11.69884 -14.734266
-2.1761582 8.0352029 -14.346171
-6.1612481 6.0235217 -13.554124
-3.5366567 9.4840569 -13.159752
-2.1421586 5.8287244 -15.039318
-14.507047 1.500712 -11.394051
-10.097283 3.9450042 -12.623615
-13.956663 3.7508248 -10.05838
-13.217111 0 -13.061492
-6.1458619 11.690124 -9.9442134
-7.5237398 7.2918205 -12.173667
-4.9079964 10.734615 -11.644867
-8.2820273 10.430914 -9.1028289
-5.6000793 8.3498392 -12.674717
-2.1386072 1.3217319 -15.873298
-6.2364879 3.8543615 -14.388744
-2.136828 3.5420095 -15.550691
-4.3566646 0 -15.76256
-4.2428405 4.8401245 -14.720681
-12.436406 7.6861214 -7.4491967
-9.7906402 6.0509484 -11.509588
-13.231288 5.8459895 -8.7164965
-10.402181 9.0777548 -8.2592142
-11.77612 4.9633159 -10.855608
-9.0682319 8.2505499 -10.391269
-9.4933705 -2.8600213 -15.360596
-8.6284947 2.5994644 -13.961198
-11.471789 -1.5007784 -14.430456
-6.8266111 -1.4063592 -15.596763
-10.775131 1.4096392 -13.554124
-6.5858883 1.3567676 -15.046783
-9.958375 12.679126 1.3116189
-12.255377 9.8027394 3.8299261
-9.2892849 12.889494 3.4640251
-11.289431 11.423938 0
-16.249564 2.4648822 9.1012816
-14.334396 6.5159337 6.3702788
-7.4659088 12.464307 7.7033651
-11.388482 9.6876213 5.9872793
-8.4415053 12.813863 5.661558
-10.405782 11.28815 4.7576499
-13.855363 8.5630854 -2.5797589
-13.855363 8.5630854 2.5797589
-12.611627 10.025874 -1.3116189
-12.611627 10.025874 1.3116189
-17.445798 -22.212206 2.2977884
-19.880167 -15.9016 6.2127483
-14.933032 -20.720563 5.5686092
-22.44594 -22.713369 0
-19.57001 -2.9685578 10.961043
-19.865406 -9.0301443 8.8282876
-10.626271 -17.74052 10.964244
-17.41156 -14.811158 9.153799
-12.623246 -19.161576 8.4661725
-16.59771 -18.00513 7.5886748
-21.819154 -13.484979 -4.0625536
-21.819154 -13.484979 4.0625536
-22.188625 -17.639306 -2.307634
-22.188625 -17.639306 2.307634
-2.3405998 -8.6423838 15.430241
-7.3005001 -7.1373073 16.060363
-4.1114638 -11.025485 15.298586
-2.2540427 -6.1331566 15.824816
-15.912057 -1.6460563 12.497567
-12.145591 -4.7452773 15.184408
-18.004026 -4.8385453 12.97526
-8.4723518 -16.115371 13.708553
-9.9252059 -9.6192614 16.059321
-6.3815372 -13.957497 15.141037
-11.844248 -14.917402 13.018089
-7.0140922 -10.458163 15.875067
-2.1624349 -1.3364583 16.050154
-6.9139804 -4.2730749 15.951846
-2.202428 -3.6507483 16.028093
-4.6271833 -5.2785729 16.054171
-17.833575 -11.021756 10.68201
-13.315202 -8.2292473 15.652959
-17.970194 -7.9397832 11.838388
-15.128414 -13.202234 12.011789
-15.925026 -6.7119673 14.680203
-12.858269 -11.69884 14.734266
-2.1761582 8.0352029 14.346171
-6.1612481 6.0235217 13.554124
-3.5366567 9.4840569 13.159752
-2.1421586 5.8287244 15.039318
-14.507047 1.500712 11.394051
-10.097283 3.9450042 12.623615
-13.956663 3.7508248 10.05838
-13.217111 0 13.061492
-6.1458619 11.690124 9.9442134
-7.5237398 7.2918205 12.173667
-4.9079964 10.734615 11.644867
-8.2820273 10.430914 9.1028289
-5.6000793 8.3498392 12.674717
-2.1386072 1.3217319 15.873298
-6.2364879 3.8543615 14.388744
-2.136828 3.5420095 15.550691
-4.3566646 0 15.76256
-4.2428405 4.8401245 14.720681
-12.436406 7.6861214 7.4491967
-9.7906402 6.0509484 11.509588
-13.231288 5.8459895 8.7164965
-10.402181 9.0777548 8.2592142
-11.77612 4.9633159 10.855608
-9.0682319 8.2505499 10.391269
-9.4933705 -2.8600213 15.360596
-8.6284947 2.5994644 13.961198
-11.471789 -1.5007784 14.430456
-6.8266111 -1.4063592 15.596763
-10.775131 1.4096392 13.554124
-6.5858883 1.3567676 15.046783
-19.274817 0 -8.496428
-22.285151 0 -3.103964
-17.925281 2.5532271 -6.9472247
-21.029012 -2.9953138 -8.1501244
-19.274817 0 8.496428
-22.285151 0 3.103964
-17.925281 2.5532271 6.9472247
-21.029012 -2.9953138 8.1501244
-15.319519 6.6399119 -4.1036912
-19.909622 2.6824204 -1.657827
-16.584252 4.7799647 -5.452862
-15.736691 6.8878568 -1.4189765
-19.21372 2.6401666 -4.3763445
-21.478544 -9.3094074 -5.7535302
-22.623145 -3.0480129 -1.8837756
-21.24309 -6.1227495 -6.9846767
-22.552366 -9.8710378 -2.0335456
-22.07129 -3.0328268 -5.0272186
-15.319519 6.6399119 4.1036912
-19.909622 2.6824204 1.657827
-16.584252 4.7799647 5.452862
-15.736691 6.8878568 1.4189765
-19.21372 2.6401666 4.3763445
-17.794963 4.9184067 0
-21.478544 -9.3094074 5.7535302
-22.623145 -3.0480129 1.8837756
-21.24309 -6.1227495 6.9846767
-22.552366 -9.8710378 2.0335456
-22.07129 -3.0328268 5.0272186
-22.713369 -6.2778209 0
-7.8309467 14.882423 0
-6.0183038 16.695066 0
-1.4721731 21.241196 0
-3.9516753 18.761694 0
11.951494 22.713369 0
8.187806 22.713369 0
1.5742057 22.713369 0
4.7839955 22.713369 0
-11.951494 -22.713369 0
-8.187806 -22.713369 0
-1.5742057 -22.713369 0
-4.7839955 -22.713369 0
7.8309467 -14.882423 0
6.0183038 -16.695066 0
1.4721731 -21.241196 0
3.9516753 -18.761694 0
-13.281274 -22.555637 1.7249606
-11.504442 -21.642595 4.8994344
-11.268322 -22.592222 1.6652548
-7.9307769 -19.163658 10.244407
-9.6860992 -20.4346 7.7053411
-7.5766166 -22.630951 1.5795877
-9.6790027 -21.835296 4.7843759
-9.3638606 -22.615227 1.6187345
-10.490927 -22.275284 3.2724544
-0.72421228 -10.194034 14.598281
-2.3291737 -12.617987 14.318475
-6.2285153 -17.879862 12.62376
-4.2401279 -15.484967 13.954403
-0.93760039 -22.660524 1.5170693
-2.8016789 -22.197341 4.5332117
-2.5219298 -22.655849 1.5240874
-6.2983683 -19.549923 10.190974
-4.6113213 -21.175681 7.4612746
-7.1276256 -20.14915 8.9403871
-5.7930715 -22.641531 1.5591851
-4.4180227 -22.142827 4.5690847
-4.1445477 -22.649755 1.5370343
-6.8531078 -22.403813 3.1335743
-3.4769018 -22.470429 3.0572268
-8.8018778 -21.298818 6.2735183
-5.3735536 -21.638204 6.1062553
-7.9682984 -20.738575 7.631315
-7.8693112 -21.962277 4.7221299
-6.2682054 -20.980677 7.5490951
-6.1098299 -22.061991 4.6508481
8.3982126 -14.262716 1.0907527
7.7164153 -14.516415 3.286215
7.5404804 -15.118152 1.114347
5.8628711 -14.166841 7.5732349
6.8684155 -14.490181 5.4638595
5.6814192 -16.970097 1.1844733
6.8205392 -15.38676 3.3714242
6.6337715 -16.021624 1.1467829
7.2007868 -15.289361 2.2461548
0.7043343 -9.9142311 14.197592
2.1019653 -11.387115 12.921723
0 -11.027805 14.040738
4.7158624 -13.537572 9.5579627
3.4516187 -12.605328 11.359393
-1.552405 -13.498924 13.659755
1.4398333 -12.520058 12.669226
-0.75175622 -12.224353 13.861398
0.72632521 -11.810817 13.392483
0.89874055 -21.721335 1.4541928
2.4657338 -19.535691 3.9896411
2.2667916 -20.363805 1.3698988
0 -22.31197 3.0060885
4.8338784 -15.004196 7.8213796
3.7591457 -17.262399 6.0824254
5.3848077 -15.222363 6.7543202
4.6136153 -18.031767 1.2417386
3.6709784 -18.398692 3.7964973
3.5018038 -19.137191 1.2986683
5.2603515 -17.19686 2.4052886
3.0021636 -19.402304 2.6397913
-1.8528841 -21.839986 6.0364236
1.6711168 -19.697491 5.4442525
-0.93714044 -22.237612 4.5519663
0.88497464 -20.999758 4.2985817
6.3707474 -15.415959 4.5407357
4.3038688 -17.330801 4.8907155
5.901389 -15.359164 5.6518162
5.8468752 -16.317908 3.5085287
4.8648154 -16.283308 5.8589264
4.7970111 -17.321532 3.6515206
-5.3127343 -18.824163 11.633973
-1.6678767 -18.027318 11.141495
-4.4753057 -18.182658 12.806359
-4.5132134 -19.774688 10.342578
4.130967 -14.636907 9.0461059
1.501966 -16.234065 10.033204
3.504337 -14.237722 10.027873
3.6156187 -15.841868 8.2856305
-2.4520354 -14.949557 13.410986
-0.82190975 -16.519413 11.607875
-3.4068323 -16.474426 13.136498
-0.78504555 -14.349069 12.882438
-2.5412156 -17.332286 12.188548
-2.7941936 -21.277935 7.5620998
-0.87762945 -18.801618 9.8647802
-3.6655253 -20.599866 8.9730367
-0.92261367 -21.034091 7.4641014
-2.717607 -19.954933 10.45877
2.1637512 -13.191947 11.834265
0.78178876 -15.713029 11.041244
2.8438012 -13.751776 10.965491
0.75285629 -13.760713 12.354219
2.194046 -14.964426 10.523402
0 -15.0955 12.00048
2.4094005 -18.347715 6.5207103
0.82635824 -17.703226 9.2884787
3.0404194 -17.086836 7.4428063
0.86016715 -19.610412 6.9588984
2.2801888 -16.743044 8.7753561
0 -19.312859 8.4531245
-8.3982126 14.262716 1.0907527
-7.7164153 14.516415 3.286215
-7.5404804 15.118152 1.114347
-5.8628711 14.166841 7.5732349
-6.8684155 14.490181 5.4638595
-5.6814192 16.970097 1.1844733
-6.8205392 15.38676 3.3714242
-6.6337715 16.021624 1.1467829
-7.2007868 15.289361 2.2461548
-0.7043343 9.9142311 14.197592
-2.1019653 11.387115 12.921723
-4.7158624 13.537572 9.5579627
-3.4516187 12.605328 11.359393
-0.89874055 21.721335 1.4541928
-2.4657338 19.535691 3.9896411
-2.2667916 20.363805 1.3698988
-4.8338784 15.004196 7.8213796
-3.7591457 17.262399 6.0824254
-5.3848077 15.222363 6.7543202
-4.6136153 18.031767 1.2417386
-3.6709784 18.398692 3.7964973
-3.5018038 19.137191 1.2986683
-5.2603515 17.19686 2.4052886
-3.0021636 19.402304 2.6397913
-6.3707474 15.415959 4.5407357
-4.3038688 17.330801 4.8907155
-5.901389 15.359164 5.6518162
-5.8468752 16.317908 3.5085287
-4.8648154 16.283308 5.8589264
-4.7970111 17.321532 3.6515206
13.281274 22.555637 1.7249606
11.504442 21.642595 4.8994344
11.268322 22.592222 1.6652548
7.9307769 19.163658 10.244407
9.6860992 20.4346 7.7053411
7.5766166 22.630951 1.5795877
9.6790027 21.835296 4.7843759
9.3638606 22.615227 1.6187345
10.490927 22.275284 3.2724544
0.72421228 10.194034 14.598281
2.3291737 12.617987 14.318475
0 11.027805 14.040738
6.2285153 17.879862 12.62376
4.2401279 15.484967 13.954403
-1.4398333 12.520058 12.669226
1.552405 13.498924 13.659755
-0.72632521 11.810817 13.392483
0.75175622 12.224353 13.861398
0.93760039 22.660524 1.5170693
2.8016789 22.197341 4.5332117
2.5219298 22.655849 1.5240874
0 22.31197 3.0060885
6.2983683 19.549923 10.190974
4.6113213 21.175681 7.4612746
7.1276256 20.14915 8.9403871
5.7930715 22.641531 1.5591851
4.4180227 22.142827 4.5690847
4.1445477 22.649755 1.5370343
6.8531078 22.403813 3.1335743
3.4769018 22.470429 3.0572268
-1.6711168 19.697491 5.4442525
1.8528841 21.839986 6.0364236
-0.88497464 20.999758 4.2985817
0.93714044 22.237612 4.5519663
8.8018778 21.298818 6.2735183
5.3735536 21.638204 6.1062553
7.9682984 20.738575 7.631315
7.8693112 21.962277 4.7221299
6.2682054 20.980677 7.5490951
6.1098299 22.061991 4.6508481
-4.130967 14.636907 9.0461059
-1.501966 16.234065 10.033204
-3.504337 14.237722 10.027873
-3.6156187 15.841868 8.2856305
5.3127343 18.824163 11.633973
1.6678767 18.027318 11.141495
4.4753057 18.182658 12.806359
4.5132134 19.774688 10.342578
-2.1637512 13.191947 11.834265
-0.78178876 15.713029 11.041244
-2.8438012 13.751776 10.965491
-0.75285629 13.760713 12.354219
-2.194046 14.964426 10.523402
-2.4094005 18.347715 6.5207103
-0.82635824 17.703226 9.2884787
-3.0404194 17.086836 7.4428063
-0.86016715 19.610412 6.9588984
-2.2801888 16.743044 8.7753561
2.4520354 14.949557 13.410986
0.82190975 16.519413 11.607875
3.4068323 16.474426 13.136498
0.78504555 14.349069 12.882438
2.5412156 17.332286 12.188548
0 15.0955 12.00048
2.7941936 21.277935 7.5620998
0.87762945 18.801618 9.8647802
3.6655253 20.599866 8.9730367
0.92261367 21.034091 7.4641014
2.717607 19.954933 10.45877
0 19.312859 8.4531245
0 -7.9205029 15.052621
0 -5.6102598 15.563132
0 -1.1117972 16.041525
0 -3.3458909 15.885562
0 7.9205029 15.052621
0 5.6102598 15.563132
0 1.1117972 16.041525
0 3.3458909 15.885562
-13.281274 -22.555637 -1.7249606
-11.504442 -21.642595 -4.8994344
-11.268322 -22.592222 -1.6652548
-7.9307769 -19.163658 -10.244407
-9.6860992 -20.4346 -7.7053411
-7.5766166 -22.630951 -1.5795877
-9.6790027 -21.835296 -4.7843759
-9.3638606 -22.615227 -1.6187345
-10.490927 -22.275284 -3.2724544
-0.72421228 -10.194034 -14.598281
-2.3291737 -12.617987 -14.318475
-6.2285153 -17.879862 -12.62376
-4.2401279 -15.484967 -13.954403
-0.93760039 -22.660524 -1.5170693
-2.8016789 -22.197341 -4.5332117
-2.5219298 -22.655849 -1.5240874
-6.2983683 -19.549923 -10.190974
-4.6113213 -21.175681 -7.4612746
-7.1276256 -20.14915 -8.9403871
-5.7930715 -22.641531 -1.5591851
-4.4180227 -22.142827 -4.5690847
-4.1445477 -22.649755 -1.5370343
-6.8531078 -22.403813 -3.1335743
-3.4769018 -22.470429 -3.0572268
-8.8018778 -21.298818 -6.2735183
-5.3735536 -21.638204 -6.1062553
-7.9682984 -20.738575 -7.631315
-7.8693112 -21.962277 -4.7221299
-6.2682054 -20.980677 -7.5490951
-6.1098299 -22.061991 -4.6508481
8.3982126 -14.262716 -1.0907527
7.7164153 -14.516415 -3.286215
7.5404804 -15.118152 -1.114347
5.8628711 -14.166841 -7.5732349
6.8684155 -14.490181 -5.4638595
5.6814192 -16.970097 -1.1844733
6.8205392 -15.38676 -3.3714242
6.6337715 -16.021624 -1.1467829
7.2007868 -15.289361 -2.2461548
0.7043343 -9.9142311 -14.197592
2.1019653 -11.387115 -12.921723
0 -11.027805 -14.040738
4.7158624 -13.537572 -9.5579627
3.4516187 -12.605328 -11.359393
-1.552405 -13.498924 -13.659755
1.4398333 -12.520058 -12.669226
-0.75175622 -12.224353 -13.861398
0.72632521 -11.810817 -13.392483
0.89874055 -21.721335 -1.4541928
2.4657338 -19.535691 -3.9896411
2.2667916 -20.363805 -1.3698988
0 -22.31197 -3.0060885
4.8338784 -15.004196 -7.8213796
3.7591457 -17.262399 -6.0824254
5.3848077 -15.222363 -6.7543202
4.6136153 -18.031767 -1.2417386
3.6709784 -18.398692 -3.7964973
3.5018038 -19.137191 -1.2986683
5.2603515 -17.19686 -2.4052886
3.0021636 -19.402304 -2.6397913
-1.8528841 -21.839986 -6.0364236
1.6711168 -19.697491 -5.4442525
-0.93714044 -22.237612 -4.5519663
0.88497464 -20.999758 -4.2985817
6.3707474 -15.415959 -4.5407357
4.3038688 -17.330801 -4.8907155
5.901389 -15.359164 -5.6518162
5.8468752 -16.317908 -3.5085287
4.8648154 -16.283308 -5.8589264
4.7970111 -17.321532 -3.6515206
-5.3127343 -18.824163 -11.633973
-1.6678767 -18.027318 -11.141495
-4.4753057 -18.182658 -12.806359
-4.5132134 -19.774688 -10.342578
4.130967 -14.636907 -9.0461059
1.501966 -16.234065 -10.033204
3.504337 -14.237722 -10.027873
3.6156187 -15.841868 -8.2856305
-2.4520354 -14.949557 -13.410986
-0.82190975 -16.519413 -11.607875
-3.4068323 -16.474426 -13.136498
-0.78504555 -14.349069 -12.882438
-2.5412156 -17.332286 -12.188548
-2.7941936 -21.277935 -7.5620998
-0.87762945 -18.801618 -9.8647802
-3.6655253 -20.599866 -8.9730367
-0.92261367 -21.034091 -7.4641014
-2.717607 -19.954933 -10.45877
2.1637512 -13.191947 -11.834265
0.78178876 -15.713029 -11.041244
2.8438012 -13.751776 -10.965491
0.75285629 -13.760713 -12.354219
2.194046 -14.964426 -10.523402
0 -15.0955 -12.00048
2.4094005 -18.347715 -6.5207103
0.82635824 -17.703226 -9.2884787
3.0404194 -17.086836 -7.4428063
0.86016715 -19.610412 -6.9588984
2.2801888 -16.743044 -8.7753561
0 -19.312859 -8.4531245
-8.3982126 14.262716 -1.0907527
-7.7164153 14.516415 -3.286215
-7.5404804 15.118152 -1.114347
-5.8628711 14.166841 -7.5732349
-6.8684155 14.490181 -5.4638595
-5.6814192 16.970097 -1.1844733
-6.8205392 15.38676 -3.3714242
-6.6337715 16.021624 -1.1467829
-7.2007868 15.289361 -2.2461548
-0.7043343 9.9142311 -14.197592
-2.1019653 11.387115 -12.921723
-4.7158624 13.537572 -9.5579627
-3.4516187 12.605328 -11.359393
-0.89874055 21.721335 -1.4541928
-2.4657338 19.535691 -3.9896411
-2.2667916 20.363805 -1.3698988
-4.8338784 15.004196 -7.8213796
-3.7591457 17.262399 -6.0824254
-5.3848077 15.222363 -6.7543202
-4.6136153 18.031767 -1.2417386
-3.6709784 18.398692 -3.7964973
-3.5018038 19.137191 -1.2986683
-5.2603515 17.19686 -2.4052886
-3.0021636 19.402304 -2.6397913
-6.3707474 15.415959 -4.5407357
-4.3038688 17.330801 -4.8907155
-5.901389 15.359164 -5.6518162
-5.8468752 16.317908 -3.5085287
-4.8648154 16.283308 -5.8589264
-4.7970111 17.321532 -3.6515206
13.281274 22.555637 -1.7249606
11.504442 21.642595 -4.8994344
11.268322 22.592222 -1.6652548
7.9307769 19.163658 -10.244407
9.6860992 20.4346 -7.7053411
7.5766166 22.630951 -1.5795877
9.6790027 21.835296 -4.7843759
9.3638606 22.615227 -1.6187345
10.490927 22.275284 -3.2724544
0.72421228 10.194034 -14.598281
2.3291737 12.617987 -14.318475
0 11.027805 -14.040738
6.2285153 17.879862 -12.62376
4.2401279 15.484967 -13.954403
-1.4398333 12.520058 -12.669226
1.552405 13.498924 -13.659755
-0.72632521 11.810817 -13.392483
0.75175622 12.224353 -13.861398
0.93760039 22.660524 -1.5170693
2.8016789 22.197341 -4.5332117
2.5219298 22.655849 -1.5240874
0 22.31197 -3.0060885
6.2983683 19.549923 -10.190974
4.6113213 21.175681 -7.4612746
7.1276256 20.14915 -8.9403871
5.7930715 22.641531 -1.5591851
4.4180227 22.142827 -4.5690847
4.1445477 22.649755 -1.5370343
6.8531078 22.403813 -3.1335743
3.4769018 22.470429 -3.0572268
-1.6711168 19.697491 -5.4442525
1.8528841 21.839986 -6.0364236
-0.88497464 20.999758 -4.2985817
0.93714044 22.237612 -4.5519663
8.8018778 21.298818 -6.2735183
5.3735536 21.638204 -6.1062553
7.9682984 20.738575 -7.631315
7.8693112 21.962277 -4.7221299
6.2682054 20.980677 -7.5490951
6.1098299 22.061991 -4.6508481
-4.130967 14.636907 -9.0461059
-1.501966 16.234065 -10.033204
-3.504337 14.237722 -10.027873
-3.6156187 15.841868 -8.2856305
5.3127343 18.824163 -11.633973
1.6678767 18.027318 -11.141495
4.4753057 18.182658 -12.806359
4.5132134 19.774688 -10.342578
-2.1637512 13.191947 -11.834265
-0.78178876 15.713029 -11.041244
-2.8438012 13.751776 -10.965491
-0.75285629 13.760713 -12.354219
-2.194046 14.964426 -10.523402
-2.4094005 18.347715 -6.5207103
-0.82635824 17.703226 -9.2884787
-3.0404194 17.086836 -7.4428063
-0.86016715 19.610412 -6.9588984
-2.2801888 16.743044 -8.7753561
2.4520354 14.949557 -13.410986
0.82190975 16.519413 -11.607875
3.4068323 16.474426 -13.136498
0.78504555 14.349069 -12.882438
2.5412156 17.332286 -12.188548
0 15.0955 -12.00048
2.7941936 21.277935 -7.5620998
0.87762945 18.801618 -9.8647802
3.6655253 20.599866 -8.9730367
0.92261367 21.034091 -7.4641014
2.717607 19.954933 -10.45877
0 19.312859 -8.4531245
0 -7.9205029 -15.052621
0 -5.6102598 -15.563132
0 -1.1117972 -16.041525
0 -3.3458909 -15.885562
0 7.9205029 -15.052621
0 5.6102598 -15.563132
0 1.1117972 -16.041525
0 3.3458909 -15.885562
15.797245 22.622313 -1.1222799
18.705269 21.226123 -3.4528346
14.809913 22.196653 -2.8579164
19.926456 14.068721 -6.9414536
19.743746 17.792237 -5.4062762
12.707366 20.927158 -5.978769
17.226657 20.354115 -5.0881336
13.751495 21.591672 -4.4838631
16.175237 21.484768 -4.0081814
18.265504 1.3968692 -10.755146
19.707165 4.4612932 -10.475636
19.903566 10.639943 -8.2369839
19.818239 7.4729278 -9.393941
8.8464706 18.167578 -11.228181
12.404956 17.219765 -10.6424
9.7504872 18.839855 -10.021169
18.787566 13.649626 -8.4359325
15.847373 15.783732 -9.7548827
18.636715 15.363527 -7.741158
11.662859 20.208697 -7.4401485
13.455421 17.937719 -9.4034806
10.691997 19.524842 -8.7556242
13.747399 19.926265 -7.0695261
11.605167 18.439162 -9.7446157
17.948984 18.794298 -6.1109684
15.341068 17.269929 -8.9588713
18.379059 17.11207 -6.9681807
15.886574 19.488379 -6.6357136
17.072912 16.433769 -8.4166293
14.629608 18.68112 -8.0741243
9.3312601 -13.362753 -0.66291844
10.56107 -11.984354 -1.9494843
9.0360881 -13.543018 -1.7437229
12.790944 -9.0308194 -4.4557719
11.706741 -10.549625 -3.2055659
8.322338 -13.705663 -3.9156294
10.225824 -12.082297 -3.0203397
8.6985357 -13.657855 -2.8362766
9.6468886 -12.813486 -2.3904738
16.689169 -1.2763177 -9.8269638
15.790208 -3.5745754 -8.3935189
13.829438 -7.3928674 -5.7232385
14.830168 -5.5920598 -7.0295714
6.4123516 -13.168743 -8.1387309
8.4793711 -11.77052 -7.2745814
6.9403207 -13.410062 -7.1329896
12.346924 -8.9703417 -5.5439761
10.430658 -10.38877 -6.4206131
11.850813 -9.7694408 -4.9224884
7.8925895 -13.675802 -5.0349606
8.9640602 -11.950187 -6.2646398
7.4367733 -13.580421 -6.0899375
8.8892892 -12.884643 -4.5712693
7.9745644 -12.670588 -6.696075
10.80068 -11.309342 -3.6772339
9.9597048 -11.211957 -5.8162649
11.33334 -10.552059 -4.2968881
9.8593462 -12.094658 -4.1181817
10.905633 -10.497369 -5.3762751
9.4363837 -12.049688 -5.2079682
1.1114182 -8.5573254 -14.532938
3.2045974 -7.5247677 -14.15588
1.8020695 -9.3384442 -13.99618
1.0973288 -7.425323 -14.887269
7.1306393 -5.5202327 -13.338902
5.1889217 -6.5228015 -13.761045
3.1730839 -10.742962 -12.693321
3.879842 -8.2462748 -13.580398
2.4958102 -10.071979 -13.378113
2.8635242 -8.782101 -13.789064
1.077767 -5.1695939 -15.441302
3.1868656 -6.4471692 -14.544458
1.0872674 -6.2894937 -15.190137
2.1621302 -6.9314185 -14.717414
15.7605 -0.78186929 -11.005616
13.326356 -2.1677866 -11.743694
15.438649 -1.9877938 -10.30088
9.0908648 -4.4853981 -12.87599
11.132355 -3.3826317 -12.353387
14.690707 -4.1970508 -8.9204752
13.12438 -3.2808402 -11.107788
15.076347 -3.1308495 -9.6019571
14.247292 -2.6579635 -10.726358
5.7414566 -12.78673 -9.2898719
6.5230683 -10.597103 -10.554546
5.1450618 -12.386655 -10.211172
6.8315565 -12.120687 -8.8518248
7.8217002 -6.1625691 -12.655777
7.2093358 -8.4033198 -11.66495
6.8603455 -6.675041 -12.897489
3.8715408 -11.371393 -11.906933
5.9062485 -10.113792 -11.385418
4.5162614 -11.911952 -11.090783
4.234548 -10.137939 -12.436414
5.5420813 -11.241966 -10.821111
8.9028859 -10.791607 -8.0007527
7.6052387 -10.000657 -10.147157
7.8882078 -11.452845 -8.4208324
7.230847 -11.058667 -9.5234139
4.9159574 -7.7060453 -13.352569
6.254766 -8.9499318 -11.931352
5.8883375 -7.1905879 -13.130858
4.5832002 -8.91249 -12.918272
6.5673748 -7.8212913 -12.427056
5.264656 -9.5390969 -12.180847
1.0720913 -0.66258884 -16.01387
3.1939544 -1.9739723 -15.639528
1.0719159 -1.7737149 -15.934233
7.1904331 -4.4439321 -13.793816
5.2485906 -3.2438074 -14.895911
6.2074614 -4.9488305 -13.989895
1.077957 -4.0050931 -15.65343
3.1854867 -3.0801689 -15.437596
1.0731491 -2.893701 -15.813938
2.1424791 -4.6855887 -15.317876
2.1403802 -2.4341967 -15.731662
4.2304008 -5.935341 -14.362361
4.2435396 -3.7343488 -15.037461
5.2178293 -5.4482381 -14.179777
3.2002625 -5.3331573 -14.884185
5.2386797 -4.3498088 -14.559499
3.2007291 -4.2048053 -15.183136
12.916483 -7.9828256 -6.2895168
11.879028 -7.3416431 -8.5575393
13.378256 -7.1160718 -6.9238598
11.922551 -8.7071246 -6.7198816
8.9732876 -5.5457967 -12.350979
10.551019 -6.5208887 -10.593562
9.9560786 -5.0165288 -12.077214
8.6536978 -6.6786485 -11.849395
14.25721 -5.2490152 -8.2281324
12.230892 -6.4117939 -9.1746227
13.828763 -6.2013026 -7.5727676
13.604475 -4.8266542 -9.3859106
12.841513 -6.7864046 -8.0821407
9.9457059 -10.0914 -7.5634495
10.836034 -8.0336902 -8.9395373
10.929198 -9.4119187 -7.146192
9.3481239 -9.7581586 -8.6846739
11.414043 -8.3923028 -7.8614827
12.00412 -3.9031412 -11.464209
11.523824 -5.9780474 -10.236739
10.969491 -4.4668701 -11.781679
12.846624 -4.3742229 -10.472335
10.772976 -5.5174285 -11.191959
12.545604 -5.4223071 -9.824747
7.9794871 -8.8792225 -10.762924
10.154278 -7.6105758 -10.007676
8.3212395 -7.7949142 -11.317392
8.6869645 -9.3505896 -9.7607324
9.4378531 -7.1658832 -10.959313
9.7674804 -8.6929702 -9.357054
1.1548123 8.8914371 -15.100361
3.5540147 8.3452401 -15.699384
1.9325542 10.014624 -15.009618
1.1337248 7.6716051 -15.381048
8.5545696 6.622578 -16.002571
6.0419141 7.5950667 -16.023184
3.6994071 12.52491 -14.798778
4.474293 9.5097299 -15.661123
2.7815574 11.225128 -14.909783
3.191525 9.7880421 -15.368525
1.1018289 5.2850089 -15.786041
3.4757181 7.0315304 -15.862745
1.1172908 6.4631694 -15.609592
2.2998764 7.3730092 -15.655039
16.572047 0.82212964 -11.572322
15.12785 2.460834 -13.331239
17.685457 2.2770801 -11.799981
15.197214 0 -11.936118
10.993274 5.4240396 -15.570497
13.230044 4.0200269 -14.681157
18.906677 5.4015293 -11.480492
16.080336 4.0197719 -13.609554
18.870651 3.9187986 -12.018507
16.951634 3.1624835 -12.762376
12.710288 -1.4444998 -12.560636
13.724653 1.5597804 -13.563057
13.908431 -0.75430704 -12.265832
14.511142 0.78699432 -12.797362
7.800472 17.372339 -12.621429
9.0916998 14.769994 -14.710679
6.938193 16.70359 -13.769919
9.5364228 16.919716 -12.35659
9.8837309 7.787204 -15.992213
9.9002095 11.539846 -16.018876
8.5424995 8.3117584 -16.059949
4.7704029 14.011509 -14.671386
8.0609388 13.803458 -15.538993
5.9154629 15.602443 -14.526864
5.184377 12.411926 -15.225959
7.6026866 15.42185 -14.844517
12.976686 15.729652 -11.661753
10.744346 14.128488 -14.335456
11.278358 16.374985 -12.039891
10.172286 15.557226 -13.397447
5.8495208 9.1694593 -15.888284
8.3141412 11.896687 -15.859737
7.1845716 8.7734941 -16.021431
5.5445587 10.781947 -15.62797
8.4661801 10.082638 -16.020053
6.7372806 12.207364 -15.588062
1.0750559 0.66442109 -16.058153
3.2750049 2.0240644 -16.036401
1.0799051 1.7869348 -16.052994
2.1541128 0 -15.988386
8.2903885 5.1237419 -15.903923
5.6335793 3.4817435 -15.988539
7.111957 5.6699297 -16.028377
1.0964648 4.0738582 -15.92219
3.3140393 3.2044713 -16.060591
1.0863065 2.9291794 -16.007826
2.2310659 4.8793274 -15.951236
2.1849676 2.4849048 -16.059377
4.3009986 -1.3201943 -15.561159
4.3989208 1.3502516 -15.915445
3.2386267 -0.66675538 -15.821586
3.2660836 0.67240809 -15.95572
4.714087 6.613963 -16.004493
4.5310188 3.9873328 -16.056176
5.9096038 6.17056 -16.059718
3.4356504 5.7254254 -15.978956
5.7734801 4.7938672 -16.045833
3.3820476 4.4430038 -16.043247
18.884476 11.671248 -9.1955546
16.786976 10.374922 -12.093179
18.922189 10.064963 -9.7930987
17.663498 12.899779 -9.9556387
11.450183 7.0766025 -15.760218
14.708692 9.0904719 -14.767999
12.718788 6.4085639 -15.428516
11.648674 8.9900757 -15.950376
18.925251 6.9676275 -10.922156
16.906987 8.8631405 -12.682249
18.934023 8.4906804 -10.368459
17.99426 6.3840813 -12.414483
17.914658 9.4674291 -11.275056
14.700158 14.9155 -11.179086
15.47018 11.469384 -12.762626
16.245672 13.990317 -10.622435
13.526145 14.119439 -12.566174
16.551047 12.169343 -11.399622
15.043749 4.8914769 -14.367124
15.861073 8.2280192 -14.089565
13.930314 5.6725426 -14.961724
17.022378 5.7960501 -13.876334
14.671854 7.5142568 -15.242473
16.970691 7.3348637 -13.290133
11.290043 12.563063 -15.228281
14.350015 10.755258 -14.142837
11.764911 11.020771 -16.000996
12.387145 13.333439 -13.918281
13.286489 10.088039 -15.428382
13.980732 12.442727 -13.393267
8.3734438 -3.8237912 -13.548517
8.8695162 -1.3277625 -14.351179
9.3885845 -3.2809314 -13.330051
7.4183866 -3.2371776 -14.183725
9.6575811 4.4102014 -15.626294
9.3044777 1.3928761 -15.054961
10.761185 3.7606 -15.27889
8.2233701 3.58845 -15.722828
11.524541 -2.1071219 -12.84669
9.9631793 -0.70545505 -14.178812
10.442016 -2.7080427 -13.095288
11.959535 -0.72880458 -13.321096
9.680877 -2.0183861 -13.766343
5.3972436 -1.9942799 -15.186549
7.8131677 -0.69510582 -14.891381
6.4179379 -2.6217561 -14.733993
5.4854373 -0.67803734 -15.458149
7.6273346 -1.9818868 -14.552663
12.791492 2.3387685 -14.258992
10.246281 0.72550039 -14.581699
11.817563 3.0647785 -14.820356
12.385361 0.75475404 -13.7954
10.50967 2.1911828 -14.944898
11.129906 0 -14.000399
5.6376128 2.0830962 -15.86289
7.9830546 0.71021996 -15.215174
6.8825801 2.8115645 -15.800696
5.5662841 0.68803055 -15.685978
8.1178874 2.1093521 -15.488619
6.7154324 0 -15.342753
15.797245 22.622313 1.1222799
18.705269 21.226123 3.4528346
14.809913 22.196653 2.8579164
17.839419 22.713369 0
19.926456 14.068721 6.9414536
19.743746 17.792237 5.4062762
12.707366 20.927158 5.978769
17.226657 20.354115 5.0881336
13.751495 21.591672 4.4838631
16.175237 21.484768 4.0081814
20.885974 21.134818 -2.4019315
20.885974 21.134818 2.4019315
19.805906 22.458248 -1.217996
19.805906 22.458248 1.217996
18.265504 1.3968692 10.755146
19.707165 4.4612932 10.475636
19.903566 10.639943 8.2369839
19.818239 7.4729278 9.393941
8.8464706 18.167578 11.228181
12.404956 17.219765 10.6424
9.7504872 18.839855 10.021169
18.787566 13.649626 8.4359325
15.847373 15.783732 9.7548827
18.636715 15.363527 7.741158
11.662859 20.208697 7.4401485
13.455421 17.937719 9.4034806
10.691997 19.524842 8.7556242
13.747399 19.926265 7.0695261
11.605167 18.439162 9.7446157
17.948984 18.794298 6.1109684
15.341068 17.269929 8.9588713
18.379059 17.11207 6.9681807
15.886574 19.488379 6.6357136
17.072912 16.433769 8.4166293
14.629608 18.68112 8.0741243
20.929278 12.935005 -5.9068598
22.468591 13.886353 -2.0787807
21.020851 14.805347 -5.1738715
20.929278 12.935005 5.9068598
22.468591 13.886353 2.0787807
21.020851 14.805347 5.1738715
21.120374 18.946718 -3.4641765
22.620483 15.89498 -1.1254635
21.097622 16.822975 -4.362887
22.422078 20.130298 -1.2267244
21.995654 15.467959 -3.2249468
21.120374 18.946718 3.4641765
22.620483 15.89498 1.1254635
21.097622 16.822975 4.362887
22.422078 20.130298 1.2267244
21.995654 15.467959 3.2249468
22.713369 18.056462 0
9.3312601 -13.362753 0.66291844
10.56107 -11.984354 1.9494843
9.0360881 -13.543018 1.7437229
9.9917499 -12.72162 0
12.790944 -9.0308194 4.4557719
11.706741 -10.549625 3.2055659
8.322338 -13.705663 3.9156294
10.225824 -12.082297 3.0203397
8.6985357 -13.657855 2.8362766
9.6468886 -12.813486 2.3904738
11.252725 -11.386794 -1.2940873
11.252725 -11.386794 1.2940873
10.635152 -12.059377 -0.65402579
10.635152 -12.059377 0.65402579
16.689169 -1.2763177 9.8269638
15.790208 -3.5745754 8.3935189
13.829438 -7.3928674 5.7232385
14.830168 -5.5920598 7.0295714
6.4123516 -13.168743 8.1387309
8.4793711 -11.77052 7.2745814
6.9403207 -13.410062 7.1329896
12.346924 -8.9703417 5.5439761
10.430658 -10.38877 6.4206131
11.850813 -9.7694408 4.9224884
7.8925895 -13.675802 5.0349606
8.9640602 -11.950187 6.2646398
7.4367733 -13.580421 6.0899375
8.8892892 -12.884643 4.5712693
7.9745644 -12.670588 6.696075
10.80068 -11.309342 3.6772339
9.9597048 -11.211957 5.8162649
11.33334 -10.552059 4.2968881
9.8593462 -12.094658 4.1181817
10.905633 -10.497369 5.3762751
9.4363837 -12.049688 5.2079682
13.629093 -8.4232429 -3.8465323
13.991961 -8.6475076 -1.2945279
13.057418 -9.1965647 -3.2138283
13.629093 -8.4232429 3.8465323
13.991961 -8.6475076 1.2945279
13.057418 -9.1965647 3.2138283
11.884281 -10.661181 -1.949267
13.328393 -9.3656067 -0.66314319
12.472854 -9.9456947 -2.5793263
11.958397 -10.736119 -0.65425057
13.237752 -9.3091568 -1.9408854
11.884281 -10.661181 1.949267
13.328393 -9.3656067 0.66314319
12.472854 -9.9456947 2.5793263
11.958397 -10.736119 0.65425057
13.237752 -9.3091568 1.9408854
12.653895 -10.059475 0
1.1114182 -8.5573254 14.532938
3.2045974 -7.5247677 14.15588
1.8020695 -9.3384442 13.99618
1.0973288 -7.425323 14.887269
7.1306393 -5.5202327 13.338902
5.1889217 -6.5228015 13.761045
3.1730839 -10.742962 12.693321
3.879842 -8.2462748 13.580398
2.4958102 -10.071979 13.378113
2.8635242 -8.782101 13.789064
1.077767 -5.1695939 15.441302
3.1868656 -6.4471692 14.544458
1.0872674 -6.2894937 15.190137
2.1621302 -6.9314185 14.717414
15.7605 -0.78186929 11.005616
13.326356 -2.1677866 11.743694
15.438649 -1.9877938 10.30088
9.0908648 -4.4853981 12.87599
11.132355 -3.3826317 12.353387
14.690707 -4.1970508 8.9204752
13.12438 -3.2808402 11.107788
15.076347 -3.1308495 9.6019571
14.247292 -2.6579635 10.726358
5.7414566 -12.78673 9.2898719
6.5230683 -10.597103 10.554546
5.1450618 -12.386655 10.211172
6.8315565 -12.120687 8.8518248
7.8217002 -6.1625691 12.655777
7.2093358 -8.4033198 11.66495
6.8603455 -6.675041 12.897489
3.8715408 -11.371393 11.906933
5.9062485 -10.113792 11.385418
4.5162614 -11.911952 11.090783
4.234548 -10.137939 12.436414
5.5420813 -11.241966 10.821111
8.9028859 -10.791607 8.0007527
7.6052387 -10.000657 10.147157
7.8882078 -11.452845 8.4208324
7.230847 -11.058667 9.5234139
4.9159574 -7.7060453 13.352569
6.254766 -8.9499318 11.931352
5.8883375 -7.1905879 13.130858
4.5832002 -8.91249 12.918272
6.5673748 -7.8212913 12.427056
5.264656 -9.5390969 12.180847
1.0720913 -0.66258884 16.01387
3.1939544 -1.9739723 15.639528
1.0719159 -1.7737149 15.934233
7.1904331 -4.4439321 13.793816
5.2485906 -3.2438074 14.895911
6.2074614 -4.9488305 13.989895
1.077957 -4.0050931 15.65343
3.1854867 -3.0801689 15.437596
1.0731491 -2.893701 15.813938
2.1424791 -4.6855887 15.317876
2.1403802 -2.4341967 15.731662
4.2304008 -5.935341 14.362361
4.2435396 -3.7343488 15.037461
5.2178293 -5.4482381 14.179777
3.2002625 -5.3331573 14.884185
5.2386797 -4.3498088 14.559499
3.2007291 -4.2048053 15.183136
12.916483 -7.9828256 6.2895168
11.879028 -7.3416431 8.5575393
13.378256 -7.1160718 6.9238598
11.922551 -8.7071246 6.7198816
8.9732876 -5.5457967 12.350979
10.551019 -6.5208887 10.593562
9.9560786 -5.0165288 12.077214
8.6536978 -6.6786485 11.849395
14.25721 -5.2490152 8.2281324
12.230892 -6.4117939 9.1746227
13.828763 -6.2013026 7.5727676
13.604475 -4.8266542 9.3859106
12.841513 -6.7864046 8.0821407
9.9457059 -10.0914 7.5634495
10.836034 -8.0336902 8.9395373
10.929198 -9.4119187 7.146192
9.3481239 -9.7581586 8.6846739
11.414043 -8.3923028 7.8614827
12.00412 -3.9031412 11.464209
11.523824 -5.9780474 10.236739
10.969491 -4.4668701 11.781679
12.846624 -4.3742229 10.472335
10.772976 -5.5174285 11.191959
12.545604 -5.4223071 9.824747
7.9794871 -8.8792225 10.762924
10.154278 -7.6105758 10.007676
8.3212395 -7.7949142 11.317392
8.6869645 -9.3505896 9.7607324
9.4378531 -7.1658832 10.959313
9.7674804 -8.6929702 9.357054
1.1548123 8.8914371 15.100361
3.5540147 8.3452401 15.699384
1.9325542 10.014624 15.009618
1.1337248 7.6716051 15.381048
8.5545696 6.622578 16.002571
6.0419141 7.5950667 16.023184
3.6994071 12.52491 14.798778
4.474293 9.5097299 15.661123
2.7815574 11.225128 14.909783
3.191525 9.7880421 15.368525
1.1018289 5.2850089 15.786041
3.4757181 7.0315304 15.862745
1.1172908 6.4631694 15.609592
2.2998764 7.3730092 15.655039
16.572047 0.82212964 11.572322
15.12785 2.460834 13.331239
17.685457 2.2770801 11.799981
15.197214 0 11.936118
10.993274 5.4240396 15.570497
13.230044 4.0200269 14.681157
18.906677 5.4015293 11.480492
16.080336 4.0197719 13.609554
18.870651 3.9187986 12.018507
16.951634 3.1624835 12.762376
12.710288 -1.4444998 12.560636
13.724653 1.5597804 13.563057
13.908431 -0.75430704 12.265832
14.511142 0.78699432 12.797362
7.800472 17.372339 12.621429
9.0916998 14.769994 14.710679
6.938193 16.70359 13.769919
9.5364228 16.919716 12.35659
9.8837309 7.787204 15.992213
9.9002095 11.539846 16.018876
8.5424995 8.3117584 16.059949
4.7704029 14.011509 14.671386
8.0609388 13.803458 15.538993
5.9154629 15.602443 14.526864
5.184377 12.411926 15.225959
7.6026866 15.42185 14.844517
12.976686 15.729652 11.661753
10.744346 14.128488 14.335456
11.278358 16.374985 12.039891
10.172286 15.557226 13.397447
5.8495208 9.1694593 15.888284
8.3141412 11.896687 15.859737
7.1845716 8.7734941 16.021431
5.5445587 10.781947 15.62797
8.4661801 10.082638 16.020053
6.7372806 12.207364 15.588062
1.0750559 0.66442109 16.058153
3.2750049 2.0240644 16.036401
1.0799051 1.7869348 16.052994
2.1541128 0 15.988386
8.2903885 5.1237419 15.903923
5.6335793 3.4817435 15.988539
7.111957 5.6699297 16.028377
1.0964648 4.0738582 15.92219
3.3140393 3.2044713 16.060591
1.0863065 2.9291794 16.007826
2.2310659 4.8793274 15.951236
2.1849676 2.4849048 16.059377
4.3009986 -1.3201943 15.561159
4.3989208 1.3502516 15.915445
3.2386267 -0.66675538 15.821586
3.2660836 0.67240809 15.95572
4.714087 6.613963 16.004493
4.5310188 3.9873328 16.056176
5.9096038 6.17056 16.059718
3.4356504 5.7254254 15.978956
5.7734801 4.7938672 16.045833
3.3820476 4.4430038 16.043247
18.884476 11.671248 9.1955546
16.786976 10.374922 12.093179
18.922189 10.064963 9.7930987
17.663498 12.899779 9.9556387
11.450183 7.0766025 15.760218
14.708692 9.0904719 14.767999
12.718788 6.4085639 15.428516
11.648674 8.9900757 15.950376
18.925251 6.9676275 10.922156
16.906987 8.8631405 12.682249
18.934023 8.4906804 10.368459
17.99426 6.3840813 12.414483
17.914658 9.4674291 11.275056
14.700158 14.9155 11.179086
15.47018 11.469384 12.762626
16.245672 13.990317 10.622435
13.526145 14.119439 12.566174
16.551047 12.169343 11.399622
15.043749 4.8914769 14.367124
15.861073 8.2280192 14.089565
13.930314 5.6725426 14.961724
17.022378 5.7960501 13.876334
14.671854 7.5142568 15.242473
16.970691 7.3348637 13.290133
11.290043 12.563063 15.228281
14.350015 10.755258 14.142837
11.764911 11.020771 16.000996
12.387145 13.333439 13.918281
13.286489 10.088039 15.428382
13.980732 12.442727 13.393267
8.3734438 -3.8237912 13.548517
8.8695162 -1.3277625 14.351179
9.3885845 -3.2809314 13.330051
7.4183866 -3.2371776 14.183725
9.6575811 4.4102014 15.626294
9.3044777 1.3928761 15.054961
10.761185 3.7606 15.27889
8.2233701 3.58845 15.722828
11.524541 -2.1071219 12.84669
9.9631793 -0.70545505 14.178812
10.442016 -2.7080427 13.095288
11.959535 -0.72880458 13.321096
9.680877 -2.0183861 13.766343
5.3972436 -1.9942799 15.186549
7.8131677 -0.69510582 14.891381
6.4179379 -2.6217561 14.733993
5.4854373 -0.67803734 15.458149
7.6273346 -1.9818868 14.552663
12.791492 2.3387685 14.258992
10.246281 0.72550039 14.581699
11.817563 3.0647785 14.820356
12.385361 0.75475404 13.7954
10.50967 2.1911828 14.944898
11.129906 0 14.000399
5.6376128 2.0830962 15.86289
7.9830546 0.71021996 15.215174
6.8825801 2.8115645 15.800696
5.5662841 0.68803055 15.685978
8.1178874 2.1093521 15.488619
6.7154324 0 15.342753
18.221807 0 -9.5880893
20.235502 0 -7.2945743
19.508441 1.4379517 -9.730225
17.680221 -1.303195 -8.8183636
22.605045 0 -1.566698
21.768193 0 -4.5849179
20.457931 4.4825786 -9.0684535
21.492971 1.5001594 -7.1956324
20.377915 2.9937126 -9.5973289
20.692638 1.481121 -8.5678105
16.56888 -3.6304409 -7.3445414
19.41501 -1.3551225 -6.4999517
17.125606 -2.5159169 -8.065598
18.600313 -1.3313583 -7.7014809
18.221807 0 9.5880893
20.235502 0 7.2945743
19.508441 1.4379517 9.730225
17.680221 -1.303195 8.8183636
22.605045 0 1.566698
21.768193 0 4.5849179
20.457931 4.4825786 9.0684535
21.492971 1.5001594 7.1956324
20.377915 2.9937126 9.5973289
20.692638 1.481121 8.5678105
16.56888 -3.6304409 7.3445414
19.41501 -1.3551225 6.4999517
17.125606 -2.5159169 8.065598
18.600313 -1.3313583 7.7014809
20.817361 10.851663 -6.7066968
21.950663 7.7343402 -4.7800851
20.725208 9.19599 -7.3314021
21.642653 11.319563 -4.9395424
22.692572 1.5192148 -0.93892639
22.491008 4.5931854 -2.8387447
22.564541 1.517945 -2.5117659
20.549135 6.0527008 -8.4920662
21.826021 6.1592571 -5.4201955
20.634721 7.5930991 -7.928395
21.135153 4.5442891 -7.5729441
21.358632 7.6850881 -6.3811238
22.661677 11.890065 -1.0578108
22.419461 7.9677939 -2.9440974
22.295368 11.685437 -3.0363443
22.121003 9.6356247 -3.9361954
21.968259 1.512821 -5.620808
22.173793 4.5754744 -4.4242011
22.319934 1.5146523 -4.0841956
21.604435 3.0217669 -6.6085857
22.407708 3.0486934 -3.4671969
21.716179 4.5779482 -6.0140611
14.302754 -7.4557324 -4.607896
16.376205 -5.7701739 -3.5661636
14.865458 -6.5959578 -5.258555
14.589339 -7.6305315 -3.3297517
21.256233 -1.4230553 -0.87949654
18.657579 -3.8103102 -2.3549012
21.053926 -1.416324 -2.3436121
15.991303 -4.7102018 -6.6085119
17.085096 -4.8213779 -4.2428511
15.430863 -5.6782 -5.9289378
17.253581 -3.7097087 -6.1821367
15.951075 -5.7393852 -4.7655573
14.883223 -7.8088875 -0.69472502
16.602611 -5.9005068 -2.1802355
14.785037 -7.7491263 -2.0135332
15.584047 -6.7882108 -2.7730142
20.127937 -1.3860892 -5.1499424
18.333395 -3.7830234 -3.65795
20.67165 -1.4027981 -3.7825856
18.629808 -2.6057122 -5.6986765
19.632307 -2.6710846 -3.0377526
17.848355 -3.7625791 -4.9429089
20.817361 10.851663 6.7066968
21.950663 7.7343402 4.7800851
20.725208 9.19599 7.3314021
21.642653 11.319563 4.9395424
22.692572 1.5192148 0.93892639
22.491008 4.5931854 2.8387447
22.564541 1.517945 2.5117659
22.713369 3.0601689 0
20.549135 6.0527008 8.4920662
21.826021 6.1592571 5.4201955
20.634721 7.5930991 7.928395
21.135153 4.5442891 7.5729441
21.358632 7.6850881 6.3811238
22.661677 11.890065 1.0578108
22.419461 7.9677939 2.9440974
22.295368 11.685437 3.0363443
22.713369 9.9415078 0
22.121003 9.6356247 3.9361954
21.968259 1.512821 5.620808
22.173793 4.5754744 4.4242011
22.319934 1.5146523 4.0841956
21.604435 3.0217669 6.6085857
22.407708 3.0486934 3.4671969
21.716179 4.5779482 6.0140611
22.601723 6.2469625 -1.9175092
22.601723 6.2469625 1.9175092
22.688073 4.6441742 -0.95612382
22.67963 8.0480327 -0.99479155
22.688073 4.6441742 0.95612382
22.67963 8.0480327 0.99479155
14.302754 -7.4557324 4.607896
16.376205 -5.7701739 3.5661636
14.865458 -6.5959578 5.258555
14.589339 -7.6305315 3.3297517
21.256233 -1.4230553 0.87949654
18.657579 -3.8103102 2.3549012
21.053926 -1.416324 2.3436121
20.016544 -2.696826 0
15.991303 -4.7102018 6.6085119
17.085096 -4.8213779 4.2428511
15.430863 -5.6782 5.9289378
17.253581 -3.7097087 6.1821367
15.951075 -5.7393852 4.7655573
14.883223 -7.8088875 0.69472502
16.602611 -5.9005068 2.1802355
14.785037 -7.7491263 2.0135332
15.798472 -6.9148978 0
15.584047 -6.7882108 2.7730142
20.127937 -1.3860892 5.1499424
18.333395 -3.7830234 3.65795
20.67165 -1.4027981 3.7825856
18.629808 -2.6057122 5.6986765
19.632307 -2.6710846 3.0377526
17.848355 -3.7625791 4.9429089
17.716862 -4.8968203 -1.5030822
17.716862 -4.8968203 1.5030822
18.830985 -3.8546409 -0.7935779
16.746856 -5.9427446 -0.73456363
18.830985 -3.8546409 0.7935779
16.746856 -5.9427446 0.73456363
-9.3312601 13.362753 -0.66291844
-10.56107 11.984354 -1.9494843
-9.0360881 13.543018 -1.7437229
-12.790944 9.0308194 -4.4557719
-11.706741 10.549625 -3.2055659
-8.322338 13.705663 -3.9156294
-10.225824 12.082297 -3.0203397
-8.6985357 13.657855 -2.8362766
-9.6468886 12.813486 -2.3904738
-16.689169 1.2763177 -9.8269638
-15.790208 3.5745754 -8.3935189
-13.829438 7.3928674 -5.7232385
-14.830168 5.5920598 -7.0295714
-6.4123516 13.168743 -8.1387309
-8.4793711 11.77052 -7.2745814
-6.9403207 13.410062 -7.1329896
-12.346924 8.9703417 -5.5439761
-10.430658 10.38877 -6.4206131
-11.850813 9.7694408 -4.9224884
-7.8925895 13.675802 -5.0349606
-8.9640602 11.950187 -6.2646398
-7.4367733 13.580421 -6.0899375
-8.8892892 12.884643 -4.5712693
-7.9745644 12.670588 -6.696075
-10.80068 11.309342 -3.6772339
-9.9597048 11.211957 -5.8162649
-11.33334 10.552059 -4.2968881
-9.8593462 12.094658 -4.1181817
-10.905633 10.497369 -5.3762751
-9.4363837 12.049688 -5.2079682
-15.797245 -22.622313 -1.1222799
-18.705269 -21.226123 -3.4528346
-14.809913 -22.196653 -2.8579164
-19.926456 -14.068721 -6.9414536
-19.743746 -17.792237 -5.4062762
-12.707366 -20.927158 -5.978769
-17.226657 -20.354115 -5.0881336
-13.751495 -21.591672 -4.4838631
-16.175237 -21.484768 -4.0081814
-18.265504 -1.3968692 -10.755146
-19.707165 -4.4612932 -10.475636
-19.903566 -10.639943 -8.2369839
-19.818239 -7.4729278 -9.393941
-8.8464706 -18.167578 -11.228181
-12.404956 -17.219765 -10.6424
-9.7504872 -18.839855 -10.021169
-18.787566 -13.649626 -8.4359325
-15.847373 -15.783732 -9.7548827
-18.636715 -15.363527 -7.741158
-11.662859 -20.208697 -7.4401485
-13.455421 -17.937719 -9.4034806
-10.691997 -19.524842 -8.7556242
-13.747399 -19.926265 -7.0695261
-11.605167 -18.439162 -9.7446157
-17.948984 -18.794298 -6.1109684
-15.341068 -17.269929 -8.9588713
-18.379059 -17.11207 -6.9681807
-15.886574 -19.488379 -6.6357136
-17.072912 -16.433769 -8.4166293
-14.629608 -18.68112 -8.0741243
-1.1548123 -8.8914371 -15.100361
-3.5540147 -8.3452401 -15.699384
-1.9325542 -10.014624 -15.009618
-1.1337248 -7.6716051 -15.381048
-8.5545696 -6.622578 -16.002571
-6.0419141 -7.5950667 -16.023184
-3.6994071 -12.52491 -14.798778
-4.474293 -9.5097299 -15.661123
-2.7815574 -11.225128 -14.909783
-3.191525 -9.7880421 -15.368525
-1.1018289 -5.2850089 -15.786041
-3.4757181 -7.0315304 -15.862745
-1.1172908 -6.4631694 -15.609592
-2.2998764 -7.3730092 -15.655039
-16.572047 -0.82212964 -11.572322
-15.12785 -2.460834 -13.331239
-17.685457 -2.2770801 -11.799981
-10.993274 -5.4240396 -15.570497
-13.230044 -4.0200269 -14.681157
-18.906677 -5.4015293 -11.480492
-16.080336 -4.0197719 -13.609554
-18.870651 -3.9187986 -12.018507
-16.951634 -3.1624835 -12.762376
-7.800472 -17.372339 -12.621429
-9.0916998 -14.769994 -14.710679
-6.938193 -16.70359 -13.769919
-9.5364228 -16.919716 -12.35659
-9.8837309 -7.787204 -15.992213
-9.9002095 -11.539846 -16.018876
-8.5424995 -8.3117584 -16.059949
-4.7704029 -14.011509 -14.671386
-8.0609388 -13.803458 -15.538993
-5.9154629 -15.602443 -14.526864
-5.184377 -12.411926 -15.225959
-7.6026866 -15.42185 -14.844517
-12.976686 -15.729652 -11.661753
-10.744346 -14.128488 -14.335456
-11.278358 -16.374985 -12.039891
-10.172286 -15.557226 -13.397447
-5.8495208 -9.1694593 -15.888284
-8.3141412 -11.896687 -15.859737
-7.1845716 -8.7734941 -16.021431
-5.5445587 -10.781947 -15.62797
-8.4661801 -10.082638 -16.020053
-6.7372806 -12.207364 -15.588062
-1.0750559 -0.66442109 -16.058153
-3.2750049 -2.0240644 -16.036401
-1.0799051 -1.7869348 -16.052994
-8.2903885 -5.1237419 -15.903923
-5.6335793 -3.4817435 -15.988539
-7.111957 -5.6699297 -16.028377
-1.0964648 -4.0738582 -15.92219
-3.3140393 -3.2044713 -16.060591
-1.0863065 -2.9291794 -16.007826
-2.2310659 -4.8793274 -15.951236
-2.1849676 -2.4849048 -16.059377
-4.714087 -6.613963 -16.004493
-4.5310188 -3.9873328 -16.056176
-5.9096038 -6.17056 -16.059718
-3.4356504 -5.7254254 -15.978956
-5.7734801 -4.7938672 -16.045833
-3.3820476 -4.4430038 -16.043247
-18.884476 -11.671248 -9.1955546
-16.786976 -10.374922 -12.093179
-18.922189 -10.064963 -9.7930987
-17.663498 -12.899779 -9.9556387
-11.450183 -7.0766025 -15.760218
-14.708692 -9.0904719 -14.767999
-12.718788 -6.4085639 -15.428516
-11.648674 -8.9900757 -15.950376
-18.925251 -6.9676275 -10.922156
-16.906987 -8.8631405 -12.682249
-18.934023 -8.4906804 -10.368459
-17.99426 -6.3840813 -12.414483
-17.914658 -9.4674291 -11.275056
-14.700158 -14.9155 -11.179086
-15.47018 -11.469384 -12.762626
-16.245672 -13.990317 -10.622435
-13.526145 -14.119439 -12.566174
-16.551047 -12.169343 -11.399622
-15.043749 -4.8914769 -14.367124
-15.861073 -8.2280192 -14.089565
-13.930314 -5.6725426 -14.961724
-17.022378 -5.7960501 -13.876334
-14.671854 -7.5142568 -15.242473
-16.970691 -7.3348637 -13.290133
-11.290043 -12.563063 -15.228281
-14.350015 -10.755258 -14.142837
-11.764911 -11.020771 -16.000996
-12.387145 -13.333439 -13.918281
-13.286489 -10.088039 -15.428382
-13.980732 -12.442727 -13.393267
-1.1114182 8.5573254 -14.532938
-3.2045974 7.5247677 -14.15588
-1.8020695 9.3384442 -13.99618
-1.0973288 7.425323 -14.887269
-7.1306393 5.5202327 -13.338902
-5.1889217 6.5228015 -13.761045
-3.1730839 10.742962 -12.693321
-3.879842 8.2462748 -13.580398
-2.4958102 10.071979 -13.378113
-2.8635242 8.782101 -13.789064
-1.077767 5.1695939 -15.441302
-3.1868656 6.4471692 -14.544458
-1.0872674 6.2894937 -15.190137
-2.1621302 6.9314185 -14.717414
-15.7605 0.78186929 -11.005616
-13.326356 2.1677866 -11.743694
-15.438649 1.9877938 -10.30088
-15.197214 0 -11.936118
-9.0908648 4.4853981 -12.87599
-11.132355 3.3826317 -12.353387
-14.690707 4.1970508 -8.9204752
-13.12438 3.2808402 -11.107788
-15.076347 3.1308495 -9.6019571
-14.247292 2.6579635 -10.726358
-13.724653 -1.5597804 -13.563057
-12.710288 1.4444998 -12.560636
-14.511142 -0.78699432 -12.797362
-13.908431 0.75430704 -12.265832
-5.7414566 12.78673 -9.2898719
-6.5230683 10.597103 -10.554546
-5.1450618 12.386655 -10.211172
-6.8315565 12.120687 -8.8518248
-7.8217002 6.1625691 -12.655777
-7.2093358 8.4033198 -11.66495
-6.8603455 6.675041 -12.897489
-3.8715408 11.371393 -11.906933
-5.9062485 10.113792 -11.385418
-4.5162614 11.911952 -11.090783
-4.234548 10.137939 -12.436414
-5.5420813 11.241966 -10.821111
-8.9028859 10.791607 -8.0007527
-7.6052387 10.000657 -10.147157
-7.8882078 11.452845 -8.4208324
-7.230847 11.058667 -9.5234139
-4.9159574 7.7060453 -13.352569
-6.254766 8.9499318 -11.931352
-5.8883375 7.1905879 -13.130858
-4.5832002 8.91249 -12.918272
-6.5673748 7.8212913 -12.427056
-5.264656 9.5390969 -12.180847
-1.0720913 0.66258884 -16.01387
-3.1939544 1.9739723 -15.639528
-1.0719159 1.7737149 -15.934233
-2.1541128 0 -15.988386
-7.1904331 4.4439321 -13.793816
-5.2485906 3.2438074 -14.895911
-6.2074614 4.9488305 -13.989895
-1.077957 4.0050931 -15.65343
-3.1854867 3.0801689 -15.437596
-1.0731491 2.893701 -15.813938
-2.1424791 4.6855887 -15.317876
-2.1403802 2.4341967 -15.731662
-4.3989208 -1.3502516 -15.915445
-4.3009986 1.3201943 -15.561159
-3.2660836 -0.67240809 -15.95572
-3.2386267 0.66675538 -15.821586
-4.2304008 5.935341 -14.362361
-4.2435396 3.7343488 -15.037461
-5.2178293 5.4482381 -14.179777
-3.2002625 5.3331573 -14.884185
-5.2386797 4.3498088 -14.559499
-3.2007291 4.2048053 -15.183136
-12.916483 7.9828256 -6.2895168
-11.879028 7.3416431 -8.5575393
-13.378256 7.1160718 -6.9238598
-11.922551 8.7071246 -6.7198816
-8.9732876 5.5457967 -12.350979
-10.551019 6.5208887 -10.593562
-9.9560786 5.0165288 -12.077214
-8.6536978 6.6786485 -11.849395
-14.25721 5.2490152 -8.2281324
-12.230892 6.4117939 -9.1746227
-13.828763 6.2013026 -7.5727676
-13.604475 4.8266542 -9.3859106
-12.841513 6.7864046 -8.0821407
-9.9457059 10.0914 -7.5634495
-10.836034 8.0336902 -8.9395373
-10.929198 9.4119187 -7.146192
-9.3481239 9.7581586 -8.6846739
-11.414043 8.3923028 -7.8614827
-12.00412 3.9031412 -11.464209
-11.523824 5.9780474 -10.236739
-10.969491 4.4668701 -11.781679
-12.846624 4.3742229 -10.472335
-10.772976 5.5174285 -11.191959
-12.545604 5.4223071 -9.824747
-7.9794871 8.8792225 -10.762924
-10.154278 7.6105758 -10.007676
-8.3212395 7.7949142 -11.317392
-8.6869645 9.3505896 -9.7607324
-9.4378531 7.1658832 -10.959313
-9.7674804 8.6929702 -9.357054
-9.6575811 -4.4102014 -15.626294
-9.3044777 -1.3928761 -15.054961
-10.761185 -3.7606 -15.27889
-8.2233701 -3.58845 -15.722828
-8.3734438 3.8237912 -13.548517
-8.8695162 1.3277625 -14.351179
-9.3885845 3.2809314 -13.330051
-7.4183866 3.2371776 -14.183725
-12.791492 -2.3387685 -14.258992
-10.246281 -0.72550039 -14.581699
-11.817563 -3.0647785 -14.820356
-12.385361 -0.75475404 -13.7954
-10.50967 -2.1911828 -14.944898
-5.6376128 -2.0830962 -15.86289
-7.9830546 -0.71021996 -15.215174
-6.8825801 -2.8115645 -15.800696
-5.5662841 -0.68803055 -15.685978
-8.1178874 -2.1093521 -15.488619
-11.524541 2.1071219 -12.84669
-9.9631793 0.70545505 -14.178812
-10.442016 2.7080427 -13.095288
-11.959535 0.72880458 -13.321096
-9.680877 2.0183861 -13.766343
-11.129906 0 -14.000399
-5.3972436 1.9942799 -15.186549
-7.8131677 0.69510582 -14.891381
-6.4179379 2.6217561 -14.733993
-5.4854373 0.67803734 -15.458149
-7.6273346 1.9818868 -14.552663
-6.7154324 0 -15.342753
-9.3312601 13.362753 0.66291844
-10.56107 11.984354 1.9494843
-9.0360881 13.543018 1.7437229
-9.9917499 12.72162 0
-12.790944 9.0308194 4.4557719
-11.706741 10.549625 3.2055659
-8.322338 13.705663 3.9156294
-10.225824 12.082297 3.0203397
-8.6985357 13.657855 2.8362766
-9.6468886 12.813486 2.3904738
-11.252725 11.386794 -1.2940873
-11.252725 11.386794 1.2940873
-10.635152 12.059377 -0.65402579
-10.635152 12.059377 0.65402579
-16.689169 1.2763177 9.8269638
-15.790208 3.5745754 8.3935189
-13.829438 7.3928674 5.7232385
-14.830168 5.5920598 7.0295714
-6.4123516 13.168743 8.1387309
-8.4793711 11.77052 7.2745814
-6.9403207 13.410062 7.1329896
-12.346924 8.9703417 5.5439761
-10.430658 10.38877 6.4206131
-11.850813 9.7694408 4.9224884
-7.8925895 13.675802 5.0349606
-8.9640602 11.950187 6.2646398
-7.4367733 13.580421 6.0899375
-8.8892892 12.884643 4.5712693
-7.9745644 12.670588 6.696075
-10.80068 11.309342 3.6772339
-9.9597048 11.211957 5.8162649
-11.33334 10.552059 4.2968881
-9.8593462 12.094658 4.1181817
-10.905633 10.497369 5.3762751
-9.4363837 12.049688 5.2079682
-13.629093 8.4232429 -3.8465323
-13.991961 8.6475076 -1.2945279
-13.057418 9.1965647 -3.2138283
-13.629093 8.4232429 3.8465323
-13.991961 8.6475076 1.2945279
-13.057418 9.1965647 3.2138283
-11.884281 10.661181 -1.949267
-13.328393 9.3656067 -0.66314319
-12.472854 9.9456947 -2.5793263
-11.958397 10.736119 -0.65425057
-13.237752 9.3091568 -1.9408854
-11.884281 10.661181 1.949267
-13.328393 9.3656067 0.66314319
-12.472854 9.9456947 2.5793263
-11.958397 10.736119 0.65425057
-13.237752 9.3091568 1.9408854
-12.653895 10.059475 0
-15.797245 -22.622313 1.1222799
-18.705269 -21.226123 3.4528346
-14.809913 -22.196653 2.8579164
-17.839419 -22.713369 0
-19.926456 -14.068721 6.9414536
-19.743746 -17.792237 5.4062762
-12.707366 -20.927158 5.978769
-17.226657 -20.354115 5.0881336
-13.751495 -21.591672 4.4838631
-16.175237 -21.484768 4.0081814
-20.885974 -21.134818 -2.4019315
-20.885974 -21.134818 2.4019315
-19.805906 -22.458248 -1.217996
-19.805906 -22.458248 1.217996
-18.265504 -1.3968692 10.755146
-19.707165 -4.4612932 10.475636
-19.903566 -10.639943 8.2369839
-19.818239 -7.4729278 9.393941
-8.8464706 -18.167578 11.228181
-12.404956 -17.219765 10.6424
-9.7504872 -18.839855 10.021169
-18.787566 -13.649626 8.4359325
-15.847373 -15.783732 9.7548827
-18.636715 -15.363527 7.741158
-11.662859 -20.208697 7.4401485
-13.455421 -17.937719 9.4034806
-10.691997 -19.524842 8.7556242
-13.747399 -19.926265 7.0695261
-11.605167 -18.439162 9.7446157
-17.948984 -18.794298 6.1109684
-15.341068 -17.269929 8.9588713
-18.379059 -17.11207 6.9681807
-15.886574 -19.488379 6.6357136
-17.072912 -16.433769 8.4166293
-14.629608 -18.68112 8.0741243
-20.929278 -12.935005 -5.9068598
-22.468591 -13.886353 -2.0787807
-21.020851 -14.805347 -5.1738715
-20.929278 -12.935005 5.9068598
-22.468591 -13.886353 2.0787807
-21.020851 -14.805347 5.1738715
-21.120374 -18.946718 -3.4641765
-22.620483 -15.89498 -1.1254635
-21.097622 -16.822975 -4.362887
-22.422078 -20.130298 -1.2267244
-21.995654 -15.467959 -3.2249468
-21.120374 -18.946718 3.4641765
-22.620483 -15.89498 1.1254635
-21.097622 -16.822975 4.362887
-22.422078 -20.130298 1.2267244
-21.995654 -15.467959 3.2249468
-22.713369 -18.056462 0
-1.1548123 -8.8914371 15.100361
-3.5540147 -8.3452401 15.699384
-1.9325542 -10.014624 15.009618
-1.1337248 -7.6716051 15.381048
-8.5545696 -6.622578 16.002571
-6.0419141 -7.5950667 16.023184
-3.6994071 -12.52491 14.798778
-4.474293 -9.5097299 15.661123
-2.7815574 -11.225128 14.909783
-3.191525 -9.7880421 15.368525
-1.1018289 -5.2850089 15.786041
-3.4757181 -7.0315304 15.862745
-1.1172908 -6.4631694 15.609592
-2.2998764 -7.3730092 15.655039
-16.572047 -0.82212964 11.572322
-15.12785 -2.460834 13.331239
-17.685457 -2.2770801 11.799981
-10.993274 -5.4240396 15.570497
-13.230044 -4.0200269 14.681157
-18.906677 -5.4015293 11.480492
-16.080336 -4.0197719 13.609554
-18.870651 -3.9187986 12.018507
-16.951634 -3.1624835 12.762376
-7.800472 -17.372339 12.621429
-9.0916998 -14.769994 14.710679
-6.938193 -16.70359 13.769919
-9.5364228 -16.919716 12.35659
-9.8837309 -7.787204 15.992213
-9.9002095 -11.539846 16.018876
-8.5424995 -8.3117584 16.059949
-4.7704029 -14.011509 14.671386
-8.0609388 -13.803458 15.538993
-5.9154629 -15.602443 14.526864
-5.184377 -12.411926 15.225959
-7.6026866 -15.42185 14.844517
-12.976686 -15.729652 11.661753
-10.744346 -14.128488 14.335456
-11.278358 -16.374985 12.039891
-10.172286 -15.557226 13.397447
-5.8495208 -9.1694593 15.888284
-8.3141412 -11.896687 15.859737
-7.1845716 -8.7734941 16.021431
-5.5445587 -10.781947 15.62797
-8.4661801 -10.082638 16.020053
-6.7372806 -12.207364 15.588062
-1.0750559 -0.66442109 16.058153
-3.2750049 -2.0240644 16.036401
-1.0799051 -1.7869348 16.052994
-8.2903885 -5.1237419 15.903923
-5.6335793 -3.4817435 15.988539
-7.111957 -5.6699297 16.028377
-1.0964648 -4.0738582 15.92219
-3.3140393 -3.2044713 16.060591
-1.0863065 -2.9291794 16.007826
-2.2310659 -4.8793274 15.951236
-2.1849676 -2.4849048 16.059377
-4.714087 -6.613963 16.004493
-4.5310188 -3.9873328 16.056176
-5.9096038 -6.17056 16.059718
-3.4356504 -5.7254254 15.978956
-5.7734801 -4.7938672 16.045833
-3.3820476 -4.4430038 16.043247
-18.884476 -11.671248 9.1955546
-16.786976 -10.374922 12.093179
-18.922189 -10.064963 9.7930987
-17.663498 -12.899779 9.9556387
-11.450183 -7.0766025 15.760218
-14.708692 -9.0904719 14.767999
-12.718788 -6.4085639 15.428516
-11.648674 -8.9900757 15.950376
-18.925251 -6.9676275 10.922156
-16.906987 -8.8631405 12.682249
-18.934023 -8.4906804 10.368459
-17.99426 -6.3840813 12.414483
-17.914658 -9.4674291 11.275056
-14.700158 -14.9155 11.179086
-15.47018 -11.469384 12.762626
-16.245672 -13.990317 10.622435
-13.526145 -14.119439 12.566174
-16.551047 -12.169343 11.399622
-15.043749 -4.8914769 14.367124
-15.861073 -8.2280192 14.089565
-13.930314 -5.6725426 14.961724
-17.022378 -5.7960501 13.876334
-14.671854 -7.5142568 15.242473
-16.970691 -7.3348637 13.290133
-11.290043 -12.563063 15.228281
-14.350015 -10.755258 14.142837
-11.764911 -11.020771 16.000996
-12.387145 -13.333439 13.918281
-13.286489 -10.088039 15.428382
-13.980732 -12.442727 13.393267
-1.1114182 8.5573254 14.532938
-3.2045974 7.5247677 14.15588
-1.8020695 9.3384442 13.99618
-1.0973288 7.425323 14.887269
-7.1306393 5.5202327 13.338902
-5.1889217 6.5228015 13.761045
-3.1730839 10.742962 12.693321
-3.879842 8.2462748 13.580398
-2.4958102 10.071979 13.378113
-2.8635242 8.782101 13.789064
-1.077767 5.1695939 15.441302
-3.1868656 6.4471692 14.544458
-1.0872674 6.2894937 15.190137
-2.1621302 6.9314185 14.717414
-15.7605 0.78186929 11.005616
-13.326356 2.1677866 11.743694
-15.438649 1.9877938 10.30088
-15.197214 0 11.936118
-9.0908648 4.4853981 12.87599
-11.132355 3.3826317 12.353387
-14.690707 4.1970508 8.9204752
-13.12438 3.2808402 11.107788
-15.076347 3.1308495 9.6019571
-14.247292 2.6579635 10.726358
-13.724653 -1.5597804 13.563057
-12.710288 1.4444998 12.560636
-14.511142 -0.78699432 12.797362
-13.908431 0.75430704 12.265832
-5.7414566 12.78673 9.2898719
-6.5230683 10.597103 10.554546
-5.1450618 12.386655 10.211172
-6.8315565 12.120687 8.8518248
-7.8217002 6.1625691 12.655777
-7.2093358 8.4033198 11.66495
-6.8603455 6.675041 12.897489
-3.8715408 11.371393 11.906933
-5.9062485 10.113792 11.385418
-4.5162614 11.911952 11.090783
-4.234548 10.137939 12.436414
-5.5420813 11.241966 10.821111
-8.9028859 10.791607 8.0007527
-7.6052387 10.000657 10.147157
-7.8882078 11.452845 8.4208324
-7.230847 11.058667 9.5234139
-4.9159574 7.7060453 13.352569
-6.254766 8.9499318 11.931352
-5.8883375 7.1905879 13.130858
-4.5832002 8.91249 12.918272
-6.5673748 7.8212913 12.427056
-5.264656 9.5390969 12.180847
-1.0720913 0.66258884 16.01387
-3.1939544 1.9739723 15.639528
-1.0719159 1.7737149 15.934233
-2.1541128 0 15.988386
-7.1904331 4.4439321 13.793816
-5.2485906 3.2438074 14.895911
-6.2074614 4.9488305 13.989895
-1.077957 4.0050931 15.65343
-3.1854867 3.0801689 15.437596
-1.0731491 2.893701 15.813938
-2.1424791 4.6855887 15.317876
-2.1403802 2.4341967 15.731662
-4.3989208 -1.3502516 15.915445
-4.3009986 1.3201943 15.561159
-3.2660836 -0.67240809 15.95572
-3.2386267 0.66675538 15.821586
-4.2304008 5.935341 14.362361
-4.2435396 3.7343488 15.037461
-5.2178293 5.4482381 14.179777
-3.2002625 5.3331573 14.884185
-5.2386797 4.3498088 14.559499
-3.2007291 4.2048053 15.183136
-12.916483 7.9828256 6.2895168
-11.879028 7.3416431 8.5575393
-13.378256 7.1160718 6.9238598
-11.922551 8.7071246 6.7198816
-8.9732876 5.5457967 12.350979
-10.551019 6.5208887 10.593562
-9.9560786 5.0165288 12.077214
-8.6536978 6.6786485 11.849395
-14.25721 5.2490152 8.2281324
-12.230892 6.4117939 9.1746227
-13.828763 6.2013026 7.5727676
-13.604475 4.8266542 9.3859106
-12.841513 6.7864046 8.0821407
-9.9457059 10.0914 7.5634495
-10.836034 8.0336902 8.9395373
-10.929198 9.4119187 7.146192
-9.3481239 9.7581586 8.6846739
-11.414043 8.3923028 7.8614827
-12.00412 3.9031412 11.464209
-11.523824 5.9780474 10.236739
-10.969491 4.4668701 11.781679
-12.846624 4.3742229 10.472335
-10.772976 5.5174285 11.191959
-12.545604 5.4223071 9.824747
-7.9794871 8.8792225 10.762924
-10.154278 7.6105758 10.007676
-8.3212395 7.7949142 11.317392
-8.6869645 9.3505896 9.7607324
-9.4378531 7.1658832 10.959313
-9.7674804 8.6929702 9.357054
-9.6575811 -4.4102014 15.626294
-9.3044777 -1.3928761 15.054961
-10.761185 -3.7606 15.27889
-8.2233701 -3.58845 15.722828
-8.3734438 3.8237912 13.548517
-8.8695162 1.3277625 14.351179
-9.3885845 3.2809314 13.330051
-7.4183866 3.2371776 14.183725
-12.791492 -2.3387685 14.258992
-10.246281 -0.72550039 14.581699
-11.817563 -3.0647785 14.820356
-12.385361 -0.75475404 13.7954
-10.50967 -2.1911828 14.944898
-5.6376128 -2.0830962 15.86289
-7.9830546 -0.71021996 15.215174
-6.8825801 -2.8115645 15.800696
-5.5662841 -0.68803055 15.685978
-8.1178874 -2.1093521 15.488619
-11.524541 2.1071219 12.84669
-9.9631793 0.70545505 14.178812
-10.442016 2.7080427 13.095288
-11.959535 0.72880458 13.321096
-9.680877 2.0183861 13.766343
-11.129906 0 14.000399
-5.3972436 1.9942799 15.186549
-7.8131677 0.69510582 14.891381
-6.4179379 2.6217561 14.733993
-5.4854373 0.67803734 15.458149
-7.6273346 1.9818868 14.552663
-6.7154324 0 15.342753
-18.221807 0 -9.5880893
-20.235502 0 -7.2945743
-17.680221 1.303195 -8.8183636
-19.508441 -1.4379517 -9.730225
-22.605045 0 -1.566698
-21.768193 0 -4.5849179
-16.56888 3.6304409 -7.3445414
-19.41501 1.3551225 -6.4999517
-17.125606 2.5159169 -8.065598
-18.600313 1.3313583 -7.7014809
-20.457931 -4.4825786 -9.0684535
-21.492971 -1.5001594 -7.1956324
-20.377915 -2.9937126 -9.5973289
-20.692638 -1.481121 -8.5678105
-18.221807 0 9.5880893
-20.235502 0 7.2945743
-17.680221 1.303195 8.8183636
-19.508441 -1.4379517 9.730225
-22.605045 0 1.566698
-21.768193 0 4.5849179
-16.56888 3.6304409 7.3445414
-19.41501 1.3551225 6.4999517
-17.125606 2.5159169 8.065598
-18.600313 1.3313583 7.7014809
-20.457931 -4.4825786 9.0684535
-21.492971 -1.5001594 7.1956324
-20.377915 -2.9937126 9.5973289
-20.692638 -1.481121 8.5678105
-14.302754 7.4557324 -4.607896
-16.376205 5.7701739 -3.5661636
-14.865458 6.5959578 -5.258555
-14.589339 7.6305315 -3.3297517
-21.256233 1.4230553 -0.87949654
-18.657579 3.8103102 -2.3549012
-21.053926 1.416324 -2.3436121
-15.991303 4.7102018 -6.6085119
-17.085096 4.8213779 -4.2428511
-15.430863 5.6782 -5.9289378
-17.253581 3.7097087 -6.1821367
-15.951075 5.7393852 -4.7655573
-14.883223 7.8088875 -0.69472502
-16.602611 5.9005068 -2.1802355
-14.785037 7.7491263 -2.0135332
-15.584047 6.7882108 -2.7730142
-20.127937 1.3860892 -5.1499424
-18.333395 3.7830234 -3.65795
-20.67165 1.4027981 -3.7825856
-18.629808 2.6057122 -5.6986765
-19.632307 2.6710846 -3.0377526
-17.848355 3.7625791 -4.9429089
-20.817361 -10.851663 -6.7066968
-21.950663 -7.7343402 -4.7800851
-20.725208 -9.19599 -7.3314021
-21.642653 -11.319563 -4.9395424
-22.692572 -1.5192148 -0.93892639
-22.491008 -4.5931854 -2.8387447
-22.564541 -1.517945 -2.5117659
-20.549135 -6.0527008 -8.4920662
-21.826021 -6.1592571 -5.4201955
-20.634721 -7.5930991 -7.928395
-21.135153 -4.5442891 -7.5729441
-21.358632 -7.6850881 -6.3811238
-22.661677 -11.890065 -1.0578108
-22.419461 -7.9677939 -2.9440974
-22.295368 -11.685437 -3.0363443
-22.121003 -9.6356247 -3.9361954
-21.968259 -1.512821 -5.620808
-22.173793 -4.5754744 -4.4242011
-22.319934 -1.5146523 -4.0841956
-21.604435 -3.0217669 -6.6085857
-22.407708 -3.0486934 -3.4671969
-21.716179 -4.5779482 -6.0140611
-14.302754 7.4557324 4.607896
-16.376205 5.7701739 3.5661636
-14.865458 6.5959578 5.258555
-14.589339 7.6305315 3.3297517
-21.256233 1.4230553 0.87949654
-18.657579 3.8103102 2.3549012
-21.053926 1.416324 2.3436121
-20.016544 2.696826 0
-15.991303 4.7102018 6.6085119
-17.085096 4.8213779 4.2428511
-15.430863 5.6782 5.9289378
-17.253581 3.7097087 6.1821367
-15.951075 5.7393852 4.7655573
-14.883223 7.8088875 0.69472502
-16.602611 5.9005068 2.1802355
-14.785037 7.7491263 2.0135332
-15.798472 6.9148978 0
-15.584047 6.7882108 2.7730142
-20.127937 1.3860892 5.1499424
-18.333395 3.7830234 3.65795
-20.67165 1.4027981 3.7825856
-18.629808 2.6057122 5.6986765
-19.632307 2.6710846 3.0377526
-17.848355 3.7625791 4.9429089
-17.716862 4.8968203 -1.5030822
-17.716862 4.8968203 1.5030822
-18.830985 3.8546409 -0.7935779
-16.746856 5.9427446 -0.73456363
-18.830985 3.8546409 0.7935779
-16.746856 5.9427446 0.73456363
-20.817361 -10.851663 6.7066968
-21.950663 -7.7343402 4.7800851
-20.725208 -9.19599 7.3314021
-21.642653 -11.319563 4.9395424
-22.692572 -1.5192148 0.93892639
-22.491008 -4.5931854 2.8387447
-22.564541 -1.517945 2.5117659
-22.713369 -3.0601689 0
-20.549135 -6.0527008 8.4920662
-21.826021 -6.1592571 5.4201955
-20.634721 -7.5930991 7.928395
-21.135153 -4.5442891 7.5729441
-21.358632 -7.6850881 6.3811238
-22.661677 -11.890065 1.0578108
-22.419461 -7.9677939 2.9440974
-22.295368 -11.685437 3.0363443
-22.713369 -9.9415078 0
-22.121003 -9.6356247 3.9361954
-21.968259 -1.512821 5.620808
-22.173793 -4.5754744 4.4242011
-22.319934 -1.5146523 4.0841956
-21.604435 -3.0217669 6.6085857
-22.407708 -3.0486934 3.4671969
-21.716179 -4.5779482 6.0140611
-22.601723 -6.2469625 -1.9175092
-22.601723 -6.2469625 1.9175092
-22.688073 -4.6441742 -0.95612382
-22.67963 -8.0480327 -0.99479155
-22.688073 -4.6441742 0.95612382
-22.67963 -8.0480327 0.99479155
