-11.049479 17.878433 0
17.878433 28.927912 0
-17.878433 -28.927912 0
11.049479 -17.878433 0
0 -11.584083 18.74344
0 11.584083 18.74344
0 -11.584083 -18.74344
0 11.584083 -18.74344
21.780917 0 -13.461347
21.780917 0 13.461347
-21.780917 0 -13.461347
-21.780917 0 13.461347
0 28.927912 0
0 -28.927912 0
-9.0110372 -23.591202 14.580164
6.7574125 -17.691136 10.933723
-6.7574125 17.691136 10.933723
9.0110372 23.591202 14.580164
0 0 20.455123
-9.0110372 -23.591202 -14.580164
6.7574125 -17.691136 -10.933723
-6.7574125 17.691136 -10.933723
9.0110372 23.591202 -14.580164
0 0 -20.455123
25.379608 15.68546 -9.6941476
16.958338 -10.480829 -6.4775086
10.322118 -6.3794198 -16.701538
12.46943 7.7065318 -20.175962
25.379608 15.68546 9.6941476
16.958338 -10.480829 6.4775086
10.322118 -6.3794198 16.701538
12.46943 7.7065318 20.175962
28.927912 0 0
-16.958338 10.480829 -6.4775086
-25.379608 -15.68546 -9.6941476
-12.46943 -7.7065318 -20.175962
-10.322118 6.3794198 -16.701538
-16.958338 10.480829 6.4775086
-25.379608 -15.68546 9.6941476
-12.46943 -7.7065318 20.175962
-10.322118 6.3794198 16.701538
-28.927912 0 0
-6.3997724 22.52814 0
8.2178136 28.927912 0
-8.2178136 -28.927912 0
6.3997724 -22.52814 0
-13.486766 -26.814738 8.078345
-4.1230726 -17.808934 18.021117
-4.7343202 -27.715193 7.660291
9.3136454 -18.517631 5.5787161
3.5472861 -15.321919 15.50447
4.0033205 -23.435846 6.4775086
0 -21.780917 13.461347
-9.3136454 18.517631 5.5787161
-3.5472861 15.321919 15.50447
-4.0033205 23.435846 6.4775086
13.486766 26.814738 8.078345
4.1230726 17.808934 18.021117
4.7343202 27.715193 7.660291
0 21.780917 13.461347
0 -5.6970687 20.05452
0 5.6970687 20.05452
-13.486766 -26.814738 -8.078345
-4.1230726 -17.808934 -18.021117
-4.7343202 -27.715193 -7.660291
9.3136454 -18.517631 -5.5787161
3.5472861 -15.321919 -15.50447
4.0033205 -23.435846 -6.4775086
0 -21.780917 -13.461347
-9.3136454 18.517631 -5.5787161
-3.5472861 15.321919 -15.50447
-4.0033205 23.435846 -6.4775086
13.486766 26.814738 -8.078345
4.1230726 17.808934 -18.021117
4.7343202 27.715193 -7.660291
0 21.780917 -13.461347
0 -5.6970687 -20.05452
0 5.6970687 -20.05452
24.729512 25.024149 -5.7253047
25.172811 7.5836896 -12.660941
18.033092 21.113512 -13.048868
14.191607 -14.360692 -3.2855996
19.506607 -5.87666 -9.8110617
12.053637 -14.112644 -8.7220937
5.3568198 -8.9431904 -17.781083
15.54476 -3.5565041 -15.361735
8.7580636 -12.103346 -14.170845
5.3905503 -3.3315433 -19.503194
14.326694 -8.8543835 -12.236457
6.1006814 10.185064 -20.250209
18.122669 4.1463069 -17.909291
12.304848 17.004881 -19.909662
5.6379691 3.4844565 -20.398364
20.054902 12.394611 -17.128931
11.584083 0 -18.74344
24.729512 25.024149 5.7253047
25.172811 7.5836896 12.660941
18.033092 21.113512 13.048868
28.927912 17.878433 0
14.191607 -14.360692 3.2855996
19.506607 -5.87666 9.8110617
12.053637 -14.112644 8.7220937
17.878433 -11.049479 0
5.3568198 -8.9431904 17.781083
15.54476 -3.5565041 15.361735
8.7580636 -12.103346 14.170845
5.3905503 -3.3315433 19.503194
14.326694 -8.8543835 12.236457
6.1006814 10.185064 20.250209
18.122669 4.1463069 17.909291
12.304848 17.004881 19.909662
5.6379691 3.4844565 20.398364
20.054902 12.394611 17.128931
11.584083 0 18.74344
26.842678 0 -7.6254423
26.842678 0 7.6254423
28.370987 7.841548 -4.8463432
22.268461 -6.1548512 -3.8039073
28.370987 7.841548 4.8463432
22.268461 -6.1548512 3.8039073
-14.191607 14.360692 -3.2855996
-19.506607 5.87666 -9.8110617
-12.053637 14.112644 -8.7220937
-24.729512 -25.024149 -5.7253047
-25.172811 -7.5836896 -12.660941
-18.033092 -21.113512 -13.048868
-6.1006814 -10.185064 -20.250209
-18.122669 -4.1463069 -17.909291
-12.304848 -17.004881 -19.909662
-5.6379691 -3.4844565 -20.398364
-20.054902 -12.394611 -17.128931
-5.3568198 8.9431904 -17.781083
-15.54476 3.5565041 -15.361735
-8.7580636 12.103346 -14.170845
-5.3905503 3.3315433 -19.503194
-14.326694 8.8543835 -12.236457
-11.584083 0 -18.74344
-14.191607 14.360692 3.2855996
-19.506607 5.87666 9.8110617
-12.053637 14.112644 8.7220937
-17.878433 11.049479 0
-24.729512 -25.024149 5.7253047
-25.172811 -7.5836896 12.660941
-18.033092 -21.113512 13.048868
-28.927912 -17.878433 0
-6.1006814 -10.185064 20.250209
-18.122669 -4.1463069 17.909291
-12.304848 -17.004881 19.909662
-5.6379691 -3.4844565 20.398364
-20.054902 -12.394611 17.128931
-5.3568198 8.9431904 17.781083
-15.54476 3.5565041 15.361735
-8.7580636 12.103346 14.170845
-5.3905503 3.3315433 19.503194
-14.326694 8.8543835 12.236457
-11.584083 0 18.74344
-26.842678 0 -7.6254423
-26.842678 0 7.6254423
-22.268461 6.1548512 -3.8039073
-28.370987 -7.841548 -4.8463432
-22.268461 6.1548512 3.8039073
-28.370987 -7.841548 4.8463432
-8.8503026 20.07761 0
-3.536602 25.39131 0
12.751557 28.927912 0
4.0291939 28.927912 0
-12.751557 -28.927912 0
-4.0291939 -28.927912 0
8.8503026 -20.07761 0
3.536602 -25.39131 0
-15.81088 -28.228982 4.2820297
-11.207729 -25.219624 11.463991
-11.033406 -28.468475 4.0549703
-1.9059869 -14.471072 18.424749
-6.8294331 -21.853496 17.480012
-2.3853918 -28.64729 3.8596451
-6.9725583 -26.029306 11.281836
-6.5105909 -28.583826 3.9277175
-8.998201 -27.366992 7.8877996
10.288683 -18.369568 2.7864638
8.13137 -18.297202 8.3172918
7.9961338 -20.631684 2.9387196
1.7915438 -13.602171 17.318453
5.217418 -16.695211 13.354041
0 -16.569667 16.767084
2.189986 -26.300569 3.5434718
5.5025104 -20.54146 8.9032489
5.3006193 -23.271617 3.1977643
0 -26.942796 7.4468057
6.8431998 -20.812804 5.9987312
-4.5100954 -24.222811 14.97052
3.6555271 -19.633097 12.133921
-2.0927021 -20.121988 15.99639
-2.3703749 -26.287861 11.506041
1.9093476 -18.358976 14.594847
2.0806773 -23.075065 10.09982
-10.288683 18.369568 2.7864638
-8.13137 18.297202 8.3172918
-7.9961338 20.631684 2.9387196
-1.7915438 13.602171 17.318453
-5.217418 16.695211 13.354041
-2.189986 26.300569 3.5434718
-5.5025104 20.54146 8.9032489
-5.3006193 23.271617 3.1977643
-6.8431998 20.812804 5.9987312
15.81088 28.228982 4.2820297
11.207729 25.219624 11.463991
11.033406 28.468475 4.0549703
1.9059869 14.471072 18.424749
6.8294331 21.853496 17.480012
0 16.569667 16.767084
2.3853918 28.64729 3.8596451
6.9725583 26.029306 11.281836
6.5105909 28.583826 3.9277175
0 26.942796 7.4468057
8.998201 27.366992 7.8877996
-3.6555271 19.633097 12.133921
4.5100954 24.222811 14.97052
-1.9093476 18.358976 14.594847
-2.0806773 23.075065 10.09982
2.0927021 20.121988 15.99639
2.3703749 26.287861 11.506041
0 -8.6082396 19.52847
0 -2.8353521 20.356631
0 8.6082396 19.52847
0 2.8353521 20.356631
-15.81088 -28.228982 -4.2820297
-11.207729 -25.219624 -11.463991
-11.033406 -28.468475 -4.0549703
-1.9059869 -14.471072 -18.424749
-6.8294331 -21.853496 -17.480012
-2.3853918 -28.64729 -3.8596451
-6.9725583 -26.029306 -11.281836
-6.5105909 -28.583826 -3.9277175
-8.998201 -27.366992 -7.8877996
10.288683 -18.369568 -2.7864638
8.13137 -18.297202 -8.3172918
7.9961338 -20.631684 -2.9387196
1.7915438 -13.602171 -17.318453
5.217418 -16.695211 -13.354041
0 -16.569667 -16.767084
2.189986 -26.300569 -3.5434718
5.5025104 -20.54146 -8.9032489
5.3006193 -23.271617 -3.1977643
0 -26.942796 -7.4468057
6.8431998 -20.812804 -5.9987312
-4.5100954 -24.222811 -14.97052
3.6555271 -19.633097 -12.133921
-2.0927021 -20.121988 -15.99639
-2.3703749 -26.287861 -11.506041
1.9093476 -18.358976 -14.594847
2.0806773 -23.075065 -10.09982
-10.288683 18.369568 -2.7864638
-8.13137 18.297202 -8.3172918
-7.9961338 20.631684 -2.9387196
-1.7915438 13.602171 -17.318453
-5.217418 16.695211 -13.354041
-2.189986 26.300569 -3.5434718
-5.5025104 20.54146 -8.9032489
-5.3006193 23.271617 -3.1977643
-6.8431998 20.812804 -5.9987312
15.81088 28.228982 -4.2820297
11.207729 25.219624 -11.463991
11.033406 28.468475 -4.0549703
1.9059869 14.471072 -18.424749
6.8294331 21.853496 -17.480012
0 16.569667 -16.767084
2.3853918 28.64729 -3.8596451
6.9725583 26.029306 -11.281836
6.5105909 28.583826 -3.9277175
0 26.942796 -7.4468057
8.998201 27.366992 -7.8877996
-3.6555271 19.633097 -12.133921
4.5100954 24.222811 -14.97052
-1.9093476 18.358976 -14.594847
-2.0806773 23.075065 -10.09982
2.0927021 20.121988 -15.99639
2.3703749 26.287861 -11.506041
0 -8.6082396 -19.52847
0 -2.8353521 -20.356631
0 8.6082396 -19.52847
0 2.8353521 -20.356631
22.219095 28.289626 -2.92648
25.319525 20.252393 -7.9126013
19.018818 26.38986 -7.0922211
24.924507 3.7807768 -13.960064
25.300725 11.500857 -11.243771
13.533696 22.594455 -13.964141
22.17549 18.863598 -11.658345
16.077058 24.404322 -10.782579
21.138964 22.931464 -9.6649913
12.683059 -16.148227 -1.6704874
15.608537 -12.48484 -4.8778216
11.830901 -16.416152 -4.4118075
20.695563 -3.1392919 -11.591458
18.256391 -8.2987404 -8.1132333
9.5086357 -15.874631 -9.8110617
14.504453 -12.338225 -7.6254423
10.751162 -16.319829 -7.2106014
13.252879 -14.37667 -6.0593774
2.7715709 -10.233693 -18.271388
7.8470103 -7.671601 -17.26263
4.5043116 -12.078964 -16.760356
2.7282687 -7.4235057 -19.154185
18.47628 -1.9113177 -14.511546
12.859973 -5.024386 -16.077528
17.775308 -4.7770777 -12.810426
7.8274143 -14.888627 -12.665022
9.5822896 -9.2869155 -15.50447
6.2508598 -13.671683 -14.830988
10.54805 -13.284887 -11.593429
7.1323017 -10.634416 -16.142612
2.7237456 -1.6833673 -20.216348
7.9428363 -4.9089428 -18.325609
2.7214796 -4.511129 -19.805472
5.4037125 -6.1644176 -18.748366
15.839096 -9.7890999 -9.4873509
12.46943 -7.7065318 -14.658695
16.851465 -7.4454946 -11.101393
13.248294 -11.561494 -10.518995
14.998152 -6.3213151 -13.825781
11.549366 -10.50796 -13.234396
2.9810049 11.007003 -19.652067
9.2979699 9.0901264 -20.454595
5.2363901 14.042138 -19.48439
2.8707652 7.8112328 -20.154601
20.265711 2.0964292 -15.916992
15.468713 6.0436196 -19.338972
22.930058 6.1624064 -16.525385
16.833409 0 -16.63521
10.790449 20.524653 -17.459313
12.640814 12.251161 -20.453267
8.1275721 17.776369 -19.283734
15.08492 18.998911 -16.579932
8.9331987 13.319592 -20.218601
2.7540928 1.702123 -20.441593
8.8056956 5.4422192 -20.316387
2.8050283 4.6496195 -20.413495
5.5486796 0 -20.075311
5.8932142 6.7228288 -20.446709
22.712971 14.037388 -13.604685
16.958338 10.480829 -19.935721
22.886969 10.112166 -15.077457
19.267658 16.814461 -15.298302
20.282228 8.5484102 -18.696813
16.376385 14.899727 -18.765668
10.989313 -3.3106967 -17.781083
12.090826 3.6425439 -19.563367
13.723285 -1.7953268 -17.26263
8.3878351 -1.7279891 -19.163692
14.610554 1.9114023 -18.378733
8.6944214 1.7911493 -19.86415
22.219095 28.289626 2.92648
25.319525 20.252393 7.9126013
19.018818 26.38986 7.0922211
28.587312 28.927912 0
24.924507 3.7807768 13.960064
25.300725 11.500857 11.243771
13.533696 22.594455 13.964141
22.17549 18.863598 11.658345
16.077058 24.404322 10.782579
21.138964 22.931464 9.6649913
27.789033 17.174567 -5.1740977
27.789033 17.174567 5.1740977
28.259594 22.465548 -2.9390194
28.259594 22.465548 2.9390194
12.683059 -16.148227 1.6704874
15.608537 -12.48484 4.8778216
11.830901 -16.416152 4.4118075
14.378302 -14.54961 0
20.695563 -3.1392919 11.591458
18.256391 -8.2987404 8.1132333
9.5086357 -15.874631 9.8110617
14.504453 -12.338225 7.6254423
10.751162 -16.319829 7.2106014
13.252879 -14.37667 6.0593774
17.646291 -10.906008 -3.2855996
17.646291 -10.906008 3.2855996
16.06226 -12.769026 -1.6704874
16.06226 -12.769026 1.6704874
2.7715709 -10.233693 18.271388
7.8470103 -7.671601 17.26263
4.5043116 -12.078964 16.760356
2.7282687 -7.4235057 19.154185
18.47628 -1.9113177 14.511546
12.859973 -5.024386 16.077528
17.775308 -4.7770777 12.810426
7.8274143 -14.888627 12.665022
9.5822896 -9.2869155 15.50447
6.2508598 -13.671683 14.830988
10.54805 -13.284887 11.593429
7.1323017 -10.634416 16.142612
2.7237456 -1.6833673 20.216348
7.9428363 -4.9089428 18.325609
2.7214796 -4.511129 19.805472
5.4037125 -6.1644176 18.748366
15.839096 -9.7890999 9.4873509
12.46943 -7.7065318 14.658695
16.851465 -7.4454946 11.101393
13.248294 -11.561494 10.518995
14.998152 -6.3213151 13.825781
11.549366 -10.50796 13.234396
2.9810049 11.007003 19.652067
9.2979699 9.0901264 20.454595
5.2363901 14.042138 19.48439
2.8707652 7.8112328 20.154601
20.265711 2.0964292 15.916992
15.468713 6.0436196 19.338972
22.930058 6.1624064 16.525385
16.833409 0 16.63521
10.790449 20.524653 17.459313
12.640814 12.251161 20.453267
8.1275721 17.776369 19.283734
15.08492 18.998911 16.579932
8.9331987 13.319592 20.218601
2.7540928 1.702123 20.441593
8.8056956 5.4422192 20.316387
2.8050283 4.6496195 20.413495
5.5486796 0 20.075311
5.8932142 6.7228288 20.446709
22.712971 14.037388 13.604685
16.958338 10.480829 19.935721
22.886969 10.112166 15.077457
19.267658 16.814461 15.298302
20.282228 8.5484102 18.696813
16.376385 14.899727 18.765668
10.989313 -3.3106967 17.781083
12.090826 3.6425439 19.563367
13.723285 -1.7953268 17.26263
8.3878351 -1.7279891 19.163692
14.610554 1.9114023 18.378733
8.6944214 1.7911493 19.86415
24.548547 0 -10.821112
28.38253 0 -3.953231
26.782702 3.8148534 -10.380057
22.829768 -3.2518085 -8.8480358
24.548547 0 10.821112
28.38253 0 3.953231
26.782702 3.8148534 10.380057
22.829768 -3.2518085 8.8480358
27.355229 11.856529 -7.3277378
28.813001 3.8819714 -2.3991902
27.055353 7.7979781 -8.8957349
28.722858 12.571825 -2.5899384
28.110156 3.8626302 -6.4027021
19.51105 -8.45664 -5.2264909
25.357039 -3.4163501 -2.1114205
21.121823 -6.0877977 -6.9448047
20.042364 -8.7724244 -1.8072188
24.470733 -3.3625354 -5.5737442
27.355229 11.856529 7.3277378
28.813001 3.8819714 2.3991902
27.055353 7.7979781 8.8957349
28.722858 12.571825 2.5899384
28.110156 3.8626302 6.4027021
28.927912 7.9954783 0
19.51105 -8.45664 5.2264909
25.357039 -3.4163501 2.1114205
21.121823 -6.0877977 6.9448047
20.042364 -8.7724244 1.8072188
24.470733 -3.3625354 5.5737442
22.663794 -6.2641185 0
-12.683059 16.148227 -1.6704874
-15.608537 12.48484 -4.8778216
-11.830901 16.416152 -4.4118075
-20.695563 3.1392919 -11.591458
-18.256391 8.2987404 -8.1132333
-9.5086357 15.874631 -9.8110617
-14.504453 12.338225 -7.6254423
-10.751162 16.319829 -7.2106014
-13.252879 14.37667 -6.0593774
-22.219095 -28.289626 -2.92648
-25.319525 -20.252393 -7.9126013
-19.018818 -26.38986 -7.0922211
-24.924507 -3.7807768 -13.960064
-25.300725 -11.500857 -11.243771
-13.533696 -22.594455 -13.964141
-22.17549 -18.863598 -11.658345
-16.077058 -24.404322 -10.782579
-21.138964 -22.931464 -9.6649913
-2.9810049 -11.007003 -19.652067
-9.2979699 -9.0901264 -20.454595
-5.2363901 -14.042138 -19.48439
-2.8707652 -7.8112328 -20.154601
-20.265711 -2.0964292 -15.916992
-15.468713 -6.0436196 -19.338972
-22.930058 -6.1624064 -16.525385
-10.790449 -20.524653 -17.459313
-12.640814 -12.251161 -20.453267
-8.1275721 -17.776369 -19.283734
-15.08492 -18.998911 -16.579932
-8.9331987 -13.319592 -20.218601
-2.7540928 -1.702123 -20.441593
-8.8056956 -5.4422192 -20.316387
-2.8050283 -4.6496195 -20.413495
-5.8932142 -6.7228288 -20.446709
-22.712971 -14.037388 -13.604685
-16.958338 -10.480829 -19.935721
-22.886969 -10.112166 -15.077457
-19.267658 -16.814461 -15.298302
-20.282228 -8.5484102 -18.696813
-16.376385 -14.899727 -18.765668
-2.7715709 10.233693 -18.271388
-7.8470103 7.671601 -17.26263
-4.5043116 12.078964 -16.760356
-2.7282687 7.4235057 -19.154185
-18.47628 1.9113177 -14.511546
-12.859973 5.024386 -16.077528
-17.775308 4.7770777 -12.810426
-16.833409 0 -16.63521
-7.8274143 14.888627 -12.665022
-9.5822896 9.2869155 -15.50447
-6.2508598 13.671683 -14.830988
-10.54805 13.284887 -11.593429
-7.1323017 10.634416 -16.142612
-2.7237456 1.6833673 -20.216348
-7.9428363 4.9089428 -18.325609
-2.7214796 4.511129 -19.805472
-5.5486796 0 -20.075311
-5.4037125 6.1644176 -18.748366
-15.839096 9.7890999 -9.4873509
-12.46943 7.7065318 -14.658695
-16.851465 7.4454946 -11.101393
-13.248294 11.561494 -10.518995
-14.998152 6.3213151 -13.825781
-11.549366 10.50796 -13.234396
-12.090826 -3.6425439 -19.563367
-10.989313 3.3106967 -17.781083
-14.610554 -1.9114023 -18.378733
-8.6944214 -1.7911493 -19.86415
-13.723285 1.7953268 -17.26263
-8.3878351 1.7279891 -19.163692
-12.683059 16.148227 1.6704874
-15.608537 12.48484 4.8778216
-11.830901 16.416152 4.4118075
-14.378302 14.54961 0
-20.695563 3.1392919 11.591458
-18.256391 8.2987404 8.1132333
-9.5086357 15.874631 9.8110617
-14.504453 12.338225 7.6254423
-10.751162 16.319829 7.2106014
-13.252879 14.37667 6.0593774
-17.646291 10.906008 -3.2855996
-17.646291 10.906008 3.2855996
-16.06226 12.769026 -1.6704874
-16.06226 12.769026 1.6704874
-22.219095 -28.289626 2.92648
-25.319525 -20.252393 7.9126013
-19.018818 -26.38986 7.0922211
-28.587312 -28.927912 0
-24.924507 -3.7807768 13.960064
-25.300725 -11.500857 11.243771
-13.533696 -22.594455 13.964141
-22.17549 -18.863598 11.658345
-16.077058 -24.404322 10.782579
-21.138964 -22.931464 9.6649913
-27.789033 -17.174567 -5.1740977
-27.789033 -17.174567 5.1740977
-28.259594 -22.465548 -2.9390194
-28.259594 -22.465548 2.9390194
-2.9810049 -11.007003 19.652067
-9.2979699 -9.0901264 20.454595
-5.2363901 -14.042138 19.48439
-2.8707652 -7.8112328 20.154601
-20.265711 -2.0964292 15.916992
-15.468713 -6.0436196 19.338972
-22.930058 -6.1624064 16.525385
-10.790449 -20.524653 17.459313
-12.640814 -12.251161 20.453267
-8.1275721 -17.776369 19.283734
-15.08492 -18.998911 16.579932
-8.9331987 -13.319592 20.218601
-2.7540928 -1.702123 20.441593
-8.8056956 -5.4422192 20.316387
-2.8050283 -4.6496195 20.413495
-5.8932142 -6.7228288 20.446709
-22.712971 -14.037388 13.604685
-16.958338 -10.480829 19.935721
-22.886969 -10.112166 15.077457
-19.267658 -16.814461 15.298302
-20.282228 -8.5484102 18.696813
-16.376385 -14.899727 18.765668
-2.7715709 10.233693 18.271388
-7.8470103 7.671601 17.26263
-4.5043116 12.078964 16.760356
-2.7282687 7.4235057 19.154185
-18.47628 1.9113177 14.511546
-12.859973 5.024386 16.077528
-17.775308 4.7770777 12.810426
-16.833409 0 16.63521
-7.8274143 14.888627 12.665022
-9.5822896 9.2869155 15.50447
-6.2508598 13.671683 14.830988
-10.54805 13.284887 11.593429
-7.1323017 10.634416 16.142612
-2.7237456 1.6833673 20.216348
-7.9428363 4.9089428 18.325609
-2.7214796 4.511129 19.805472
-5.5486796 0 20.075311
-5.4037125 6.1644176 18.748366
-15.839096 9.7890999 9.4873509
-12.46943 7.7065318 14.658695
-16.851465 7.4454946 11.101393
-13.248294 11.561494 10.518995
-14.998152 6.3213151 13.825781
-11.549366 10.50796 13.234396
-12.090826 -3.6425439 19.563367
-10.989313 3.3106967 17.781083
-14.610554 -1.9114023 18.378733
-8.6944214 -1.7911493 19.86415
-13.723285 1.7953268 17.26263
-8.3878351 1.7279891 19.163692
-24.548547 0 -10.821112
-28.38253 0 -3.953231
-22.829768 3.2518085 -8.8480358
-26.782702 -3.8148534 -10.380057
-24.548547 0 10.821112
-28.38253 0 3.953231
-22.829768 3.2518085 8.8480358
-26.782702 -3.8148534 10.380057
-19.51105 8.45664 -5.2264909
-25.357039 3.4163501 -2.1114205
-21.121823 6.0877977 -6.9448047
-20.042364 8.7724244 -1.8072188
-24.470733 3.3625354 -5.5737442
-27.355229 -11.856529 -7.3277378
-28.813001 -3.8819714 -2.3991902
-27.055353 -7.7979781 -8.8957349
-28.722858 -12.571825 -2.5899384
-28.110156 -3.8626302 -6.4027021
-19.51105 8.45664 5.2264909
-25.357039 3.4163501 2.1114205
-21.121823 6.0877977 6.9448047
-20.042364 8.7724244 1.8072188
-24.470733 3.3625354 5.5737442
-22.663794 6.2641185 0
-27.355229 -11.856529 7.3277378
-28.813001 -3.8819714 2.3991902
-27.055353 -7.7979781 8.8957349
-28.722858 -12.571825 2.5899384
-28.110156 -3.8626302 6.4027021
-28.927912 -7.9954783 0
-9.9735506 18.954362 0
-7.6649554 21.262957 0
-1.8749704 27.052942 0
-5.0328823 23.89503 0
15.221509 28.927912 0
10.428049 28.927912 0
2.0049198 28.927912 0
6.0929313 28.927912 0
-15.221509 -28.927912 0
-10.428049 -28.927912 0
-2.0049198 -28.927912 0
-6.0929313 -28.927912 0
9.9735506 -18.954362 0
7.6649554 -21.262957 0
1.8749704 -27.052942 0
5.0328823 -23.89503 0
-16.915127 -28.727023 2.1969223
-14.652141 -27.564166 6.2399552
-14.351417 -28.773618 2.1208805
-10.100695 -24.406974 13.047351
-12.336286 -26.025655 9.8135784
-9.6496338 -28.822943 2.0117744
-12.327248 -27.809592 6.0934159
-11.925881 -28.802917 2.061632
-13.361321 -28.369963 4.1678216
-0.92236201 -12.983196 18.592477
-2.9664526 -16.070359 18.236114
-7.9326822 -22.771922 16.077713
-5.4002576 -19.721766 17.77243
-1.1941347 -28.860608 1.9321505
-3.5682386 -28.270694 5.7735314
-3.2119481 -28.854654 1.9410888
-8.0216475 -24.898924 12.979298
-5.8730122 -26.969501 9.5027334
-9.0777956 -25.662104 11.386542
-7.3780979 -28.836418 1.9857895
-5.6268257 -28.201265 5.8192195
-5.278526 -28.846893 1.957578
-8.7281678 -28.533659 3.990943
-4.4282073 -28.618501 3.8937063
-11.210135 -27.12633 7.9899985
-6.8437968 -27.558573 7.7769711
-10.148483 -26.4128 9.7192981
-10.022412 -27.971316 6.0141389
-7.9832319 -26.721142 9.6145823
-7.7815236 -28.098311 5.9233538
10.696024 -18.165098 1.3891906
9.8276825 -18.488211 4.1853473
9.6036105 -19.254588 1.4192404
7.4669952 -18.042992 9.6453269
8.7476639 -18.454799 6.9588111
7.2358968 -21.613239 1.5085538
8.6866882 -19.59669 4.2938703
8.4488195 -20.405256 1.460551
9.1709743 -19.472641 2.860719
0.89704528 -12.626837 18.082156
2.6770782 -14.502713 16.4572
0 -14.045093 17.882386
6.0061566 -17.241549 12.173091
4.3960066 -16.054237 14.467406
-1.9771543 -17.192328 17.397164
1.8337821 -15.945636 16.135619
-0.95744217 -15.569024 17.653976
0.92505305 -15.042343 17.056764
1.1446425 -27.664449 1.8520704
3.1403764 -24.880797 5.0812358
2.8870022 -25.93549 1.744713
0 -28.416687 3.8285761
6.1564626 -19.109453 9.9613658
4.7876752 -21.985517 7.7466212
6.8581302 -19.387311 8.6023513
5.8759339 -22.965389 1.5814873
4.6753847 -23.432708 4.8352465
4.4599227 -24.373265 1.6539933
6.6996218 -21.902045 3.0633931
3.8235774 -24.710915 3.3620574
-2.3598467 -27.815564 7.6880329
2.1283465 -25.086867 6.9338395
-1.1935489 -28.321984 5.7974173
1.1271101 -26.745445 5.4747048
8.1138301 -19.633878 5.7831139
5.4814385 -22.072634 6.2288508
7.5160518 -19.561542 7.1981942
7.4466227 -20.782606 4.4684876
6.1958642 -20.738539 7.4619711
6.1095081 -22.060829 4.6506031
-6.766337 -23.974591 14.817112
-2.1242199 -22.959723 14.189889
-5.6997817 -23.157565 16.310272
-5.7480613 -25.185186 13.172382
5.2612296 -18.641671 11.521186
1.9129148 -20.675823 12.778361
4.463149 -18.133267 12.771572
4.6048782 -20.176319 10.552639
-3.1229301 -19.039864 17.080329
-1.0467902 -21.039245 14.783874
-4.3389663 -20.981949 16.730739
-0.99983971 -18.275078 16.407167
-3.2365106 -22.074525 15.523423
-3.5587052 -27.099732 9.6311451
-1.1177552 -23.945877 12.563856
-4.6684396 -26.236138 11.428125
-1.1750475 -26.789171 9.5063336
-3.461164 -25.414748 13.320365
2.7557692 -16.80136 15.072206
0.99569183 -20.012227 14.062209
3.6218859 -17.514361 13.965729
0.95884324 -17.525744 15.734423
2.7943529 -19.058801 13.402682
0 -19.225739 15.283898
3.0686299 -23.367782 8.3048239
1.0524559 -22.546957 11.829874
3.8723002 -21.761919 9.4792122
1.0955151 -24.975963 8.8629035
2.9040649 -21.324063 11.176357
0 -24.596997 10.765961
-10.696024 18.165098 1.3891906
-9.8276825 18.488211 4.1853473
-9.6036105 19.254588 1.4192404
-7.4669952 18.042992 9.6453269
-8.7476639 18.454799 6.9588111
-7.2358968 21.613239 1.5085538
-8.6866882 19.59669 4.2938703
-8.4488195 20.405256 1.460551
-9.1709743 19.472641 2.860719
-0.89704528 12.626837 18.082156
-2.6770782 14.502713 16.4572
-6.0061566 17.241549 12.173091
-4.3960066 16.054237 14.467406
-1.1446425 27.664449 1.8520704
-3.1403764 24.880797 5.0812358
-2.8870022 25.93549 1.744713
-6.1564626 19.109453 9.9613658
-4.7876752 21.985517 7.7466212
-6.8581302 19.387311 8.6023513
-5.8759339 22.965389 1.5814873
-4.6753847 23.432708 4.8352465
-4.4599227 24.373265 1.6539933
-6.6996218 21.902045 3.0633931
-3.8235774 24.710915 3.3620574
-8.1138301 19.633878 5.7831139
-5.4814385 22.072634 6.2288508
-7.5160518 19.561542 7.1981942
-7.4466227 20.782606 4.4684876
-6.1958642 20.738539 7.4619711
-6.1095081 22.060829 4.6506031
16.915127 28.727023 2.1969223
14.652141 27.564166 6.2399552
14.351417 28.773618 2.1208805
10.100695 24.406974 13.047351
12.336286 26.025655 9.8135784
9.6496338 28.822943 2.0117744
12.327248 27.809592 6.0934159
11.925881 28.802917 2.061632
13.361321 28.369963 4.1678216
0.92236201 12.983196 18.592477
2.9664526 16.070359 18.236114
0 14.045093 17.882386
7.9326822 22.771922 16.077713
5.4002576 19.721766 17.77243
-1.8337821 15.945636 16.135619
1.9771543 17.192328 17.397164
-0.92505305 15.042343 17.056764
0.95744217 15.569024 17.653976
1.1941347 28.860608 1.9321505
3.5682386 28.270694 5.7735314
3.2119481 28.854654 1.9410888
0 28.416687 3.8285761
8.0216475 24.898924 12.979298
5.8730122 26.969501 9.5027334
9.0777956 25.662104 11.386542
7.3780979 28.836418 1.9857895
5.6268257 28.201265 5.8192195
5.278526 28.846893 1.957578
8.7281678 28.533659 3.990943
4.4282073 28.618501 3.8937063
-2.1283465 25.086867 6.9338395
2.3598467 27.815564 7.6880329
-1.1271101 26.745445 5.4747048
1.1935489 28.321984 5.7974173
11.210135 27.12633 7.9899985
6.8437968 27.558573 7.7769711
10.148483 26.4128 9.7192981
10.022412 27.971316 6.0141389
7.9832319 26.721142 9.6145823
7.7815236 28.098311 5.9233538
-5.2612296 18.641671 11.521186
-1.9129148 20.675823 12.778361
-4.463149 18.133267 12.771572
-4.6048782 20.176319 10.552639
6.766337 23.974591 14.817112
2.1242199 22.959723 14.189889
5.6997817 23.157565 16.310272
5.7480613 25.185186 13.172382
-2.7557692 16.80136 15.072206
-0.99569183 20.012227 14.062209
-3.6218859 17.514361 13.965729
-0.95884324 17.525744 15.734423
-2.7943529 19.058801 13.402682
-3.0686299 23.367782 8.3048239
-1.0524559 22.546957 11.829874
-3.8723002 21.761919 9.4792122
-1.0955151 24.975963 8.8629035
-2.9040649 21.324063 11.176357
3.1229301 19.039864 17.080329
1.0467902 21.039245 14.783874
4.3389663 20.981949 16.730739
0.99983971 18.275078 16.407167
3.2365106 22.074525 15.523423
0 19.225739 15.283898
3.5587052 27.099732 9.6311451
1.1177552 23.945877 12.563856
4.6684396 26.236138 11.428125
1.1750475 26.789171 9.5063336
3.461164 25.414748 13.320365
0 24.596997 10.765961
0 -10.08761 19.171127
0 -7.1452676 19.821317
0 -1.415993 20.430603
0 -4.261351 20.231967
0 10.08761 19.171127
0 7.1452676 19.821317
0 1.415993 20.430603
0 4.261351 20.231967
-16.915127 -28.727023 -2.1969223
-14.652141 -27.564166 -6.2399552
-14.351417 -28.773618 -2.1208805
-10.100695 -24.406974 -13.047351
-12.336286 -26.025655 -9.8135784
-9.6496338 -28.822943 -2.0117744
-12.327248 -27.809592 -6.0934159
-11.925881 -28.802917 -2.061632
-13.361321 -28.369963 -4.1678216
-0.92236201 -12.983196 -18.592477
-2.9664526 -16.070359 -18.236114
-7.9326822 -22.771922 -16.077713
-5.4002576 -19.721766 -17.77243
-1.1941347 -28.860608 -1.9321505
-3.5682386 -28.270694 -5.7735314
-3.2119481 -28.854654 -1.9410888
-8.0216475 -24.898924 -12.979298
-5.8730122 -26.969501 -9.5027334
-9.0777956 -25.662104 -11.386542
-7.3780979 -28.836418 -1.9857895
-5.6268257 -28.201265 -5.8192195
-5.278526 -28.846893 -1.957578
-8.7281678 -28.533659 -3.990943
-4.4282073 -28.618501 -3.8937063
-11.210135 -27.12633 -7.9899985
-6.8437968 -27.558573 -7.7769711
-10.148483 -26.4128 -9.7192981
-10.022412 -27.971316 -6.0141389
-7.9832319 -26.721142 -9.6145823
-7.7815236 -28.098311 -5.9233538
10.696024 -18.165098 -1.3891906
9.8276825 -18.488211 -4.1853473
9.6036105 -19.254588 -1.4192404
7.4669952 -18.042992 -9.6453269
8.7476639 -18.454799 -6.9588111
7.2358968 -21.613239 -1.5085538
8.6866882 -19.59669 -4.2938703
8.4488195 -20.405256 -1.460551
9.1709743 -19.472641 -2.860719
0.89704528 -12.626837 -18.082156
2.6770782 -14.502713 -16.4572
0 -14.045093 -17.882386
6.0061566 -17.241549 -12.173091
4.3960066 -16.054237 -14.467406
-1.9771543 -17.192328 -17.397164
1.8337821 -15.945636 -16.135619
-0.95744217 -15.569024 -17.653976
0.92505305 -15.042343 -17.056764
1.1446425 -27.664449 -1.8520704
3.1403764 -24.880797 -5.0812358
2.8870022 -25.93549 -1.744713
0 -28.416687 -3.8285761
6.1564626 -19.109453 -9.9613658
4.7876752 -21.985517 -7.7466212
6.8581302 -19.387311 -8.6023513
5.8759339 -22.965389 -1.5814873
4.6753847 -23.432708 -4.8352465
4.4599227 -24.373265 -1.6539933
6.6996218 -21.902045 -3.0633931
3.8235774 -24.710915 -3.3620574
-2.3598467 -27.815564 -7.6880329
2.1283465 -25.086867 -6.9338395
-1.1935489 -28.321984 -5.7974173
1.1271101 -26.745445 -5.4747048
8.1138301 -19.633878 -5.7831139
5.4814385 -22.072634 -6.2288508
7.5160518 -19.561542 -7.1981942
7.4466227 -20.782606 -4.4684876
6.1958642 -20.738539 -7.4619711
6.1095081 -22.060829 -4.6506031
-6.766337 -23.974591 -14.817112
-2.1242199 -22.959723 -14.189889
-5.6997817 -23.157565 -16.310272
-5.7480613 -25.185186 -13.172382
5.2612296 -18.641671 -11.521186
1.9129148 -20.675823 -12.778361
4.463149 -18.133267 -12.771572
4.6048782 -20.176319 -10.552639
-3.1229301 -19.039864 -17.080329
-1.0467902 -21.039245 -14.783874
-4.3389663 -20.981949 -16.730739
-0.99983971 -18.275078 -16.407167
-3.2365106 -22.074525 -15.523423
-3.5587052 -27.099732 -9.6311451
-1.1177552 -23.945877 -12.563856
-4.6684396 -26.236138 -11.428125
-1.1750475 -26.789171 -9.5063336
-3.461164 -25.414748 -13.320365
2.7557692 -16.80136 -15.072206
0.99569183 -20.012227 -14.062209
3.6218859 -17.514361 -13.965729
0.95884324 -17.525744 -15.734423
2.7943529 -19.058801 -13.402682
0 -19.225739 -15.283898
3.0686299 -23.367782 -8.3048239
1.0524559 -22.546957 -11.829874
3.8723002 -21.761919 -9.4792122
1.0955151 -24.975963 -8.8629035
2.9040649 -21.324063 -11.176357
0 -24.596997 -10.765961
-10.696024 18.165098 -1.3891906
-9.8276825 18.488211 -4.1853473
-9.6036105 19.254588 -1.4192404
-7.4669952 18.042992 -9.6453269
-8.7476639 18.454799 -6.9588111
-7.2358968 21.613239 -1.5085538
-8.6866882 19.59669 -4.2938703
-8.4488195 20.405256 -1.460551
-9.1709743 19.472641 -2.860719
-0.89704528 12.626837 -18.082156
-2.6770782 14.502713 -16.4572
-6.0061566 17.241549 -12.173091
-4.3960066 16.054237 -14.467406
-1.1446425 27.664449 -1.8520704
-3.1403764 24.880797 -5.0812358
-2.8870022 25.93549 -1.744713
-6.1564626 19.109453 -9.9613658
-4.7876752 21.985517 -7.7466212
-6.8581302 19.387311 -8.6023513
-5.8759339 22.965389 -1.5814873
-4.6753847 23.432708 -4.8352465
-4.4599227 24.373265 -1.6539933
-6.6996218 21.902045 -3.0633931
-3.8235774 24.710915 -3.3620574
-8.1138301 19.633878 -5.7831139
-5.4814385 22.072634 -6.2288508
-7.5160518 19.561542 -7.1981942
-7.4466227 20.782606 -4.4684876
-6.1958642 20.738539 -7.4619711
-6.1095081 22.060829 -4.6506031
16.915127 28.727023 -2.1969223
14.652141 27.564166 -6.2399552
14.351417 28.773618 -2.1208805
10.100695 24.406974 -13.047351
12.336286 26.025655 -9.8135784
9.6496338 28.822943 -2.0117744
12.327248 27.809592 -6.0934159
11.925881 28.802917 -2.061632
13.361321 28.369963 -4.1678216
0.92236201 12.983196 -18.592477
2.9664526 16.070359 -18.236114
0 14.045093 -17.882386
7.9326822 22.771922 -16.077713
5.4002576 19.721766 -17.77243
-1.8337821 15.945636 -16.135619
1.9771543 17.192328 -17.397164
-0.92505305 15.042343 -17.056764
0.95744217 15.569024 -17.653976
1.1941347 28.860608 -1.9321505
3.5682386 28.270694 -5.7735314
3.2119481 28.854654 -1.9410888
0 28.416687 -3.8285761
8.0216475 24.898924 -12.979298
5.8730122 26.969501 -9.5027334
9.0777956 25.662104 -11.386542
7.3780979 28.836418 -1.9857895
5.6268257 28.201265 -5.8192195
5.278526 28.846893 -1.957578
8.7281678 28.533659 -3.990943
4.4282073 28.618501 -3.8937063
-2.1283465 25.086867 -6.9338395
2.3598467 27.815564 -7.6880329
-1.1271101 26.745445 -5.4747048
1.1935489 28.321984 -5.7974173
11.210135 27.12633 -7.9899985
6.8437968 27.558573 -7.7769711
10.148483 26.4128 -9.7192981
10.022412 27.971316 -6.0141389
7.9832319 26.721142 -9.6145823
7.7815236 28.098311 -5.9233538
-5.2612296 18.641671 -11.521186
-1.9129148 20.675823 -12.778361
-4.463149 18.133267 -12.771572
-4.6048782 20.176319 -10.552639
6.766337 23.974591 -14.817112
2.1242199 22.959723 -14.189889
5.6997817 23.157565 -16.310272
5.7480613 25.185186 -13.172382
-2.7557692 16.80136 -15.072206
-0.99569183 20.012227 -14.062209
-3.6218859 17.514361 -13.965729
-0.95884324 17.525744 -15.734423
-2.7943529 19.058801 -13.402682
-3.0686299 23.367782 -8.3048239
-1.0524559 22.546957 -11.829874
-3.8723002 21.761919 -9.4792122
-1.0955151 24.975963 -8.8629035
-2.9040649 21.324063 -11.176357
3.1229301 19.039864 -17.080329
1.0467902 21.039245 -14.783874
4.3389663 20.981949 -16.730739
0.99983971 18.275078 -16.407167
3.2365106 22.074525 -15.523423
0 19.225739 -15.283898
3.5587052 27.099732 -9.6311451
1.1177552 23.945877 -12.563856
4.6684396 26.236138 -11.428125
1.1750475 26.789171 -9.5063336
3.461164 25.414748 -13.320365
0 24.596997 -10.765961
0 -10.08761 -19.171127
0 -7.1452676 -19.821317
0 -1.415993 -20.430603
0 -4.261351 -20.231967
0 10.08761 -19.171127
0 7.1452676 -19.821317
0 1.415993 -20.430603
0 4.261351 -20.231967
20.119486 28.811942 -1.4293438
23.823167 27.033744 -4.3975552
18.862013 28.269819 -3.6398631
25.378479 17.918025 -8.8406856
25.145778 22.660322 -6.8854726
16.184194 26.65298 -7.6146036
21.939995 25.923148 -6.4802838
17.514004 27.49931 -5.7106805
20.600899 27.363156 -5.104849
23.263078 1.7790627 -13.697832
25.099189 5.6819354 -13.341845
25.349326 13.551108 -10.490682
25.240653 9.5175751 -11.964191
11.266929 23.13836 -14.300293
15.799042 21.931218 -13.554238
12.418291 23.994576 -12.763033
23.92798 17.384262 -10.744065
20.183329 20.102275 -12.423889
23.735856 19.5671 -9.859195
14.853902 25.737944 -9.4758271
17.136922 22.845609 -11.976341
13.617405 24.86698 -11.151227
17.508787 25.378235 -9.0037997
14.780424 23.48425 -12.410813
22.859956 23.936554 -7.7829736
19.538495 21.995107 -11.410083
23.407703 21.794057 -8.8747255
20.233256 24.820541 -8.451293
21.744184 20.930167 -10.71948
18.632375 23.79241 -10.283263
11.884361 -17.018899 -0.84429773
13.450656 -15.263361 -2.4828774
11.508427 -17.248485 -2.2208181
16.290639 -11.501717 -5.6749035
14.909791 -13.436079 -4.0826319
10.59939 -17.455632 -4.9869741
13.023683 -15.388101 -3.8467266
11.078518 -17.394744 -3.6123024
12.286347 -16.319349 -3.0445248
21.255447 -1.6255275 -12.515692
20.110523 -4.5526051 -10.690047
17.613272 -9.4156096 -7.289158
18.88781 -7.1220879 -8.9529131
8.1668175 -16.771807 -10.365547
10.799389 -14.99102 -9.2649596
8.8392428 -17.079152 -9.0846273
15.725132 -11.424692 -7.0608482
13.284562 -13.231213 -8.1773394
15.093281 -12.442431 -6.2693169
10.052059 -17.4176 -6.4125623
11.416692 -15.219845 -7.9786908
9.4715284 -17.296123 -7.7561886
11.321463 -16.409975 -5.8220018
10.156463 -16.137353 -8.5281697
13.755824 -14.40366 -4.6833518
12.684752 -14.27963 -7.4076372
14.434224 -13.439178 -5.4725478
12.556935 -15.403844 -5.2449461
13.889493 -13.369525 -6.847263
12.018247 -15.34657 -6.6329061
1.4155102 -10.898672 -18.509255
4.0813986 -9.5835987 -18.029031
2.2951288 -11.89351 -17.825636
1.3975659 -9.4569452 -18.960534
9.0816339 -7.0306084 -16.988522
6.6086484 -8.3074873 -17.526166
4.0412627 -13.682315 -16.166306
4.9413949 -10.502515 -17.296094
3.178682 -12.827746 -17.038462
3.6470052 -11.184948 -17.561852
1.3726519 -6.5840324 -19.666155
4.0588152 -8.2111614 -18.523927
1.3847517 -8.0103448 -19.346269
2.7537047 -8.8279049 -18.744205
20.072687 -0.9957944 -14.016832
16.972544 -2.7609088 -14.956853
19.662776 -2.5316686 -13.119275
11.578191 -5.7126356 -16.398954
14.178248 -4.3081443 -15.733363
18.710191 -5.3453943 -11.361182
16.715306 -4.1785019 -14.146959
19.201345 -3.9874726 -12.229122
18.145454 -3.3852016 -13.661167
7.3123608 -16.285273 -11.831648
8.3078271 -13.496547 -13.442347
6.552788 -15.775733 -13.005023
8.70072 -15.436995 -11.273748
9.9617741 -7.8486927 -16.118489
9.1818624 -10.702529 -14.856565
8.7373858 -8.5013806 -16.426336
4.9308225 -14.482689 -15.164756
7.5222409 -12.880998 -14.50055
5.7519433 -15.171149 -14.125302
5.3931511 -12.911753 -15.839107
7.0584349 -14.31785 -13.781846
11.33878 -13.744269 -10.189817
9.6860872 -12.73691 -12.923492
10.046479 -14.586426 -10.724833
9.2092591 -14.084399 -12.129089
6.2609991 -9.8144751 -17.005929
7.9661154 -11.398698 -15.195856
7.4994293 -9.1579849 -16.723556
5.837197 -11.351012 -16.452805
8.3642562 -9.9612533 -15.827189
6.705104 -12.149063 -15.513615
1.3654232 -0.84387795 -20.39538
4.0678434 -2.5140655 -19.918617
1.3651998 -2.2590161 -20.293954
9.1577878 -5.6598241 -17.567904
6.6846431 -4.1313367 -18.97154
7.9058679 -6.3028665 -17.817631
1.3728938 -5.1009157 -19.936322
4.057059 -3.9229254 -19.661434
1.3667705 -3.6854385 -20.140746
2.728677 -5.9675998 -19.508958
2.7260037 -3.1002106 -20.035959
5.3878691 -7.5592934 -18.292008
5.4046028 -4.7560938 -19.151819
6.6454653 -6.9389156 -18.059467
4.0758775 -6.7923479 -18.956605
6.6720205 -5.5399481 -18.543084
4.0764719 -5.3552705 -19.337352
16.450527 -10.166985 -8.0103742
15.129216 -9.3503698 -10.898944
17.038644 -9.0630806 -8.8182781
15.184648 -11.089457 -8.55849
11.428444 -7.0631669 -15.730296
13.437855 -8.3050511 -13.492037
12.680134 -6.3890875 -15.381627
11.021412 -8.5059751 -15.091475
18.158086 -6.6851839 -10.479409
15.577353 -8.1661073 -11.684866
17.612413 -7.898024 -9.6447318
17.326758 -6.1472618 -11.953964
16.355044 -8.6432141 -10.293473
12.666923 -12.85248 -9.6328641
13.800852 -10.231766 -11.385459
13.919506 -11.987088 -9.1014419
11.905838 -12.428062 -11.060864
14.537008 -10.688498 -10.012441
15.288535 -4.971069 -14.6009
14.676825 -7.6136845 -13.037585
13.970823 -5.6890381 -15.005232
16.361553 -5.571042 -13.337642
13.72054 -7.0270369 -14.25416
15.978173 -6.9058896 -12.512869
10.162733 -11.308642 -13.707738
12.932562 -9.6928845 -12.745848
10.597991 -9.9276593 -14.413913
11.063781 -11.908979 -12.43134
12.020118 -9.1265208 -13.957861
12.439934 -11.07143 -11.917212
1.4707773 11.324199 -19.231929
4.5264189 10.628558 -19.994849
2.461315 12.754698 -19.116359
1.4439202 9.7706119 -19.589414
10.895162 8.4345634 -20.380991
7.6950257 9.673132 -20.407244
4.7115918 15.951817 -18.847831
5.698492 12.111661 -19.946119
3.5426117 14.296404 -18.989208
4.0647494 12.466121 -19.573465
1.4032973 6.7310257 -20.105216
4.4266998 8.9554082 -20.202907
1.4229897 8.2315394 -19.88049
2.9291393 9.390318 -19.938371
21.106279 1.0470703 -14.738593
19.26694 3.1341361 -16.978762
22.524326 2.9001057 -15.028541
19.355282 0 -15.201927
14.001114 6.9080962 -19.830698
16.84988 5.1199355 -18.698028
24.079681 6.8794269 -14.621638
20.480033 5.1196106 -17.333227
24.033797 4.9910103 -15.306858
21.589724 4.0277619 -16.254255
16.187915 -1.8397255 -15.997317
17.479817 1.9865477 -17.274008
17.713879 -0.96069092 -15.621852
18.481496 1.0023217 -16.298813
9.9347378 22.125537 -16.074743
11.579255 18.811171 -18.735628
8.836533 21.273813 -17.537469
12.145657 21.549074 -15.737443
12.587991 9.9178395 -20.367798
12.608979 14.697232 -20.401756
10.879789 10.585916 -20.454067
6.0756198 17.845159 -18.685583
10.26647 17.580185 -19.790575
7.5339764 19.871384 -18.50152
6.6028602 15.807919 -19.391892
9.6828368 19.64138 -18.906084
16.527202 20.0334 -14.852493
13.684077 17.994145 -18.25774
14.364199 20.8553 -15.334093
12.955497 19.813796 -17.063085
7.4499921 11.67829 -20.235434
10.588951 15.151707 -20.199076
9.1503226 11.173986 -20.40501
7.0615901 13.731966 -19.903896
10.782588 12.841321 -20.403256
8.5806495 15.547388 -19.853069
1.369199 0.84621152 -20.45178
4.17107 2.5778631 -20.424076
1.375375 2.2758532 -20.44521
2.7434937 0 -20.362924
10.558699 6.5256349 -20.255351
7.1749675 4.4343738 -20.363119
9.05784 7.2212636 -20.413857
1.3964656 5.1884953 -20.278617
4.2207845 4.0812379 -20.454885
1.3835279 3.7306242 -20.387683
2.8415017 6.2143468 -20.31561
2.7827906 3.1647928 -20.453339
5.477783 -1.681409 -19.818805
5.6024974 1.7196902 -20.270026
4.1247385 -0.84918449 -20.150486
4.1597077 0.85638382 -20.321321
6.0038955 8.4235913 -20.383439
5.7707385 5.078296 -20.449262
7.5265143 7.8588699 -20.453773
4.3756693 7.2919433 -20.350915
7.3531462 6.105504 -20.436089
4.3074003 5.6586418 -20.432795
24.051405 14.864586 -11.711525
21.380015 13.213576 -15.40196
24.099437 12.81881 -12.472562
22.496359 16.429252 -12.679574
14.583037 9.0128123 -20.072328
18.733097 11.577691 -18.80863
16.198741 8.1619935 -19.64987
14.835836 11.449826 -20.314515
24.103336 8.8740209 -13.910537
21.532861 11.28816 -16.152205
24.114509 10.813792 -13.205344
22.917621 8.1308122 -15.811175
22.816238 12.057786 -14.359994
18.722228 18.996489 -14.237765
19.702934 14.607491 -16.254573
20.690606 17.818169 -13.52881
17.226996 17.98262 -16.004371
21.079534 15.498963 -14.518641
19.159828 6.2298205 -18.298074
20.200777 10.479265 -17.944572
17.741749 7.2245914 -19.05536
21.679824 7.3818915 -17.673
18.68618 9.570212 -19.412924
21.613995 9.3417356 -16.926409
14.37908 16.000408 -19.394849
18.276283 13.697975 -18.01242
14.983876 14.036134 -20.378984
15.776358 16.981565 -17.726423
16.921769 12.8482 -19.649699
17.805962 15.847147 -17.057761
10.664479 -4.8700082 -17.255489
11.29628 -1.691048 -18.277765
11.957369 -4.1786181 -16.97725
9.448111 -4.1228928 -18.064495
12.299965 5.6168645 -19.901762
11.85025 1.773977 -19.174108
13.705524 4.7895275 -19.459305
10.473344 4.5702759 -20.024708
14.677739 -2.6836458 -16.361638
12.689177 -0.89847267 -18.058237
13.299027 -3.4489828 -16.678253
15.231751 -0.9282108 -16.965844
12.329635 -2.5706312 -17.532914
6.8739686 -2.5399293 -19.341699
9.9509071 -0.88529181 -18.96577
8.1739323 -3.3390876 -18.76532
6.9862928 -0.86355328 -19.687611
9.7142287 -2.5241454 -18.534378
16.291338 2.9786726 -18.160356
13.049737 0.92400256 -18.571358
15.050934 3.9033242 -18.875313
15.774085 0.96126023 -17.569922
13.385191 2.7907063 -19.03393
14.175129 0 -17.83101
7.1801046 2.6530465 -20.203092
10.167276 0.9045413 -19.378156
8.765704 3.5808289 -20.123881
7.0892598 0.8762807 -19.977775
10.339 2.6864861 -19.726418
8.5528234 0 -19.540641
20.119486 28.811942 1.4293438
23.823167 27.033744 4.3975552
18.862013 28.269819 3.6398631
22.720414 28.927912 0
25.378479 17.918025 8.8406856
25.145778 22.660322 6.8854726
16.184194 26.65298 7.6146036
21.939995 25.923148 6.4802838
17.514004 27.49931 5.7106805
20.600899 27.363156 5.104849
26.600528 26.917457 -3.0591174
26.600528 26.917457 3.0591174
25.224946 28.602987 -1.5512486
25.224946 28.602987 1.5512486
23.263078 1.7790627 13.697832
25.099189 5.6819354 13.341845
25.349326 13.551108 10.490682
25.240653 9.5175751 11.964191
11.266929 23.13836 14.300293
15.799042 21.931218 13.554238
12.418291 23.994576 12.763033
23.92798 17.384262 10.744065
20.183329 20.102275 12.423889
23.735856 19.5671 9.859195
14.853902 25.737944 9.4758271
17.136922 22.845609 11.976341
13.617405 24.86698 11.151227
17.508787 25.378235 9.0037997
14.780424 23.48425 12.410813
22.859956 23.936554 7.7829736
19.538495 21.995107 11.410083
23.407703 21.794057 8.8747255
20.233256 24.820541 8.451293
21.744184 20.930167 10.71948
18.632375 23.79241 10.283263
26.65568 16.474116 -7.5230195
28.61616 17.68576 -2.6475501
26.772308 18.856198 -6.5894803
26.65568 16.474116 7.5230195
28.61616 17.68576 2.6475501
26.772308 18.856198 6.5894803
26.899061 24.130677 -4.4120003
28.809612 20.243962 -1.4333984
26.870084 21.425863 -5.5566045
28.556921 25.638094 -1.5623651
28.013825 19.700104 -4.1073156
26.899061 24.130677 4.4120003
28.809612 20.243962 1.4333984
26.870084 21.425863 5.5566045
28.556921 25.638094 1.5623651
28.013825 19.700104 4.1073156
28.927912 22.996841 0
11.884361 -17.018899 0.84429773
13.450656 -15.263361 2.4828774
11.508427 -17.248485 2.2208181
12.725565 -16.202347 0
16.290639 -11.501717 5.6749035
14.909791 -13.436079 4.0826319
10.59939 -17.455632 4.9869741
13.023683 -15.388101 3.8467266
11.078518 -17.394744 3.6123024
12.286347 -16.319349 3.0445248
14.331552 -14.502304 -1.648159
14.331552 -14.502304 1.648159
13.545007 -15.35891 -0.83297199
13.545007 -15.35891 0.83297199
21.255447 -1.6255275 12.515692
20.110523 -4.5526051 10.690047
17.613272 -9.4156096 7.289158
18.88781 -7.1220879 8.9529131
8.1668175 -16.771807 10.365547
10.799389 -14.99102 9.2649596
8.8392428 -17.079152 9.0846273
15.725132 -11.424692 7.0608482
13.284562 -13.231213 8.1773394
15.093281 -12.442431 6.2693169
10.052059 -17.4176 6.4125623
11.416692 -15.219845 7.9786908
9.4715284 -17.296123 7.7561886
11.321463 -16.409975 5.8220018
10.156463 -16.137353 8.5281697
13.755824 -14.40366 4.6833518
12.684752 -14.27963 7.4076372
14.434224 -13.439178 5.4725478
12.556935 -15.403844 5.2449461
13.889493 -13.369525 6.847263
12.018247 -15.34657 6.6329061
17.358112 -10.727903 -4.8989714
17.820263 -11.013528 -1.6487202
16.630023 -11.712812 -4.093155
17.358112 -10.727903 4.8989714
17.820263 -11.013528 1.6487202
16.630023 -11.712812 4.093155
15.135907 -13.578157 -2.4826006
16.975138 -11.928105 -0.84458398
15.885517 -12.666909 -3.2850486
15.230301 -13.673599 -0.83325827
16.859697 -11.85621 -2.4719257
15.135907 -13.578157 2.4826006
16.975138 -11.928105 0.84458398
15.885517 -12.666909 3.2850486
15.230301 -13.673599 0.83325827
16.859697 -11.85621 2.4719257
16.116092 -12.81182 0
1.4155102 -10.898672 18.509255
4.0813986 -9.5835987 18.029031
2.2951288 -11.89351 17.825636
1.3975659 -9.4569452 18.960534
9.0816339 -7.0306084 16.988522
6.6086484 -8.3074873 17.526166
4.0412627 -13.682315 16.166306
4.9413949 -10.502515 17.296094
3.178682 -12.827746 17.038462
3.6470052 -11.184948 17.561852
1.3726519 -6.5840324 19.666155
4.0588152 -8.2111614 18.523927
1.3847517 -8.0103448 19.346269
2.7537047 -8.8279049 18.744205
20.072687 -0.9957944 14.016832
16.972544 -2.7609088 14.956853
19.662776 -2.5316686 13.119275
11.578191 -5.7126356 16.398954
14.178248 -4.3081443 15.733363
18.710191 -5.3453943 11.361182
16.715306 -4.1785019 14.146959
19.201345 -3.9874726 12.229122
18.145454 -3.3852016 13.661167
7.3123608 -16.285273 11.831648
8.3078271 -13.496547 13.442347
6.552788 -15.775733 13.005023
8.70072 -15.436995 11.273748
9.9617741 -7.8486927 16.118489
9.1818624 -10.702529 14.856565
8.7373858 -8.5013806 16.426336
4.9308225 -14.482689 15.164756
7.5222409 -12.880998 14.50055
5.7519433 -15.171149 14.125302
5.3931511 -12.911753 15.839107
7.0584349 -14.31785 13.781846
11.33878 -13.744269 10.189817
9.6860872 -12.73691 12.923492
10.046479 -14.586426 10.724833
9.2092591 -14.084399 12.129089
6.2609991 -9.8144751 17.005929
7.9661154 -11.398698 15.195856
7.4994293 -9.1579849 16.723556
5.837197 -11.351012 16.452805
8.3642562 -9.9612533 15.827189
6.705104 -12.149063 15.513615
1.3654232 -0.84387795 20.39538
4.0678434 -2.5140655 19.918617
1.3651998 -2.2590161 20.293954
9.1577878 -5.6598241 17.567904
6.6846431 -4.1313367 18.97154
7.9058679 -6.3028665 17.817631
1.3728938 -5.1009157 19.936322
4.057059 -3.9229254 19.661434
1.3667705 -3.6854385 20.140746
2.728677 -5.9675998 19.508958
2.7260037 -3.1002106 20.035959
5.3878691 -7.5592934 18.292008
5.4046028 -4.7560938 19.151819
6.6454653 -6.9389156 18.059467
4.0758775 -6.7923479 18.956605
6.6720205 -5.5399481 18.543084
4.0764719 -5.3552705 19.337352
16.450527 -10.166985 8.0103742
15.129216 -9.3503698 10.898944
17.038644 -9.0630806 8.8182781
15.184648 -11.089457 8.55849
11.428444 -7.0631669 15.730296
13.437855 -8.3050511 13.492037
12.680134 -6.3890875 15.381627
11.021412 -8.5059751 15.091475
18.158086 -6.6851839 10.479409
15.577353 -8.1661073 11.684866
17.612413 -7.898024 9.6447318
17.326758 -6.1472618 11.953964
16.355044 -8.6432141 10.293473
12.666923 -12.85248 9.6328641
13.800852 -10.231766 11.385459
13.919506 -11.987088 9.1014419
11.905838 -12.428062 11.060864
14.537008 -10.688498 10.012441
15.288535 -4.971069 14.6009
14.676825 -7.6136845 13.037585
13.970823 -5.6890381 15.005232
16.361553 -5.571042 13.337642
13.72054 -7.0270369 14.25416
15.978173 -6.9058896 12.512869
10.162733 -11.308642 13.707738
12.932562 -9.6928845 12.745848
10.597991 -9.9276593 14.413913
11.063781 -11.908979 12.43134
12.020118 -9.1265208 13.957861
12.439934 -11.07143 11.917212
1.4707773 11.324199 19.231929
4.5264189 10.628558 19.994849
2.461315 12.754698 19.116359
1.4439202 9.7706119 19.589414
10.895162 8.4345634 20.380991
7.6950257 9.673132 20.407244
4.7115918 15.951817 18.847831
5.698492 12.111661 19.946119
3.5426117 14.296404 18.989208
4.0647494 12.466121 19.573465
1.4032973 6.7310257 20.105216
4.4266998 8.9554082 20.202907
1.4229897 8.2315394 19.88049
2.9291393 9.390318 19.938371
21.106279 1.0470703 14.738593
19.26694 3.1341361 16.978762
22.524326 2.9001057 15.028541
19.355282 0 15.201927
14.001114 6.9080962 19.830698
16.84988 5.1199355 18.698028
24.079681 6.8794269 14.621638
20.480033 5.1196106 17.333227
24.033797 4.9910103 15.306858
21.589724 4.0277619 16.254255
16.187915 -1.8397255 15.997317
17.479817 1.9865477 17.274008
17.713879 -0.96069092 15.621852
18.481496 1.0023217 16.298813
9.9347378 22.125537 16.074743
11.579255 18.811171 18.735628
8.836533 21.273813 17.537469
12.145657 21.549074 15.737443
12.587991 9.9178395 20.367798
12.608979 14.697232 20.401756
10.879789 10.585916 20.454067
6.0756198 17.845159 18.685583
10.26647 17.580185 19.790575
7.5339764 19.871384 18.50152
6.6028602 15.807919 19.391892
9.6828368 19.64138 18.906084
16.527202 20.0334 14.852493
13.684077 17.994145 18.25774
14.364199 20.8553 15.334093
12.955497 19.813796 17.063085
7.4499921 11.67829 20.235434
10.588951 15.151707 20.199076
9.1503226 11.173986 20.40501
7.0615901 13.731966 19.903896
10.782588 12.841321 20.403256
8.5806495 15.547388 19.853069
1.369199 0.84621152 20.45178
4.17107 2.5778631 20.424076
1.375375 2.2758532 20.44521
2.7434937 0 20.362924
10.558699 6.5256349 20.255351
7.1749675 4.4343738 20.363119
9.05784 7.2212636 20.413857
1.3964656 5.1884953 20.278617
4.2207845 4.0812379 20.454885
1.3835279 3.7306242 20.387683
2.8415017 6.2143468 20.31561
2.7827906 3.1647928 20.453339
5.477783 -1.681409 19.818805
5.6024974 1.7196902 20.270026
4.1247385 -0.84918449 20.150486
4.1597077 0.85638382 20.321321
6.0038955 8.4235913 20.383439
5.7707385 5.078296 20.449262
7.5265143 7.8588699 20.453773
4.3756693 7.2919433 20.350915
7.3531462 6.105504 20.436089
4.3074003 5.6586418 20.432795
24.051405 14.864586 11.711525
21.380015 13.213576 15.40196
24.099437 12.81881 12.472562
22.496359 16.429252 12.679574
14.583037 9.0128123 20.072328
18.733097 11.577691 18.80863
16.198741 8.1619935 19.64987
14.835836 11.449826 20.314515
24.103336 8.8740209 13.910537
21.532861 11.28816 16.152205
24.114509 10.813792 13.205344
22.917621 8.1308122 15.811175
22.816238 12.057786 14.359994
18.722228 18.996489 14.237765
19.702934 14.607491 16.254573
20.690606 17.818169 13.52881
17.226996 17.98262 16.004371
21.079534 15.498963 14.518641
19.159828 6.2298205 18.298074
20.200777 10.479265 17.944572
17.741749 7.2245914 19.05536
21.679824 7.3818915 17.673
18.68618 9.570212 19.412924
21.613995 9.3417356 16.926409
14.37908 16.000408 19.394849
18.276283 13.697975 18.01242
14.983876 14.036134 20.378984
15.776358 16.981565 17.726423
16.921769 12.8482 19.649699
17.805962 15.847147 17.057761
10.664479 -4.8700082 17.255489
11.29628 -1.691048 18.277765
11.957369 -4.1786181 16.97725
9.448111 -4.1228928 18.064495
12.299965 5.6168645 19.901762
11.85025 1.773977 19.174108
13.705524 4.7895275 19.459305
10.473344 4.5702759 20.024708
14.677739 -2.6836458 16.361638
12.689177 -0.89847267 18.058237
13.299027 -3.4489828 16.678253
15.231751 -0.9282108 16.965844
12.329635 -2.5706312 17.532914
6.8739686 -2.5399293 19.341699
9.9509071 -0.88529181 18.96577
8.1739323 -3.3390876 18.76532
6.9862928 -0.86355328 19.687611
9.7142287 -2.5241454 18.534378
16.291338 2.9786726 18.160356
13.049737 0.92400256 18.571358
15.050934 3.9033242 18.875313
15.774085 0.96126023 17.569922
13.385191 2.7907063 19.03393
14.175129 0 17.83101
7.1801046 2.6530465 20.203092
10.167276 0.9045413 19.378156
8.765704 3.5808289 20.123881
7.0892598 0.8762807 19.977775
10.339 2.6864861 19.726418
8.5528234 0 19.540641
23.207425 0 -12.21146
25.772082 0 -9.2904228
24.846092 1.8313857 -12.392485
22.517658 -1.6597587 -11.231132
28.78995 0 -1.995358
27.724128 0 -5.8393847
26.055369 5.7090447 -11.549648
27.373604 1.9106139 -9.1644096
25.95346 3.8128141 -12.223228
26.354294 1.8863665 -10.912026
21.102246 -4.6237558 -9.3540612
24.727098 -1.7258939 -8.2783856
21.811296 -3.20429 -10.272404
23.689494 -1.6956275 -9.808662
23.207425 0 12.21146
25.772082 0 9.2904228
24.846092 1.8313857 12.392485
22.517658 -1.6597587 11.231132
28.78995 0 1.995358
27.724128 0 5.8393847
26.055369 5.7090447 11.549648
27.373604 1.9106139 9.1644096
25.95346 3.8128141 12.223228
26.354294 1.8863665 10.912026
21.102246 -4.6237558 9.3540612
24.727098 -1.7258939 8.2783856
21.811296 -3.20429 10.272404
23.689494 -1.6956275 9.808662
26.513142 13.820757 -8.5416977
27.956523 9.8505118 -6.0879511
26.395776 11.71208 -9.337327
27.56424 14.416677 -6.291037
28.901424 1.934883 -1.1958235
28.644711 5.8499142 -3.6154458
28.738363 1.9332658 -3.1990033
26.171527 7.7087637 -10.815557
27.797779 7.8444745 -6.9032003
26.280531 9.6706262 -10.097661
26.917884 5.7876396 -9.6449565
27.202509 9.7877839 -8.1270456
28.862076 15.143273 -1.3472355
28.553588 10.14784 -3.7496238
28.395542 14.882657 -3.8671101
28.17347 12.272002 -5.013167
27.978935 1.9267398 -7.1587018
28.240704 5.8273574 -5.6346946
28.42683 1.9290722 -5.2016611
27.515565 3.8485443 -8.4167427
28.53862 3.882838 -4.4158471
27.657883 5.830508 -7.6595519
18.216092 -9.4956749 -5.8686498
20.856854 -7.3489354 -4.5418918
18.932755 -8.4006597 -6.6973338
18.581088 -9.7183003 -4.2407959
27.072093 -1.8124135 -1.1201332
23.762428 -4.8528388 -2.9992193
26.814432 -1.8038406 -2.9848414
20.366639 -5.9989471 -8.4166487
21.759702 -6.1405418 -5.403726
19.652859 -7.2317967 -7.5511382
21.974286 -4.7247119 -7.8736141
20.315405 -7.3097226 -6.0694484
18.95538 -9.9454557 -0.88480682
21.145205 -7.5149283 -2.7767637
18.830331 -9.8693434 -2.5644504
19.847956 -8.6455145 -3.531731
25.635087 -1.7653332 -6.559004
23.349545 -4.8180861 -4.6587916
26.327563 -1.7866139 -4.8175284
23.727059 -3.3186539 -7.2578757
25.003849 -3.4019127 -3.8689037
22.731794 -4.7920481 -6.2953246
26.513142 13.820757 8.5416977
27.956523 9.8505118 6.0879511
26.395776 11.71208 9.337327
27.56424 14.416677 6.291037
28.901424 1.934883 1.1958235
28.644711 5.8499142 3.6154458
28.738363 1.9332658 3.1990033
28.927912 3.8974533 0
26.171527 7.7087637 10.815557
27.797779 7.8444745 6.9032003
26.280531 9.6706262 10.097661
26.917884 5.7876396 9.6449565
27.202509 9.7877839 8.1270456
28.862076 15.143273 1.3472355
28.553588 10.14784 3.7496238
28.395542 14.882657 3.8671101
28.927912 12.661577 0
28.17347 12.272002 5.013167
27.978935 1.9267398 7.1587018
28.240704 5.8273574 5.6346946
28.42683 1.9290722 5.2016611
27.515565 3.8485443 8.4167427
28.53862 3.882838 4.4158471
27.657883 5.830508 7.6595519
28.785718 7.9561768 -2.4421536
28.785718 7.9561768 2.4421536
28.895694 5.9148539 -1.2177262
28.884941 10.250033 -1.2669737
28.895694 5.9148539 1.2177262
28.884941 10.250033 1.2669737
18.216092 -9.4956749 5.8686498
20.856854 -7.3489354 4.5418918
18.932755 -8.4006597 6.6973338
18.581088 -9.7183003 4.2407959
27.072093 -1.8124135 1.1201332
23.762428 -4.8528388 2.9992193
26.814432 -1.8038406 2.9848414
25.493215 -3.4346971 0
20.366639 -5.9989471 8.4166487
21.759702 -6.1405418 5.403726
19.652859 -7.2317967 7.5511382
21.974286 -4.7247119 7.8736141
20.315405 -7.3097226 6.0694484
18.95538 -9.9454557 0.88480682
21.145205 -7.5149283 2.7767637
18.830331 -9.8693434 2.5644504
20.121048 -8.8068641 0
19.847956 -8.6455145 3.531731
25.635087 -1.7653332 6.559004
23.349545 -4.8180861 4.6587916
26.327563 -1.7866139 4.8175284
23.727059 -3.3186539 7.2578757
25.003849 -3.4019127 3.8689037
22.731794 -4.7920481 6.2953246
22.564324 -6.2366259 -1.9143363
22.564324 -6.2366259 1.9143363
23.983279 -4.9092986 -1.0107066
21.328918 -7.5687226 -0.93554557
23.983279 -4.9092986 1.0107066
21.328918 -7.5687226 0.93554557
-11.884361 17.018899 -0.84429773
-13.450656 15.263361 -2.4828774
-11.508427 17.248485 -2.2208181
-16.290639 11.501717 -5.6749035
-14.909791 13.436079 -4.0826319
-10.59939 17.455632 -4.9869741
-13.023683 15.388101 -3.8467266
-11.078518 17.394744 -3.6123024
-12.286347 16.319349 -3.0445248
-21.255447 1.6255275 -12.515692
-20.110523 4.5526051 -10.690047
-17.613272 9.4156096 -7.289158
-18.88781 7.1220879 -8.9529131
-8.1668175 16.771807 -10.365547
-10.799389 14.99102 -9.2649596
-8.8392428 17.079152 -9.0846273
-15.725132 11.424692 -7.0608482
-13.284562 13.231213 -8.1773394
-15.093281 12.442431 -6.2693169
-10.052059 17.4176 -6.4125623
-11.416692 15.219845 -7.9786908
-9.4715284 17.296123 -7.7561886
-11.321463 16.409975 -5.8220018
-10.156463 16.137353 -8.5281697
-13.755824 14.40366 -4.6833518
-12.684752 14.27963 -7.4076372
-14.434224 13.439178 -5.4725478
-12.556935 15.403844 -5.2449461
-13.889493 13.369525 -6.847263
-12.018247 15.34657 -6.6329061
-20.119486 -28.811942 -1.4293438
-23.823167 -27.033744 -4.3975552
-18.862013 -28.269819 -3.6398631
-25.378479 -17.918025 -8.8406856
-25.145778 -22.660322 -6.8854726
-16.184194 -26.65298 -7.6146036
-21.939995 -25.923148 -6.4802838
-17.514004 -27.49931 -5.7106805
-20.600899 -27.363156 -5.104849
-23.263078 -1.7790627 -13.697832
-25.099189 -5.6819354 -13.341845
-25.349326 -13.551108 -10.490682
-25.240653 -9.5175751 -11.964191
-11.266929 -23.13836 -14.300293
-15.799042 -21.931218 -13.554238
-12.418291 -23.994576 -12.763033
-23.92798 -17.384262 -10.744065
-20.183329 -20.102275 -12.423889
-23.735856 -19.5671 -9.859195
-14.853902 -25.737944 -9.4758271
-17.136922 -22.845609 -11.976341
-13.617405 -24.86698 -11.151227
-17.508787 -25.378235 -9.0037997
-14.780424 -23.48425 -12.410813
-22.859956 -23.936554 -7.7829736
-19.538495 -21.995107 -11.410083
-23.407703 -21.794057 -8.8747255
-20.233256 -24.820541 -8.451293
-21.744184 -20.930167 -10.71948
-18.632375 -23.79241 -10.283263
-1.4707773 -11.324199 -19.231929
-4.5264189 -10.628558 -19.994849
-2.461315 -12.754698 -19.116359
-1.4439202 -9.7706119 -19.589414
-10.895162 -8.4345634 -20.380991
-7.6950257 -9.673132 -20.407244
-4.7115918 -15.951817 -18.847831
-5.698492 -12.111661 -19.946119
-3.5426117 -14.296404 -18.989208
-4.0647494 -12.466121 -19.573465
-1.4032973 -6.7310257 -20.105216
-4.4266998 -8.9554082 -20.202907
-1.4229897 -8.2315394 -19.88049
-2.9291393 -9.390318 -19.938371
-21.106279 -1.0470703 -14.738593
-19.26694 -3.1341361 -16.978762
-22.524326 -2.9001057 -15.028541
-14.001114 -6.9080962 -19.830698
-16.84988 -5.1199355 -18.698028
-24.079681 -6.8794269 -14.621638
-20.480033 -5.1196106 -17.333227
-24.033797 -4.9910103 -15.306858
-21.589724 -4.0277619 -16.254255
-9.9347378 -22.125537 -16.074743
-11.579255 -18.811171 -18.735628
-8.836533 -21.273813 -17.537469
-12.145657 -21.549074 -15.737443
-12.587991 -9.9178395 -20.367798
-12.608979 -14.697232 -20.401756
-10.879789 -10.585916 -20.454067
-6.0756198 -17.845159 -18.685583
-10.26647 -17.580185 -19.790575
-7.5339764 -19.871384 -18.50152
-6.6028602 -15.807919 -19.391892
-9.6828368 -19.64138 -18.906084
-16.527202 -20.0334 -14.852493
-13.684077 -17.994145 -18.25774
-14.364199 -20.8553 -15.334093
-12.955497 -19.813796 -17.063085
-7.4499921 -11.67829 -20.235434
-10.588951 -15.151707 -20.199076
-9.1503226 -11.173986 -20.40501
-7.0615901 -13.731966 -19.903896
-10.782588 -12.841321 -20.403256
-8.5806495 -15.547388 -19.853069
-1.369199 -0.84621152 -20.45178
-4.17107 -2.5778631 -20.424076
-1.375375 -2.2758532 -20.44521
-10.558699 -6.5256349 -20.255351
-7.1749675 -4.4343738 -20.363119
-9.05784 -7.2212636 -20.413857
-1.3964656 -5.1884953 -20.278617
-4.2207845 -4.0812379 -20.454885
-1.3835279 -3.7306242 -20.387683
-2.8415017 -6.2143468 -20.31561
-2.7827906 -3.1647928 -20.453339
-6.0038955 -8.4235913 -20.383439
-5.7707385 -5.078296 -20.449262
-7.5265143 -7.8588699 -20.453773
-4.3756693 -7.2919433 -20.350915
-7.3531462 -6.105504 -20.436089
-4.3074003 -5.6586418 -20.432795
-24.051405 -14.864586 -11.711525
-21.380015 -13.213576 -15.40196
-24.099437 -12.81881 -12.472562
-22.496359 -16.429252 -12.679574
-14.583037 -9.0128123 -20.072328
-18.733097 -11.577691 -18.80863
-16.198741 -8.1619935 -19.64987
-14.835836 -11.449826 -20.314515
-24.103336 -8.8740209 -13.910537
-21.532861 -11.28816 -16.152205
-24.114509 -10.813792 -13.205344
-22.917621 -8.1308122 -15.811175
-22.816238 -12.057786 -14.359994
-18.722228 -18.996489 -14.237765
-19.702934 -14.607491 -16.254573
-20.690606 -17.818169 -13.52881
-17.226996 -17.98262 -16.004371
-21.079534 -15.498963 -14.518641
-19.159828 -6.2298205 -18.298074
-20.200777 -10.479265 -17.944572
-17.741749 -7.2245914 -19.05536
-21.679824 -7.3818915 -17.673
-18.68618 -9.570212 -19.412924
-21.613995 -9.3417356 -16.926409
-14.37908 -16.000408 -19.394849
-18.276283 -13.697975 -18.01242
-14.983876 -14.036134 -20.378984
-15.776358 -16.981565 -17.726423
-16.921769 -12.8482 -19.649699
-17.805962 -15.847147 -17.057761
-1.4155102 10.898672 -18.509255
-4.0813986 9.5835987 -18.029031
-2.2951288 11.89351 -17.825636
-1.3975659 9.4569452 -18.960534
-9.0816339 7.0306084 -16.988522
-6.6086484 8.3074873 -17.526166
-4.0412627 13.682315 -16.166306
-4.9413949 10.502515 -17.296094
-3.178682 12.827746 -17.038462
-3.6470052 11.184948 -17.561852
-1.3726519 6.5840324 -19.666155
-4.0588152 8.2111614 -18.523927
-1.3847517 8.0103448 -19.346269
-2.7537047 8.8279049 -18.744205
-20.072687 0.9957944 -14.016832
-16.972544 2.7609088 -14.956853
-19.662776 2.5316686 -13.119275
-19.355282 0 -15.201927
-11.578191 5.7126356 -16.398954
-14.178248 4.3081443 -15.733363
-18.710191 5.3453943 -11.361182
-16.715306 4.1785019 -14.146959
-19.201345 3.9874726 -12.229122
-18.145454 3.3852016 -13.661167
-17.479817 -1.9865477 -17.274008
-16.187915 1.8397255 -15.997317
-18.481496 -1.0023217 -16.298813
-17.713879 0.96069092 -15.621852
-7.3123608 16.285273 -11.831648
-8.3078271 13.496547 -13.442347
-6.552788 15.775733 -13.005023
-8.70072 15.436995 -11.273748
-9.9617741 7.8486927 -16.118489
-9.1818624 10.702529 -14.856565
-8.7373858 8.5013806 -16.426336
-4.9308225 14.482689 -15.164756
-7.5222409 12.880998 -14.50055
-5.7519433 15.171149 -14.125302
-5.3931511 12.911753 -15.839107
-7.0584349 14.31785 -13.781846
-11.33878 13.744269 -10.189817
-9.6860872 12.73691 -12.923492
-10.046479 14.586426 -10.724833
-9.2092591 14.084399 -12.129089
-6.2609991 9.8144751 -17.005929
-7.9661154 11.398698 -15.195856
-7.4994293 9.1579849 -16.723556
-5.837197 11.351012 -16.452805
-8.3642562 9.9612533 -15.827189
-6.705104 12.149063 -15.513615
-1.3654232 0.84387795 -20.39538
-4.0678434 2.5140655 -19.918617
-1.3651998 2.2590161 -20.293954
-2.7434937 0 -20.362924
-9.1577878 5.6598241 -17.567904
-6.6846431 4.1313367 -18.97154
-7.9058679 6.3028665 -17.817631
-1.3728938 5.1009157 -19.936322
-4.057059 3.9229254 -19.661434
-1.3667705 3.6854385 -20.140746
-2.728677 5.9675998 -19.508958
-2.7260037 3.1002106 -20.035959
-5.6024974 -1.7196902 -20.270026
-5.477783 1.681409 -19.818805
-4.1597077 -0.85638382 -20.321321
-4.1247385 0.84918449 -20.150486
-5.3878691 7.5592934 -18.292008
-5.4046028 4.7560938 -19.151819
-6.6454653 6.9389156 -18.059467
-4.0758775 6.7923479 -18.956605
-6.6720205 5.5399481 -18.543084
-4.0764719 5.3552705 -19.337352
-16.450527 10.166985 -8.0103742
-15.129216 9.3503698 -10.898944
-17.038644 9.0630806 -8.8182781
-15.184648 11.089457 -8.55849
-11.428444 7.0631669 -15.730296
-13.437855 8.3050511 -13.492037
-12.680134 6.3890875 -15.381627
-11.021412 8.5059751 -15.091475
-18.158086 6.6851839 -10.479409
-15.577353 8.1661073 -11.684866
-17.612413 7.898024 -9.6447318
-17.326758 6.1472618 -11.953964
-16.355044 8.6432141 -10.293473
-12.666923 12.85248 -9.6328641
-13.800852 10.231766 -11.385459
-13.919506 11.987088 -9.1014419
-11.905838 12.428062 -11.060864
-14.537008 10.688498 -10.012441
-15.288535 4.971069 -14.6009
-14.676825 7.6136845 -13.037585
-13.970823 5.6890381 -15.005232
-16.361553 5.571042 -13.337642
-13.72054 7.0270369 -14.25416
-15.978173 6.9058896 -12.512869
-10.162733 11.308642 -13.707738
-12.932562 9.6928845 -12.745848
-10.597991 9.9276593 -14.413913
-11.063781 11.908979 -12.43134
-12.020118 9.1265208 -13.957861
-12.439934 11.07143 -11.917212
-12.299965 -5.6168645 -19.901762
-11.85025 -1.773977 -19.174108
-13.705524 -4.7895275 -19.459305
-10.473344 -4.5702759 -20.024708
-10.664479 4.8700082 -17.255489
-11.29628 1.691048 -18.277765
-11.957369 4.1786181 -16.97725
-9.448111 4.1228928 -18.064495
-16.291338 -2.9786726 -18.160356
-13.049737 -0.92400256 -18.571358
-15.050934 -3.9033242 -18.875313
-15.774085 -0.96126023 -17.569922
-13.385191 -2.7907063 -19.03393
-7.1801046 -2.6530465 -20.203092
-10.167276 -0.9045413 -19.378156
-8.765704 -3.5808289 -20.123881
-7.0892598 -0.8762807 -19.977775
-10.339 -2.6864861 -19.726418
-14.677739 2.6836458 -16.361638
-12.689177 0.89847267 -18.058237
-13.299027 3.4489828 -16.678253
-15.231751 0.9282108 -16.965844
-12.329635 2.5706312 -17.532914
-14.175129 0 -17.83101
-6.8739686 2.5399293 -19.341699
-9.9509071 0.88529181 -18.96577
-8.1739323 3.3390876 -18.76532
-6.9862928 0.86355328 -19.687611
-9.7142287 2.5241454 -18.534378
-8.5528234 0 -19.540641
-11.884361 17.018899 0.84429773
-13.450656 15.263361 2.4828774
-11.508427 17.248485 2.2208181
-12.725565 16.202347 0
-16.290639 11.501717 5.6749035
-14.909791 13.436079 4.0826319
-10.59939 17.455632 4.9869741
-13.023683 15.388101 3.8467266
-11.078518 17.394744 3.6123024
-12.286347 16.319349 3.0445248
-14.331552 14.502304 -1.648159
-14.331552 14.502304 1.648159
-13.545007 15.35891 -0.83297199
-13.545007 15.35891 0.83297199
-21.255447 1.6255275 12.515692
-20.110523 4.5526051 10.690047
-17.613272 9.4156096 7.289158
-18.88781 7.1220879 8.9529131
-8.1668175 16.771807 10.365547
-10.799389 14.99102 9.2649596
-8.8392428 17.079152 9.0846273
-15.725132 11.424692 7.0608482
-13.284562 13.231213 8.1773394
-15.093281 12.442431 6.2693169
-10.052059 17.4176 6.4125623
-11.416692 15.219845 7.9786908
-9.4715284 17.296123 7.7561886
-11.321463 16.409975 5.8220018
-10.156463 16.137353 8.5281697
-13.755824 14.40366 4.6833518
-12.684752 14.27963 7.4076372
-14.434224 13.439178 5.4725478
-12.556935 15.403844 5.2449461
-13.889493 13.369525 6.847263
-12.018247 15.34657 6.6329061
-17.358112 10.727903 -4.8989714
-17.820263 11.013528 -1.6487202
-16.630023 11.712812 -4.093155
-17.358112 10.727903 4.8989714
-17.820263 11.013528 1.6487202
-16.630023 11.712812 4.093155
-15.135907 13.578157 -2.4826006
-16.975138 11.928105 -0.84458398
-15.885517 12.666909 -3.2850486
-15.230301 13.673599 -0.83325827
-16.859697 11.85621 -2.4719257
-15.135907 13.578157 2.4826006
-16.975138 11.928105 0.84458398
-15.885517 12.666909 3.2850486
-15.230301 13.673599 0.83325827
-16.859697 11.85621 2.4719257
-16.116092 12.81182 0
-20.119486 -28.811942 1.4293438
-23.823167 -27.033744 4.3975552
-18.862013 -28.269819 3.6398631
-22.720414 -28.927912 0
-25.378479 -17.918025 8.8406856
-25.145778 -22.660322 6.8854726
-16.184194 -26.65298 7.6146036
-21.939995 -25.923148 6.4802838
-17.514004 -27.49931 5.7106805
-20.600899 -27.363156 5.104849
-26.600528 -26.917457 -3.0591174
-26.600528 -26.917457 3.0591174
-25.224946 -28.602987 -1.5512486
-25.224946 -28.602987 1.5512486
-23.263078 -1.7790627 13.697832
-25.099189 -5.6819354 13.341845
-25.349326 -13.551108 10.490682
-25.240653 -9.5175751 11.964191
-11.266929 -23.13836 14.300293
-15.799042 -21.931218 13.554238
-12.418291 -23.994576 12.763033
-23.92798 -17.384262 10.744065
-20.183329 -20.102275 12.423889
-23.735856 -19.5671 9.859195
-14.853902 -25.737944 9.4758271
-17.136922 -22.845609 11.976341
-13.617405 -24.86698 11.151227
-17.508787 -25.378235 9.0037997
-14.780424 -23.48425 12.410813
-22.859956 -23.936554 7.7829736
-19.538495 -21.995107 11.410083
-23.407703 -21.794057 8.8747255
-20.233256 -24.820541 8.451293
-21.744184 -20.930167 10.71948
-18.632375 -23.79241 10.283263
-26.65568 -16.474116 -7.5230195
-28.61616 -17.68576 -2.6475501
-26.772308 -18.856198 -6.5894803
-26.65568 -16.474116 7.5230195
-28.61616 -17.68576 2.6475501
-26.772308 -18.856198 6.5894803
-26.899061 -24.130677 -4.4120003
-28.809612 -20.243962 -1.4333984
-26.870084 -21.425863 -5.5566045
-28.556921 -25.638094 -1.5623651
-28.013825 -19.700104 -4.1073156
-26.899061 -24.130677 4.4120003
-28.809612 -20.243962 1.4333984
-26.870084 -21.425863 5.5566045
-28.556921 -25.638094 1.5623651
-28.013825 -19.700104 4.1073156
-28.927912 -22.996841 0
-1.4707773 -11.324199 19.231929
-4.5264189 -10.628558 19.994849
-2.461315 -12.754698 19.116359
-1.4439202 -9.7706119 19.589414
-10.895162 -8.4345634 20.380991
-7.6950257 -9.673132 20.407244
-4.7115918 -15.951817 18.847831
-5.698492 -12.111661 19.946119
-3.5426117 -14.296404 18.989208
-4.0647494 -12.466121 19.573465
-1.4032973 -6.7310257 20.105216
-4.4266998 -8.9554082 20.202907
-1.4229897 -8.2315394 19.88049
-2.9291393 -9.390318 19.938371
-21.106279 -1.0470703 14.738593
-19.26694 -3.1341361 16.978762
-22.524326 -2.9001057 15.028541
-14.001114 -6.9080962 19.830698
-16.84988 -5.1199355 18.698028
-24.079681 -6.8794269 14.621638
-20.480033 -5.1196106 17.333227
-24.033797 -4.9910103 15.306858
-21.589724 -4.0277619 16.254255
-9.9347378 -22.125537 16.074743
-11.579255 -18.811171 18.735628
-8.836533 -21.273813 17.537469
-12.145657 -21.549074 15.737443
-12.587991 -9.9178395 20.367798
-12.608979 -14.697232 20.401756
-10.879789 -10.585916 20.454067
-6.0756198 -17.845159 18.685583
-10.26647 -17.580185 19.790575
-7.5339764 -19.871384 18.50152
-6.6028602 -15.807919 19.391892
-9.6828368 -19.64138 18.906084
-16.527202 -20.0334 14.852493
-13.684077 -17.994145 18.25774
-14.364199 -20.8553 15.334093
-12.955497 -19.813796 17.063085
-7.4499921 -11.67829 20.235434
-10.588951 -15.151707 20.199076
-9.1503226 -11.173986 20.40501
-7.0615901 -13.731966 19.903896
-10.782588 -12.841321 20.403256
-8.5806495 -15.547388 19.853069
-1.369199 -0.84621152 20.45178
-4.17107 -2.5778631 20.424076
-1.375375 -2.2758532 20.44521
-10.558699 -6.5256349 20.255351
-7.1749675 -4.4343738 20.363119
-9.05784 -7.2212636 20.413857
-1.3964656 -5.1884953 20.278617
-4.2207845 -4.0812379 20.454885
-1.3835279 -3.7306242 20.387683
-2.8415017 -6.2143468 20.31561
-2.7827906 -3.1647928 20.453339
-6.0038955 -8.4235913 20.383439
-5.7707385 -5.078296 20.449262
-7.5265143 -7.8588699 20.453773
-4.3756693 -7.2919433 20.350915
-7.3531462 -6.105504 20.436089
-4.3074003 -5.6586418 20.432795
-24.051405 -14.864586 11.711525
-21.380015 -13.213576 15.40196
-24.099437 -12.81881 12.472562
-22.496359 -16.429252 12.679574
-14.583037 -9.0128123 20.072328
-18.733097 -11.577691 18.80863
-16.198741 -8.1619935 19.64987
-14.835836 -11.449826 20.314515
-24.103336 -8.8740209 13.910537
-21.532861 -11.28816 16.152205
-24.114509 -10.813792 13.205344
-22.917621 -8.1308122 15.811175
-22.816238 -12.057786 14.359994
-18.722228 -18.996489 14.237765
-19.702934 -14.607491 16.254573
-20.690606 -17.818169 13.52881
-17.226996 -17.98262 16.004371
-21.079534 -15.498963 14.518641
-19.159828 -6.2298205 18.298074
-20.200777 -10.479265 17.944572
-17.741749 -7.2245914 19.05536
-21.679824 -7.3818915 17.673
-18.68618 -9.570212 19.412924
-21.613995 -9.3417356 16.926409
-14.37908 -16.000408 19.394849
-18.276283 -13.697975 18.01242
-14.983876 -14.036134 20.378984
-15.776358 -16.981565 17.726423
-16.921769 -12.8482 19.649699
-17.805962 -15.847147 17.057761
-1.4155102 10.898672 18.509255
-4.0813986 9.5835987 18.029031
-2.2951288 11.89351 17.825636
-1.3975659 9.4569452 18.960534
-9.0816339 7.0306084 16.988522
-6.6086484 8.3074873 17.526166
-4.0412627 13.682315 16.166306
-4.9413949 10.502515 17.296094
-3.178682 12.827746 17.038462
-3.6470052 11.184948 17.561852
-1.3726519 6.5840324 19.666155
-4.0588152 8.2111614 18.523927
-1.3847517 8.0103448 19.346269
-2.7537047 8.8279049 18.744205
-20.072687 0.9957944 14.016832
-16.972544 2.7609088 14.956853
-19.662776 2.5316686 13.119275
-19.355282 0 15.201927
-11.578191 5.7126356 16.398954
-14.178248 4.3081443 15.733363
-18.710191 5.3453943 11.361182
-16.715306 4.1785019 14.146959
-19.201345 3.9874726 12.229122
-18.145454 3.3852016 13.661167
-17.479817 -1.9865477 17.274008
-16.187915 1.8397255 15.997317
-18.481496 -1.0023217 16.298813
-17.713879 0.96069092 15.621852
-7.3123608 16.285273 11.831648
-8.3078271 13.496547 13.442347
-6.552788 15.775733 13.005023
-8.70072 15.436995 11.273748
-9.9617741 7.8486927 16.118489
-9.1818624 10.702529 14.856565
-8.7373858 8.5013806 16.426336
-4.9308225 14.482689 15.164756
-7.5222409 12.880998 14.50055
-5.7519433 15.171149 14.125302
-5.3931511 12.911753 15.839107
-7.0584349 14.31785 13.781846
-11.33878 13.744269 10.189817
-9.6860872 12.73691 12.923492
-10.046479 14.586426 10.724833
-9.2092591 14.084399 12.129089
-6.2609991 9.8144751 17.005929
-7.9661154 11.398698 15.195856
-7.4994293 9.1579849 16.723556
-5.837197 11.351012 16.452805
-8.3642562 9.9612533 15.827189
-6.705104 12.149063 15.513615
-1.3654232 0.84387795 20.39538
-4.0678434 2.5140655 19.918617
-1.3651998 2.2590161 20.293954
-2.7434937 0 20.362924
-9.1577878 5.6598241 17.567904
-6.6846431 4.1313367 18.97154
-7.9058679 6.3028665 17.817631
-1.3728938 5.1009157 19.936322
-4.057059 3.9229254 19.661434
-1.3667705 3.6854385 20.140746
-2.728677 5.9675998 19.508958
-2.7260037 3.1002106 20.035959
-5.6024974 -1.7196902 20.270026
-5.477783 1.681409 19.818805
-4.1597077 -0.85638382 20.321321
-4.1247385 0.84918449 20.150486
-5.3878691 7.5592934 18.292008
-5.4046028 4.7560938 19.151819
-6.6454653 6.9389156 18.059467
-4.0758775 6.7923479 18.956605
-6.6720205 5.5399481 18.543084
-4.0764719 5.3552705 19.337352
-16.450527 10.166985 8.0103742
-15.129216 9.3503698 10.898944
-17.038644 9.0630806 8.8182781
-15.184648 11.089457 8.55849
-11.428444 7.0631669 15.730296
-13.437855 8.3050511 13.492037
-12.680134 6.3890875 15.381627
-11.021412 8.5059751 15.091475
-18.158086 6.6851839 10.479409
-15.577353 8.1661073 11.684866
-17.612413 7.898024 9.6447318
-17.326758 6.1472618 11.953964
-16.355044 8.6432141 10.293473
-12.666923 12.85248 9.6328641
-13.800852 10.231766 11.385459
-13.919506 11.987088 9.1014419
-11.905838 12.428062 11.060864
-14.537008 10.688498 10.012441
-15.288535 4.971069 14.6009
-14.676825 7.6136845 13.037585
-13.970823 5.6890381 15.005232
-16.361553 5.571042 13.337642
-13.72054 7.0270369 14.25416
-15.978173 6.9058896 12.512869
-10.162733 11.308642 13.707738
-12.932562 9.6928845 12.745848
-10.597991 9.9276593 14.413913
-11.063781 11.908979 12.43134
-12.020118 9.1265208 13.957861
-12.439934 11.07143 11.917212
-12.299965 -5.6168645 19.901762
-11.85025 -1.773977 19.174108
-13.705524 -4.7895275 19.459305
-10.473344 -4.5702759 20.024708
-10.664479 4.8700082 17.255489
-11.29628 1.691048 18.277765
-11.957369 4.1786181 16.97725
-9.448111 4.1228928 18.064495
-16.291338 -2.9786726 18.160356
-13.049737 -0.92400256 18.571358
-15.050934 -3.9033242 18.875313
-15.774085 -0.96126023 17.569922
-13.385191 -2.7907063 19.03393
-7.1801046 -2.6530465 20.203092
-10.167276 -0.9045413 19.378156
-8.765704 -3.5808289 20.123881
-7.0892598 -0.8762807 19.977775
-10.339 -2.6864861 19.726418
-14.677739 2.6836458 16.361638
-12.689177 0.89847267 18.058237
-13.299027 3.4489828 16.678253
-15.231751 0.9282108 16.965844
-12.329635 2.5706312 17.532914
-14.175129 0 17.83101
-6.8739686 2.5399293 19.341699
-9.9509071 0.88529181 18.96577
-8.1739323 3.3390876 18.76532
-6.9862928 0.86355328 19.687611
-9.7142287 2.5241454 18.534378
-8.5528234 0 19.540641
-23.207425 0 -12.21146
-25.772082 0 -9.2904228
-22.517658 1.6597587 -11.231132
-24.846092 -1.8313857 -12.392485
-28.78995 0 -1.995358
-27.724128 0 -5.8393847
-21.102246 4.6237558 -9.3540612
-24.727098 1.7258939 -8.2783856
-21.811296 3.20429 -10.272404
-23.689494 1.6956275 -9.808662
-26.055369 -5.7090447 -11.549648
-27.373604 -1.9106139 -9.1644096
-25.95346 -3.8128141 -12.223228
-26.354294 -1.8863665 -10.912026
-23.207425 0 12.21146
-25.772082 0 9.2904228
-22.517658 1.6597587 11.231132
-24.846092 -1.8313857 12.392485
-28.78995 0 1.995358
-27.724128 0 5.8393847
-21.102246 4.6237558 9.3540612
-24.727098 1.7258939 8.2783856
-21.811296 3.20429 10.272404
-23.689494 1.6956275 9.808662
-26.055369 -5.7090447 11.549648
-27.373604 -1.9106139 9.1644096
-25.95346 -3.8128141 12.223228
-26.354294 -1.8863665 10.912026
-18.216092 9.4956749 -5.8686498
-20.856854 7.3489354 -4.5418918
-18.932755 8.4006597 -6.6973338
-18.581088 9.7183003 -4.2407959
-27.072093 1.8124135 -1.1201332
-23.762428 4.8528388 -2.9992193
-26.814432 1.8038406 -2.9848414
-20.366639 5.9989471 -8.4166487
-21.759702 6.1405418 -5.403726
-19.652859 7.2317967 -7.5511382
-21.974286 4.7247119 -7.8736141
-20.315405 7.3097226 -6.0694484
-18.95538 9.9454557 -0.88480682
-21.145205 7.5149283 -2.7767637
-18.830331 9.8693434 -2.5644504
-19.847956 8.6455145 -3.531731
-25.635087 1.7653332 -6.559004
-23.349545 4.8180861 -4.6587916
-26.327563 1.7866139 -4.8175284
-23.727059 3.3186539 -7.2578757
-25.003849 3.4019127 -3.8689037
-22.731794 4.7920481 -6.2953246
-26.513142 -13.820757 -8.5416977
-27.956523 -9.8505118 -6.0879511
-26.395776 -11.71208 -9.337327
-27.56424 -14.416677 -6.291037
-28.901424 -1.934883 -1.1958235
-28.644711 -5.8499142 -3.6154458
-28.738363 -1.9332658 -3.1990033
-26.171527 -7.7087637 -10.815557
-27.797779 -7.8444745 -6.9032003
-26.280531 -9.6706262 -10.097661
-26.917884 -5.7876396 -9.6449565
-27.202509 -9.7877839 -8.1270456
-28.862076 -15.143273 -1.3472355
-28.553588 -10.14784 -3.7496238
-28.395542 -14.882657 -3.8671101
-28.17347 -12.272002 -5.013167
-27.978935 -1.9267398 -7.1587018
-28.240704 -5.8273574 -5.6346946
-28.42683 -1.9290722 -5.2016611
-27.515565 -3.8485443 -8.4167427
-28.53862 -3.882838 -4.4158471
-27.657883 -5.830508 -7.6595519
-18.216092 9.4956749 5.8686498
-20.856854 7.3489354 4.5418918
-18.932755 8.4006597 6.6973338
-18.581088 9.7183003 4.2407959
-27.072093 1.8124135 1.1201332
-23.762428 4.8528388 2.9992193
-26.814432 1.8038406 2.9848414
-25.493215 3.4346971 0
-20.366639 5.9989471 8.4166487
-21.759702 6.1405418 5.403726
-19.652859 7.2317967 7.5511382
-21.974286 4.7247119 7.8736141
-20.315405 7.3097226 6.0694484
-18.95538 9.9454557 0.88480682
-21.145205 7.5149283 2.7767637
-18.830331 9.8693434 2.5644504
-20.121048 8.8068641 0
-19.847956 8.6455145 3.531731
-25.635087 1.7653332 6.559004
-23.349545 4.8180861 4.6587916
-26.327563 1.7866139 4.8175284
-23.727059 3.3186539 7.2578757
-25.003849 3.4019127 3.8689037
-22.731794 4.7920481 6.2953246
-22.564324 6.2366259 -1.9143363
-22.564324 6.2366259 1.9143363
-23.983279 4.9092986 -1.0107066
-21.328918 7.5687226 -0.93554557
-23.983279 4.9092986 1.0107066
-21.328918 7.5687226 0.93554557
-26.513142 -13.820757 8.5416977
-27.956523 -9.8505118 6.0879511
-26.395776 -11.71208 9.337327
-27.56424 -14.416677 6.291037
-28.901424 -1.934883 1.1958235
-28.644711 -5.8499142 3.6154458
-28.738363 -1.9332658 3.1990033
-28.927912 -3.8974533 0
-26.171527 -7.7087637 10.815557
-27.797779 -7.8444745 6.9032003
-26.280531 -9.6706262 10.097661
-26.917884 -5.7876396 9.6449565
-27.202509 -9.7877839 8.1270456
-28.862076 -15.143273 1.3472355
-28.553588 -10.14784 3.7496238
-28.395542 -14.882657 3.8671101
-28.927912 -12.661577 0
-28.17347 -12.272002 5.013167
-27.978935 -1.9267398 7.1587018
-28.240704 -5.8273574 5.6346946
-28.42683 -1.9290722 5.2016611
-27.515565 -3.8485443 8.4167427
-28.53862 -3.882838 4.4158471
-27.657883 -5.830508 7.6595519
-28.785718 -7.9561768 -2.4421536
-28.785718 -7.9561768 2.4421536
-28.895694 -5.9148539 -1.2177262
-28.884941 -10.250033 -1.2669737
-28.895694 -5.9148539 1.2177262
-28.884941 -10.250033 1.2669737
