-24.491964 39.628830 0.000000
37.947970 61.401106 0.000000
-37.947970 -61.401106 0.000000
24.491964 -39.628830 0.000000
0.000000 -19.499443 31.550761
0.000000 19.499443 31.550761
0.000000 -19.499443 -31.550761
0.000000 19.499443 -31.550761
36.277748 0.000000 -22.420881
36.277748 0.000000 22.420881
-36.277748 0.000000 -22.420881
-36.277748 0.000000 22.420881
0.000000 60.401762 0.000000
0.000000 -60.401762 0.000000
-16.625746 -43.526767 26.901021
13.331891 -34.903343 21.571452
-13.331891 34.903343 21.571452
16.625746 43.526767 26.901021
0.000000 0.000000 33.252111
-16.625746 -43.526767 -26.901021
13.331891 -34.903343 -21.571452
-13.331891 34.903343 -21.571452
16.625746 43.526767 -26.901021
0.000000 0.000000 -33.252111
45.395553 28.055995 -17.339558
34.401942 -21.261570 -13.140373
17.893667 -11.058894 -28.952561
19.577502 12.099562 -31.677064
45.395553 28.055995 17.339558
34.401942 -21.261570 13.140373
17.893667 -11.058894 28.952561
19.577502 12.099562 31.677064
49.927100 0.000000 0.000000
-34.401942 21.261570 -13.140373
-45.395553 -28.055995 -17.339558
-19.577502 -12.099562 -31.677064
-17.893667 11.058894 -28.952561
-34.401942 21.261570 13.140373
-45.395553 -28.055995 17.339558
-19.577502 -12.099562 31.677064
-17.893667 11.058894 28.952561
-49.927100 0.000000 0.000000
-14.127351 49.730354 0.000000
18.979688 66.811292 0.000000
-18.979688 -66.811292 0.000000
14.127351 -49.730354 0.000000
-28.485873 -56.636351 17.062556
-6.944961 -29.997616 30.355019
-9.943328 -58.209254 16.088642
19.970472 -39.705810 11.961975
6.395128 -27.622704 27.951812
8.391370 -49.123934 13.577521
0.000000 -40.402893 24.970361
-19.970472 39.705810 11.961975
-6.395128 27.622704 27.951812
-8.391370 49.123934 13.577521
28.485873 56.636351 17.062556
6.944961 29.997616 30.355019
9.943328 58.209254 16.088642
0.000000 40.402893 24.970361
0.000000 -9.338086 32.871437
0.000000 9.338086 32.871437
-28.485873 -56.636351 -17.062556
-6.944961 -29.997616 -30.355019
-9.943328 -58.209254 -16.088642
19.970472 -39.705810 -11.961975
6.395128 -27.622704 -27.951812
8.391370 -49.123934 -13.577521
0.000000 -40.402893 -24.970361
-19.970472 39.705810 -11.961975
-6.395128 27.622704 -27.951812
-8.391370 49.123934 -13.577521
28.485873 56.636351 -17.062556
6.944961 29.997616 -30.355019
9.943328 58.209254 -16.088642
0.000000 40.402893 -24.970361
0.000000 -9.338086 -32.871437
0.000000 9.338086 -32.871437
45.993459 46.541443 -10.648272
41.420567 12.478572 -20.832928
33.323693 39.016060 -24.113251
30.610364 -30.975067 -7.086822
36.217307 -10.911011 -18.215891
24.480229 -28.661951 -17.714060
9.195596 -15.352012 -30.523269
26.834522 -6.139502 -26.518570
16.148210 -22.316277 -26.128353
8.905301 -5.503779 -32.219682
26.785224 -16.554179 -22.877312
9.834195 16.418151 -32.642993
28.621491 6.548345 -28.284499
19.202898 26.537752 -31.070941
9.110034 5.630311 -32.960415
32.198195 19.899579 -27.500542
19.014492 0.000000 -30.766095
45.993459 46.541443 10.648272
41.420567 12.478572 20.832928
33.323693 39.016060 24.113251
55.572283 34.345559 0.000000
30.610364 -30.975067 7.086822
36.217307 -10.911011 18.215891
24.480229 -28.661951 17.714060
37.715763 -23.309624 0.000000
9.195596 -15.352012 30.523269
26.834522 -6.139502 26.518570
16.148210 -22.316277 26.128353
8.905301 -5.503779 32.219682
26.785224 -16.554179 22.877312
9.834195 16.418151 32.642993
28.621491 6.548345 28.284499
19.202898 26.537752 31.070941
9.110034 5.630311 32.960415
32.198195 19.899579 27.500542
19.014492 0.000000 30.766095
45.441161 0.000000 -12.908882
45.441161 0.000000 12.908882
51.821983 14.323244 -8.852251
43.136234 -11.922562 -7.368549
51.821983 14.323244 8.852251
43.136234 -11.922562 7.368549
-30.610364 30.975067 -7.086822
-36.217307 10.911011 -18.215891
-24.480229 28.661951 -17.714060
-45.993459 -46.541443 -10.648272
-41.420567 -12.478572 -20.832928
-33.323693 -39.016060 -24.113251
-9.834195 -16.418151 -32.642993
-28.621491 -6.548345 -28.284499
-19.202898 -26.537752 -31.070941
-9.110034 -5.630311 -32.960415
-32.198195 -19.899579 -27.500542
-9.195596 15.352012 -30.523269
-26.834522 6.139502 -26.518570
-16.148210 22.316277 -26.128353
-8.905301 5.503779 -32.219682
-26.785224 16.554179 -22.877312
-19.014492 0.000000 -30.766095
-30.610364 30.975067 7.086822
-36.217307 10.911011 18.215891
-24.480229 28.661951 17.714060
-37.715763 23.309624 0.000000
-45.993459 -46.541443 10.648272
-41.420567 -12.478572 20.832928
-33.323693 -39.016060 24.113251
-55.572283 -34.345559 0.000000
-9.834195 -16.418151 32.642993
-28.621491 -6.548345 28.284499
-19.202898 -26.537752 31.070941
-9.110034 -5.630311 32.960415
-32.198195 -19.899579 27.500542
-9.195596 15.352012 30.523269
-26.834522 6.139502 26.518570
-16.148210 22.316277 26.128353
-8.905301 5.503779 32.219682
-26.785224 16.554179 22.877312
-19.014492 0.000000 30.766095
-45.441161 0.000000 -12.908882
-45.441161 0.000000 12.908882
-43.136234 11.922562 -7.368549
-51.821983 -14.323244 -8.852251
-43.136234 11.922562 7.368549
-51.821983 -14.323244 8.852251
-19.648121 44.573312 0.000000
-7.674693 55.101059 0.000000
28.947410 65.669484 0.000000
9.019952 64.759446 0.000000
-28.947410 -65.669484 0.000000
-9.019952 -64.759446 0.000000
19.648121 -44.573312 0.000000
7.674693 -55.101059 0.000000
-33.997433 -60.699524 9.207458
-22.509304 -50.650417 23.023974
-24.886649 -64.212718 9.146281
-3.215921 -24.416658 31.087592
-11.375462 -36.400331 29.115625
-5.110893 -61.379114 8.269599
-13.865952 -51.763083 22.435582
-14.650763 -64.322096 8.838530
-19.392251 -58.979298 16.999197
22.625481 -40.395871 6.127614
16.782791 -37.764621 17.166525
17.562497 -45.314885 6.454526
3.109450 -23.608281 30.058355
9.825851 -31.441732 25.149378
0.000000 -28.986679 29.332037
4.645406 -55.788858 7.516425
11.223343 -41.897940 18.159750
11.521890 -50.585225 6.950940
0.000000 -54.159719 14.969378
14.575125 -44.328564 12.776517
-7.922137 -42.548195 26.296231
7.031044 -37.762316 23.338395
-3.682674 -35.410065 28.149963
-4.441920 -49.261644 21.561531
3.495937 -33.614534 26.722568
4.113620 -45.620741 19.967929
-22.625481 40.395871 6.127614
-16.782791 37.764621 17.166525
-17.562497 45.314885 6.454526
-3.109450 23.608281 30.058355
-9.825851 31.441732 25.149378
-4.645406 55.788858 7.516425
-11.223343 41.897940 18.159750
-11.521890 50.585225 6.950940
-14.575125 44.328564 12.776517
33.997433 60.699524 9.207458
22.509304 50.650417 23.023974
24.886649 64.212718 9.146281
3.215921 24.416658 31.087592
11.375462 36.400331 29.115625
0.000000 28.986679 29.332037
5.110893 61.379114 8.269599
13.865952 51.763083 22.435582
14.650763 64.322096 8.838530
0.000000 54.159719 14.969378
19.392251 58.979298 16.999197
-7.031044 37.762316 23.338395
7.922137 42.548195 26.296231
-3.495937 33.614534 26.722568
-4.113620 45.620741 19.967929
3.682674 35.410065 28.149963
4.441920 49.261644 21.561531
0.000000 -14.262454 32.355501
0.000000 -4.618584 33.159486
0.000000 14.262454 32.355501
0.000000 4.618584 33.159486
-33.997433 -60.699524 -9.207458
-22.509304 -50.650417 -23.023974
-24.886649 -64.212718 -9.146281
-3.215921 -24.416658 -31.087592
-11.375462 -36.400331 -29.115625
-5.110893 -61.379114 -8.269599
-13.865952 -51.763083 -22.435582
-14.650763 -64.322096 -8.838530
-19.392251 -58.979298 -16.999197
22.625481 -40.395871 -6.127614
16.782791 -37.764621 -17.166525
17.562497 -45.314885 -6.454526
3.109450 -23.608281 -30.058355
9.825851 -31.441732 -25.149378
0.000000 -28.986679 -29.332037
4.645406 -55.788858 -7.516425
11.223343 -41.897940 -18.159750
11.521890 -50.585225 -6.950940
0.000000 -54.159719 -14.969378
14.575125 -44.328564 -12.776517
-7.922137 -42.548195 -26.296231
7.031044 -37.762316 -23.338395
-3.682674 -35.410065 -28.149963
-4.441920 -49.261644 -21.561531
3.495937 -33.614534 -26.722568
4.113620 -45.620741 -19.967929
-22.625481 40.395871 -6.127614
-16.782791 37.764621 -17.166525
-17.562497 45.314885 -6.454526
-3.109450 23.608281 -30.058355
-9.825851 31.441732 -25.149378
-4.645406 55.788858 -7.516425
-11.223343 41.897940 -18.159750
-11.521890 50.585225 -6.950940
-14.575125 44.328564 -12.776517
33.997433 60.699524 -9.207458
22.509304 50.650417 -23.023974
24.886649 64.212718 -9.146281
3.215921 24.416658 -31.087592
11.375462 36.400331 -29.115625
0.000000 28.986679 -29.332037
5.110893 61.379114 -8.269599
13.865952 51.763083 -22.435582
14.650763 64.322096 -8.838530
0.000000 54.159719 -14.969378
19.392251 58.979298 -16.999197
-7.031044 37.762316 -23.338395
7.922137 42.548195 -26.296231
-3.495937 33.614534 -26.722568
-4.113620 45.620741 -19.967929
3.682674 35.410065 -28.149963
4.441920 49.261644 -21.561531
0.000000 -14.262454 -32.355501
0.000000 -4.618584 -33.159486
0.000000 14.262454 -32.355501
0.000000 4.618584 -33.159486
43.350817 55.194797 -5.709742
46.386513 37.103298 -14.496243
37.992470 52.717049 -14.167600
38.932819 5.905685 -21.806034
43.632691 19.833952 -19.390591
25.414372 42.429197 -26.222686
39.959327 33.991434 -21.007861
31.698811 48.117511 -21.259794
39.787753 43.161597 -18.191445
27.864593 -35.477544 -3.670049
32.773744 -26.214819 -10.242118
25.566334 -35.474969 -9.533826
36.461436 -5.530804 -20.421828
35.538265 -16.154498 -15.793386
19.097580 -31.883337 -19.704986
29.571731 -25.155217 -15.546779
22.489777 -34.138570 -15.083468
27.894037 -30.259340 -12.753493
4.717802 -17.419916 -31.101777
13.553195 -13.250231 -29.815660
7.911237 -21.215128 -29.437384
4.557608 -12.401063 -31.997316
31.507845 -3.259395 -24.746732
22.301486 -8.713181 -27.881299
31.746492 -8.531805 -22.879271
14.921718 -28.382793 -24.143846
17.116428 -16.588814 -27.694962
11.418381 -24.973922 -27.091611
20.409600 -25.705153 -22.432321
12.650027 -18.861464 -28.630937
4.445608 -2.747537 -32.996462
13.388864 -8.274773 -30.890613
4.482579 -7.430331 -32.621813
9.079554 -10.357724 -31.501824
30.898001 -19.096015 -18.507380
22.388489 -13.836847 -26.319248
31.524535 -13.928507 -20.767705
25.850468 -22.559134 -20.524979
26.939868 -11.354425 -24.834040
21.502957 -19.564037 -24.640196
4.903099 18.104106 -32.323341
14.749395 14.419692 -32.447180
8.569065 22.979189 -31.885135
4.680022 12.734146 -32.856739
32.666079 3.379211 -25.656426
24.231069 9.467068 -30.293663
35.018822 9.411237 -25.237595
27.841340 0.000000 -27.513533
18.315517 34.838184 -29.635129
19.558778 18.955879 -31.646768
13.103535 28.659638 -31.089861
26.084230 32.852143 -28.669343
14.185726 21.151224 -32.106701
4.470905 2.763172 -33.184223
14.090741 8.708557 -32.509974
4.552918 7.546924 -33.133699
9.042330 0.000000 -32.715458
9.490184 10.826161 -32.926521
38.836638 24.002362 -23.262490
25.657211 15.857028 -30.161860
37.160639 16.418711 -24.480653
33.199940 28.972857 -26.360376
30.480640 12.846765 -28.098039
26.054324 23.705007 -29.855598
18.520067 -5.579450 -29.966098
19.375586 5.837188 -31.350357
23.004951 -3.009586 -28.938114
13.845369 -2.852303 -31.632524
23.661434 3.095469 -29.763909
14.092120 2.903136 -32.196275
43.350817 55.194797 5.709742
46.386513 37.103298 14.496243
37.992470 52.717049 14.167600
49.219233 49.805650 0.000000
38.932819 5.905685 21.806034
43.632691 19.833952 19.390591
25.414372 42.429197 26.222686
39.959327 33.991434 21.007861
31.698811 48.117511 21.259794
39.787753 43.161597 18.191445
51.876068 32.061173 -9.658913
51.876068 32.061173 9.658913
52.153888 41.460811 -5.424044
52.153888 41.460811 5.424044
27.864593 -35.477544 3.670049
32.773744 -26.214819 10.242118
25.566334 -35.474969 9.533826
31.390999 -31.765003 0.000000
36.461436 -5.530804 20.421828
35.538265 -16.154498 15.793386
19.097580 -31.883337 19.704986
29.571731 -25.155217 15.546779
22.489777 -34.138570 15.083468
27.894037 -30.259340 12.753493
36.833434 -22.764314 -6.858093
36.833434 -22.764314 6.858093
34.454484 -27.390304 -3.583293
34.454484 -27.390304 3.583293
4.717802 -17.419916 31.101777
13.553195 -13.250231 29.815660
7.911237 -21.215128 29.437384
4.557608 -12.401063 31.997316
31.507845 -3.259395 24.746732
22.301486 -8.713181 27.881299
31.746492 -8.531805 22.879271
14.921718 -28.382793 24.143846
17.116428 -16.588814 27.694962
11.418381 -24.973922 27.091611
20.409600 -25.705153 22.432321
12.650027 -18.861464 28.630937
4.445608 -2.747537 32.996462
13.388864 -8.274773 30.890613
4.482579 -7.430331 32.621813
9.079554 -10.357724 31.501824
30.898001 -19.096015 18.507380
22.388489 -13.836847 26.319248
31.524535 -13.928507 20.767705
25.850468 -22.559134 20.524979
26.939868 -11.354425 24.834040
21.502957 -19.564037 24.640196
4.903099 18.104106 32.323341
14.749395 14.419692 32.447180
8.569065 22.979189 31.885135
4.680022 12.734146 32.856739
32.666079 3.379211 25.656426
24.231069 9.467068 30.293663
35.018822 9.411237 25.237595
27.841340 0.000000 27.513533
18.315517 34.838184 29.635129
19.558778 18.955879 31.646768
13.103535 28.659638 31.089861
26.084230 32.852143 28.669343
14.185726 21.151224 32.106701
4.470905 2.763172 33.184223
14.090741 8.708557 32.509974
4.552918 7.546924 33.133699
9.042330 0.000000 32.715458
9.490184 10.826161 32.926521
38.836638 24.002362 23.262490
25.657211 15.857028 30.161860
37.160639 16.418711 24.480653
33.199940 28.972857 26.360376
30.480640 12.846765 28.098039
26.054324 23.705007 29.855598
18.520067 -5.579450 29.966098
19.375586 5.837188 31.350357
23.004951 -3.009586 28.938114
13.845369 -2.852303 31.632524
23.661434 3.095469 29.763909
14.092120 2.903136 32.196275
41.137658 0.000000 -18.133669
48.666622 0.000000 -6.778479
44.037979 6.272647 -17.067612
40.902945 -5.826102 -15.852580
41.137658 0.000000 18.133669
48.666622 0.000000 6.778479
44.037979 6.272647 17.067612
40.902945 -5.826102 15.852580
49.530690 21.468000 -13.267953
51.828274 6.982816 -4.315618
46.945850 13.530879 -15.435682
54.975506 24.062455 -4.957138
48.720540 6.694713 -11.097167
38.945459 -16.880061 -10.432452
46.868265 -6.314554 -3.902609
40.174062 -11.579093 -13.209135
40.845722 -17.877932 -3.683056
44.650236 -6.135411 -10.170067
49.530690 21.468000 13.267953
51.828274 6.982816 4.315618
46.945850 13.530879 15.435682
54.975506 24.062455 4.957138
48.720540 6.694713 11.097167
54.591864 15.088820 0.000000
38.945459 -16.880061 10.432452
46.868265 -6.314554 3.902609
40.174062 -11.579093 13.209135
40.845722 -17.877932 3.683056
44.650236 -6.135411 10.170067
44.356688 -12.259887 0.000000
-27.864593 35.477544 -3.670049
-32.773744 26.214819 -10.242118
-25.566334 35.474969 -9.533826
-36.461436 5.530804 -20.421828
-35.538265 16.154498 -15.793386
-19.097580 31.883337 -19.704986
-29.571731 25.155217 -15.546779
-22.489777 34.138570 -15.083468
-27.894037 30.259340 -12.753493
-43.350817 -55.194797 -5.709742
-46.386513 -37.103298 -14.496243
-37.992470 -52.717049 -14.167600
-38.932819 -5.905685 -21.806034
-43.632691 -19.833952 -19.390591
-25.414372 -42.429197 -26.222686
-39.959327 -33.991434 -21.007861
-31.698811 -48.117511 -21.259794
-39.787753 -43.161597 -18.191445
-4.903099 -18.104106 -32.323341
-14.749395 -14.419692 -32.447180
-8.569065 -22.979189 -31.885135
-4.680022 -12.734146 -32.856739
-32.666079 -3.379211 -25.656426
-24.231069 -9.467068 -30.293663
-35.018822 -9.411237 -25.237595
-18.315517 -34.838184 -29.635129
-19.558778 -18.955879 -31.646768
-13.103535 -28.659638 -31.089861
-26.084230 -32.852143 -28.669343
-14.185726 -21.151224 -32.106701
-4.470905 -2.763172 -33.184223
-14.090741 -8.708557 -32.509974
-4.552918 -7.546924 -33.133699
-9.490184 -10.826161 -32.926521
-38.836638 -24.002362 -23.262490
-25.657211 -15.857028 -30.161860
-37.160639 -16.418711 -24.480653
-33.199940 -28.972857 -26.360376
-30.480640 -12.846765 -28.098039
-26.054324 -23.705007 -29.855598
-4.717802 17.419916 -31.101777
-13.553195 13.250231 -29.815660
-7.911237 21.215128 -29.437384
-4.557608 12.401063 -31.997316
-31.507845 3.259395 -24.746732
-22.301486 8.713181 -27.881299
-31.746492 8.531805 -22.879271
-27.841340 0.000000 -27.513533
-14.921718 28.382793 -24.143846
-17.116428 16.588814 -27.694962
-11.418381 24.973922 -27.091611
-20.409600 25.705153 -22.432321
-12.650027 18.861464 -28.630937
-4.445608 2.747537 -32.996462
-13.388864 8.274773 -30.890613
-4.482579 7.430331 -32.621813
-9.042330 0.000000 -32.715458
-9.079554 10.357724 -31.501824
-30.898001 19.096015 -18.507380
-22.388489 13.836847 -26.319248
-31.524535 13.928507 -20.767705
-25.850468 22.559134 -20.524979
-26.939868 11.354425 -24.834040
-21.502957 19.564037 -24.640196
-19.375586 -5.837188 -31.350357
-18.520067 5.579450 -29.966098
-23.661434 -3.095469 -29.763909
-14.092120 -2.903136 -32.196275
-23.004951 3.009586 -28.938114
-13.845369 2.852303 -31.632524
-27.864593 35.477544 3.670049
-32.773744 26.214819 10.242118
-25.566334 35.474969 9.533826
-31.390999 31.765003 0.000000
-36.461436 5.530804 20.421828
-35.538265 16.154498 15.793386
-19.097580 31.883337 19.704986
-29.571731 25.155217 15.546779
-22.489777 34.138570 15.083468
-27.894037 30.259340 12.753493
-36.833434 22.764314 -6.858093
-36.833434 22.764314 6.858093
-34.454484 27.390304 -3.583293
-34.454484 27.390304 3.583293
-43.350817 -55.194797 5.709742
-46.386513 -37.103298 14.496243
-37.992470 -52.717049 14.167600
-49.219233 -49.805650 0.000000
-38.932819 -5.905685 21.806034
-43.632691 -19.833952 19.390591
-25.414372 -42.429197 26.222686
-39.959327 -33.991434 21.007861
-31.698811 -48.117511 21.259794
-39.787753 -43.161597 18.191445
-51.876068 -32.061173 -9.658913
-51.876068 -32.061173 9.658913
-52.153888 -41.460811 -5.424044
-52.153888 -41.460811 5.424044
-4.903099 -18.104106 32.323341
-14.749395 -14.419692 32.447180
-8.569065 -22.979189 31.885135
-4.680022 -12.734146 32.856739
-32.666079 -3.379211 25.656426
-24.231069 -9.467068 30.293663
-35.018822 -9.411237 25.237595
-18.315517 -34.838184 29.635129
-19.558778 -18.955879 31.646768
-13.103535 -28.659638 31.089861
-26.084230 -32.852143 28.669343
-14.185726 -21.151224 32.106701
-4.470905 -2.763172 33.184223
-14.090741 -8.708557 32.509974
-4.552918 -7.546924 33.133699
-9.490184 -10.826161 32.926521
-38.836638 -24.002362 23.262490
-25.657211 -15.857028 30.161860
-37.160639 -16.418711 24.480653
-33.199940 -28.972857 26.360376
-30.480640 -12.846765 28.098039
-26.054324 -23.705007 29.855598
-4.717802 17.419916 31.101777
-13.553195 13.250231 29.815660
-7.911237 21.215128 29.437384
-4.557608 12.401063 31.997316
-31.507845 3.259395 24.746732
-22.301486 8.713181 27.881299
-31.746492 8.531805 22.879271
-27.841340 0.000000 27.513533
-14.921718 28.382793 24.143846
-17.116428 16.588814 27.694962
-11.418381 24.973922 27.091611
-20.409600 25.705153 22.432321
-12.650027 18.861464 28.630937
-4.445608 2.747537 32.996462
-13.388864 8.274773 30.890613
-4.482579 7.430331 32.621813
-9.042330 0.000000 32.715458
-9.079554 10.357724 31.501824
-30.898001 19.096015 18.507380
-22.388489 13.836847 26.319248
-31.524535 13.928507 20.767705
-25.850468 22.559134 20.524979
-26.939868 11.354425 24.834040
-21.502957 19.564037 24.640196
-19.375586 -5.837188 31.350357
-18.520067 5.579450 29.966098
-23.661434 -3.095469 29.763909
-14.092120 -2.903136 32.196275
-23.004951 3.009586 28.938114
-13.845369 2.852303 31.632524
-41.137658 0.000000 -18.133669
-48.666622 0.000000 -6.778479
-40.902945 5.826102 -15.852580
-44.037979 -6.272647 -17.067612
-41.137658 0.000000 18.133669
-48.666622 0.000000 6.778479
-40.902945 5.826102 15.852580
-44.037979 -6.272647 17.067612
-38.945459 16.880061 -10.432452
-46.868265 6.314554 -3.902609
-40.174062 11.579093 -13.209135
-40.845722 17.877932 -3.683056
-44.650236 6.135411 -10.170067
-49.530690 -21.468000 -13.267953
-51.828274 -6.982816 -4.315618
-46.945850 -13.530879 -15.435682
-54.975506 -24.062455 -4.957138
-48.720540 -6.694713 -11.097167
-38.945459 16.880061 10.432452
-46.868265 6.314554 3.902609
-40.174062 11.579093 13.209135
-40.845722 17.877932 3.683056
-44.650236 6.135411 10.170067
-44.356688 12.259887 0.000000
-49.530690 -21.468000 13.267953
-51.828274 -6.982816 4.315618
-46.945850 -13.530879 15.435682
-54.975506 -24.062455 4.957138
-48.720540 -6.694713 11.097167
-54.591864 -15.088820 0.000000
-22.141654 42.079388 0.000000
-16.986573 47.121574 0.000000
-4.005813 57.797727 0.000000
-11.036021 52.396624 0.000000
33.619121 63.891887 0.000000
24.027927 66.654631 0.000000
4.351158 62.780524 0.000000
13.933415 66.152823 0.000000
-33.619121 -63.891887 0.000000
-24.027927 -66.654631 0.000000
-4.351158 -62.780524 0.000000
-13.933415 -66.152823 0.000000
22.141654 -42.079388 0.000000
16.986573 -47.121574 0.000000
4.005813 -57.797727 0.000000
11.036021 -52.396624 0.000000
-36.281709 -61.617361 4.712237
-31.341586 -58.960987 13.347544
-31.885103 -63.927469 4.712043
-19.517784 -47.162105 25.211668
-25.521598 -53.842485 20.302561
-22.177888 -66.244173 4.623689
-26.994081 -60.897158 13.343299
-27.120867 -65.501250 4.688396
-29.593667 -62.835944 9.231207
-1.554951 -21.887536 31.343863
-5.004645 -27.111991 30.765794
-13.899398 -39.900252 28.170867
-9.061355 -33.092110 29.821224
-2.541018 -61.412940 4.111453
-7.608882 -60.284188 12.311429
-7.073884 -63.548498 4.274987
-15.391823 -47.775702 24.904493
-12.043736 -55.306126 19.487174
-18.229109 -51.532036 22.865299
-16.916702 -66.116919 4.553072
-12.293019 -61.611772 12.713345
-11.927774 -65.184716 4.423498
-19.794901 -64.712431 9.051192
-9.771527 -63.151168 8.592068
-24.052853 -58.203188 17.143616
-14.640332 -58.953629 16.636589
-21.163289 -55.080324 20.268282
-22.206020 -61.974265 13.325145
-16.597223 -55.553535 19.988818
-17.225530 -62.199682 13.112202
23.669679 -40.198303 3.074198
21.382146 -40.224909 9.106085
21.273839 -42.652605 3.143890
15.075360 -36.427585 19.473265
18.425508 -38.871983 14.657585
15.978338 -47.726447 3.331195
18.886879 -42.607757 9.335872
18.703860 -45.172826 3.233344
20.172065 -42.831149 6.292310
1.531763 -21.561144 30.876455
4.731532 -25.632439 29.086847
0.000000 -24.048379 30.618694
11.575912 -33.230345 23.461697
8.095573 -29.565069 26.642802
-3.398112 -29.548251 29.900300
3.259077 -28.339278 28.676923
-1.643115 -26.718786 30.296877
1.612272 -26.217255 29.728183
2.418947 -58.462656 3.913939
6.639678 -52.605315 10.743225
6.213456 -55.818808 3.755001
0.000000 -58.731411 7.912874
12.354350 -38.347487 19.989758
9.911549 -45.514895 16.037223
14.084675 -39.816096 17.666815
12.908242 -50.450328 3.474209
10.002488 -50.131786 10.344496
9.718782 -53.112680 3.604278
14.658481 -47.920722 6.702571
8.229453 -53.185093 7.236128
-4.785419 -56.405844 15.590192
4.384982 -51.685875 14.285625
-2.445326 -58.025679 11.877666
2.333868 -55.380879 11.336284
17.355592 -41.997130 12.370159
11.598670 -46.705479 13.180188
15.774144 -41.054345 15.107047
16.141908 -45.050074 9.686259
12.929947 -43.278581 15.572144
13.174452 -47.571642 10.028491
-12.204240 -43.242253 26.725182
-3.845898 -41.568552 25.690778
-9.733313 -39.545342 27.852465
-10.756159 -47.128214 24.649048
10.259966 -36.353271 22.467557
3.619358 -39.119986 24.177481
8.495833 -34.517603 24.311342
9.124724 -39.980069 20.910417
-5.369425 -32.736282 29.367146
-1.889686 -37.980448 26.688133
-7.446823 -36.010619 28.714409
-1.755378 -32.084806 28.805390
-5.699137 -38.870794 27.335028
-7.070629 -53.843219 19.135682
-2.087913 -44.729739 23.468674
-9.028648 -50.740048 22.101713
-2.282387 -52.034708 18.464897
-6.272420 -46.057330 24.139545
5.007428 -30.529260 27.387265
1.835976 -36.900955 25.929594
6.731941 -32.553660 25.957874
1.714479 -31.337252 28.134244
5.241755 -35.751237 25.141269
0.000000 -34.564538 27.477794
6.256079 -47.640377 16.931215
2.015247 -43.173000 22.651888
7.790686 -43.782835 19.071240
2.188874 -49.902774 17.708365
5.666223 -41.606129 21.806583
0.000000 -47.525741 20.801736
-23.669679 40.198303 3.074198
-21.382146 40.224909 9.106085
-21.273839 42.652605 3.143890
-15.075360 36.427585 19.473265
-18.425508 38.871983 14.657585
-15.978338 47.726447 3.331195
-18.886879 42.607757 9.335872
-18.703860 45.172826 3.233344
-20.172065 42.831149 6.292310
-1.531763 21.561144 30.876455
-4.731532 25.632439 29.086847
-11.575912 33.230345 23.461697
-8.095573 29.565069 26.642802
-2.418947 58.462656 3.913939
-6.639678 52.605315 10.743225
-6.213456 55.818808 3.755001
-12.354350 38.347487 19.989758
-9.911549 45.514895 16.037223
-14.084675 39.816096 17.666815
-12.908242 50.450328 3.474209
-10.002488 50.131786 10.344496
-9.718782 53.112680 3.604278
-14.658481 47.920722 6.702571
-8.229453 53.185093 7.236128
-17.355592 41.997130 12.370159
-11.598670 46.705479 13.180188
-15.774144 41.054345 15.107047
-16.141908 45.050074 9.686259
-12.929947 43.278581 15.572144
-13.174452 47.571642 10.028491
36.281709 61.617361 4.712237
31.341586 58.960987 13.347544
31.885103 63.927469 4.712043
19.517784 47.162105 25.211668
25.521598 53.842485 20.302561
22.177888 66.244173 4.623689
26.994081 60.897158 13.343299
27.120867 65.501250 4.688396
29.593667 62.835944 9.231207
1.554951 21.887536 31.343863
5.004645 27.111991 30.765794
0.000000 24.048379 30.618694
13.899398 39.900252 28.170867
9.061355 33.092110 29.821224
-3.259077 28.339278 28.676923
3.398112 29.548251 29.900300
-1.612272 26.217255 29.728183
1.643115 26.718786 30.296877
2.541018 61.412940 4.111453
7.608882 60.284188 12.311429
7.073884 63.548498 4.274987
0.000000 58.731411 7.912874
15.391823 47.775702 24.904493
12.043736 55.306126 19.487174
18.229109 51.532036 22.865299
16.916702 66.116919 4.553072
12.293019 61.611772 12.713345
11.927774 65.184716 4.423498
19.794901 64.712431 9.051192
9.771527 63.151168 8.592068
-4.384982 51.685875 14.285625
4.785419 56.405844 15.590192
-2.333868 55.380879 11.336284
2.445326 58.025679 11.877666
24.052853 58.203188 17.143616
14.640332 58.953629 16.636589
21.163289 55.080324 20.268282
22.206020 61.974265 13.325145
16.597223 55.553535 19.988818
17.225530 62.199682 13.112202
-10.259966 36.353271 22.467557
-3.619358 39.119986 24.177481
-8.495833 34.517603 24.311342
-9.124724 39.980069 20.910417
12.204240 43.242253 26.725182
3.845898 41.568552 25.690778
9.733313 39.545342 27.852465
10.756159 47.128214 24.649048
-5.007428 30.529260 27.387265
-1.835976 36.900955 25.929594
-6.731941 32.553660 25.957874
-1.714479 31.337252 28.134244
-5.241755 35.751237 25.141269
-6.256079 47.640377 16.931215
-2.015247 43.173000 22.651888
-7.790686 43.782835 19.071240
-2.188874 49.902774 17.708365
-5.666223 41.606129 21.806583
5.369425 32.736282 29.367146
1.889686 37.980448 26.688133
7.446823 36.010619 28.714409
1.755378 32.084806 28.805390
5.699137 38.870794 27.335028
0.000000 34.564538 27.477794
7.070629 53.843219 19.135682
2.087913 44.729739 23.468674
9.028648 50.740048 22.101713
2.282387 52.034708 18.464897
6.272420 46.057330 24.139545
0.000000 47.525741 20.801736
0.000000 -16.835068 31.994420
0.000000 -11.767996 32.644990
0.000000 -2.303025 33.229110
0.000000 -6.959322 33.041346
0.000000 16.835068 31.994420
0.000000 11.767996 32.644990
0.000000 2.303025 33.229110
0.000000 6.959322 33.041346
-36.281709 -61.617361 -4.712237
-31.341586 -58.960987 -13.347544
-31.885103 -63.927469 -4.712043
-19.517784 -47.162105 -25.211668
-25.521598 -53.842485 -20.302561
-22.177888 -66.244173 -4.623689
-26.994081 -60.897158 -13.343299
-27.120867 -65.501250 -4.688396
-29.593667 -62.835944 -9.231207
-1.554951 -21.887536 -31.343863
-5.004645 -27.111991 -30.765794
-13.899398 -39.900252 -28.170867
-9.061355 -33.092110 -29.821224
-2.541018 -61.412940 -4.111453
-7.608882 -60.284188 -12.311429
-7.073884 -63.548498 -4.274987
-15.391823 -47.775702 -24.904493
-12.043736 -55.306126 -19.487174
-18.229109 -51.532036 -22.865299
-16.916702 -66.116919 -4.553072
-12.293019 -61.611772 -12.713345
-11.927774 -65.184716 -4.423498
-19.794901 -64.712431 -9.051192
-9.771527 -63.151168 -8.592068
-24.052853 -58.203188 -17.143616
-14.640332 -58.953629 -16.636589
-21.163289 -55.080324 -20.268282
-22.206020 -61.974265 -13.325145
-16.597223 -55.553535 -19.988818
-17.225530 -62.199682 -13.112202
23.669679 -40.198303 -3.074198
21.382146 -40.224909 -9.106085
21.273839 -42.652605 -3.143890
15.075360 -36.427585 -19.473265
18.425508 -38.871983 -14.657585
15.978338 -47.726447 -3.331195
18.886879 -42.607757 -9.335872
18.703860 -45.172826 -3.233344
20.172065 -42.831149 -6.292310
1.531763 -21.561144 -30.876455
4.731532 -25.632439 -29.086847
0.000000 -24.048379 -30.618694
11.575912 -33.230345 -23.461697
8.095573 -29.565069 -26.642802
-3.398112 -29.548251 -29.900300
3.259077 -28.339278 -28.676923
-1.643115 -26.718786 -30.296877
1.612272 -26.217255 -29.728183
2.418947 -58.462656 -3.913939
6.639678 -52.605315 -10.743225
6.213456 -55.818808 -3.755001
0.000000 -58.731411 -7.912874
12.354350 -38.347487 -19.989758
9.911549 -45.514895 -16.037223
14.084675 -39.816096 -17.666815
12.908242 -50.450328 -3.474209
10.002488 -50.131786 -10.344496
9.718782 -53.112680 -3.604278
14.658481 -47.920722 -6.702571
8.229453 -53.185093 -7.236128
-4.785419 -56.405844 -15.590192
4.384982 -51.685875 -14.285625
-2.445326 -58.025679 -11.877666
2.333868 -55.380879 -11.336284
17.355592 -41.997130 -12.370159
11.598670 -46.705479 -13.180188
15.774144 -41.054345 -15.107047
16.141908 -45.050074 -9.686259
12.929947 -43.278581 -15.572144
13.174452 -47.571642 -10.028491
-12.204240 -43.242253 -26.725182
-3.845898 -41.568552 -25.690778
-9.733313 -39.545342 -27.852465
-10.756159 -47.128214 -24.649048
10.259966 -36.353271 -22.467557
3.619358 -39.119986 -24.177481
8.495833 -34.517603 -24.311342
9.124724 -39.980069 -20.910417
-5.369425 -32.736282 -29.367146
-1.889686 -37.980448 -26.688133
-7.446823 -36.010619 -28.714409
-1.755378 -32.084806 -28.805390
-5.699137 -38.870794 -27.335028
-7.070629 -53.843219 -19.135682
-2.087913 -44.729739 -23.468674
-9.028648 -50.740048 -22.101713
-2.282387 -52.034708 -18.464897
-6.272420 -46.057330 -24.139545
5.007428 -30.529260 -27.387265
1.835976 -36.900955 -25.929594
6.731941 -32.553660 -25.957874
1.714479 -31.337252 -28.134244
5.241755 -35.751237 -25.141269
0.000000 -34.564538 -27.477794
6.256079 -47.640377 -16.931215
2.015247 -43.173000 -22.651888
7.790686 -43.782835 -19.071240
2.188874 -49.902774 -17.708365
5.666223 -41.606129 -21.806583
0.000000 -47.525741 -20.801736
-23.669679 40.198303 -3.074198
-21.382146 40.224909 -9.106085
-21.273839 42.652605 -3.143890
-15.075360 36.427585 -19.473265
-18.425508 38.871983 -14.657585
-15.978338 47.726447 -3.331195
-18.886879 42.607757 -9.335872
-18.703860 45.172826 -3.233344
-20.172065 42.831149 -6.292310
-1.531763 21.561144 -30.876455
-4.731532 25.632439 -29.086847
-11.575912 33.230345 -23.461697
-8.095573 29.565069 -26.642802
-2.418947 58.462656 -3.913939
-6.639678 52.605315 -10.743225
-6.213456 55.818808 -3.755001
-12.354350 38.347487 -19.989758
-9.911549 45.514895 -16.037223
-14.084675 39.816096 -17.666815
-12.908242 50.450328 -3.474209
-10.002488 50.131786 -10.344496
-9.718782 53.112680 -3.604278
-14.658481 47.920722 -6.702571
-8.229453 53.185093 -7.236128
-17.355592 41.997130 -12.370159
-11.598670 46.705479 -13.180188
-15.774144 41.054345 -15.107047
-16.141908 45.050074 -9.686259
-12.929947 43.278581 -15.572144
-13.174452 47.571642 -10.028491
36.281709 61.617361 -4.712237
31.341586 58.960987 -13.347544
31.885103 63.927469 -4.712043
19.517784 47.162105 -25.211668
25.521598 53.842485 -20.302561
22.177888 66.244173 -4.623689
26.994081 60.897158 -13.343299
27.120867 65.501250 -4.688396
29.593667 62.835944 -9.231207
1.554951 21.887536 -31.343863
5.004645 27.111991 -30.765794
0.000000 24.048379 -30.618694
13.899398 39.900252 -28.170867
9.061355 33.092110 -29.821224
-3.259077 28.339278 -28.676923
3.398112 29.548251 -29.900300
-1.612272 26.217255 -29.728183
1.643115 26.718786 -30.296877
2.541018 61.412940 -4.111453
7.608882 60.284188 -12.311429
7.073884 63.548498 -4.274987
0.000000 58.731411 -7.912874
15.391823 47.775702 -24.904493
12.043736 55.306126 -19.487174
18.229109 51.532036 -22.865299
16.916702 66.116919 -4.553072
12.293019 61.611772 -12.713345
11.927774 65.184716 -4.423498
19.794901 64.712431 -9.051192
9.771527 63.151168 -8.592068
-4.384982 51.685875 -14.285625
4.785419 56.405844 -15.590192
-2.333868 55.380879 -11.336284
2.445326 58.025679 -11.877666
24.052853 58.203188 -17.143616
14.640332 58.953629 -16.636589
21.163289 55.080324 -20.268282
22.206020 61.974265 -13.325145
16.597223 55.553535 -19.988818
17.225530 62.199682 -13.112202
-10.259966 36.353271 -22.467557
-3.619358 39.119986 -24.177481
-8.495833 34.517603 -24.311342
-9.124724 39.980069 -20.910417
12.204240 43.242253 -26.725182
3.845898 41.568552 -25.690778
9.733313 39.545342 -27.852465
10.756159 47.128214 -24.649048
-5.007428 30.529260 -27.387265
-1.835976 36.900955 -25.929594
-6.731941 32.553660 -25.957874
-1.714479 31.337252 -28.134244
-5.241755 35.751237 -25.141269
-6.256079 47.640377 -16.931215
-2.015247 43.173000 -22.651888
-7.790686 43.782835 -19.071240
-2.188874 49.902774 -17.708365
-5.666223 41.606129 -21.806583
5.369425 32.736282 -29.367146
1.889686 37.980448 -26.688133
7.446823 36.010619 -28.714409
1.755378 32.084806 -28.805390
5.699137 38.870794 -27.335028
0.000000 34.564538 -27.477794
7.070629 53.843219 -19.135682
2.087913 44.729739 -23.468674
9.028648 50.740048 -22.101713
2.282387 52.034708 -18.464897
6.272420 46.057330 -24.139545
0.000000 47.525741 -20.801736
0.000000 -16.835068 -31.994420
0.000000 -11.767996 -32.644990
0.000000 -2.303025 -33.229110
0.000000 -6.959322 -33.041346
0.000000 16.835068 -31.994420
0.000000 11.767996 -32.644990
0.000000 2.303025 -33.229110
0.000000 6.959322 -33.041346
40.987108 58.695245 -2.911837
45.004795 51.069958 -8.307505
38.904552 58.308975 -7.507536
46.017464 32.489816 -16.030351
46.414922 41.827184 -12.709437
33.421280 55.039919 -15.724589
42.182869 49.841067 -12.459299
36.285183 56.972551 -11.831280
40.866804 54.281357 -10.126687
37.621094 2.877104 -22.152159
40.203315 9.101196 -21.370668
44.585398 23.834226 -18.451427
42.569817 16.051939 -20.178299
21.074856 43.280435 -26.748780
29.521903 40.980416 -25.327290
24.131977 46.627717 -24.801900
42.823495 31.112315 -19.228468
36.798894 36.651114 -22.651634
43.174827 35.591982 -17.933587
30.315639 52.529105 -19.339413
32.683525 43.571130 -22.841269
27.250007 49.761714 -22.314899
34.895611 50.579691 -17.944881
28.573973 45.400479 -23.992968
42.948483 44.971156 -14.622377
36.580970 41.180364 -21.362542
43.244269 40.263158 -16.395501
39.124325 47.994596 -16.341964
40.018445 38.520311 -19.728352
35.929252 45.879470 -19.829461
26.259086 -37.604105 -1.865518
29.313212 -33.263666 -5.410971
25.327808 -37.960558 -4.887588
33.651879 -23.759313 -11.722755
31.761879 -28.622475 -8.697108
22.843534 -37.619931 -10.747799
28.152192 -33.263154 -8.315143
24.175507 -37.958753 -7.882755
26.826157 -35.631860 -6.647452
36.423311 -2.785502 -21.446877
36.392897 -8.238597 -19.345183
35.029176 -18.725711 -14.496636
35.933226 -13.549458 -17.032522
16.270790 -33.414551 -20.651328
21.829571 -30.302412 -18.727920
18.003419 -34.786139 -18.503208
32.019940 -23.263269 -14.377491
27.059084 -26.950419 -16.656275
31.269269 -25.777411 -12.988359
21.304451 -36.915065 -13.590859
23.543359 -31.386172 -16.453556
19.700359 -35.975170 -16.132528
24.109104 -34.945111 -12.397977
20.833522 -33.101867 -17.493473
29.360669 -30.743420 -9.996227
26.253317 -29.554196 -15.331403
30.381265 -28.286886 -11.518661
26.803808 -32.880770 -11.195768
28.791575 -27.713731 -14.193713
25.245573 -32.237061 -13.933107
2.397036 -18.455894 -31.343713
6.978820 -16.387081 -30.828002
3.943354 -20.434720 -30.626945
2.344588 -15.865186 -31.808622
15.719803 -12.169592 -29.406186
11.382583 -14.308624 -30.186662
7.188234 -24.336870 -28.755171
8.576845 -18.229356 -30.021061
5.552409 -22.407050 -29.762179
6.300325 -19.322376 -30.338694
2.268941 -10.883154 -32.507402
6.866456 -13.891142 -31.337651
2.304422 -13.330340 -32.194912
4.640595 -14.876950 -31.588084
33.885780 -1.681054 -23.662566
29.154912 -4.742604 -25.692421
34.050077 -4.384097 -22.718681
20.084764 -9.909746 -28.447374
24.550173 -7.459715 -27.242914
34.058203 -9.730233 -20.680785
29.326943 -7.331166 -24.820788
34.104907 -7.082441 -21.721035
31.668394 -5.908031 -23.842183
14.180628 -31.581509 -22.944738
15.572776 -25.298878 -25.197281
12.423575 -29.909559 -24.656509
17.026301 -30.208412 -22.061420
17.525867 -13.808298 -28.357448
16.659658 -19.418770 -26.955893
15.334490 -14.920290 -28.828930
8.952784 -26.295894 -27.534309
13.811161 -23.650073 -26.623641
10.665672 -28.131448 -26.192164
9.652631 -23.109381 -28.348742
13.165907 -26.706696 -25.706902
22.485721 -27.256001 -20.207233
18.288260 -24.048505 -24.400790
19.807698 -28.758687 -21.145146
17.698629 -27.067817 -23.310045
10.915474 -17.110632 -29.648269
14.396050 -20.599278 -27.461353
13.121460 -16.023370 -29.260556
10.306384 -20.041792 -29.049717
14.892978 -17.736511 -28.181103
12.064741 -21.860257 -27.914219
2.221883 -1.373199 -33.188349
6.672915 -4.124088 -32.674620
2.226515 -3.684248 -33.097573
15.639627 -9.665821 -30.002384
11.143833 -6.887268 -31.627070
13.482926 -10.749115 -30.386773
2.256362 -8.383398 -32.765513
6.693961 -6.472647 -32.440462
2.236489 -6.030599 -32.956935
4.523525 -9.892922 -32.341411
4.467281 -5.080519 -32.834243
9.145215 -12.830928 -31.048330
8.999459 -7.919596 -31.890598
11.309997 -11.809423 -30.735622
6.830430 -11.382741 -31.767826
11.231783 -9.326035 -31.215716
6.774427 -8.899580 -32.135503
32.752413 -20.242104 -15.948370
28.893792 -17.857345 -20.814814
33.239353 -17.680452 -17.202886
30.304988 -22.131950 -17.080734
20.146072 -12.450957 -27.729380
24.607903 -15.208521 -24.707124
22.369126 -11.271040 -27.134851
19.749923 -15.242362 -27.043310
33.880961 -12.473806 -19.553407
29.157287 -15.285109 -21.871430
33.618050 -15.075513 -18.409577
31.679930 -11.239542 -21.856411
31.255896 -16.517925 -19.671712
25.226432 -25.595973 -19.184043
26.366347 -19.547655 -21.751771
27.779824 -23.923205 -18.164183
23.152907 -24.168457 -21.509711
28.390599 -20.874506 -19.554176
26.918673 -8.752610 -25.707948
26.896423 -13.952669 -23.892388
24.638013 -10.032809 -26.462227
29.335029 -9.988458 -23.913384
24.655861 -12.627612 -25.614778
29.277031 -12.653759 -22.927506
18.840747 -20.965156 -25.412853
24.148084 -18.098857 -23.799447
19.314992 -18.093303 -26.269565
20.999408 -22.603620 -23.595078
21.976508 -16.686113 -25.519303
23.706623 -21.098682 -22.710478
2.446468 18.836497 -31.990092
7.367188 17.299015 -32.543567
4.093874 21.214727 -31.795996
2.385337 16.140919 -32.361449
17.179604 13.299707 -32.136957
12.297677 15.458954 -32.613496
7.808032 26.435289 -31.234552
9.240542 19.639987 -32.344162
5.885851 23.752675 -31.549506
6.673152 20.465794 -32.134012
2.295163 11.008929 -32.883086
7.182975 14.531474 -32.782203
2.337540 13.521920 -32.657609
4.793345 15.366643 -32.627844
34.532326 1.713129 -24.114051
30.692098 4.992656 -27.047047
35.807429 4.610364 -23.891211
32.123233 0.000000 -25.230067
21.931767 10.821050 -31.063404
26.464456 8.041381 -29.367162
38.234192 10.923289 -23.216525
31.802242 7.949943 -26.915752
37.049874 7.694011 -23.596652
33.854664 6.315900 -25.488160
27.364363 -3.109907 -27.042172
28.262346 3.211961 -27.929583
29.715550 -1.611587 -26.206114
30.231594 1.639574 -26.661212
17.589425 39.173201 -28.460287
18.841191 30.608607 -30.485687
14.858988 35.772779 -29.489964
21.784118 38.649828 -28.226246
19.601430 15.443595 -31.715780
19.433087 22.651524 -31.443396
17.079133 16.617810 -32.108870
10.016449 29.420064 -30.805612
16.177181 27.701618 -31.184594
12.317965 32.489486 -30.249773
10.742668 25.719041 -31.550065
15.610769 31.666036 -30.480583
29.708337 36.010874 -26.697978
22.551613 29.654685 -30.089095
25.884229 37.581167 -27.631974
22.265221 34.051844 -29.324492
11.935095 18.708946 -32.417729
16.604718 23.759657 -31.674524
14.503250 17.710753 -32.341915
11.380435 22.130391 -32.077052
16.891997 20.117206 -31.963730
13.702362 24.827484 -31.703187
2.225035 1.375147 -33.235435
6.758720 4.177119 -33.094775
2.235031 3.698339 -33.224168
4.462614 0.000000 -33.122685
16.762228 10.359627 -32.155933
11.546780 7.136303 -32.770665
14.425414 11.500503 -32.510878
2.276330 8.457585 -33.055465
6.830728 6.604892 -33.103269
2.250583 6.068601 -33.164618
4.619349 10.102488 -33.026514
4.514798 5.134558 -33.183485
8.982381 -2.757148 -32.498561
9.085122 2.788684 -32.870280
6.729683 -1.385480 -32.876361
6.758660 1.391446 -33.017920
9.667359 13.563507 -32.821027
9.304157 8.187732 -32.970328
12.044536 12.576398 -32.731779
7.085189 11.807290 -32.952691
11.794962 9.793656 -32.780920
6.968738 9.154847 -33.057247
42.117811 26.030238 -20.508731
35.527444 21.957168 -25.593634
41.335517 21.986909 -21.393022
39.522397 28.863490 -22.275922
22.544523 13.933281 -31.030647
28.890120 17.855076 -29.006607
24.953256 12.573095 -30.269528
22.662720 17.490366 -31.031765
39.381867 14.499051 -22.728094
34.764481 18.224565 -26.077492
40.410617 18.121539 -22.129254
36.119787 12.814734 -24.919528
38.050394 20.108640 -23.948007
33.402692 33.892006 -25.401874
32.780231 24.302823 -27.043113
36.601631 31.520298 -23.932431
29.783860 31.090263 -27.670056
36.155255 26.583556 -24.902124
29.562040 9.612101 -28.232424
31.365147 16.270844 -27.862005
27.308837 11.120391 -29.330801
32.818904 11.174703 -26.753376
28.123807 14.403735 -29.217599
33.815243 14.615209 -26.481483
22.696183 25.255314 -30.613156
29.231518 21.908864 -28.809490
22.721513 21.284358 -30.902641
26.159385 28.157784 -29.392862
25.905711 19.669442 -30.081927
29.603630 26.346966 -28.359695
18.224080 -8.322153 -29.487181
18.783366 -2.811861 -30.392125
20.422647 -7.136891 -28.996376
15.933544 -6.952955 -30.464441
19.499261 8.904473 -31.550468
19.212655 2.876126 -31.086729
21.751729 7.601352 -30.883426
16.749597 7.309058 -32.024709
24.943829 -4.560675 -27.805501
21.026331 -1.488795 -29.923018
22.674620 -5.880458 -28.436145
25.393239 -1.547444 -28.284190
20.737887 -4.323685 -29.489566
11.356464 -4.196210 -31.954365
16.392001 -1.458330 -31.242070
13.629137 -5.567563 -31.289115
11.445054 -1.414686 -32.252551
16.184892 -4.205483 -30.880157
26.102920 4.772601 -29.097568
21.299774 1.508156 -30.312159
23.970431 6.216515 -30.061216
25.783007 1.571196 -28.718332
21.539049 4.490721 -30.628830
23.355433 0.000000 -29.378988
11.606565 4.288622 -32.658089
16.563102 1.473552 -31.568177
14.107347 5.762914 -32.386968
11.528945 1.425056 -32.488959
16.680015 4.334136 -31.824832
13.982105 0.000000 -31.944925
40.987108 58.695245 2.911837
45.004795 51.069958 8.307505
38.904552 58.308975 7.507536
44.107884 56.158703 0.000000
46.017464 32.489816 16.030351
46.414922 41.827184 12.709437
33.421280 55.039919 15.724589
42.182869 49.841067 12.459299
36.285183 56.972551 11.831280
40.866804 54.281357 10.126687
48.292042 48.867412 -5.553688
48.292042 48.867412 5.553688
46.590651 52.829917 -2.865167
46.590651 52.829917 2.865167
37.621094 2.877104 22.152159
40.203315 9.101196 21.370668
44.585398 23.834226 18.451427
42.569817 16.051939 20.178299
21.074856 43.280435 26.748780
29.521903 40.980416 25.327290
24.131977 46.627717 24.801900
42.823495 31.112315 19.228468
36.798894 36.651114 22.651634
43.174827 35.591982 17.933587
30.315639 52.529105 19.339413
32.683525 43.571130 22.841269
27.250007 49.761714 22.314899
34.895611 50.579691 17.944881
28.573973 45.400479 23.992968
42.948483 44.971156 14.622377
36.580970 41.180364 21.362542
43.244269 40.263158 16.395501
39.124325 47.994596 16.341964
40.018445 38.520311 19.728352
35.929252 45.879470 19.829461
48.685274 30.089154 -13.740421
54.492326 33.678110 -5.041598
49.294696 34.719104 -12.132926
48.685274 30.089154 13.740421
54.492326 33.678110 5.041598
49.294696 34.719104 12.132926
49.284448 44.212216 -8.083665
54.342696 38.185571 -2.703776
49.543558 39.505403 -10.245370
51.153909 45.925424 -2.798659
52.328023 36.798528 -7.672201
49.284448 44.212216 8.083665
54.342696 38.185571 2.703776
49.543558 39.505403 10.245370
51.153909 45.925424 2.798659
52.328023 36.798528 7.672201
53.258256 42.338751 0.000000
26.259086 -37.604105 1.865518
29.313212 -33.263666 5.410971
25.327808 -37.960558 4.887588
28.049483 -35.712949 0.000000
33.651879 -23.759313 11.722755
31.761879 -28.622475 8.697108
22.843534 -37.619931 10.747799
28.152192 -33.263154 8.315143
24.175507 -37.958753 7.882755
26.826157 -35.631860 6.647452
31.192393 -31.564031 -3.587192
31.192393 -31.564031 3.587192
29.704076 -33.681948 -1.826700
29.704076 -33.681948 1.826700
36.423311 -2.785502 21.446877
36.392897 -8.238597 19.345183
35.029176 -18.725711 14.496636
35.933226 -13.549458 17.032522
16.270790 -33.414551 20.651328
21.829571 -30.302412 18.727920
18.003419 -34.786139 18.503208
32.019940 -23.263269 14.377491
27.059084 -26.950419 16.656275
31.269269 -25.777411 12.988359
21.304451 -36.915065 13.590859
23.543359 -31.386172 16.453556
19.700359 -35.975170 16.132528
24.109104 -34.945111 12.397977
20.833522 -33.101867 17.493473
29.360669 -30.743420 9.996227
26.253317 -29.554196 15.331403
30.381265 -28.286886 11.518661
26.803808 -32.880770 11.195768
28.791575 -27.713731 14.193713
25.245573 -32.237061 13.933107
35.783973 -22.115712 -10.099293
37.491355 -23.170932 -3.468678
34.861887 -24.553828 -8.580572
35.783973 -22.115712 10.099293
37.491355 -23.170932 3.468678
34.861887 -24.553828 8.580572
32.600829 -29.245634 -5.347208
36.162508 -25.410701 -1.799236
33.794988 -26.947694 -6.988641
33.004158 -29.630775 -1.805676
35.719153 -25.118706 -5.237051
32.600829 -29.245634 5.347208
36.162508 -25.410701 1.799236
33.794988 -26.947694 6.988641
33.004158 -29.630775 1.805676
35.719153 -25.118706 5.237051
34.674091 -27.564885 0.000000
2.397036 -18.455894 31.343713
6.978820 -16.387081 30.828002
3.943354 -20.434720 30.626945
2.344588 -15.865186 31.808622
15.719803 -12.169592 29.406186
11.382583 -14.308624 30.186662
7.188234 -24.336870 28.755171
8.576845 -18.229356 30.021061
5.552409 -22.407050 29.762179
6.300325 -19.322376 30.338694
2.268941 -10.883154 32.507402
6.866456 -13.891142 31.337651
2.304422 -13.330340 32.194912
4.640595 -14.876950 31.588084
33.885780 -1.681054 23.662566
29.154912 -4.742604 25.692421
34.050077 -4.384097 22.718681
20.084764 -9.909746 28.447374
24.550173 -7.459715 27.242914
34.058203 -9.730233 20.680785
29.326943 -7.331166 24.820788
34.104907 -7.082441 21.721035
31.668394 -5.908031 23.842183
14.180628 -31.581509 22.944738
15.572776 -25.298878 25.197281
12.423575 -29.909559 24.656509
17.026301 -30.208412 22.061420
17.525867 -13.808298 28.357448
16.659658 -19.418770 26.955893
15.334490 -14.920290 28.828930
8.952784 -26.295894 27.534309
13.811161 -23.650073 26.623641
10.665672 -28.131448 26.192164
9.652631 -23.109381 28.348742
13.165907 -26.706696 25.706902
22.485721 -27.256001 20.207233
18.288260 -24.048505 24.400790
19.807698 -28.758687 21.145146
17.698629 -27.067817 23.310045
10.915474 -17.110632 29.648269
14.396050 -20.599278 27.461353
13.121460 -16.023370 29.260556
10.306384 -20.041792 29.049717
14.892978 -17.736511 28.181103
12.064741 -21.860257 27.914219
2.221883 -1.373199 33.188349
6.672915 -4.124088 32.674620
2.226515 -3.684248 33.097573
15.639627 -9.665821 30.002384
11.143833 -6.887268 31.627070
13.482926 -10.749115 30.386773
2.256362 -8.383398 32.765513
6.693961 -6.472647 32.440462
2.236489 -6.030599 32.956935
4.523525 -9.892922 32.341411
4.467281 -5.080519 32.834243
9.145215 -12.830928 31.048330
8.999459 -7.919596 31.890598
11.309997 -11.809423 30.735622
6.830430 -11.382741 31.767826
11.231783 -9.326035 31.215716
6.774427 -8.899580 32.135503
32.752413 -20.242104 15.948370
28.893792 -17.857345 20.814814
33.239353 -17.680452 17.202886
30.304988 -22.131950 17.080734
20.146072 -12.450957 27.729380
24.607903 -15.208521 24.707124
22.369126 -11.271040 27.134851
19.749923 -15.242362 27.043310
33.880961 -12.473806 19.553407
29.157287 -15.285109 21.871430
33.618050 -15.075513 18.409577
31.679930 -11.239542 21.856411
31.255896 -16.517925 19.671712
25.226432 -25.595973 19.184043
26.366347 -19.547655 21.751771
27.779824 -23.923205 18.164183
23.152907 -24.168457 21.509711
28.390599 -20.874506 19.554176
26.918673 -8.752610 25.707948
26.896423 -13.952669 23.892388
24.638013 -10.032809 26.462227
29.335029 -9.988458 23.913384
24.655861 -12.627612 25.614778
29.277031 -12.653759 22.927506
18.840747 -20.965156 25.412853
24.148084 -18.098857 23.799447
19.314992 -18.093303 26.269565
20.999408 -22.603620 23.595078
21.976508 -16.686113 25.519303
23.706623 -21.098682 22.710478
2.446468 18.836497 31.990092
7.367188 17.299015 32.543567
4.093874 21.214727 31.795996
2.385337 16.140919 32.361449
17.179604 13.299707 32.136957
12.297677 15.458954 32.613496
7.808032 26.435289 31.234552
9.240542 19.639987 32.344162
5.885851 23.752675 31.549506
6.673152 20.465794 32.134012
2.295163 11.008929 32.883086
7.182975 14.531474 32.782203
2.337540 13.521920 32.657609
4.793345 15.366643 32.627844
34.532326 1.713129 24.114051
30.692098 4.992656 27.047047
35.807429 4.610364 23.891211
32.123233 0.000000 25.230067
21.931767 10.821050 31.063404
26.464456 8.041381 29.367162
38.234192 10.923289 23.216525
31.802242 7.949943 26.915752
37.049874 7.694011 23.596652
33.854664 6.315900 25.488160
27.364363 -3.109907 27.042172
28.262346 3.211961 27.929583
29.715550 -1.611587 26.206114
30.231594 1.639574 26.661212
17.589425 39.173201 28.460287
18.841191 30.608607 30.485687
14.858988 35.772779 29.489964
21.784118 38.649828 28.226246
19.601430 15.443595 31.715780
19.433087 22.651524 31.443396
17.079133 16.617810 32.108870
10.016449 29.420064 30.805612
16.177181 27.701618 31.184594
12.317965 32.489486 30.249773
10.742668 25.719041 31.550065
15.610769 31.666036 30.480583
29.708337 36.010874 26.697978
22.551613 29.654685 30.089095
25.884229 37.581167 27.631974
22.265221 34.051844 29.324492
11.935095 18.708946 32.417729
16.604718 23.759657 31.674524
14.503250 17.710753 32.341915
11.380435 22.130391 32.077052
16.891997 20.117206 31.963730
13.702362 24.827484 31.703187
2.225035 1.375147 33.235435
6.758720 4.177119 33.094775
2.235031 3.698339 33.224168
4.462614 0.000000 33.122685
16.762228 10.359627 32.155933
11.546780 7.136303 32.770665
14.425414 11.500503 32.510878
2.276330 8.457585 33.055465
6.830728 6.604892 33.103269
2.250583 6.068601 33.164618
4.619349 10.102488 33.026514
4.514798 5.134558 33.183485
8.982381 -2.757148 32.498561
9.085122 2.788684 32.870280
6.729683 -1.385480 32.876361
6.758660 1.391446 33.017920
9.667359 13.563507 32.821027
9.304157 8.187732 32.970328
12.044536 12.576398 32.731779
7.085189 11.807290 32.952691
11.794962 9.793656 32.780920
6.968738 9.154847 33.057247
42.117811 26.030238 20.508731
35.527444 21.957168 25.593634
41.335517 21.986909 21.393022
39.522397 28.863490 22.275922
22.544523 13.933281 31.030647
28.890120 17.855076 29.006607
24.953256 12.573095 30.269528
22.662720 17.490366 31.031765
39.381867 14.499051 22.728094
34.764481 18.224565 26.077492
40.410617 18.121539 22.129254
36.119787 12.814734 24.919528
38.050394 20.108640 23.948007
33.402692 33.892006 25.401874
32.780231 24.302823 27.043113
36.601631 31.520298 23.932431
29.783860 31.090263 27.670056
36.155255 26.583556 24.902124
29.562040 9.612101 28.232424
31.365147 16.270844 27.862005
27.308837 11.120391 29.330801
32.818904 11.174703 26.753376
28.123807 14.403735 29.217599
33.815243 14.615209 26.481483
22.696183 25.255314 30.613156
29.231518 21.908864 28.809490
22.721513 21.284358 30.902641
26.159385 28.157784 29.392862
25.905711 19.669442 30.081927
29.603630 26.346966 28.359695
18.224080 -8.322153 29.487181
18.783366 -2.811861 30.392125
20.422647 -7.136891 28.996376
15.933544 -6.952955 30.464441
19.499261 8.904473 31.550468
19.212655 2.876126 31.086729
21.751729 7.601352 30.883426
16.749597 7.309058 32.024709
24.943829 -4.560675 27.805501
21.026331 -1.488795 29.923018
22.674620 -5.880458 28.436145
25.393239 -1.547444 28.284190
20.737887 -4.323685 29.489566
11.356464 -4.196210 31.954365
16.392001 -1.458330 31.242070
13.629137 -5.567563 31.289115
11.445054 -1.414686 32.252551
16.184892 -4.205483 30.880157
26.102920 4.772601 29.097568
21.299774 1.508156 30.312159
23.970431 6.216515 30.061216
25.783007 1.571196 28.718332
21.539049 4.490721 30.628830
23.355433 0.000000 29.378988
11.606565 4.288622 32.658089
16.563102 1.473552 31.568177
14.107347 5.762914 32.386968
11.528945 1.425056 32.488959
16.680015 4.334136 31.824832
13.982105 0.000000 31.944925
38.757040 0.000000 -20.393475
43.382720 0.000000 -15.638776
40.153903 2.959712 -20.027562
38.807672 -2.860483 -19.356102
49.600488 0.000000 -3.437683
47.237766 0.000000 -9.949438
42.869610 9.393247 -19.002951
44.902929 3.134120 -15.033053
41.537763 6.102299 -19.562923
42.608154 3.049772 -17.641955
38.575650 -8.452389 -17.099554
43.192963 -3.014768 -14.460573
38.749431 -5.692666 -18.249710
41.091249 -2.941196 -17.013878
38.757040 0.000000 20.393475
43.382720 0.000000 15.638776
40.153903 2.959712 20.027562
38.807672 -2.860483 19.356102
49.600488 0.000000 3.437683
47.237766 0.000000 9.949438
42.869610 9.393247 19.002951
44.902929 3.134120 15.033053
41.537763 6.102299 19.562923
42.608154 3.049772 17.641955
38.575650 -8.452389 17.099554
43.192963 -3.014768 14.460573
38.749431 -5.692666 18.249710
41.091249 -2.941196 17.013878
47.651006 24.839492 -15.351650
50.949010 17.951940 -11.094909
46.610584 20.681600 -16.488179
50.872637 26.607460 -11.610755
51.066973 3.418815 -2.112944
52.107020 10.641462 -6.576785
50.285928 3.382798 -5.597565
44.227110 13.026994 -18.277146
49.523650 13.975469 -12.298525
45.451368 16.725050 -17.463594
45.520555 9.787417 -16.310486
48.284250 17.373243 -14.425445
55.782099 29.267595 -2.603819
53.552121 19.032227 -7.032402
53.837822 28.217452 -7.332024
52.551184 22.890621 -9.350920
47.098049 3.243357 -12.050526
50.301757 10.379568 -10.036401
48.900133 3.318410 -8.947952
46.492532 6.502813 -14.221612
50.539450 6.876173 -7.820087
48.047681 10.128844 -13.306286
36.712892 -19.137678 -11.827735
41.090331 -14.478223 -8.948034
37.356977 -16.575678 -13.214778
37.991145 -19.870168 -8.670789
48.503679 -3.247208 -2.006885
45.068890 -9.204112 -5.688454
47.864793 -3.219925 -5.328057
38.289296 -11.278025 -15.823305
41.812376 -11.799364 -10.383535
37.883064 -13.940089 -14.555655
40.614528 -8.732568 -14.552605
39.631053 -14.259721 -11.840208
39.379321 -20.661431 -1.838164
42.102604 -14.963111 -5.528865
38.905514 -20.391139 -5.298434
40.115709 -17.473888 -7.138160
45.142041 -3.108659 -11.550061
43.977754 -9.074635 -8.774612
46.703563 -3.169349 -8.546015
42.912077 -6.002022 -13.126386
45.972181 -6.254771 -7.113383
42.448283 -8.948445 -11.755593
47.651006 24.839492 15.351650
50.949010 17.951940 11.094909
46.610584 20.681600 16.488179
50.872637 26.607460 11.610755
51.066973 3.418815 2.112944
52.107020 10.641462 6.576785
50.285928 3.382798 5.597565
52.417150 7.062155 0.000000
44.227110 13.026994 18.277146
49.523650 13.975469 12.298525
45.451368 16.725050 17.463594
45.520555 9.787417 16.310486
48.284250 17.373243 14.425445
55.782099 29.267595 2.603819
53.552121 19.032227 7.032402
53.837822 28.217452 7.332024
56.003789 24.512528 0.000000
52.551184 22.890621 9.350920
47.098049 3.243357 12.050526
50.301757 10.379568 10.036401
48.900133 3.318410 8.947952
46.492532 6.502813 14.221612
50.539450 6.876173 7.820087
48.047681 10.128844 13.306286
53.824708 14.876783 -4.566438
53.824708 14.876783 4.566438
53.394569 10.929693 -2.250161
55.224649 19.596871 -2.422306
53.394569 10.929693 2.250161
55.224649 19.596871 2.422306
36.712892 -19.137678 11.827735
41.090331 -14.478223 8.948034
37.356977 -16.575678 13.214778
37.991145 -19.870168 8.670789
48.503679 -3.247208 2.006885
45.068890 -9.204112 5.688454
47.864793 -3.219925 5.328057
47.243963 -6.365172 0.000000
38.289296 -11.278025 15.823305
41.812376 -11.799364 10.383535
37.883064 -13.940089 14.555655
40.614528 -8.732568 14.552605
39.631053 -14.259721 11.840208
39.379321 -20.661431 1.838164
42.102604 -14.963111 5.528865
38.905514 -20.391139 5.298434
41.123303 -17.999427 0.000000
40.115709 -17.473888 7.138160
45.142041 -3.108659 11.550061
43.977754 -9.074635 8.774612
46.703563 -3.169349 8.546015
42.912077 -6.002022 13.126386
45.972181 -6.254771 7.113383
42.448283 -8.948445 11.755593
44.043642 -12.173363 -3.736622
44.043642 -12.173363 3.736622
45.731999 -9.361190 -1.927244
42.693840 -15.150222 -1.872670
45.731999 -9.361190 1.927244
42.693840 -15.150222 1.872670
-26.259086 37.604105 -1.865518
-29.313212 33.263666 -5.410971
-25.327808 37.960558 -4.887588
-33.651879 23.759313 -11.722755
-31.761879 28.622475 -8.697108
-22.843534 37.619931 -10.747799
-28.152192 33.263154 -8.315143
-24.175507 37.958753 -7.882755
-26.826157 35.631860 -6.647452
-36.423311 2.785502 -21.446877
-36.392897 8.238597 -19.345183
-35.029176 18.725711 -14.496636
-35.933226 13.549458 -17.032522
-16.270790 33.414551 -20.651328
-21.829571 30.302412 -18.727920
-18.003419 34.786139 -18.503208
-32.019940 23.263269 -14.377491
-27.059084 26.950419 -16.656275
-31.269269 25.777411 -12.988359
-21.304451 36.915065 -13.590859
-23.543359 31.386172 -16.453556
-19.700359 35.975170 -16.132528
-24.109104 34.945111 -12.397977
-20.833522 33.101867 -17.493473
-29.360669 30.743420 -9.996227
-26.253317 29.554196 -15.331403
-30.381265 28.286886 -11.518661
-26.803808 32.880770 -11.195768
-28.791575 27.713731 -14.193713
-25.245573 32.237061 -13.933107
-40.987108 -58.695245 -2.911837
-45.004795 -51.069958 -8.307505
-38.904552 -58.308975 -7.507536
-46.017464 -32.489816 -16.030351
-46.414922 -41.827184 -12.709437
-33.421280 -55.039919 -15.724589
-42.182869 -49.841067 -12.459299
-36.285183 -56.972551 -11.831280
-40.866804 -54.281357 -10.126687
-37.621094 -2.877104 -22.152159
-40.203315 -9.101196 -21.370668
-44.585398 -23.834226 -18.451427
-42.569817 -16.051939 -20.178299
-21.074856 -43.280435 -26.748780
-29.521903 -40.980416 -25.327290
-24.131977 -46.627717 -24.801900
-42.823495 -31.112315 -19.228468
-36.798894 -36.651114 -22.651634
-43.174827 -35.591982 -17.933587
-30.315639 -52.529105 -19.339413
-32.683525 -43.571130 -22.841269
-27.250007 -49.761714 -22.314899
-34.895611 -50.579691 -17.944881
-28.573973 -45.400479 -23.992968
-42.948483 -44.971156 -14.622377
-36.580970 -41.180364 -21.362542
-43.244269 -40.263158 -16.395501
-39.124325 -47.994596 -16.341964
-40.018445 -38.520311 -19.728352
-35.929252 -45.879470 -19.829461
-2.446468 -18.836497 -31.990092
-7.367188 -17.299015 -32.543567
-4.093874 -21.214727 -31.795996
-2.385337 -16.140919 -32.361449
-17.179604 -13.299707 -32.136957
-12.297677 -15.458954 -32.613496
-7.808032 -26.435289 -31.234552
-9.240542 -19.639987 -32.344162
-5.885851 -23.752675 -31.549506
-6.673152 -20.465794 -32.134012
-2.295163 -11.008929 -32.883086
-7.182975 -14.531474 -32.782203
-2.337540 -13.521920 -32.657609
-4.793345 -15.366643 -32.627844
-34.532326 -1.713129 -24.114051
-30.692098 -4.992656 -27.047047
-35.807429 -4.610364 -23.891211
-21.931767 -10.821050 -31.063404
-26.464456 -8.041381 -29.367162
-38.234192 -10.923289 -23.216525
-31.802242 -7.949943 -26.915752
-37.049874 -7.694011 -23.596652
-33.854664 -6.315900 -25.488160
-17.589425 -39.173201 -28.460287
-18.841191 -30.608607 -30.485687
-14.858988 -35.772779 -29.489964
-21.784118 -38.649828 -28.226246
-19.601430 -15.443595 -31.715780
-19.433087 -22.651524 -31.443396
-17.079133 -16.617810 -32.108870
-10.016449 -29.420064 -30.805612
-16.177181 -27.701618 -31.184594
-12.317965 -32.489486 -30.249773
-10.742668 -25.719041 -31.550065
-15.610769 -31.666036 -30.480583
-29.708337 -36.010874 -26.697978
-22.551613 -29.654685 -30.089095
-25.884229 -37.581167 -27.631974
-22.265221 -34.051844 -29.324492
-11.935095 -18.708946 -32.417729
-16.604718 -23.759657 -31.674524
-14.503250 -17.710753 -32.341915
-11.380435 -22.130391 -32.077052
-16.891997 -20.117206 -31.963730
-13.702362 -24.827484 -31.703187
-2.225035 -1.375147 -33.235435
-6.758720 -4.177119 -33.094775
-2.235031 -3.698339 -33.224168
-16.762228 -10.359627 -32.155933
-11.546780 -7.136303 -32.770665
-14.425414 -11.500503 -32.510878
-2.276330 -8.457585 -33.055465
-6.830728 -6.604892 -33.103269
-2.250583 -6.068601 -33.164618
-4.619349 -10.102488 -33.026514
-4.514798 -5.134558 -33.183485
-9.667359 -13.563507 -32.821027
-9.304157 -8.187732 -32.970328
-12.044536 -12.576398 -32.731779
-7.085189 -11.807290 -32.952691
-11.794962 -9.793656 -32.780920
-6.968738 -9.154847 -33.057247
-42.117811 -26.030238 -20.508731
-35.527444 -21.957168 -25.593634
-41.335517 -21.986909 -21.393022
-39.522397 -28.863490 -22.275922
-22.544523 -13.933281 -31.030647
-28.890120 -17.855076 -29.006607
-24.953256 -12.573095 -30.269528
-22.662720 -17.490366 -31.031765
-39.381867 -14.499051 -22.728094
-34.764481 -18.224565 -26.077492
-40.410617 -18.121539 -22.129254
-36.119787 -12.814734 -24.919528
-38.050394 -20.108640 -23.948007
-33.402692 -33.892006 -25.401874
-32.780231 -24.302823 -27.043113
-36.601631 -31.520298 -23.932431
-29.783860 -31.090263 -27.670056
-36.155255 -26.583556 -24.902124
-29.562040 -9.612101 -28.232424
-31.365147 -16.270844 -27.862005
-27.308837 -11.120391 -29.330801
-32.818904 -11.174703 -26.753376
-28.123807 -14.403735 -29.217599
-33.815243 -14.615209 -26.481483
-22.696183 -25.255314 -30.613156
-29.231518 -21.908864 -28.809490
-22.721513 -21.284358 -30.902641
-26.159385 -28.157784 -29.392862
-25.905711 -19.669442 -30.081927
-29.603630 -26.346966 -28.359695
-2.397036 18.455894 -31.343713
-6.978820 16.387081 -30.828002
-3.943354 20.434720 -30.626945
-2.344588 15.865186 -31.808622
-15.719803 12.169592 -29.406186
-11.382583 14.308624 -30.186662
-7.188234 24.336870 -28.755171
-8.576845 18.229356 -30.021061
-5.552409 22.407050 -29.762179
-6.300325 19.322376 -30.338694
-2.268941 10.883154 -32.507402
-6.866456 13.891142 -31.337651
-2.304422 13.330340 -32.194912
-4.640595 14.876950 -31.588084
-33.885780 1.681054 -23.662566
-29.154912 4.742604 -25.692421
-34.050077 4.384097 -22.718681
-32.123233 0.000000 -25.230067
-20.084764 9.909746 -28.447374
-24.550173 7.459715 -27.242914
-34.058203 9.730233 -20.680785
-29.326943 7.331166 -24.820788
-34.104907 7.082441 -21.721035
-31.668394 5.908031 -23.842183
-28.262346 -3.211961 -27.929583
-27.364363 3.109907 -27.042172
-30.231594 -1.639574 -26.661212
-29.715550 1.611587 -26.206114
-14.180628 31.581509 -22.944738
-15.572776 25.298878 -25.197281
-12.423575 29.909559 -24.656509
-17.026301 30.208412 -22.061420
-17.525867 13.808298 -28.357448
-16.659658 19.418770 -26.955893
-15.334490 14.920290 -28.828930
-8.952784 26.295894 -27.534309
-13.811161 23.650073 -26.623641
-10.665672 28.131448 -26.192164
-9.652631 23.109381 -28.348742
-13.165907 26.706696 -25.706902
-22.485721 27.256001 -20.207233
-18.288260 24.048505 -24.400790
-19.807698 28.758687 -21.145146
-17.698629 27.067817 -23.310045
-10.915474 17.110632 -29.648269
-14.396050 20.599278 -27.461353
-13.121460 16.023370 -29.260556
-10.306384 20.041792 -29.049717
-14.892978 17.736511 -28.181103
-12.064741 21.860257 -27.914219
-2.221883 1.373199 -33.188349
-6.672915 4.124088 -32.674620
-2.226515 3.684248 -33.097573
-4.462614 0.000000 -33.122685
-15.639627 9.665821 -30.002384
-11.143833 6.887268 -31.627070
-13.482926 10.749115 -30.386773
-2.256362 8.383398 -32.765513
-6.693961 6.472647 -32.440462
-2.236489 6.030599 -32.956935
-4.523525 9.892922 -32.341411
-4.467281 5.080519 -32.834243
-9.085122 -2.788684 -32.870280
-8.982381 2.757148 -32.498561
-6.758660 -1.391446 -33.017920
-6.729683 1.385480 -32.876361
-9.145215 12.830928 -31.048330
-8.999459 7.919596 -31.890598
-11.309997 11.809423 -30.735622
-6.830430 11.382741 -31.767826
-11.231783 9.326035 -31.215716
-6.774427 8.899580 -32.135503
-32.752413 20.242104 -15.948370
-28.893792 17.857345 -20.814814
-33.239353 17.680452 -17.202886
-30.304988 22.131950 -17.080734
-20.146072 12.450957 -27.729380
-24.607903 15.208521 -24.707124
-22.369126 11.271040 -27.134851
-19.749923 15.242362 -27.043310
-33.880961 12.473806 -19.553407
-29.157287 15.285109 -21.871430
-33.618050 15.075513 -18.409577
-31.679930 11.239542 -21.856411
-31.255896 16.517925 -19.671712
-25.226432 25.595973 -19.184043
-26.366347 19.547655 -21.751771
-27.779824 23.923205 -18.164183
-23.152907 24.168457 -21.509711
-28.390599 20.874506 -19.554176
-26.918673 8.752610 -25.707948
-26.896423 13.952669 -23.892388
-24.638013 10.032809 -26.462227
-29.335029 9.988458 -23.913384
-24.655861 12.627612 -25.614778
-29.277031 12.653759 -22.927506
-18.840747 20.965156 -25.412853
-24.148084 18.098857 -23.799447
-19.314992 18.093303 -26.269565
-20.999408 22.603620 -23.595078
-21.976508 16.686113 -25.519303
-23.706623 21.098682 -22.710478
-19.499261 -8.904473 -31.550468
-19.212655 -2.876126 -31.086729
-21.751729 -7.601352 -30.883426
-16.749597 -7.309058 -32.024709
-18.224080 8.322153 -29.487181
-18.783366 2.811861 -30.392125
-20.422647 7.136891 -28.996376
-15.933544 6.952955 -30.464441
-26.102920 -4.772601 -29.097568
-21.299774 -1.508156 -30.312159
-23.970431 -6.216515 -30.061216
-25.783007 -1.571196 -28.718332
-21.539049 -4.490721 -30.628830
-11.606565 -4.288622 -32.658089
-16.563102 -1.473552 -31.568177
-14.107347 -5.762914 -32.386968
-11.528945 -1.425056 -32.488959
-16.680015 -4.334136 -31.824832
-24.943829 4.560675 -27.805501
-21.026331 1.488795 -29.923018
-22.674620 5.880458 -28.436145
-25.393239 1.547444 -28.284190
-20.737887 4.323685 -29.489566
-23.355433 0.000000 -29.378988
-11.356464 4.196210 -31.954365
-16.392001 1.458330 -31.242070
-13.629137 5.567563 -31.289115
-11.445054 1.414686 -32.252551
-16.184892 4.205483 -30.880157
-13.982105 0.000000 -31.944925
-26.259086 37.604105 1.865518
-29.313212 33.263666 5.410971
-25.327808 37.960558 4.887588
-28.049483 35.712949 0.000000
-33.651879 23.759313 11.722755
-31.761879 28.622475 8.697108
-22.843534 37.619931 10.747799
-28.152192 33.263154 8.315143
-24.175507 37.958753 7.882755
-26.826157 35.631860 6.647452
-31.192393 31.564031 -3.587192
-31.192393 31.564031 3.587192
-29.704076 33.681948 -1.826700
-29.704076 33.681948 1.826700
-36.423311 2.785502 21.446877
-36.392897 8.238597 19.345183
-35.029176 18.725711 14.496636
-35.933226 13.549458 17.032522
-16.270790 33.414551 20.651328
-21.829571 30.302412 18.727920
-18.003419 34.786139 18.503208
-32.019940 23.263269 14.377491
-27.059084 26.950419 16.656275
-31.269269 25.777411 12.988359
-21.304451 36.915065 13.590859
-23.543359 31.386172 16.453556
-19.700359 35.975170 16.132528
-24.109104 34.945111 12.397977
-20.833522 33.101867 17.493473
-29.360669 30.743420 9.996227
-26.253317 29.554196 15.331403
-30.381265 28.286886 11.518661
-26.803808 32.880770 11.195768
-28.791575 27.713731 14.193713
-25.245573 32.237061 13.933107
-35.783973 22.115712 -10.099293
-37.491355 23.170932 -3.468678
-34.861887 24.553828 -8.580572
-35.783973 22.115712 10.099293
-37.491355 23.170932 3.468678
-34.861887 24.553828 8.580572
-32.600829 29.245634 -5.347208
-36.162508 25.410701 -1.799236
-33.794988 26.947694 -6.988641
-33.004158 29.630775 -1.805676
-35.719153 25.118706 -5.237051
-32.600829 29.245634 5.347208
-36.162508 25.410701 1.799236
-33.794988 26.947694 6.988641
-33.004158 29.630775 1.805676
-35.719153 25.118706 5.237051
-34.674091 27.564885 0.000000
-40.987108 -58.695245 2.911837
-45.004795 -51.069958 8.307505
-38.904552 -58.308975 7.507536
-44.107884 -56.158703 0.000000
-46.017464 -32.489816 16.030351
-46.414922 -41.827184 12.709437
-33.421280 -55.039919 15.724589
-42.182869 -49.841067 12.459299
-36.285183 -56.972551 11.831280
-40.866804 -54.281357 10.126687
-48.292042 -48.867412 -5.553688
-48.292042 -48.867412 5.553688
-46.590651 -52.829917 -2.865167
-46.590651 -52.829917 2.865167
-37.621094 -2.877104 22.152159
-40.203315 -9.101196 21.370668
-44.585398 -23.834226 18.451427
-42.569817 -16.051939 20.178299
-21.074856 -43.280435 26.748780
-29.521903 -40.980416 25.327290
-24.131977 -46.627717 24.801900
-42.823495 -31.112315 19.228468
-36.798894 -36.651114 22.651634
-43.174827 -35.591982 17.933587
-30.315639 -52.529105 19.339413
-32.683525 -43.571130 22.841269
-27.250007 -49.761714 22.314899
-34.895611 -50.579691 17.944881
-28.573973 -45.400479 23.992968
-42.948483 -44.971156 14.622377
-36.580970 -41.180364 21.362542
-43.244269 -40.263158 16.395501
-39.124325 -47.994596 16.341964
-40.018445 -38.520311 19.728352
-35.929252 -45.879470 19.829461
-48.685274 -30.089154 -13.740421
-54.492326 -33.678110 -5.041598
-49.294696 -34.719104 -12.132926
-48.685274 -30.089154 13.740421
-54.492326 -33.678110 5.041598
-49.294696 -34.719104 12.132926
-49.284448 -44.212216 -8.083665
-54.342696 -38.185571 -2.703776
-49.543558 -39.505403 -10.245370
-51.153909 -45.925424 -2.798659
-52.328023 -36.798528 -7.672201
-49.284448 -44.212216 8.083665
-54.342696 -38.185571 2.703776
-49.543558 -39.505403 10.245370
-51.153909 -45.925424 2.798659
-52.328023 -36.798528 7.672201
-53.258256 -42.338751 0.000000
-2.446468 -18.836497 31.990092
-7.367188 -17.299015 32.543567
-4.093874 -21.214727 31.795996
-2.385337 -16.140919 32.361449
-17.179604 -13.299707 32.136957
-12.297677 -15.458954 32.613496
-7.808032 -26.435289 31.234552
-9.240542 -19.639987 32.344162
-5.885851 -23.752675 31.549506
-6.673152 -20.465794 32.134012
-2.295163 -11.008929 32.883086
-7.182975 -14.531474 32.782203
-2.337540 -13.521920 32.657609
-4.793345 -15.366643 32.627844
-34.532326 -1.713129 24.114051
-30.692098 -4.992656 27.047047
-35.807429 -4.610364 23.891211
-21.931767 -10.821050 31.063404
-26.464456 -8.041381 29.367162
-38.234192 -10.923289 23.216525
-31.802242 -7.949943 26.915752
-37.049874 -7.694011 23.596652
-33.854664 -6.315900 25.488160
-17.589425 -39.173201 28.460287
-18.841191 -30.608607 30.485687
-14.858988 -35.772779 29.489964
-21.784118 -38.649828 28.226246
-19.601430 -15.443595 31.715780
-19.433087 -22.651524 31.443396
-17.079133 -16.617810 32.108870
-10.016449 -29.420064 30.805612
-16.177181 -27.701618 31.184594
-12.317965 -32.489486 30.249773
-10.742668 -25.719041 31.550065
-15.610769 -31.666036 30.480583
-29.708337 -36.010874 26.697978
-22.551613 -29.654685 30.089095
-25.884229 -37.581167 27.631974
-22.265221 -34.051844 29.324492
-11.935095 -18.708946 32.417729
-16.604718 -23.759657 31.674524
-14.503250 -17.710753 32.341915
-11.380435 -22.130391 32.077052
-16.891997 -20.117206 31.963730
-13.702362 -24.827484 31.703187
-2.225035 -1.375147 33.235435
-6.758720 -4.177119 33.094775
-2.235031 -3.698339 33.224168
-16.762228 -10.359627 32.155933
-11.546780 -7.136303 32.770665
-14.425414 -11.500503 32.510878
-2.276330 -8.457585 33.055465
-6.830728 -6.604892 33.103269
-2.250583 -6.068601 33.164618
-4.619349 -10.102488 33.026514
-4.514798 -5.134558 33.183485
-9.667359 -13.563507 32.821027
-9.304157 -8.187732 32.970328
-12.044536 -12.576398 32.731779
-7.085189 -11.807290 32.952691
-11.794962 -9.793656 32.780920
-6.968738 -9.154847 33.057247
-42.117811 -26.030238 20.508731
-35.527444 -21.957168 25.593634
-41.335517 -21.986909 21.393022
-39.522397 -28.863490 22.275922
-22.544523 -13.933281 31.030647
-28.890120 -17.855076 29.006607
-24.953256 -12.573095 30.269528
-22.662720 -17.490366 31.031765
-39.381867 -14.499051 22.728094
-34.764481 -18.224565 26.077492
-40.410617 -18.121539 22.129254
-36.119787 -12.814734 24.919528
-38.050394 -20.108640 23.948007
-33.402692 -33.892006 25.401874
-32.780231 -24.302823 27.043113
-36.601631 -31.520298 23.932431
-29.783860 -31.090263 27.670056
-36.155255 -26.583556 24.902124
-29.562040 -9.612101 28.232424
-31.365147 -16.270844 27.862005
-27.308837 -11.120391 29.330801
-32.818904 -11.174703 26.753376
-28.123807 -14.403735 29.217599
-33.815243 -14.615209 26.481483
-22.696183 -25.255314 30.613156
-29.231518 -21.908864 28.809490
-22.721513 -21.284358 30.902641
-26.159385 -28.157784 29.392862
-25.905711 -19.669442 30.081927
-29.603630 -26.346966 28.359695
-2.397036 18.455894 31.343713
-6.978820 16.387081 30.828002
-3.943354 20.434720 30.626945
-2.344588 15.865186 31.808622
-15.719803 12.169592 29.406186
-11.382583 14.308624 30.186662
-7.188234 24.336870 28.755171
-8.576845 18.229356 30.021061
-5.552409 22.407050 29.762179
-6.300325 19.322376 30.338694
-2.268941 10.883154 32.507402
-6.866456 13.891142 31.337651
-2.304422 13.330340 32.194912
-4.640595 14.876950 31.588084
-33.885780 1.681054 23.662566
-29.154912 4.742604 25.692421
-34.050077 4.384097 22.718681
-32.123233 0.000000 25.230067
-20.084764 9.909746 28.447374
-24.550173 7.459715 27.242914
-34.058203 9.730233 20.680785
-29.326943 7.331166 24.820788
-34.104907 7.082441 21.721035
-31.668394 5.908031 23.842183
-28.262346 -3.211961 27.929583
-27.364363 3.109907 27.042172
-30.231594 -1.639574 26.661212
-29.715550 1.611587 26.206114
-14.180628 31.581509 22.944738
-15.572776 25.298878 25.197281
-12.423575 29.909559 24.656509
-17.026301 30.208412 22.061420
-17.525867 13.808298 28.357448
-16.659658 19.418770 26.955893
-15.334490 14.920290 28.828930
-8.952784 26.295894 27.534309
-13.811161 23.650073 26.623641
-10.665672 28.131448 26.192164
-9.652631 23.109381 28.348742
-13.165907 26.706696 25.706902
-22.485721 27.256001 20.207233
-18.288260 24.048505 24.400790
-19.807698 28.758687 21.145146
-17.698629 27.067817 23.310045
-10.915474 17.110632 29.648269
-14.396050 20.599278 27.461353
-13.121460 16.023370 29.260556
-10.306384 20.041792 29.049717
-14.892978 17.736511 28.181103
-12.064741 21.860257 27.914219
-2.221883 1.373199 33.188349
-6.672915 4.124088 32.674620
-2.226515 3.684248 33.097573
-4.462614 0.000000 33.122685
-15.639627 9.665821 30.002384
-11.143833 6.887268 31.627070
-13.482926 10.749115 30.386773
-2.256362 8.383398 32.765513
-6.693961 6.472647 32.440462
-2.236489 6.030599 32.956935
-4.523525 9.892922 32.341411
-4.467281 5.080519 32.834243
-9.085122 -2.788684 32.870280
-8.982381 2.757148 32.498561
-6.758660 -1.391446 33.017920
-6.729683 1.385480 32.876361
-9.145215 12.830928 31.048330
-8.999459 7.919596 31.890598
-11.309997 11.809423 30.735622
-6.830430 11.382741 31.767826
-11.231783 9.326035 31.215716
-6.774427 8.899580 32.135503
-32.752413 20.242104 15.948370
-28.893792 17.857345 20.814814
-33.239353 17.680452 17.202886
-30.304988 22.131950 17.080734
-20.146072 12.450957 27.729380
-24.607903 15.208521 24.707124
-22.369126 11.271040 27.134851
-19.749923 15.242362 27.043310
-33.880961 12.473806 19.553407
-29.157287 15.285109 21.871430
-33.618050 15.075513 18.409577
-31.679930 11.239542 21.856411
-31.255896 16.517925 19.671712
-25.226432 25.595973 19.184043
-26.366347 19.547655 21.751771
-27.779824 23.923205 18.164183
-23.152907 24.168457 21.509711
-28.390599 20.874506 19.554176
-26.918673 8.752610 25.707948
-26.896423 13.952669 23.892388
-24.638013 10.032809 26.462227
-29.335029 9.988458 23.913384
-24.655861 12.627612 25.614778
-29.277031 12.653759 22.927506
-18.840747 20.965156 25.412853
-24.148084 18.098857 23.799447
-19.314992 18.093303 26.269565
-20.999408 22.603620 23.595078
-21.976508 16.686113 25.519303
-23.706623 21.098682 22.710478
-19.499261 -8.904473 31.550468
-19.212655 -2.876126 31.086729
-21.751729 -7.601352 30.883426
-16.749597 -7.309058 32.024709
-18.224080 8.322153 29.487181
-18.783366 2.811861 30.392125
-20.422647 7.136891 28.996376
-15.933544 6.952955 30.464441
-26.102920 -4.772601 29.097568
-21.299774 -1.508156 30.312159
-23.970431 -6.216515 30.061216
-25.783007 -1.571196 28.718332
-21.539049 -4.490721 30.628830
-11.606565 -4.288622 32.658089
-16.563102 -1.473552 31.568177
-14.107347 -5.762914 32.386968
-11.528945 -1.425056 32.488959
-16.680015 -4.334136 31.824832
-24.943829 4.560675 27.805501
-21.026331 1.488795 29.923018
-22.674620 5.880458 28.436145
-25.393239 1.547444 28.284190
-20.737887 4.323685 29.489566
-23.355433 0.000000 29.378988
-11.356464 4.196210 31.954365
-16.392001 1.458330 31.242070
-13.629137 5.567563 31.289115
-11.445054 1.414686 32.252551
-16.184892 4.205483 30.880157
-13.982105 0.000000 31.944925
-38.757040 0.000000 -20.393475
-43.382720 0.000000 -15.638776
-38.807672 2.860483 -19.356102
-40.153903 -2.959712 -20.027562
-49.600488 0.000000 -3.437683
-47.237766 0.000000 -9.949438
-38.575650 8.452389 -17.099554
-43.192963 3.014768 -14.460573
-38.749431 5.692666 -18.249710
-41.091249 2.941196 -17.013878
-42.869610 -9.393247 -19.002951
-44.902929 -3.134120 -15.033053
-41.537763 -6.102299 -19.562923
-42.608154 -3.049772 -17.641955
-38.757040 0.000000 20.393475
-43.382720 0.000000 15.638776
-38.807672 2.860483 19.356102
-40.153903 -2.959712 20.027562
-49.600488 0.000000 3.437683
-47.237766 0.000000 9.949438
-38.575650 8.452389 17.099554
-43.192963 3.014768 14.460573
-38.749431 5.692666 18.249710
-41.091249 2.941196 17.013878
-42.869610 -9.393247 19.002951
-44.902929 -3.134120 15.033053
-41.537763 -6.102299 19.562923
-42.608154 -3.049772 17.641955
-36.712892 19.137678 -11.827735
-41.090331 14.478223 -8.948034
-37.356977 16.575678 -13.214778
-37.991145 19.870168 -8.670789
-48.503679 3.247208 -2.006885
-45.068890 9.204112 -5.688454
-47.864793 3.219925 -5.328057
-38.289296 11.278025 -15.823305
-41.812376 11.799364 -10.383535
-37.883064 13.940089 -14.555655
-40.614528 8.732568 -14.552605
-39.631053 14.259721 -11.840208
-39.379321 20.661431 -1.838164
-42.102604 14.963111 -5.528865
-38.905514 20.391139 -5.298434
-40.115709 17.473888 -7.138160
-45.142041 3.108659 -11.550061
-43.977754 9.074635 -8.774612
-46.703563 3.169349 -8.546015
-42.912077 6.002022 -13.126386
-45.972181 6.254771 -7.113383
-42.448283 8.948445 -11.755593
-47.651006 -24.839492 -15.351650
-50.949010 -17.951940 -11.094909
-46.610584 -20.681600 -16.488179
-50.872637 -26.607460 -11.610755
-51.066973 -3.418815 -2.112944
-52.107020 -10.641462 -6.576785
-50.285928 -3.382798 -5.597565
-44.227110 -13.026994 -18.277146
-49.523650 -13.975469 -12.298525
-45.451368 -16.725050 -17.463594
-45.520555 -9.787417 -16.310486
-48.284250 -17.373243 -14.425445
-55.782099 -29.267595 -2.603819
-53.552121 -19.032227 -7.032402
-53.837822 -28.217452 -7.332024
-52.551184 -22.890621 -9.350920
-47.098049 -3.243357 -12.050526
-50.301757 -10.379568 -10.036401
-48.900133 -3.318410 -8.947952
-46.492532 -6.502813 -14.221612
-50.539450 -6.876173 -7.820087
-48.047681 -10.128844 -13.306286
-36.712892 19.137678 11.827735
-41.090331 14.478223 8.948034
-37.356977 16.575678 13.214778
-37.991145 19.870168 8.670789
-48.503679 3.247208 2.006885
-45.068890 9.204112 5.688454
-47.864793 3.219925 5.328057
-47.243963 6.365172 0.000000
-38.289296 11.278025 15.823305
-41.812376 11.799364 10.383535
-37.883064 13.940089 14.555655
-40.614528 8.732568 14.552605
-39.631053 14.259721 11.840208
-39.379321 20.661431 1.838164
-42.102604 14.963111 5.528865
-38.905514 20.391139 5.298434
-41.123303 17.999427 0.000000
-40.115709 17.473888 7.138160
-45.142041 3.108659 11.550061
-43.977754 9.074635 8.774612
-46.703563 3.169349 8.546015
-42.912077 6.002022 13.126386
-45.972181 6.254771 7.113383
-42.448283 8.948445 11.755593
-44.043642 12.173363 -3.736622
-44.043642 12.173363 3.736622
-45.731999 9.361190 -1.927244
-42.693840 15.150222 -1.872670
-45.731999 9.361190 1.927244
-42.693840 15.150222 1.872670
-47.651006 -24.839492 15.351650
-50.949010 -17.951940 11.094909
-46.610584 -20.681600 16.488179
-50.872637 -26.607460 11.610755
-51.066973 -3.418815 2.112944
-52.107020 -10.641462 6.576785
-50.285928 -3.382798 5.597565
-52.417150 -7.062155 0.000000
-44.227110 -13.026994 18.277146
-49.523650 -13.975469 12.298525
-45.451368 -16.725050 17.463594
-45.520555 -9.787417 16.310486
-48.284250 -17.373243 14.425445
-55.782099 -29.267595 2.603819
-53.552121 -19.032227 7.032402
-53.837822 -28.217452 7.332024
-56.003789 -24.512528 0.000000
-52.551184 -22.890621 9.350920
-47.098049 -3.243357 12.050526
-50.301757 -10.379568 10.036401
-48.900133 -3.318410 8.947952
-46.492532 -6.502813 14.221612
-50.539450 -6.876173 7.820087
-48.047681 -10.128844 13.306286
-53.824708 -14.876783 -4.566438
-53.824708 -14.876783 4.566438
-53.394569 -10.929693 -2.250161
-55.224649 -19.596871 -2.422306
-53.394569 -10.929693 2.250161
-55.224649 -19.596871 2.422306
