-15.701892 25.406195 0
22.567946 36.515704 0
-22.567946 -36.515704 0
15.701892 -25.406195 0
0 -14.363985 23.241416
0 14.363985 23.241416
0 -14.363985 -23.241416
0 14.363985 -23.241416
22.627144 0 -13.984344
22.627144 0 13.984344
-22.627144 0 -13.984344
-22.627144 0 13.984344
0 34.447005 0
0 -34.447005 0
-10.812703 -28.308023 17.49532
9.1350749 -23.915937 14.780862
-9.1350749 23.915937 14.780862
10.812703 28.308023 17.49532
0 0 25.652424
-10.812703 -28.308023 -17.49532
9.1350749 -23.915937 -14.780862
-9.1350749 23.915937 -14.780862
10.812703 28.308023 -17.49532
0 0 -25.652424
27.517043 17.006468 -10.510575
21.725949 -13.427375 -8.2985741
13.274915 -8.2043487 -21.479264
14.325785 8.8538219 -23.179607
27.517043 17.006468 10.510575
21.725949 -13.427375 8.2985741
13.274915 -8.2043487 21.479264
14.325785 8.8538219 23.179607
27.238616 0 0
-21.725949 13.427375 -8.2985741
-27.517043 -17.006468 -10.510575
-14.325785 -8.8538219 -23.179607
-13.274915 8.2043487 -21.479264
-21.725949 13.427375 8.2985741
-27.517043 -17.006468 10.510575
-14.325785 -8.8538219 23.179607
-13.274915 8.2043487 21.479264
-27.238616 0 0
-8.6500476 30.449439 0
10.452368 36.793872 0
-10.452368 -36.793872 0
8.6500476 -30.449439 0
-17.34275 -34.481304 10.388014
-4.8522566 -20.958525 21.208233
-5.8188704 -34.064261 9.4151301
13.069193 -25.984507 7.8282253
4.5557675 -19.677889 19.912339
5.213538 -30.520583 8.4356818
0 -26.679505 16.488841
-13.069193 25.984507 7.8282253
-4.5557675 19.677889 19.912339
-5.213538 30.520583 8.4356818
17.34275 34.481304 10.388014
4.8522566 20.958525 21.208233
5.8188704 34.064261 9.4151301
0 26.679505 16.488841
0 -7.1205689 25.065449
0 7.1205689 25.065449
-17.34275 -34.481304 -10.388014
-4.8522566 -20.958525 -21.208233
-5.8188704 -34.064261 -9.4151301
13.069193 -25.984507 -7.8282253
4.5557675 -19.677889 -19.912339
5.213538 -30.520583 -8.4356818
0 -26.679505 -16.488841
-13.069193 25.984507 -7.8282253
-4.5557675 19.677889 -19.912339
-5.213538 30.520583 -8.4356818
17.34275 34.481304 -10.388014
4.8522566 20.958525 -21.208233
5.8188704 34.064261 -9.4151301
0 26.679505 -16.488841
0 -7.1205689 -25.065449
0 7.1205689 -25.065449
29.652754 30.006048 -6.8651192
24.882201 7.4961391 -12.514776
22.020308 25.781826 -15.934045
19.682421 -19.916925 -4.5568168
22.523771 -6.7856262 -11.328577
16.683684 -19.533598 -12.072427
6.9008816 -11.520996 -22.906342
18.54107 -4.2420333 -18.322766
11.717333 -16.192957 -18.959044
6.8332949 -4.2232085 -24.723093
18.400407 -11.372077 -15.715824
7.302811 12.192015 -24.240481
19.443814 4.4485732 -19.214881
13.554129 18.731346 -21.931042
6.9708927 4.3082486 -25.220927
21.243394 13.12914 -18.144025
14.11491 0 -22.838404
29.652754 30.006048 6.8651192
24.882201 7.4961391 12.514776
22.020308 25.781826 15.934045
31.998275 19.776022 0
19.682421 -19.916925 4.5568168
22.523771 -6.7856262 11.328577
16.683684 -19.533598 12.072427
22.937164 -14.175947 0
6.9008816 -11.520996 22.906342
18.54107 -4.2420333 18.322766
11.717333 -16.192957 18.959044
6.8332949 -4.2232085 24.723093
18.400407 -11.372077 15.715824
7.302811 12.192015 24.240481
19.443814 4.4485732 19.214881
13.554129 18.731346 21.931042
6.9708927 4.3082486 25.220927
21.243394 13.12914 18.144025
14.11491 0 22.838404
25.866843 0 -7.3482281
25.866843 0 7.3482281
28.537432 7.8875522 -4.8747754
24.924001 -6.8888246 -4.2575277
28.537432 7.8875522 4.8747754
24.924001 -6.8888246 4.2575277
-19.682421 19.916925 -4.5568168
-22.523771 6.7856262 -11.328577
-16.683684 19.533598 -12.072427
-29.652754 -30.006048 -6.8651192
-24.882201 -7.4961391 -12.514776
-22.020308 -25.781826 -15.934045
-7.302811 -12.192015 -24.240481
-19.443814 -4.4485732 -19.214881
-13.554129 -18.731346 -21.931042
-6.9708927 -4.3082486 -25.220927
-21.243394 -13.12914 -18.144025
-6.9008816 11.520996 -22.906342
-18.54107 4.2420333 -18.322766
-11.717333 16.192957 -18.959044
-6.8332949 4.2232085 -24.723093
-18.400407 11.372077 -15.715824
-14.11491 0 -22.838404
-19.682421 19.916925 4.5568168
-22.523771 6.7856262 11.328577
-16.683684 19.533598 12.072427
-22.937164 14.175947 0
-29.652754 -30.006048 6.8651192
-24.882201 -7.4961391 12.514776
-22.020308 -25.781826 15.934045
-31.998275 -19.776022 0
-7.302811 -12.192015 24.240481
-19.443814 -4.4485732 19.214881
-13.554129 -18.731346 21.931042
-6.9708927 -4.3082486 25.220927
-21.243394 -13.12914 18.144025
-6.9008816 11.520996 22.906342
-18.54107 4.2420333 18.322766
-11.717333 16.192957 18.959044
-6.8332949 4.2232085 24.723093
-18.400407 11.372077 15.715824
-14.11491 0 22.838404
-25.866843 0 -7.3482281
-25.866843 0 7.3482281
-24.924001 6.8888246 -4.2575277
-28.537432 -7.8875522 -4.8747754
-24.924001 6.8888246 4.2575277
-28.537432 -7.8875522 4.8747754
-12.381411 28.088208 0
-4.5371608 32.5749 0
16.3085 36.997119 0
5.0025966 35.916532 0
-16.3085 -36.997119 0
-5.0025966 -35.916532 0
12.381411 -28.088208 0
4.5371608 -32.5749 0
-20.215004 -36.092169 5.4747897
-14.126937 -31.788422 14.449946
-14.129545 -36.457156 5.1928558
-2.3132585 -17.563253 22.361752
-7.6801323 -24.575648 19.657386
-2.9053258 -34.89142 4.7009159
-8.5308309 -31.846505 13.803174
-8.2017937 -36.008812 4.9479884
-11.401675 -34.676881 9.9946788
14.565207 -26.004938 3.9446665
11.236969 -25.285418 11.493899
11.07498 -28.575747 4.0702497
2.2533738 -17.108583 21.78286
6.8726851 -21.991898 17.590716
0 -20.414403 20.657628
2.7414909 -32.92385 4.4358254
7.3520892 -27.446136 11.89593
7.0407593 -30.911455 4.2475581
0 -32.512697 8.9862886
9.3344893 -28.389774 8.182589
-5.1552811 -27.687973 17.112108
4.7354989 -25.433407 15.71871
-2.5002159 -24.040361 19.111382
-2.7668243 -30.684552 13.430447
2.4074787 -23.148663 18.402508
2.6285135 -29.150661 12.759072
-14.565207 26.004938 3.9446665
-11.236969 25.285418 11.493899
-11.07498 28.575747 4.0702497
-2.2533738 17.108583 21.78286
-6.8726851 21.991898 17.590716
-2.7414909 32.92385 4.4358254
-7.3520892 27.446136 11.89593
-7.0407593 30.911455 4.2475581
-9.3344893 28.389774 8.182589
20.215004 36.092169 5.4747897
14.126937 31.788422 14.449946
14.129545 36.457156 5.1928558
2.3132585 17.563253 22.361752
7.6801323 24.575648 19.657386
0 20.414403 20.657628
2.9053258 34.89142 4.7009159
8.5308309 31.846505 13.803174
8.2017937 36.008812 4.9479884
0 32.512697 8.9862886
11.401675 34.676881 9.9946788
-4.7354989 25.433407 15.71871
5.1552811 27.687973 17.112108
-2.4074787 23.148663 18.402508
-2.6285135 29.150661 12.759072
2.5002159 24.040361 19.111382
2.7668243 30.684552 13.430447
0 -10.719535 24.318111
0 -3.552646 25.506499
0 10.719535 24.318111
0 3.552646 25.506499
-20.215004 -36.092169 -5.4747897
-14.126937 -31.788422 -14.449946
-14.129545 -36.457156 -5.1928558
-2.3132585 -17.563253 -22.361752
-7.6801323 -24.575648 -19.657386
-2.9053258 -34.89142 -4.7009159
-8.5308309 -31.846505 -13.803174
-8.2017937 -36.008812 -4.9479884
-11.401675 -34.676881 -9.9946788
14.565207 -26.004938 -3.9446665
11.236969 -25.285418 -11.493899
11.07498 -28.575747 -4.0702497
2.2533738 -17.108583 -21.78286
6.8726851 -21.991898 -17.590716
0 -20.414403 -20.657628
2.7414909 -32.92385 -4.4358254
7.3520892 -27.446136 -11.89593
7.0407593 -30.911455 -4.2475581
0 -32.512697 -8.9862886
9.3344893 -28.389774 -8.182589
-5.1552811 -27.687973 -17.112108
4.7354989 -25.433407 -15.71871
-2.5002159 -24.040361 -19.111382
-2.7668243 -30.684552 -13.430447
2.4074787 -23.148663 -18.402508
2.6285135 -29.150661 -12.759072
-14.565207 26.004938 -3.9446665
-11.236969 25.285418 -11.493899
-11.07498 28.575747 -4.0702497
-2.2533738 17.108583 -21.78286
-6.8726851 21.991898 -17.590716
-2.7414909 32.92385 -4.4358254
-7.3520892 27.446136 -11.89593
-7.0407593 30.911455 -4.2475581
-9.3344893 28.389774 -8.182589
20.215004 36.092169 -5.4747897
14.126937 31.788422 -14.449946
14.129545 36.457156 -5.1928558
2.3132585 17.563253 -22.361752
7.6801323 24.575648 -19.657386
0 20.414403 -20.657628
2.9053258 34.89142 -4.7009159
8.5308309 31.846505 -13.803174
8.2017937 36.008812 -4.9479884
0 32.512697 -8.9862886
11.401675 34.676881 -9.9946788
-4.7354989 25.433407 -15.71871
5.1552811 27.687973 -17.112108
-2.4074787 23.148663 -18.402508
-2.6285135 29.150661 -12.759072
2.5002159 24.040361 -19.111382
2.7668243 30.684552 -13.430447
0 -10.719535 -24.318111
0 -3.552646 -25.506499
0 10.719535 -24.318111
0 3.552646 -25.506499
27.388013 34.870757 -3.6072789
28.958026 23.16273 -9.0496686
24.152352 33.512977 -9.0065442
23.732159 3.5999106 -13.292237
26.131068 11.878303 -11.61278
16.766782 27.992079 -17.300057
25.535932 21.722162 -13.425034
20.480774 31.088985 -13.736068
25.86441 28.057609 -11.825523
17.951693 -22.856318 -2.3644199
20.911025 -16.726155 -6.5349014
16.739961 -23.227796 -6.2424229
22.64641 -3.4352143 -12.684116
22.234828 -10.107204 -9.8812711
13.171868 -21.990385 -13.590805
19.521161 -16.605691 -10.262882
15.106162 -22.930542 -10.131417
18.414807 -19.976309 -8.4194738
3.5130555 -12.971535 -23.159573
10.176666 -9.9491808 -22.387638
5.8091695 -15.578129 -21.615678
3.4514526 -9.3912591 -24.231397
20.687997 -2.1401134 -16.248662
16.083916 -6.2839789 -20.108098
20.763294 -5.5800929 -14.963827
10.577409 -20.119427 -17.114606
12.601691 -12.213244 -20.389964
8.2482166 -18.040239 -19.569979
14.399262 -18.135349 -15.82632
9.356171 -13.950253 -21.175919
3.4261699 -2.1174895 -25.429924
10.157308 -6.2775613 -23.434808
3.4349733 -5.6938174 -24.997898
6.9082834 -7.8807939 -23.968527
20.299846 -12.545995 -12.159264
16.050015 -9.9194549 -18.867925
20.635983 -9.1176108 -13.594555
17.748204 -15.488467 -14.091873
18.552292 -7.8192888 -17.102101
15.356578 -13.971876 -17.597072
3.6253474 13.38616 -23.89985
10.946133 10.701447 -24.080387
6.1958794 16.615148 -23.05461
3.5292879 9.6030457 -24.77785
21.220522 2.1952016 -16.666915
17.181156 6.7126703 -21.479867
22.275363 5.9864585 -16.053555
19.053721 0 -18.829381
12.494697 23.766327 -20.216845
14.112433 13.677418 -22.834397
9.2139109 20.152375 -21.861216
17.763124 22.372012 -19.523563
10.301563 15.359853 -23.315635
3.4431219 2.1279663 -25.555746
10.621249 6.5642928 -24.505208
3.4812809 5.7705769 -25.3349
6.9555294 0 -25.165342
7.1773501 8.1877383 -24.902063
24.395399 15.077186 -14.612432
17.908468 11.068042 -21.052667
23.344546 10.314337 -15.3789
21.903885 19.115039 -17.391437
20.351029 8.5774078 -18.760235
18.017048 16.392452 -20.6457
13.772155 -4.1490697 -22.283815
14.306697 4.3101086 -23.148722
16.532149 -2.1627919 -20.795923
10.543055 -2.1719888 -24.087725
16.901349 2.211092 -21.260344
10.708283 2.2060277 -24.465222
27.388013 34.870757 3.6072789
28.958026 23.16273 9.0496686
24.152352 33.512977 9.0065442
31.78104 32.159692 0
23.732159 3.5999106 13.292237
26.131068 11.878303 11.61278
16.766782 27.992079 17.300057
25.535932 21.722162 13.425034
20.480774 31.088985 13.736068
25.86441 28.057609 11.825523
30.489648 18.843639 -5.6769309
30.489648 18.843639 5.6769309
32.207834 25.604283 -3.3496394
32.207834 25.604283 3.3496394
17.951693 -22.856318 2.3644199
20.911025 -16.726155 6.5349014
16.739961 -23.227796 6.2424229
19.980318 -20.218371 0
22.64641 -3.4352143 12.684116
22.234828 -10.107204 9.8812711
13.171868 -21.990385 13.590805
19.521161 -16.605691 10.262882
15.106162 -22.930542 10.131417
18.414807 -19.976309 8.4194738
22.626728 -13.984087 -4.2129176
22.626728 -13.984087 4.2129176
21.553975 -17.134778 -2.2416299
21.553975 -17.134778 2.2416299
3.5130555 -12.971535 23.159573
10.176666 -9.9491808 22.387638
5.8091695 -15.578129 21.615678
3.4514526 -9.3912591 24.231397
20.687997 -2.1401134 16.248662
16.083916 -6.2839789 20.108098
20.763294 -5.5800929 14.963827
10.577409 -20.119427 17.114606
12.601691 -12.213244 20.389964
8.2482166 -18.040239 19.569979
14.399262 -18.135349 15.82632
9.356171 -13.950253 21.175919
3.4261699 -2.1174895 25.429924
10.157308 -6.2775613 23.434808
3.4349733 -5.6938174 24.997898
6.9082834 -7.8807939 23.968527
20.299846 -12.545995 12.159264
16.050015 -9.9194549 18.867925
20.635983 -9.1176108 13.594555
17.748204 -15.488467 14.091873
18.552292 -7.8192888 17.102101
15.356578 -13.971876 17.597072
3.6253474 13.38616 23.89985
10.946133 10.701447 24.080387
6.1958794 16.615148 23.05461
3.5292879 9.6030457 24.77785
21.220522 2.1952016 16.666915
17.181156 6.7126703 21.479867
22.275363 5.9864585 16.053555
19.053721 0 18.829381
12.494697 23.766327 20.216845
14.112433 13.677418 22.834397
9.2139109 20.152375 21.861216
17.763124 22.372012 19.523563
10.301563 15.359853 23.315635
3.4431219 2.1279663 25.555746
10.621249 6.5642928 24.505208
3.4812809 5.7705769 25.3349
6.9555294 0 25.165342
7.1773501 8.1877383 24.902063
24.395399 15.077186 14.612432
17.908468 11.068042 21.052667
23.344546 10.314337 15.3789
21.903885 19.115039 17.391437
20.351029 8.5774078 18.760235
18.017048 16.392452 20.6457
13.772155 -4.1490697 22.283815
14.306697 4.3101086 23.148722
16.532149 -2.1627919 20.795923
10.543055 -2.1719888 24.087725
16.901349 2.211092 21.260344
10.708283 2.2060277 24.465222
24.408284 0 -10.759284
26.872102 0 -3.7428526
25.590317 3.6450134 -9.91793
24.240218 -3.4527091 -9.3946779
24.408284 0 10.759284
26.872102 0 3.7428526
25.590317 3.6450134 9.91793
24.240218 -3.4527091 9.3946779
28.428933 12.321902 -7.6153545
28.071908 3.782124 -2.3374812
26.941681 7.7652152 -8.8583599
30.317618 13.269843 -2.7337379
27.151955 3.7309633 -6.184451
23.47294 -10.173835 -6.2877757
26.172016 -3.5261519 -2.1792817
23.938726 -6.8996941 -7.8709954
24.114252 -10.554666 -2.1743807
25.483146 -3.5016515 -5.8043432
28.428933 12.321902 7.6153545
28.071908 3.782124 2.3374812
26.941681 7.7652152 8.8583599
30.317618 13.269843 2.7337379
27.151955 3.7309633 6.184451
29.330275 8.1066887 0
23.47294 -10.173835 6.2877757
26.172016 -3.5261519 2.1792817
23.938726 -6.8996941 7.8709954
24.114252 -10.554666 2.1743807
25.483146 -3.5016515 5.8043432
25.309694 -6.9954273 0
-17.951693 22.856318 -2.3644199
-20.911025 16.726155 -6.5349014
-16.739961 23.227796 -6.2424229
-22.64641 3.4352143 -12.684116
-22.234828 10.107204 -9.8812711
-13.171868 21.990385 -13.590805
-19.521161 16.605691 -10.262882
-15.106162 22.930542 -10.131417
-18.414807 19.976309 -8.4194738
-27.388013 -34.870757 -3.6072789
-28.958026 -23.16273 -9.0496686
-24.152352 -33.512977 -9.0065442
-23.732159 -3.5999106 -13.292237
-26.131068 -11.878303 -11.61278
-16.766782 -27.992079 -17.300057
-25.535932 -21.722162 -13.425034
-20.480774 -31.088985 -13.736068
-25.86441 -28.057609 -11.825523
-3.6253474 -13.38616 -23.89985
-10.946133 -10.701447 -24.080387
-6.1958794 -16.615148 -23.05461
-3.5292879 -9.6030457 -24.77785
-21.220522 -2.1952016 -16.666915
-17.181156 -6.7126703 -21.479867
-22.275363 -5.9864585 -16.053555
-12.494697 -23.766327 -20.216845
-14.112433 -13.677418 -22.834397
-9.2139109 -20.152375 -21.861216
-17.763124 -22.372012 -19.523563
-10.301563 -15.359853 -23.315635
-3.4431219 -2.1279663 -25.555746
-10.621249 -6.5642928 -24.505208
-3.4812809 -5.7705769 -25.3349
-7.1773501 -8.1877383 -24.902063
-24.395399 -15.077186 -14.612432
-17.908468 -11.068042 -21.052667
-23.344546 -10.314337 -15.3789
-21.903885 -19.115039 -17.391437
-20.351029 -8.5774078 -18.760235
-18.017048 -16.392452 -20.6457
-3.5130555 12.971535 -23.159573
-10.176666 9.9491808 -22.387638
-5.8091695 15.578129 -21.615678
-3.4514526 9.3912591 -24.231397
-20.687997 2.1401134 -16.248662
-16.083916 6.2839789 -20.108098
-20.763294 5.5800929 -14.963827
-19.053721 0 -18.829381
-10.577409 20.119427 -17.114606
-12.601691 12.213244 -20.389964
-8.2482166 18.040239 -19.569979
-14.399262 18.135349 -15.82632
-9.356171 13.950253 -21.175919
-3.4261699 2.1174895 -25.429924
-10.157308 6.2775613 -23.434808
-3.4349733 5.6938174 -24.997898
-6.9555294 0 -25.165342
-6.9082834 7.8807939 -23.968527
-20.299846 12.545995 -12.159264
-16.050015 9.9194549 -18.867925
-20.635983 9.1176108 -13.594555
-17.748204 15.488467 -14.091873
-18.552292 7.8192888 -17.102101
-15.356578 13.971876 -17.597072
-14.306697 -4.3101086 -23.148722
-13.772155 4.1490697 -22.283815
-16.901349 -2.211092 -21.260344
-10.708283 -2.2060277 -24.465222
-16.532149 2.1627919 -20.795923
-10.543055 2.1719888 -24.087725
-17.951693 22.856318 2.3644199
-20.911025 16.726155 6.5349014
-16.739961 23.227796 6.2424229
-19.980318 20.218371 0
-22.64641 3.4352143 12.684116
-22.234828 10.107204 9.8812711
-13.171868 21.990385 13.590805
-19.521161 16.605691 10.262882
-15.106162 22.930542 10.131417
-18.414807 19.976309 8.4194738
-22.626728 13.984087 -4.2129176
-22.626728 13.984087 4.2129176
-21.553975 17.134778 -2.2416299
-21.553975 17.134778 2.2416299
-27.388013 -34.870757 3.6072789
-28.958026 -23.16273 9.0496686
-24.152352 -33.512977 9.0065442
-31.78104 -32.159692 0
-23.732159 -3.5999106 13.292237
-26.131068 -11.878303 11.61278
-16.766782 -27.992079 17.300057
-25.535932 -21.722162 13.425034
-20.480774 -31.088985 13.736068
-25.86441 -28.057609 11.825523
-30.489648 -18.843639 -5.6769309
-30.489648 -18.843639 5.6769309
-32.207834 -25.604283 -3.3496394
-32.207834 -25.604283 3.3496394
-3.6253474 -13.38616 23.89985
-10.946133 -10.701447 24.080387
-6.1958794 -16.615148 23.05461
-3.5292879 -9.6030457 24.77785
-21.220522 -2.1952016 16.666915
-17.181156 -6.7126703 21.479867
-22.275363 -5.9864585 16.053555
-12.494697 -23.766327 20.216845
-14.112433 -13.677418 22.834397
-9.2139109 -20.152375 21.861216
-17.763124 -22.372012 19.523563
-10.301563 -15.359853 23.315635
-3.4431219 -2.1279663 25.555746
-10.621249 -6.5642928 24.505208
-3.4812809 -5.7705769 25.3349
-7.1773501 -8.1877383 24.902063
-24.395399 -15.077186 14.612432
-17.908468 -11.068042 21.052667
-23.344546 -10.314337 15.3789
-21.903885 -19.115039 17.391437
-20.351029 -8.5774078 18.760235
-18.017048 -16.392452 20.6457
-3.5130555 12.971535 23.159573
-10.176666 9.9491808 22.387638
-5.8091695 15.578129 21.615678
-3.4514526 9.3912591 24.231397
-20.687997 2.1401134 16.248662
-16.083916 6.2839789 20.108098
-20.763294 5.5800929 14.963827
-19.053721 0 18.829381
-10.577409 20.119427 17.114606
-12.601691 12.213244 20.389964
-8.2482166 18.040239 19.569979
-14.399262 18.135349 15.82632
-9.356171 13.950253 21.175919
-3.4261699 2.1174895 25.429924
-10.157308 6.2775613 23.434808
-3.4349733 5.6938174 24.997898
-6.9555294 0 25.165342
-6.9082834 7.8807939 23.968527
-20.299846 12.545995 12.159264
-16.050015 9.9194549 18.867925
-20.635983 9.1176108 13.594555
-17.748204 15.488467 14.091873
-18.552292 7.8192888 17.102101
-15.356578 13.971876 17.597072
-14.306697 -4.3101086 23.148722
-13.772155 4.1490697 22.283815
-16.901349 -2.211092 21.260344
-10.708283 -2.2060277 24.465222
-16.532149 2.1627919 20.795923
-10.543055 2.1719888 24.087725
-24.408284 0 -10.759284
-26.872102 0 -3.7428526
-24.240218 3.4527091 -9.3946779
-25.590317 -3.6450134 -9.91793
-24.408284 0 10.759284
-26.872102 0 3.7428526
-24.240218 3.4527091 9.3946779
-25.590317 -3.6450134 9.91793
-23.47294 10.173835 -6.2877757
-26.172016 3.5261519 -2.1792817
-23.938726 6.8996941 -7.8709954
-24.114252 10.554666 -2.1743807
-25.483146 3.5016515 -5.8043432
-28.428933 -12.321902 -7.6153545
-28.071908 -3.782124 -2.3374812
-26.941681 -7.7652152 -8.8583599
-30.317618 -13.269843 -2.7337379
-27.151955 -3.7309633 -6.184451
-23.47294 10.173835 6.2877757
-26.172016 3.5261519 2.1792817
-23.938726 6.8996941 7.8709954
-24.114252 10.554666 2.1743807
-25.483146 3.5016515 5.8043432
-25.309694 6.9954273 0
-28.428933 -12.321902 7.6153545
-28.071908 -3.782124 2.3374812
-26.941681 -7.7652152 8.8583599
-30.317618 -13.269843 2.7337379
-27.151955 -3.7309633 6.184451
-29.330275 -8.1066887 0
-14.098557 26.793783 0
-10.56299 29.302243 0
-2.3252158 33.549291 0
-6.6429913 31.539477 0
19.389446 36.848921 0
13.330431 36.979261 0
2.4427349 35.244912 0
7.6747463 36.438025 0
-19.389446 -36.848921 0
-13.330431 -36.979261 0
-2.4427349 -35.244912 0
-7.6747463 -36.438025 0
14.098557 -26.793783 0
10.56299 -29.302243 0
2.3252158 -33.549291 0
6.6429913 -31.539477 0
-21.473063 -36.467782 2.7889031
-18.831466 -35.426472 8.019818
-18.337234 -36.764911 2.7099124
-12.462365 -30.113632 16.097986
-15.766 -33.261266 12.541933
-12.321553 -36.803823 2.5688212
-15.828772 -35.708838 7.8242356
-15.266772 -36.871705 2.6391732
-17.133753 -36.379931 5.3445633
-1.132627 -15.942892 22.830886
-3.5502711 -19.233118 21.825108
-9.2115962 -26.443231 18.669775
-6.2270759 -22.74131 20.493516
-1.4405668 -34.816537 2.330886
-4.3730859 -34.647395 7.0758016
-3.9561071 -35.539833 2.3908093
-9.7386571 -30.228464 15.757478
-7.2146292 -33.13035 11.673515
-11.293368 -31.925327 14.165599
-9.35081 -36.546529 2.5167381
-7.019009 -35.178793 7.2590046
-6.6106351 -36.126806 2.4516
-11.112175 -36.327328 5.0810271
-5.4968142 -35.524665 4.8333283
-14.340986 -34.702374 10.221505
-8.5561237 -34.453764 9.7227794
-12.85075 -33.445816 12.307285
-12.800696 -35.725164 7.6813011
-9.9730987 -33.381541 12.011073
-9.8422957 -35.539555 7.4920289
15.179239 -25.778958 1.9714667
13.861295 -26.076397 5.903155
13.535374 -27.137506 2.000284
10.213467 -24.679473 13.193022
12.192267 -25.72182 9.69901
9.9118102 -29.60605 2.0664334
12.130721 -27.366239 5.9962719
11.765606 -28.415828 2.0339253
12.873327 -27.33381 4.0156008
1.1192811 -15.755035 22.561865
3.3999812 -18.418943 20.901209
0 -17.356792 22.098883
8.0166533 -23.012973 16.247902
5.7157489 -20.873941 18.810722
-2.3819735 -20.71243 20.959206
2.3081786 -20.070747 20.309877
-1.1695096 -19.017465 21.564221
1.1527109 -18.7443 21.254475
1.398833 -33.807887 2.2633593
4.0161667 -31.819571 6.4982942
3.6583634 -32.865042 2.2108727
0 -33.973974 4.5773085
8.2878275 -25.725138 13.409987
6.3268613 -29.053625 10.237077
9.339211 -26.401102 11.714443
7.8751954 -30.779265 2.1195816
6.1513809 -30.8303 6.3617103
5.82738 -31.846354 2.1611244
9.1082634 -29.776247 4.1647412
4.9431999 -31.946782 4.3465374
-2.8300754 -33.358161 9.2199688
2.6774946 -31.559688 8.7228831
-1.4257 -33.83075 6.9250437
1.3852707 -32.871395 6.7286668
11.25233 -27.228433 8.0200727
7.3218386 -29.48355 8.3201954
10.33813 -26.906383 9.9009255
10.242017 -28.584208 6.1459174
8.3705369 -28.017513 10.081032
8.2365015 -29.741191 6.2696863
-7.9215118 -28.067624 17.346746
-2.5181064 -27.217062 16.82107
-6.4512042 -26.210509 18.460513
-6.8080751 -29.829647 15.601533
6.9754592 -24.715556 15.275054
2.4133805 -26.085127 16.121495
5.8379733 -23.719021 16.705715
6.0612772 -26.557545 13.890155
-3.6980321 -22.546144 20.225751
-1.2649981 -25.424965 17.865636
-5.0353531 -24.349468 19.415956
-1.2148893 -22.205756 19.936086
-3.7911093 -25.857149 18.18347
-4.2671825 -32.494825 11.548541
-1.3406334 -28.720638 15.069064
-5.5743107 -31.327038 13.645655
-1.3934949 -31.769417 11.27361
-3.9919415 -29.312159 15.363074
3.5107426 -21.404278 19.201403
1.2393634 -24.909737 17.503595
4.673695 -22.600597 18.021428
1.1939663 -21.823326 19.592745
3.5700766 -24.349602 17.12332
0 -23.620467 18.777578
3.937711 -29.985882 10.656872
1.3086819 -28.036134 14.70992
5.0421045 -28.336096 12.342839
1.3562417 -30.920105 10.972226
3.7219157 -27.329404 14.323874
0 -29.958616 13.112709
-15.179239 25.778958 1.9714667
-13.861295 26.076397 5.903155
-13.535374 27.137506 2.000284
-10.213467 24.679473 13.193022
-12.192267 25.72182 9.69901
-9.9118102 29.60605 2.0664334
-12.130721 27.366239 5.9962719
-11.765606 28.415828 2.0339253
-12.873327 27.33381 4.0156008
-1.1192811 15.755035 22.561865
-3.3999812 18.418943 20.901209
-8.0166533 23.012973 16.247902
-5.7157489 20.873941 18.810722
-1.398833 33.807887 2.2633593
-4.0161667 31.819571 6.4982942
-3.6583634 32.865042 2.2108727
-8.2878275 25.725138 13.409987
-6.3268613 29.053625 10.237077
-9.339211 26.401102 11.714443
-7.8751954 30.779265 2.1195816
-6.1513809 30.8303 6.3617103
-5.82738 31.846354 2.1611244
-9.1082634 29.776247 4.1647412
-4.9431999 31.946782 4.3465374
-11.25233 27.228433 8.0200727
-7.3218386 29.48355 8.3201954
-10.33813 26.906383 9.9009255
-10.242017 28.584208 6.1459174
-8.3705369 28.017513 10.081032
-8.2365015 29.741191 6.2696863
21.473063 36.467782 2.7889031
18.831466 35.426472 8.019818
18.337234 36.764911 2.7099124
12.462365 30.113632 16.097986
15.766 33.261266 12.541933
12.321553 36.803823 2.5688212
15.828772 35.708838 7.8242356
15.266772 36.871705 2.6391732
17.133753 36.379931 5.3445633
1.132627 15.942892 22.830886
3.5502711 19.233118 21.825108
0 17.356792 22.098883
9.2115962 26.443231 18.669775
6.2270759 22.74131 20.493516
-2.3081786 20.070747 20.309877
2.3819735 20.71243 20.959206
-1.1527109 18.7443 21.254475
1.1695096 19.017465 21.564221
1.4405668 34.816537 2.330886
4.3730859 34.647395 7.0758016
3.9561071 35.539833 2.3908093
0 33.973974 4.5773085
9.7386571 30.228464 15.757478
7.2146292 33.13035 11.673515
11.293368 31.925327 14.165599
9.35081 36.546529 2.5167381
7.019009 35.178793 7.2590046
6.6106351 36.126806 2.4516
11.112175 36.327328 5.0810271
5.4968142 35.524665 4.8333283
-2.6774946 31.559688 8.7228831
2.8300754 33.358161 9.2199688
-1.3852707 32.871395 6.7286668
1.4257 33.83075 6.9250437
14.340986 34.702374 10.221505
8.5561237 34.453764 9.7227794
12.85075 33.445816 12.307285
12.800696 35.725164 7.6813011
9.9730987 33.381541 12.011073
9.8422957 35.539555 7.4920289
-6.9754592 24.715556 15.275054
-2.4133805 26.085127 16.121495
-5.8379733 23.719021 16.705715
-6.0612772 26.557545 13.890155
7.9215118 28.067624 17.346746
2.5181064 27.217062 16.82107
6.4512042 26.210509 18.460513
6.8080751 29.829647 15.601533
-3.5107426 21.404278 19.201403
-1.2393634 24.909737 17.503595
-4.673695 22.600597 18.021428
-1.1939663 21.823326 19.592745
-3.5700766 24.349602 17.12332
-3.937711 29.985882 10.656872
-1.3086819 28.036134 14.70992
-5.0421045 28.336096 12.342839
-1.3562417 30.920105 10.972226
-3.7219157 27.329404 14.323874
3.6980321 22.546144 20.225751
1.2649981 25.424965 17.865636
5.0353531 24.349468 19.415956
1.2148893 22.205756 19.936086
3.7911093 25.857149 18.18347
0 23.620467 18.777578
4.2671825 32.494825 11.548541
1.3406334 28.720638 15.069064
5.5743107 31.327038 13.645655
1.3934949 31.769417 11.27361
3.9919415 29.312159 15.363074
0 29.958616 13.112709
0 -12.53537 23.823004
0 -8.9151886 24.731164
0 -1.775379 25.615991
0 -5.3337203 25.323344
0 12.53537 23.823004
0 8.9151886 24.731164
0 1.775379 25.615991
0 5.3337203 25.323344
-21.473063 -36.467782 -2.7889031
-18.831466 -35.426472 -8.019818
-18.337234 -36.764911 -2.7099124
-12.462365 -30.113632 -16.097986
-15.766 -33.261266 -12.541933
-12.321553 -36.803823 -2.5688212
-15.828772 -35.708838 -7.8242356
-15.266772 -36.871705 -2.6391732
-17.133753 -36.379931 -5.3445633
-1.132627 -15.942892 -22.830886
-3.5502711 -19.233118 -21.825108
-9.2115962 -26.443231 -18.669775
-6.2270759 -22.74131 -20.493516
-1.4405668 -34.816537 -2.330886
-4.3730859 -34.647395 -7.0758016
-3.9561071 -35.539833 -2.3908093
-9.7386571 -30.228464 -15.757478
-7.2146292 -33.13035 -11.673515
-11.293368 -31.925327 -14.165599
-9.35081 -36.546529 -2.5167381
-7.019009 -35.178793 -7.2590046
-6.6106351 -36.126806 -2.4516
-11.112175 -36.327328 -5.0810271
-5.4968142 -35.524665 -4.8333283
-14.340986 -34.702374 -10.221505
-8.5561237 -34.453764 -9.7227794
-12.85075 -33.445816 -12.307285
-12.800696 -35.725164 -7.6813011
-9.9730987 -33.381541 -12.011073
-9.8422957 -35.539555 -7.4920289
15.179239 -25.778958 -1.9714667
13.861295 -26.076397 -5.903155
13.535374 -27.137506 -2.000284
10.213467 -24.679473 -13.193022
12.192267 -25.72182 -9.69901
9.9118102 -29.60605 -2.0664334
12.130721 -27.366239 -5.9962719
11.765606 -28.415828 -2.0339253
12.873327 -27.33381 -4.0156008
1.1192811 -15.755035 -22.561865
3.3999812 -18.418943 -20.901209
0 -17.356792 -22.098883
8.0166533 -23.012973 -16.247902
5.7157489 -20.873941 -18.810722
-2.3819735 -20.71243 -20.959206
2.3081786 -20.070747 -20.309877
-1.1695096 -19.017465 -21.564221
1.1527109 -18.7443 -21.254475
1.398833 -33.807887 -2.2633593
4.0161667 -31.819571 -6.4982942
3.6583634 -32.865042 -2.2108727
0 -33.973974 -4.5773085
8.2878275 -25.725138 -13.409987
6.3268613 -29.053625 -10.237077
9.339211 -26.401102 -11.714443
7.8751954 -30.779265 -2.1195816
6.1513809 -30.8303 -6.3617103
5.82738 -31.846354 -2.1611244
9.1082634 -29.776247 -4.1647412
4.9431999 -31.946782 -4.3465374
-2.8300754 -33.358161 -9.2199688
2.6774946 -31.559688 -8.7228831
-1.4257 -33.83075 -6.9250437
1.3852707 -32.871395 -6.7286668
11.25233 -27.228433 -8.0200727
7.3218386 -29.48355 -8.3201954
10.33813 -26.906383 -9.9009255
10.242017 -28.584208 -6.1459174
8.3705369 -28.017513 -10.081032
8.2365015 -29.741191 -6.2696863
-7.9215118 -28.067624 -17.346746
-2.5181064 -27.217062 -16.82107
-6.4512042 -26.210509 -18.460513
-6.8080751 -29.829647 -15.601533
6.9754592 -24.715556 -15.275054
2.4133805 -26.085127 -16.121495
5.8379733 -23.719021 -16.705715
6.0612772 -26.557545 -13.890155
-3.6980321 -22.546144 -20.225751
-1.2649981 -25.424965 -17.865636
-5.0353531 -24.349468 -19.415956
-1.2148893 -22.205756 -19.936086
-3.7911093 -25.857149 -18.18347
-4.2671825 -32.494825 -11.548541
-1.3406334 -28.720638 -15.069064
-5.5743107 -31.327038 -13.645655
-1.3934949 -31.769417 -11.27361
-3.9919415 -29.312159 -15.363074
3.5107426 -21.404278 -19.201403
1.2393634 -24.909737 -17.503595
4.673695 -22.600597 -18.021428
1.1939663 -21.823326 -19.592745
3.5700766 -24.349602 -17.12332
0 -23.620467 -18.777578
3.937711 -29.985882 -10.656872
1.3086819 -28.036134 -14.70992
5.0421045 -28.336096 -12.342839
1.3562417 -30.920105 -10.972226
3.7219157 -27.329404 -14.323874
0 -29.958616 -13.112709
-15.179239 25.778958 -1.9714667
-13.861295 26.076397 -5.903155
-13.535374 27.137506 -2.000284
-10.213467 24.679473 -13.193022
-12.192267 25.72182 -9.69901
-9.9118102 29.60605 -2.0664334
-12.130721 27.366239 -5.9962719
-11.765606 28.415828 -2.0339253
-12.873327 27.33381 -4.0156008
-1.1192811 15.755035 -22.561865
-3.3999812 18.418943 -20.901209
-8.0166533 23.012973 -16.247902
-5.7157489 20.873941 -18.810722
-1.398833 33.807887 -2.2633593
-4.0161667 31.819571 -6.4982942
-3.6583634 32.865042 -2.2108727
-8.2878275 25.725138 -13.409987
-6.3268613 29.053625 -10.237077
-9.339211 26.401102 -11.714443
-7.8751954 30.779265 -2.1195816
-6.1513809 30.8303 -6.3617103
-5.82738 31.846354 -2.1611244
-9.1082634 29.776247 -4.1647412
-4.9431999 31.946782 -4.3465374
-11.25233 27.228433 -8.0200727
-7.3218386 29.48355 -8.3201954
-10.33813 26.906383 -9.9009255
-10.242017 28.584208 -6.1459174
-8.3705369 28.017513 -10.081032
-8.2365015 29.741191 -6.2696863
21.473063 36.467782 -2.7889031
18.831466 35.426472 -8.019818
18.337234 36.764911 -2.7099124
12.462365 30.113632 -16.097986
15.766 33.261266 -12.541933
12.321553 36.803823 -2.5688212
15.828772 35.708838 -7.8242356
15.266772 36.871705 -2.6391732
17.133753 36.379931 -5.3445633
1.132627 15.942892 -22.830886
3.5502711 19.233118 -21.825108
0 17.356792 -22.098883
9.2115962 26.443231 -18.669775
6.2270759 22.74131 -20.493516
-2.3081786 20.070747 -20.309877
2.3819735 20.71243 -20.959206
-1.1527109 18.7443 -21.254475
1.1695096 19.017465 -21.564221
1.4405668 34.816537 -2.330886
4.3730859 34.647395 -7.0758016
3.9561071 35.539833 -2.3908093
0 33.973974 -4.5773085
9.7386571 30.228464 -15.757478
7.2146292 33.13035 -11.673515
11.293368 31.925327 -14.165599
9.35081 36.546529 -2.5167381
7.019009 35.178793 -7.2590046
6.6106351 36.126806 -2.4516
11.112175 36.327328 -5.0810271
5.4968142 35.524665 -4.8333283
-2.6774946 31.559688 -8.7228831
2.8300754 33.358161 -9.2199688
-1.3852707 32.871395 -6.7286668
1.4257 33.83075 -6.9250437
14.340986 34.702374 -10.221505
8.5561237 34.453764 -9.7227794
12.85075 33.445816 -12.307285
12.800696 35.725164 -7.6813011
9.9730987 33.381541 -12.011073
9.8422957 35.539555 -7.4920289
-6.9754592 24.715556 -15.275054
-2.4133805 26.085127 -16.121495
-5.8379733 23.719021 -16.705715
-6.0612772 26.557545 -13.890155
7.9215118 28.067624 -17.346746
2.5181064 27.217062 -16.82107
6.4512042 26.210509 -18.460513
6.8080751 29.829647 -15.601533
-3.5107426 21.404278 -19.201403
-1.2393634 24.909737 -17.503595
-4.673695 22.600597 -18.021428
-1.1939663 21.823326 -19.592745
-3.5700766 24.349602 -17.12332
-3.937711 29.985882 -10.656872
-1.3086819 28.036134 -14.70992
-5.0421045 28.336096 -12.342839
-1.3562417 30.920105 -10.972226
-3.7219157 27.329404 -14.323874
3.6980321 22.546144 -20.225751
1.2649981 25.424965 -17.865636
5.0353531 24.349468 -19.415956
1.2148893 22.205756 -19.936086
3.7911093 25.857149 -18.18347
0 23.620467 -18.777578
4.2671825 32.494825 -11.548541
1.3406334 28.720638 -15.069064
5.5743107 31.327038 -13.645655
1.3934949 31.769417 -11.27361
3.9919415 29.312159 -15.363074
0 29.958616 -13.112709
0 -12.53537 -23.823004
0 -8.9151886 -24.731164
0 -1.775379 -25.615991
0 -5.3337203 -25.323344
0 12.53537 -23.823004
0 8.9151886 -24.731164
0 1.775379 -25.615991
0 5.3337203 -25.323344
25.118031 35.970066 -1.7844541
28.993722 32.90112 -5.351996
23.824288 35.707128 -4.5974493
28.24977 19.94525 -9.8409104
29.515888 26.598482 -8.0821059
20.787898 34.234602 -9.7806296
27.215825 32.156792 -8.0385737
22.35722 35.103802 -7.2898775
25.849917 34.335169 -6.4055421
23.177546 1.7725215 -13.647468
24.298087 5.5005827 -12.916008
26.806439 14.330044 -11.093701
25.491153 9.6120319 -12.08293
13.792569 28.325147 -17.505904
19.571272 27.167586 -16.790491
15.563809 30.072334 -15.995873
26.682961 19.385823 -11.981097
24.005462 23.90906 -14.776611
27.254406 22.467683 -11.3207
19.07348 33.049373 -12.167644
21.464527 28.614835 -15.000739
17.345789 31.675449 -14.204383
22.353972 32.401123 -11.49541
18.6402 29.616952 -15.651786
27.778261 29.086487 -9.4574751
23.948464 26.959549 -13.985416
27.690072 25.781214 -10.49833
25.350649 31.098151 -10.588793
25.837697 24.870435 -12.737506
23.42021 29.906185 -12.925684
16.889316 -24.186204 -1.1998636
18.882981 -21.427784 -3.4856387
16.349047 -24.503461 -3.154928
21.363278 -15.083164 -7.4419759
20.355097 -18.343161 -5.5736779
14.986998 -24.681376 -7.0513276
18.307984 -21.631755 -5.4075187
15.712336 -24.670453 -5.1232222
17.399075 -23.110333 -4.3114455
22.654005 -1.7324834 -13.339196
22.603729 -5.1170152 -12.015347
22.012513 -11.767332 -9.1097602
22.402691 -8.4474556 -10.618984
11.206538 -23.014337 -14.223643
15.005931 -20.830273 -12.873817
12.252382 -23.674007 -12.592518
20.69279 -15.033817 -9.29141
18.189149 -18.116103 -11.196368
20.274923 -16.714014 -8.4216224
14.143782 -24.50749 -9.0228163
15.952484 -21.266609 -11.148583
13.240252 -24.178255 -10.842378
15.977867 -23.159233 -8.2165326
14.182711 -22.534558 -11.908926
19.107736 -20.007622 -6.5054807
17.605559 -19.819139 -10.281288
19.748648 -18.387244 -7.4874424
17.644865 -21.64531 -7.3701398
19.022551 -18.310421 -9.3777653
16.854982 -21.522787 -9.3023145
1.7756403 -13.671481 -23.218327
5.2200738 -12.257341 -23.058977
2.8998264 -15.027093 -22.522156
1.7540514 -11.869185 -23.796911
11.754838 -9.1000877 -21.989141
8.5550145 -10.754192 -22.687938
5.2047274 -17.621403 -20.820526
6.3733626 -13.546041 -22.308332
4.0520358 -16.352213 -21.719837
4.6598643 -14.29127 -22.439191
1.7244708 -8.2715596 -24.706709
5.178559 -10.476452 -23.634299
1.7389214 -10.059103 -24.294349
3.487111 -11.17908 -23.736431
21.67672 -1.0753695 -15.136934
19.647457 -3.1960344 -17.314088
21.724082 -2.7970708 -14.494607
14.721815 -7.2636878 -20.851476
17.356164 -5.273773 -19.259843
21.69954 -6.1994341 -13.176371
19.713007 -4.927869 -16.684057
21.730925 -4.5127812 -13.840184
20.742948 -3.869788 -15.616742
9.8967945 -22.041034 -16.01335
11.182295 -18.166286 -18.093333
8.7588895 -21.086888 -17.383373
11.914241 -21.138489 -15.43759
12.962222 -10.212689 -20.973316
12.188527 -14.207146 -19.72145
11.410736 -11.102521 -21.45225
6.4273933 -18.87838 -19.767464
10.01493 -17.149451 -19.305684
7.5906983 -20.020992 -18.640814
7.0324914 -16.8365 -20.653673
9.425814 -19.120016 -18.404238
15.600753 -18.910408 -14.019923
13.097883 -17.223318 -17.475621
13.837164 -20.090101 -14.771472
12.547254 -19.189441 -16.525408
8.1363676 -12.754223 -22.099746
10.552887 -15.100104 -20.130282
9.7873765 -11.951929 -21.825626
7.6035683 -14.785897 -21.431524
11.009305 -13.111324 -20.832258
8.8285557 -15.996572 -20.42665
1.7136896 -1.0591184 -25.597449
5.1346456 -3.1733855 -25.142324
1.7147953 -2.8374969 -25.490757
11.751046 -7.2625458 -22.542698
8.5122366 -5.2608515 -24.158394
10.181935 -8.1174364 -22.947256
1.7252591 -6.4101108 -25.053156
5.1363808 -4.9665629 -24.892073
1.7174662 -4.6310746 -25.308602
3.4484762 -7.5417963 -24.655237
3.435498 -3.9070994 -25.250699
6.9150215 -9.7019203 -23.476745
6.8810238 -6.055356 -24.383683
8.5571052 -8.9349696 -23.254468
5.188305 -8.6461804 -24.130423
8.5441825 -7.0944517 -23.746254
5.1756739 -6.7992948 -24.55158
21.074571 -13.024801 -10.261993
19.407361 -11.994409 -13.980879
21.313927 -11.33716 -11.030932
19.965217 -14.580741 -11.252952
14.71214 -9.0926024 -20.250028
17.280712 -10.680068 -17.350389
16.086821 -8.1056011 -19.514106
14.391627 -11.107 -19.706266
21.615185 -7.9579691 -12.474573
19.569923 -10.25913 -14.679768
21.492798 -9.6381246 -11.769669
20.720743 -7.3513945 -14.29552
20.494566 -10.830843 -12.898789
17.276475 -17.529557 -13.138308
18.117005 -13.431704 -14.94621
18.697309 -16.101598 -12.225468
16.16172 -16.870618 -15.014699
19.099054 -14.042793 -13.154575
18.565207 -6.0364794 -17.730197
18.499098 -9.5965095 -16.432952
17.377789 -7.0763835 -18.664451
19.700911 -6.7080796 -16.059825
17.352537 -8.8871808 -18.027413
19.653595 -8.4944356 -15.391176
13.602745 -15.136537 -18.34771
16.957746 -12.709739 -16.71292
14.022174 -13.13526 -19.07101
14.923252 -16.063287 -16.767868
15.735312 -11.947358 -18.271975
16.611778 -14.784334 -15.913757
1.8051185 13.898447 -23.603784
5.4599142 12.820514 -24.11844
2.9878493 15.483234 -23.205806
1.7790179 12.038127 -24.135627
12.687493 9.8221088 -23.733808
9.1397866 11.489287 -24.238756
5.5543329 18.805046 -22.219057
6.7781267 14.406333 -23.725106
4.2434053 17.124495 -22.745622
4.8823227 14.973525 -23.510421
1.7412647 8.352113 -24.947318
5.3787237 10.881394 -24.547826
1.7597063 10.179337 -24.584734
3.5820925 11.483574 -24.382961
21.96519 1.0896803 -15.338374
20.384454 3.315921 -17.963558
22.507235 2.8979052 -15.017138
20.966489 0 -16.467393
15.829241 7.8100871 -22.419995
18.381854 5.585435 -20.398034
23.598484 6.7419517 -14.329446
20.897461 5.2239597 -17.686517
23.051679 4.7870574 -14.681357
21.746909 4.0570863 -16.372595
18.814049 -2.1381806 -18.592531
19.263337 2.1892413 -19.036529
19.914375 -1.0800322 -17.562468
20.160032 1.0933551 -17.779112
11.734275 26.133266 -18.986456
13.096931 21.276724 -21.19128
10.079838 24.267051 -20.005
14.602276 25.907657 -18.920547
14.253837 11.230327 -23.063192
13.885632 16.185319 -22.467424
12.513202 12.175209 -23.524893
7.0178824 20.612749 -21.583514
11.410788 19.539702 -21.996465
8.4960078 22.408809 -20.864023
7.6646389 18.349926 -22.510223
10.814669 21.937273 -21.116027
19.899286 24.120862 -17.882883
15.636826 20.56195 -20.863161
17.400877 25.264236 -18.575812
15.214846 23.269186 -20.03877
8.7713088 13.74953 -23.824353
11.896392 17.022523 -22.693102
10.659456 13.016875 -23.770342
8.2510107 16.044913 -23.256414
12.252459 14.591835 -23.184605
9.8046351 17.765143 -22.685007
1.7157971 1.0604209 -25.628929
5.1922868 3.2090097 -25.42457
1.7204634 2.8468759 -25.575014
3.4415353 0 -25.54397
12.476284 7.7107678 -23.933964
8.7818775 5.4274988 -24.923656
10.797302 8.6080307 -24.334121
1.7382699 6.4584516 -25.24209
5.227438 5.0546096 -25.333357
1.7267657 4.6561502 -25.445639
3.5106013 7.6776635 -25.099407
3.4671229 3.9430655 -25.483139
6.9074185 -2.1202366 -24.991275
6.9770107 2.1415979 -25.243062
5.1858694 -1.0676458 -25.334404
5.2054445 1.0716759 -25.430034
7.2509493 10.173234 -24.617231
7.0836109 6.2336343 -25.101573
9.0353275 9.4343092 -24.554067
5.3528472 8.9203859 -24.895697
8.9165563 7.4036432 -24.781167
5.3033642 6.9670418 -25.157298
25.954036 16.040477 -12.637987
22.832123 14.111028 -16.448046
25.345133 13.481412 -13.117266
24.991057 18.251148 -14.085655
16.144056 9.9775754 -22.220941
19.607295 12.117975 -19.686352
17.553322 8.8445209 -21.293044
16.13893 12.455512 -22.098825
24.174419 8.9001911 -13.95156
22.376442 11.73039 -16.78499
24.748547 11.098117 -13.552549
22.804091 8.0905337 -15.73285
23.864613 12.611825 -15.019816
22.080999 22.404462 -16.792023
21.603567 16.016594 -17.822562
23.716429 20.423923 -15.507282
20.045854 20.925121 -18.62317
23.295243 17.128088 -16.044722
19.899923 6.4704626 -19.004882
20.799093 10.789645 -18.476063
18.80707 7.6583992 -20.199558
21.380032 7.2798137 -17.428615
19.217035 9.8420919 -19.964425
21.873913 9.454074 -17.129957
15.919304 17.714301 -21.472339
19.787138 14.830352 -19.501462
16.071541 15.055003 -21.858274
17.972703 19.345696 -20.194252
18.000061 13.666915 -20.90182
19.979925 17.781954 -19.140375
13.543825 -6.1848818 -21.91437
13.962139 -2.0901257 -22.591215
14.971372 -5.2318904 -21.256575
12.000001 -5.2364666 -22.943629
14.340481 6.5486801 -23.203385
14.230322 2.1302726 -23.025144
15.765232 5.5093125 -22.38371
12.530151 5.4678094 -23.95726
17.584958 -3.2151952 -19.602386
15.376339 -1.0887404 -21.882393
16.327794 -4.2344663 -20.476618
17.831355 -1.0866286 -19.861407
15.189933 -3.1669807 -21.600298
8.6960995 -3.2132061 -24.468738
12.356972 -1.0993497 -23.551571
10.366892 -4.2349214 -23.799812
8.7727178 -1.0843676 -24.721817
12.202496 -3.1706968 -23.281896
18.201107 3.3278506 -20.289223
15.538937 1.1002534 -22.113791
17.059389 4.4241987 -21.394107
18.037388 1.0991841 -20.090895
15.667071 3.2664602 -22.278795
16.735053 0 -21.051158
8.8649417 3.2755933 -24.943819
12.468674 1.1092873 -23.764468
10.685623 4.3651245 -24.531539
8.8296155 1.0914005 -24.882157
12.525235 3.2545574 -23.89767
10.644643 0 -24.319823
25.118031 35.970066 1.7844541
28.993722 32.90112 5.351996
23.824288 35.707128 4.5974493
27.74126 35.320516 0
28.24977 19.94525 9.8409104
29.515888 26.598482 8.0821059
20.787898 34.234602 9.7806296
27.215825 32.156792 8.0385737
22.35722 35.103802 7.2898775
25.849917 34.335169 6.4055421
31.158433 31.529667 -3.5832861
31.158433 31.529667 3.5832861
29.933484 33.942077 -1.8408077
29.933484 33.942077 1.8408077
23.177546 1.7725215 13.647468
24.298087 5.5005827 12.916008
26.806439 14.330044 11.093701
25.491153 9.6120319 12.08293
13.792569 28.325147 17.505904
19.571272 27.167586 16.790491
15.563809 30.072334 15.995873
26.682961 19.385823 11.981097
24.005462 23.90906 14.776611
27.254406 22.467683 11.3207
19.07348 33.049373 12.167644
21.464527 28.614835 15.000739
17.345789 31.675449 14.204383
22.353972 32.401123 11.49541
18.6402 29.616952 15.651786
27.778261 29.086487 9.4574751
23.948464 26.959549 13.985416
27.690072 25.781214 10.49833
25.350649 31.098151 10.588793
25.837697 24.870435 12.737506
23.42021 29.906185 12.925684
29.061163 17.960787 -8.2019178
31.577117 19.515732 -2.9214961
29.917734 21.071576 -7.3636653
29.061163 17.960787 8.2019178
31.577117 19.515732 2.9214961
29.917734 21.071576 7.3636653
31.301899 28.080386 -5.1341564
32.373036 22.747913 -1.6106937
30.738799 24.510727 -6.3566361
32.524589 29.200223 -1.7794384
31.417679 22.09379 -4.60638
31.301899 28.080386 5.1341564
32.373036 22.747913 1.6106937
30.738799 24.510727 6.3566361
32.524589 29.200223 1.7794384
31.417679 22.09379 4.60638
32.836952 26.104414 0
16.889316 -24.186204 1.1998636
18.882981 -21.427784 3.4856387
16.349047 -24.503461 3.154928
18.02131 -22.944955 0
21.363278 -15.083164 7.4419759
20.355097 -18.343161 5.5736779
14.986998 -24.681376 7.0513276
18.307984 -21.631755 5.4075187
15.712336 -24.670453 5.1232222
17.399075 -23.110333 4.3114455
19.905738 -20.142903 -2.2892023
19.905738 -20.142903 2.2892023
19.034111 -21.583096 -1.1705332
19.034111 -21.583096 1.1705332
22.654005 -1.7324834 13.339196
22.603729 -5.1170152 12.015347
22.012513 -11.767332 9.1097602
22.402691 -8.4474556 10.618984
11.206538 -23.014337 14.223643
15.005931 -20.830273 12.873817
12.252382 -23.674007 12.592518
20.69279 -15.033817 9.29141
18.189149 -18.116103 11.196368
20.274923 -16.714014 8.4216224
14.143782 -24.50749 9.0228163
15.952484 -21.266609 11.148583
13.240252 -24.178255 10.842378
15.977867 -23.159233 8.2165326
14.182711 -22.534558 11.908926
19.107736 -20.007622 6.5054807
17.605559 -19.819139 10.281288
19.748648 -18.387244 7.4874424
17.644865 -21.64531 7.3701398
19.022551 -18.310421 9.3777653
16.854982 -21.522787 9.3023145
22.246274 -13.748953 -6.278555
22.859012 -14.127647 -2.1149022
21.825126 -15.371812 -5.371828
22.246274 -13.748953 6.278555
22.859012 -14.127647 2.1149022
21.825126 -15.371812 5.371828
20.685128 -18.556267 -3.3927872
22.300498 -15.670133 -1.1095429
21.305782 -16.98896 -4.4059336
20.834441 -18.704935 -1.1398639
22.140837 -15.570055 -3.2462331
20.685128 -18.556267 3.3927872
22.300498 -15.670133 1.1095429
21.305782 -16.98896 4.4059336
20.834441 -18.704935 1.1398639
22.140837 -15.570055 3.2462331
21.633985 -17.198384 0
1.7756403 -13.671481 23.218327
5.2200738 -12.257341 23.058977
2.8998264 -15.027093 22.522156
1.7540514 -11.869185 23.796911
11.754838 -9.1000877 21.989141
8.5550145 -10.754192 22.687938
5.2047274 -17.621403 20.820526
6.3733626 -13.546041 22.308332
4.0520358 -16.352213 21.719837
4.6598643 -14.29127 22.439191
1.7244708 -8.2715596 24.706709
5.178559 -10.476452 23.634299
1.7389214 -10.059103 24.294349
3.487111 -11.17908 23.736431
21.67672 -1.0753695 15.136934
19.647457 -3.1960344 17.314088
21.724082 -2.7970708 14.494607
14.721815 -7.2636878 20.851476
17.356164 -5.273773 19.259843
21.69954 -6.1994341 13.176371
19.713007 -4.927869 16.684057
21.730925 -4.5127812 13.840184
20.742948 -3.869788 15.616742
9.8967945 -22.041034 16.01335
11.182295 -18.166286 18.093333
8.7588895 -21.086888 17.383373
11.914241 -21.138489 15.43759
12.962222 -10.212689 20.973316
12.188527 -14.207146 19.72145
11.410736 -11.102521 21.45225
6.4273933 -18.87838 19.767464
10.01493 -17.149451 19.305684
7.5906983 -20.020992 18.640814
7.0324914 -16.8365 20.653673
9.425814 -19.120016 18.404238
15.600753 -18.910408 14.019923
13.097883 -17.223318 17.475621
13.837164 -20.090101 14.771472
12.547254 -19.189441 16.525408
8.1363676 -12.754223 22.099746
10.552887 -15.100104 20.130282
9.7873765 -11.951929 21.825626
7.6035683 -14.785897 21.431524
11.009305 -13.111324 20.832258
8.8285557 -15.996572 20.42665
1.7136896 -1.0591184 25.597449
5.1346456 -3.1733855 25.142324
1.7147953 -2.8374969 25.490757
11.751046 -7.2625458 22.542698
8.5122366 -5.2608515 24.158394
10.181935 -8.1174364 22.947256
1.7252591 -6.4101108 25.053156
5.1363808 -4.9665629 24.892073
1.7174662 -4.6310746 25.308602
3.4484762 -7.5417963 24.655237
3.435498 -3.9070994 25.250699
6.9150215 -9.7019203 23.476745
6.8810238 -6.055356 24.383683
8.5571052 -8.9349696 23.254468
5.188305 -8.6461804 24.130423
8.5441825 -7.0944517 23.746254
5.1756739 -6.7992948 24.55158
21.074571 -13.024801 10.261993
19.407361 -11.994409 13.980879
21.313927 -11.33716 11.030932
19.965217 -14.580741 11.252952
14.71214 -9.0926024 20.250028
17.280712 -10.680068 17.350389
16.086821 -8.1056011 19.514106
14.391627 -11.107 19.706266
21.615185 -7.9579691 12.474573
19.569923 -10.25913 14.679768
21.492798 -9.6381246 11.769669
20.720743 -7.3513945 14.29552
20.494566 -10.830843 12.898789
17.276475 -17.529557 13.138308
18.117005 -13.431704 14.94621
18.697309 -16.101598 12.225468
16.16172 -16.870618 15.014699
19.099054 -14.042793 13.154575
18.565207 -6.0364794 17.730197
18.499098 -9.5965095 16.432952
17.377789 -7.0763835 18.664451
19.700911 -6.7080796 16.059825
17.352537 -8.8871808 18.027413
19.653595 -8.4944356 15.391176
13.602745 -15.136537 18.34771
16.957746 -12.709739 16.71292
14.022174 -13.13526 19.07101
14.923252 -16.063287 16.767868
15.735312 -11.947358 18.271975
16.611778 -14.784334 15.913757
1.8051185 13.898447 23.603784
5.4599142 12.820514 24.11844
2.9878493 15.483234 23.205806
1.7790179 12.038127 24.135627
12.687493 9.8221088 23.733808
9.1397866 11.489287 24.238756
5.5543329 18.805046 22.219057
6.7781267 14.406333 23.725106
4.2434053 17.124495 22.745622
4.8823227 14.973525 23.510421
1.7412647 8.352113 24.947318
5.3787237 10.881394 24.547826
1.7597063 10.179337 24.584734
3.5820925 11.483574 24.382961
21.96519 1.0896803 15.338374
20.384454 3.315921 17.963558
22.507235 2.8979052 15.017138
20.966489 0 16.467393
15.829241 7.8100871 22.419995
18.381854 5.585435 20.398034
23.598484 6.7419517 14.329446
20.897461 5.2239597 17.686517
23.051679 4.7870574 14.681357
21.746909 4.0570863 16.372595
18.814049 -2.1381806 18.592531
19.263337 2.1892413 19.036529
19.914375 -1.0800322 17.562468
20.160032 1.0933551 17.779112
11.734275 26.133266 18.986456
13.096931 21.276724 21.19128
10.079838 24.267051 20.005
14.602276 25.907657 18.920547
14.253837 11.230327 23.063192
13.885632 16.185319 22.467424
12.513202 12.175209 23.524893
7.0178824 20.612749 21.583514
11.410788 19.539702 21.996465
8.4960078 22.408809 20.864023
7.6646389 18.349926 22.510223
10.814669 21.937273 21.116027
19.899286 24.120862 17.882883
15.636826 20.56195 20.863161
17.400877 25.264236 18.575812
15.214846 23.269186 20.03877
8.7713088 13.74953 23.824353
11.896392 17.022523 22.693102
10.659456 13.016875 23.770342
8.2510107 16.044913 23.256414
12.252459 14.591835 23.184605
9.8046351 17.765143 22.685007
1.7157971 1.0604209 25.628929
5.1922868 3.2090097 25.42457
1.7204634 2.8468759 25.575014
3.4415353 0 25.54397
12.476284 7.7107678 23.933964
8.7818775 5.4274988 24.923656
10.797302 8.6080307 24.334121
1.7382699 6.4584516 25.24209
5.227438 5.0546096 25.333357
1.7267657 4.6561502 25.445639
3.5106013 7.6776635 25.099407
3.4671229 3.9430655 25.483139
6.9074185 -2.1202366 24.991275
6.9770107 2.1415979 25.243062
5.1858694 -1.0676458 25.334404
5.2054445 1.0716759 25.430034
7.2509493 10.173234 24.617231
7.0836109 6.2336343 25.101573
9.0353275 9.4343092 24.554067
5.3528472 8.9203859 24.895697
8.9165563 7.4036432 24.781167
5.3033642 6.9670418 25.157298
25.954036 16.040477 12.637987
22.832123 14.111028 16.448046
25.345133 13.481412 13.117266
24.991057 18.251148 14.085655
16.144056 9.9775754 22.220941
19.607295 12.117975 19.686352
17.553322 8.8445209 21.293044
16.13893 12.455512 22.098825
24.174419 8.9001911 13.95156
22.376442 11.73039 16.78499
24.748547 11.098117 13.552549
22.804091 8.0905337 15.73285
23.864613 12.611825 15.019816
22.080999 22.404462 16.792023
21.603567 16.016594 17.822562
23.716429 20.423923 15.507282
20.045854 20.925121 18.62317
23.295243 17.128088 16.044722
19.899923 6.4704626 19.004882
20.799093 10.789645 18.476063
18.80707 7.6583992 20.199558
21.380032 7.2798137 17.428615
19.217035 9.8420919 19.964425
21.873913 9.454074 17.129957
15.919304 17.714301 21.472339
19.787138 14.830352 19.501462
16.071541 15.055003 21.858274
17.972703 19.345696 20.194252
18.000061 13.666915 20.90182
19.979925 17.781954 19.140375
13.543825 -6.1848818 21.91437
13.962139 -2.0901257 22.591215
14.971372 -5.2318904 21.256575
12.000001 -5.2364666 22.943629
14.340481 6.5486801 23.203385
14.230322 2.1302726 23.025144
15.765232 5.5093125 22.38371
12.530151 5.4678094 23.95726
17.584958 -3.2151952 19.602386
15.376339 -1.0887404 21.882393
16.327794 -4.2344663 20.476618
17.831355 -1.0866286 19.861407
15.189933 -3.1669807 21.600298
8.6960995 -3.2132061 24.468738
12.356972 -1.0993497 23.551571
10.366892 -4.2349214 23.799812
8.7727178 -1.0843676 24.721817
12.202496 -3.1706968 23.281896
18.201107 3.3278506 20.289223
15.538937 1.1002534 22.113791
17.059389 4.4241987 21.394107
18.037388 1.0991841 20.090895
15.667071 3.2664602 22.278795
16.735053 0 21.051158
8.8649417 3.2755933 24.943819
12.468674 1.1092873 23.764468
10.685623 4.3651245 24.531539
8.8296155 1.0914005 24.882157
12.525235 3.2545574 23.89767
10.644643 0 24.319823
23.554004 0 -12.393826
25.183688 0 -9.0783165
24.116424 1.7776024 -12.028548
23.534335 -1.7346971 -11.73822
27.145242 0 -1.8813675
26.437788 0 -5.5684498
25.29335 5.5420772 -11.211866
25.779954 1.7993808 -8.6308713
24.697793 3.6283444 -11.631849
24.992425 1.7888876 -10.348142
23.400179 -5.1272605 -10.372673
25.058707 -1.7490395 -8.3894052
23.484203 -3.4500563 -11.060289
24.342801 -1.7423894 -10.079164
23.554004 0 12.393826
25.183688 0 9.0783165
24.116424 1.7776024 12.028548
23.534335 -1.7346971 11.73822
27.145242 0 1.8813675
26.437788 0 5.5684498
25.29335 5.5420772 11.211866
25.779954 1.7993808 8.6308713
24.697793 3.6283444 11.631849
24.992425 1.7888876 10.348142
23.400179 -5.1272605 10.372673
25.058707 -1.7490395 8.3894052
23.484203 -3.4500563 11.060289
24.342801 -1.7423894 10.079164
28.087665 14.641523 -9.0489591
28.569368 10.066448 -6.2214071
27.327899 12.125672 -9.6670592
29.423266 15.388987 -6.715326
27.690826 1.8538363 -1.1457338
28.362285 5.7922364 -3.579799
27.469804 1.8479282 -3.0577939
25.951144 7.6438501 -10.724482
27.821028 7.8510352 -6.9089738
26.613304 9.7930791 -10.225522
26.249369 5.6439015 -9.4054206
27.660771 9.952672 -8.2639563
31.213181 16.376844 -1.4569813
29.41316 10.453329 -3.8625019
30.546982 16.010269 -4.1601087
29.524896 12.860665 -5.2536388
26.500323 1.8249168 -6.7803837
27.828878 5.7423788 -5.5525256
27.060768 1.8363699 -4.9516934
26.431052 3.6968558 -8.085001
27.704789 3.7693907 -4.2868266
27.11307 5.7156569 -7.5086718
22.645129 -11.804441 -7.2955457
24.227939 -8.5367409 -5.275996
22.908424 -10.164705 -8.1036998
23.10103 -12.082325 -5.2723905
26.729404 -1.7894713 -1.1059541
25.5704 -5.2220687 -3.2274159
26.540671 -1.7854243 -2.9543678
23.279805 -6.8570136 -9.6205339
24.490997 -6.9113074 -6.0820058
23.11799 -8.5068844 -8.8825312
24.112251 -5.1843978 -8.6396691
23.732525 -8.5392428 -7.0903501
23.578283 -12.370987 -1.1005965
24.55933 -8.7282956 -3.2251026
23.417449 -12.273542 -3.1891574
23.87174 -10.398223 -4.2477203
25.696685 -1.7695751 -6.5747645
25.226175 -5.2053214 -5.0332243
26.18823 -1.7771586 -4.7920326
24.918049 -3.4852352 -7.6221881
25.898125 -3.5235839 -4.0072771
24.728796 -5.2130324 -6.8483727
28.087665 14.641523 9.0489591
28.569368 10.066448 6.2214071
27.327899 12.125672 9.6670592
29.423266 15.388987 6.715326
27.690826 1.8538363 1.1457338
28.362285 5.7922364 3.579799
27.469804 1.8479282 3.0577939
28.234224 3.8039928 0
25.951144 7.6438501 10.724482
27.821028 7.8510352 6.9089738
26.613304 9.7930791 10.225522
26.249369 5.6439015 9.4054206
27.660771 9.952672 8.2639563
31.213181 16.376844 1.4569813
29.41316 10.453329 3.8625019
30.546982 16.010269 4.1601087
30.620488 13.402407 0
29.524896 12.860665 5.2536388
26.500323 1.8249168 6.7803837
27.828878 5.7423788 5.5525256
27.060768 1.8363699 4.9516934
26.431052 3.6968558 8.085001
27.704789 3.7693907 4.2868266
27.11307 5.7156569 7.5086718
29.121893 8.0490934 -2.4706744
29.121893 8.0490934 2.4706744
28.722757 5.8794542 -1.2104383
29.890988 10.607036 -1.3111018
28.722757 5.8794542 1.2104383
29.890988 10.607036 1.3111018
22.645129 -11.804441 7.2955457
24.227939 -8.5367409 5.275996
22.908424 -10.164705 8.1036998
23.10103 -12.082325 5.2723905
26.729404 -1.7894713 1.1059541
25.5704 -5.2220687 3.2274159
26.540671 -1.7854243 2.9543678
26.284361 -3.5412881 0
23.279805 -6.8570136 9.6205339
24.490997 -6.9113074 6.0820058
23.11799 -8.5068844 8.8825312
24.112251 -5.1843978 8.6396691
23.732525 -8.5392428 7.0903501
23.578283 -12.370987 1.1005965
24.55933 -8.7282956 3.2251026
23.417449 -12.273542 3.1891574
24.205632 -10.594662 0
23.87174 -10.398223 4.2477203
25.696685 -1.7695751 6.5747645
25.226175 -5.2053214 5.0332243
26.18823 -1.7771586 4.7920326
24.918049 -3.4852352 7.6221881
25.898125 -3.5235839 4.0072771
24.728796 -5.2130324 6.8483727
25.211848 -6.9683835 -2.1389498
25.211848 -6.9683835 2.1389498
25.774083 -5.2758703 -1.0861749
24.750048 -8.7827359 -1.0856059
25.774083 -5.2758703 1.0861749
24.750048 -8.7827359 1.0856059
-16.889316 24.186204 -1.1998636
-18.882981 21.427784 -3.4856387
-16.349047 24.503461 -3.154928
-21.363278 15.083164 -7.4419759
-20.355097 18.343161 -5.5736779
-14.986998 24.681376 -7.0513276
-18.307984 21.631755 -5.4075187
-15.712336 24.670453 -5.1232222
-17.399075 23.110333 -4.3114455
-22.654005 1.7324834 -13.339196
-22.603729 5.1170152 -12.015347
-22.012513 11.767332 -9.1097602
-22.402691 8.4474556 -10.618984
-11.206538 23.014337 -14.223643
-15.005931 20.830273 -12.873817
-12.252382 23.674007 -12.592518
-20.69279 15.033817 -9.29141
-18.189149 18.116103 -11.196368
-20.274923 16.714014 -8.4216224
-14.143782 24.50749 -9.0228163
-15.952484 21.266609 -11.148583
-13.240252 24.178255 -10.842378
-15.977867 23.159233 -8.2165326
-14.182711 22.534558 -11.908926
-19.107736 20.007622 -6.5054807
-17.605559 19.819139 -10.281288
-19.748648 18.387244 -7.4874424
-17.644865 21.64531 -7.3701398
-19.022551 18.310421 -9.3777653
-16.854982 21.522787 -9.3023145
-25.118031 -35.970066 -1.7844541
-28.993722 -32.90112 -5.351996
-23.824288 -35.707128 -4.5974493
-28.24977 -19.94525 -9.8409104
-29.515888 -26.598482 -8.0821059
-20.787898 -34.234602 -9.7806296
-27.215825 -32.156792 -8.0385737
-22.35722 -35.103802 -7.2898775
-25.849917 -34.335169 -6.4055421
-23.177546 -1.7725215 -13.647468
-24.298087 -5.5005827 -12.916008
-26.806439 -14.330044 -11.093701
-25.491153 -9.6120319 -12.08293
-13.792569 -28.325147 -17.505904
-19.571272 -27.167586 -16.790491
-15.563809 -30.072334 -15.995873
-26.682961 -19.385823 -11.981097
-24.005462 -23.90906 -14.776611
-27.254406 -22.467683 -11.3207
-19.07348 -33.049373 -12.167644
-21.464527 -28.614835 -15.000739
-17.345789 -31.675449 -14.204383
-22.353972 -32.401123 -11.49541
-18.6402 -29.616952 -15.651786
-27.778261 -29.086487 -9.4574751
-23.948464 -26.959549 -13.985416
-27.690072 -25.781214 -10.49833
-25.350649 -31.098151 -10.588793
-25.837697 -24.870435 -12.737506
-23.42021 -29.906185 -12.925684
-1.8051185 -13.898447 -23.603784
-5.4599142 -12.820514 -24.11844
-2.9878493 -15.483234 -23.205806
-1.7790179 -12.038127 -24.135627
-12.687493 -9.8221088 -23.733808
-9.1397866 -11.489287 -24.238756
-5.5543329 -18.805046 -22.219057
-6.7781267 -14.406333 -23.725106
-4.2434053 -17.124495 -22.745622
-4.8823227 -14.973525 -23.510421
-1.7412647 -8.352113 -24.947318
-5.3787237 -10.881394 -24.547826
-1.7597063 -10.179337 -24.584734
-3.5820925 -11.483574 -24.382961
-21.96519 -1.0896803 -15.338374
-20.384454 -3.315921 -17.963558
-22.507235 -2.8979052 -15.017138
-15.829241 -7.8100871 -22.419995
-18.381854 -5.585435 -20.398034
-23.598484 -6.7419517 -14.329446
-20.897461 -5.2239597 -17.686517
-23.051679 -4.7870574 -14.681357
-21.746909 -4.0570863 -16.372595
-11.734275 -26.133266 -18.986456
-13.096931 -21.276724 -21.19128
-10.079838 -24.267051 -20.005
-14.602276 -25.907657 -18.920547
-14.253837 -11.230327 -23.063192
-13.885632 -16.185319 -22.467424
-12.513202 -12.175209 -23.524893
-7.0178824 -20.612749 -21.583514
-11.410788 -19.539702 -21.996465
-8.4960078 -22.408809 -20.864023
-7.6646389 -18.349926 -22.510223
-10.814669 -21.937273 -21.116027
-19.899286 -24.120862 -17.882883
-15.636826 -20.56195 -20.863161
-17.400877 -25.264236 -18.575812
-15.214846 -23.269186 -20.03877
-8.7713088 -13.74953 -23.824353
-11.896392 -17.022523 -22.693102
-10.659456 -13.016875 -23.770342
-8.2510107 -16.044913 -23.256414
-12.252459 -14.591835 -23.184605
-9.8046351 -17.765143 -22.685007
-1.7157971 -1.0604209 -25.628929
-5.1922868 -3.2090097 -25.42457
-1.7204634 -2.8468759 -25.575014
-12.476284 -7.7107678 -23.933964
-8.7818775 -5.4274988 -24.923656
-10.797302 -8.6080307 -24.334121
-1.7382699 -6.4584516 -25.24209
-5.227438 -5.0546096 -25.333357
-1.7267657 -4.6561502 -25.445639
-3.5106013 -7.6776635 -25.099407
-3.4671229 -3.9430655 -25.483139
-7.2509493 -10.173234 -24.617231
-7.0836109 -6.2336343 -25.101573
-9.0353275 -9.4343092 -24.554067
-5.3528472 -8.9203859 -24.895697
-8.9165563 -7.4036432 -24.781167
-5.3033642 -6.9670418 -25.157298
-25.954036 -16.040477 -12.637987
-22.832123 -14.111028 -16.448046
-25.345133 -13.481412 -13.117266
-24.991057 -18.251148 -14.085655
-16.144056 -9.9775754 -22.220941
-19.607295 -12.117975 -19.686352
-17.553322 -8.8445209 -21.293044
-16.13893 -12.455512 -22.098825
-24.174419 -8.9001911 -13.95156
-22.376442 -11.73039 -16.78499
-24.748547 -11.098117 -13.552549
-22.804091 -8.0905337 -15.73285
-23.864613 -12.611825 -15.019816
-22.080999 -22.404462 -16.792023
-21.603567 -16.016594 -17.822562
-23.716429 -20.423923 -15.507282
-20.045854 -20.925121 -18.62317
-23.295243 -17.128088 -16.044722
-19.899923 -6.4704626 -19.004882
-20.799093 -10.789645 -18.476063
-18.80707 -7.6583992 -20.199558
-21.380032 -7.2798137 -17.428615
-19.217035 -9.8420919 -19.964425
-21.873913 -9.454074 -17.129957
-15.919304 -17.714301 -21.472339
-19.787138 -14.830352 -19.501462
-16.071541 -15.055003 -21.858274
-17.972703 -19.345696 -20.194252
-18.000061 -13.666915 -20.90182
-19.979925 -17.781954 -19.140375
-1.7756403 13.671481 -23.218327
-5.2200738 12.257341 -23.058977
-2.8998264 15.027093 -22.522156
-1.7540514 11.869185 -23.796911
-11.754838 9.1000877 -21.989141
-8.5550145 10.754192 -22.687938
-5.2047274 17.621403 -20.820526
-6.3733626 13.546041 -22.308332
-4.0520358 16.352213 -21.719837
-4.6598643 14.29127 -22.439191
-1.7244708 8.2715596 -24.706709
-5.178559 10.476452 -23.634299
-1.7389214 10.059103 -24.294349
-3.487111 11.17908 -23.736431
-21.67672 1.0753695 -15.136934
-19.647457 3.1960344 -17.314088
-21.724082 2.7970708 -14.494607
-20.966489 0 -16.467393
-14.721815 7.2636878 -20.851476
-17.356164 5.273773 -19.259843
-21.69954 6.1994341 -13.176371
-19.713007 4.927869 -16.684057
-21.730925 4.5127812 -13.840184
-20.742948 3.869788 -15.616742
-19.263337 -2.1892413 -19.036529
-18.814049 2.1381806 -18.592531
-20.160032 -1.0933551 -17.779112
-19.914375 1.0800322 -17.562468
-9.8967945 22.041034 -16.01335
-11.182295 18.166286 -18.093333
-8.7588895 21.086888 -17.383373
-11.914241 21.138489 -15.43759
-12.962222 10.212689 -20.973316
-12.188527 14.207146 -19.72145
-11.410736 11.102521 -21.45225
-6.4273933 18.87838 -19.767464
-10.01493 17.149451 -19.305684
-7.5906983 20.020992 -18.640814
-7.0324914 16.8365 -20.653673
-9.425814 19.120016 -18.404238
-15.600753 18.910408 -14.019923
-13.097883 17.223318 -17.475621
-13.837164 20.090101 -14.771472
-12.547254 19.189441 -16.525408
-8.1363676 12.754223 -22.099746
-10.552887 15.100104 -20.130282
-9.7873765 11.951929 -21.825626
-7.6035683 14.785897 -21.431524
-11.009305 13.111324 -20.832258
-8.8285557 15.996572 -20.42665
-1.7136896 1.0591184 -25.597449
-5.1346456 3.1733855 -25.142324
-1.7147953 2.8374969 -25.490757
-3.4415353 0 -25.54397
-11.751046 7.2625458 -22.542698
-8.5122366 5.2608515 -24.158394
-10.181935 8.1174364 -22.947256
-1.7252591 6.4101108 -25.053156
-5.1363808 4.9665629 -24.892073
-1.7174662 4.6310746 -25.308602
-3.4484762 7.5417963 -24.655237
-3.435498 3.9070994 -25.250699
-6.9770107 -2.1415979 -25.243062
-6.9074185 2.1202366 -24.991275
-5.2054445 -1.0716759 -25.430034
-5.1858694 1.0676458 -25.334404
-6.9150215 9.7019203 -23.476745
-6.8810238 6.055356 -24.383683
-8.5571052 8.9349696 -23.254468
-5.188305 8.6461804 -24.130423
-8.5441825 7.0944517 -23.746254
-5.1756739 6.7992948 -24.55158
-21.074571 13.024801 -10.261993
-19.407361 11.994409 -13.980879
-21.313927 11.33716 -11.030932
-19.965217 14.580741 -11.252952
-14.71214 9.0926024 -20.250028
-17.280712 10.680068 -17.350389
-16.086821 8.1056011 -19.514106
-14.391627 11.107 -19.706266
-21.615185 7.9579691 -12.474573
-19.569923 10.25913 -14.679768
-21.492798 9.6381246 -11.769669
-20.720743 7.3513945 -14.29552
-20.494566 10.830843 -12.898789
-17.276475 17.529557 -13.138308
-18.117005 13.431704 -14.94621
-18.697309 16.101598 -12.225468
-16.16172 16.870618 -15.014699
-19.099054 14.042793 -13.154575
-18.565207 6.0364794 -17.730197
-18.499098 9.5965095 -16.432952
-17.377789 7.0763835 -18.664451
-19.700911 6.7080796 -16.059825
-17.352537 8.8871808 -18.027413
-19.653595 8.4944356 -15.391176
-13.602745 15.136537 -18.34771
-16.957746 12.709739 -16.71292
-14.022174 13.13526 -19.07101
-14.923252 16.063287 -16.767868
-15.735312 11.947358 -18.271975
-16.611778 14.784334 -15.913757
-14.340481 -6.5486801 -23.203385
-14.230322 -2.1302726 -23.025144
-15.765232 -5.5093125 -22.38371
-12.530151 -5.4678094 -23.95726
-13.543825 6.1848818 -21.91437
-13.962139 2.0901257 -22.591215
-14.971372 5.2318904 -21.256575
-12.000001 5.2364666 -22.943629
-18.201107 -3.3278506 -20.289223
-15.538937 -1.1002534 -22.113791
-17.059389 -4.4241987 -21.394107
-18.037388 -1.0991841 -20.090895
-15.667071 -3.2664602 -22.278795
-8.8649417 -3.2755933 -24.943819
-12.468674 -1.1092873 -23.764468
-10.685623 -4.3651245 -24.531539
-8.8296155 -1.0914005 -24.882157
-12.525235 -3.2545574 -23.89767
-17.584958 3.2151952 -19.602386
-15.376339 1.0887404 -21.882393
-16.327794 4.2344663 -20.476618
-17.831355 1.0866286 -19.861407
-15.189933 3.1669807 -21.600298
-16.735053 0 -21.051158
-8.6960995 3.2132061 -24.468738
-12.356972 1.0993497 -23.551571
-10.366892 4.2349214 -23.799812
-8.7727178 1.0843676 -24.721817
-12.202496 3.1706968 -23.281896
-10.644643 0 -24.319823
-16.889316 24.186204 1.1998636
-18.882981 21.427784 3.4856387
-16.349047 24.503461 3.154928
-18.02131 22.944955 0
-21.363278 15.083164 7.4419759
-20.355097 18.343161 5.5736779
-14.986998 24.681376 7.0513276
-18.307984 21.631755 5.4075187
-15.712336 24.670453 5.1232222
-17.399075 23.110333 4.3114455
-19.905738 20.142903 -2.2892023
-19.905738 20.142903 2.2892023
-19.034111 21.583096 -1.1705332
-19.034111 21.583096 1.1705332
-22.654005 1.7324834 13.339196
-22.603729 5.1170152 12.015347
-22.012513 11.767332 9.1097602
-22.402691 8.4474556 10.618984
-11.206538 23.014337 14.223643
-15.005931 20.830273 12.873817
-12.252382 23.674007 12.592518
-20.69279 15.033817 9.29141
-18.189149 18.116103 11.196368
-20.274923 16.714014 8.4216224
-14.143782 24.50749 9.0228163
-15.952484 21.266609 11.148583
-13.240252 24.178255 10.842378
-15.977867 23.159233 8.2165326
-14.182711 22.534558 11.908926
-19.107736 20.007622 6.5054807
-17.605559 19.819139 10.281288
-19.748648 18.387244 7.4874424
-17.644865 21.64531 7.3701398
-19.022551 18.310421 9.3777653
-16.854982 21.522787 9.3023145
-22.246274 13.748953 -6.278555
-22.859012 14.127647 -2.1149022
-21.825126 15.371812 -5.371828
-22.246274 13.748953 6.278555
-22.859012 14.127647 2.1149022
-21.825126 15.371812 5.371828
-20.685128 18.556267 -3.3927872
-22.300498 15.670133 -1.1095429
-21.305782 16.98896 -4.4059336
-20.834441 18.704935 -1.1398639
-22.140837 15.570055 -3.2462331
-20.685128 18.556267 3.3927872
-22.300498 15.670133 1.1095429
-21.305782 16.98896 4.4059336
-20.834441 18.704935 1.1398639
-22.140837 15.570055 3.2462331
-21.633985 17.198384 0
-25.118031 -35.970066 1.7844541
-28.993722 -32.90112 5.351996
-23.824288 -35.707128 4.5974493
-27.74126 -35.320516 0
-28.24977 -19.94525 9.8409104
-29.515888 -26.598482 8.0821059
-20.787898 -34.234602 9.7806296
-27.215825 -32.156792 8.0385737
-22.35722 -35.103802 7.2898775
-25.849917 -34.335169 6.4055421
-31.158433 -31.529667 -3.5832861
-31.158433 -31.529667 3.5832861
-29.933484 -33.942077 -1.8408077
-29.933484 -33.942077 1.8408077
-23.177546 -1.7725215 13.647468
-24.298087 -5.5005827 12.916008
-26.806439 -14.330044 11.093701
-25.491153 -9.6120319 12.08293
-13.792569 -28.325147 17.505904
-19.571272 -27.167586 16.790491
-15.563809 -30.072334 15.995873
-26.682961 -19.385823 11.981097
-24.005462 -23.90906 14.776611
-27.254406 -22.467683 11.3207
-19.07348 -33.049373 12.167644
-21.464527 -28.614835 15.000739
-17.345789 -31.675449 14.204383
-22.353972 -32.401123 11.49541
-18.6402 -29.616952 15.651786
-27.778261 -29.086487 9.4574751
-23.948464 -26.959549 13.985416
-27.690072 -25.781214 10.49833
-25.350649 -31.098151 10.588793
-25.837697 -24.870435 12.737506
-23.42021 -29.906185 12.925684
-29.061163 -17.960787 -8.2019178
-31.577117 -19.515732 -2.9214961
-29.917734 -21.071576 -7.3636653
-29.061163 -17.960787 8.2019178
-31.577117 -19.515732 2.9214961
-29.917734 -21.071576 7.3636653
-31.301899 -28.080386 -5.1341564
-32.373036 -22.747913 -1.6106937
-30.738799 -24.510727 -6.3566361
-32.524589 -29.200223 -1.7794384
-31.417679 -22.09379 -4.60638
-31.301899 -28.080386 5.1341564
-32.373036 -22.747913 1.6106937
-30.738799 -24.510727 6.3566361
-32.524589 -29.200223 1.7794384
-31.417679 -22.09379 4.60638
-32.836952 -26.104414 0
-1.8051185 -13.898447 23.603784
-5.4599142 -12.820514 24.11844
-2.9878493 -15.483234 23.205806
-1.7790179 -12.038127 24.135627
-12.687493 -9.8221088 23.733808
-9.1397866 -11.489287 24.238756
-5.5543329 -18.805046 22.219057
-6.7781267 -14.406333 23.725106
-4.2434053 -17.124495 22.745622
-4.8823227 -14.973525 23.510421
-1.7412647 -8.352113 24.947318
-5.3787237 -10.881394 24.547826
-1.7597063 -10.179337 24.584734
-3.5820925 -11.483574 24.382961
-21.96519 -1.0896803 15.338374
-20.384454 -3.315921 17.963558
-22.507235 -2.8979052 15.017138
-15.829241 -7.8100871 22.419995
-18.381854 -5.585435 20.398034
-23.598484 -6.7419517 14.329446
-20.897461 -5.2239597 17.686517
-23.051679 -4.7870574 14.681357
-21.746909 -4.0570863 16.372595
-11.734275 -26.133266 18.986456
-13.096931 -21.276724 21.19128
-10.079838 -24.267051 20.005
-14.602276 -25.907657 18.920547
-14.253837 -11.230327 23.063192
-13.885632 -16.185319 22.467424
-12.513202 -12.175209 23.524893
-7.0178824 -20.612749 21.583514
-11.410788 -19.539702 21.996465
-8.4960078 -22.408809 20.864023
-7.6646389 -18.349926 22.510223
-10.814669 -21.937273 21.116027
-19.899286 -24.120862 17.882883
-15.636826 -20.56195 20.863161
-17.400877 -25.264236 18.575812
-15.214846 -23.269186 20.03877
-8.7713088 -13.74953 23.824353
-11.896392 -17.022523 22.693102
-10.659456 -13.016875 23.770342
-8.2510107 -16.044913 23.256414
-12.252459 -14.591835 23.184605
-9.8046351 -17.765143 22.685007
-1.7157971 -1.0604209 25.628929
-5.1922868 -3.2090097 25.42457
-1.7204634 -2.8468759 25.575014
-12.476284 -7.7107678 23.933964
-8.7818775 -5.4274988 24.923656
-10.797302 -8.6080307 24.334121
-1.7382699 -6.4584516 25.24209
-5.227438 -5.0546096 25.333357
-1.7267657 -4.6561502 25.445639
-3.5106013 -7.6776635 25.099407
-3.4671229 -3.9430655 25.483139
-7.2509493 -10.173234 24.617231
-7.0836109 -6.2336343 25.101573
-9.0353275 -9.4343092 24.554067
-5.3528472 -8.9203859 24.895697
-8.9165563 -7.4036432 24.781167
-5.3033642 -6.9670418 25.157298
-25.954036 -16.040477 12.637987
-22.832123 -14.111028 16.448046
-25.345133 -13.481412 13.117266
-24.991057 -18.251148 14.085655
-16.144056 -9.9775754 22.220941
-19.607295 -12.117975 19.686352
-17.553322 -8.8445209 21.293044
-16.13893 -12.455512 22.098825
-24.174419 -8.9001911 13.95156
-22.376442 -11.73039 16.78499
-24.748547 -11.098117 13.552549
-22.804091 -8.0905337 15.73285
-23.864613 -12.611825 15.019816
-22.080999 -22.404462 16.792023
-21.603567 -16.016594 17.822562
-23.716429 -20.423923 15.507282
-20.045854 -20.925121 18.62317
-23.295243 -17.128088 16.044722
-19.899923 -6.4704626 19.004882
-20.799093 -10.789645 18.476063
-18.80707 -7.6583992 20.199558
-21.380032 -7.2798137 17.428615
-19.217035 -9.8420919 19.964425
-21.873913 -9.454074 17.129957
-15.919304 -17.714301 21.472339
-19.787138 -14.830352 19.501462
-16.071541 -15.055003 21.858274
-17.972703 -19.345696 20.194252
-18.000061 -13.666915 20.90182
-19.979925 -17.781954 19.140375
-1.7756403 13.671481 23.218327
-5.2200738 12.257341 23.058977
-2.8998264 15.027093 22.522156
-1.7540514 11.869185 23.796911
-11.754838 9.1000877 21.989141
-8.5550145 10.754192 22.687938
-5.2047274 17.621403 20.820526
-6.3733626 13.546041 22.308332
-4.0520358 16.352213 21.719837
-4.6598643 14.29127 22.439191
-1.7244708 8.2715596 24.706709
-5.178559 10.476452 23.634299
-1.7389214 10.059103 24.294349
-3.487111 11.17908 23.736431
-21.67672 1.0753695 15.136934
-19.647457 3.1960344 17.314088
-21.724082 2.7970708 14.494607
-20.966489 0 16.467393
-14.721815 7.2636878 20.851476
-17.356164 5.273773 19.259843
-21.69954 6.1994341 13.176371
-19.713007 4.927869 16.684057
-21.730925 4.5127812 13.840184
-20.742948 3.869788 15.616742
-19.263337 -2.1892413 19.036529
-18.814049 2.1381806 18.592531
-20.160032 -1.0933551 17.779112
-19.914375 1.0800322 17.562468
-9.8967945 22.041034 16.01335
-11.182295 18.166286 18.093333
-8.7588895 21.086888 17.383373
-11.914241 21.138489 15.43759
-12.962222 10.212689 20.973316
-12.188527 14.207146 19.72145
-11.410736 11.102521 21.45225
-6.4273933 18.87838 19.767464
-10.01493 17.149451 19.305684
-7.5906983 20.020992 18.640814
-7.0324914 16.8365 20.653673
-9.425814 19.120016 18.404238
-15.600753 18.910408 14.019923
-13.097883 17.223318 17.475621
-13.837164 20.090101 14.771472
-12.547254 19.189441 16.525408
-8.1363676 12.754223 22.099746
-10.552887 15.100104 20.130282
-9.7873765 11.951929 21.825626
-7.6035683 14.785897 21.431524
-11.009305 13.111324 20.832258
-8.8285557 15.996572 20.42665
-1.7136896 1.0591184 25.597449
-5.1346456 3.1733855 25.142324
-1.7147953 2.8374969 25.490757
-3.4415353 0 25.54397
-11.751046 7.2625458 22.542698
-8.5122366 5.2608515 24.158394
-10.181935 8.1174364 22.947256
-1.7252591 6.4101108 25.053156
-5.1363808 4.9665629 24.892073
-1.7174662 4.6310746 25.308602
-3.4484762 7.5417963 24.655237
-3.435498 3.9070994 25.250699
-6.9770107 -2.1415979 25.243062
-6.9074185 2.1202366 24.991275
-5.2054445 -1.0716759 25.430034
-5.1858694 1.0676458 25.334404
-6.9150215 9.7019203 23.476745
-6.8810238 6.055356 24.383683
-8.5571052 8.9349696 23.254468
-5.188305 8.6461804 24.130423
-8.5441825 7.0944517 23.746254
-5.1756739 6.7992948 24.55158
-21.074571 13.024801 10.261993
-19.407361 11.994409 13.980879
-21.313927 11.33716 11.030932
-19.965217 14.580741 11.252952
-14.71214 9.0926024 20.250028
-17.280712 10.680068 17.350389
-16.086821 8.1056011 19.514106
-14.391627 11.107 19.706266
-21.615185 7.9579691 12.474573
-19.569923 10.25913 14.679768
-21.492798 9.6381246 11.769669
-20.720743 7.3513945 14.29552
-20.494566 10.830843 12.898789
-17.276475 17.529557 13.138308
-18.117005 13.431704 14.94621
-18.697309 16.101598 12.225468
-16.16172 16.870618 15.014699
-19.099054 14.042793 13.154575
-18.565207 6.0364794 17.730197
-18.499098 9.5965095 16.432952
-17.377789 7.0763835 18.664451
-19.700911 6.7080796 16.059825
-17.352537 8.8871808 18.027413
-19.653595 8.4944356 15.391176
-13.602745 15.136537 18.34771
-16.957746 12.709739 16.71292
-14.022174 13.13526 19.07101
-14.923252 16.063287 16.767868
-15.735312 11.947358 18.271975
-16.611778 14.784334 15.913757
-14.340481 -6.5486801 23.203385
-14.230322 -2.1302726 23.025144
-15.765232 -5.5093125 22.38371
-12.530151 -5.4678094 23.95726
-13.543825 6.1848818 21.91437
-13.962139 2.0901257 22.591215
-14.971372 5.2318904 21.256575
-12.000001 5.2364666 22.943629
-18.201107 -3.3278506 20.289223
-15.538937 -1.1002534 22.113791
-17.059389 -4.4241987 21.394107
-18.037388 -1.0991841 20.090895
-15.667071 -3.2664602 22.278795
-8.8649417 -3.2755933 24.943819
-12.468674 -1.1092873 23.764468
-10.685623 -4.3651245 24.531539
-8.8296155 -1.0914005 24.882157
-12.525235 -3.2545574 23.89767
-17.584958 3.2151952 19.602386
-15.376339 1.0887404 21.882393
-16.327794 4.2344663 20.476618
-17.831355 1.0866286 19.861407
-15.189933 3.1669807 21.600298
-16.735053 0 21.051158
-8.6960995 3.2132061 24.468738
-12.356972 1.0993497 23.551571
-10.366892 4.2349214 23.799812
-8.7727178 1.0843676 24.721817
-12.202496 3.1706968 23.281896
-10.644643 0 24.319823
-23.554004 0 -12.393826
-25.183688 0 -9.0783165
-23.534335 1.7346971 -11.73822
-24.116424 -1.7776024 -12.028548
-27.145242 0 -1.8813675
-26.437788 0 -5.5684498
-23.400179 5.1272605 -10.372673
-25.058707 1.7490395 -8.3894052
-23.484203 3.4500563 -11.060289
-24.342801 1.7423894 -10.079164
-25.29335 -5.5420772 -11.211866
-25.779954 -1.7993808 -8.6308713
-24.697793 -3.6283444 -11.631849
-24.992425 -1.7888876 -10.348142
-23.554004 0 12.393826
-25.183688 0 9.0783165
-23.534335 1.7346971 11.73822
-24.116424 -1.7776024 12.028548
-27.145242 0 1.8813675
-26.437788 0 5.5684498
-23.400179 5.1272605 10.372673
-25.058707 1.7490395 8.3894052
-23.484203 3.4500563 11.060289
-24.342801 1.7423894 10.079164
-25.29335 -5.5420772 11.211866
-25.779954 -1.7993808 8.6308713
-24.697793 -3.6283444 11.631849
-24.992425 -1.7888876 10.348142
-22.645129 11.804441 -7.2955457
-24.227939 8.5367409 -5.275996
-22.908424 10.164705 -8.1036998
-23.10103 12.082325 -5.2723905
-26.729404 1.7894713 -1.1059541
-25.5704 5.2220687 -3.2274159
-26.540671 1.7854243 -2.9543678
-23.279805 6.8570136 -9.6205339
-24.490997 6.9113074 -6.0820058
-23.11799 8.5068844 -8.8825312
-24.112251 5.1843978 -8.6396691
-23.732525 8.5392428 -7.0903501
-23.578283 12.370987 -1.1005965
-24.55933 8.7282956 -3.2251026
-23.417449 12.273542 -3.1891574
-23.87174 10.398223 -4.2477203
-25.696685 1.7695751 -6.5747645
-25.226175 5.2053214 -5.0332243
-26.18823 1.7771586 -4.7920326
-24.918049 3.4852352 -7.6221881
-25.898125 3.5235839 -4.0072771
-24.728796 5.2130324 -6.8483727
-28.087665 -14.641523 -9.0489591
-28.569368 -10.066448 -6.2214071
-27.327899 -12.125672 -9.6670592
-29.423266 -15.388987 -6.715326
-27.690826 -1.8538363 -1.1457338
-28.362285 -5.7922364 -3.579799
-27.469804 -1.8479282 -3.0577939
-25.951144 -7.6438501 -10.724482
-27.821028 -7.8510352 -6.9089738
-26.613304 -9.7930791 -10.225522
-26.249369 -5.6439015 -9.4054206
-27.660771 -9.952672 -8.2639563
-31.213181 -16.376844 -1.4569813
-29.41316 -10.453329 -3.8625019
-30.546982 -16.010269 -4.1601087
-29.524896 -12.860665 -5.2536388
-26.500323 -1.8249168 -6.7803837
-27.828878 -5.7423788 -5.5525256
-27.060768 -1.8363699 -4.9516934
-26.431052 -3.6968558 -8.085001
-27.704789 -3.7693907 -4.2868266
-27.11307 -5.7156569 -7.5086718
-22.645129 11.804441 7.2955457
-24.227939 8.5367409 5.275996
-22.908424 10.164705 8.1036998
-23.10103 12.082325 5.2723905
-26.729404 1.7894713 1.1059541
-25.5704 5.2220687 3.2274159
-26.540671 1.7854243 2.9543678
-26.284361 3.5412881 0
-23.279805 6.8570136 9.6205339
-24.490997 6.9113074 6.0820058
-23.11799 8.5068844 8.8825312
-24.112251 5.1843978 8.6396691
-23.732525 8.5392428 7.0903501
-23.578283 12.370987 1.1005965
-24.55933 8.7282956 3.2251026
-23.417449 12.273542 3.1891574
-24.205632 10.594662 0
-23.87174 10.398223 4.2477203
-25.696685 1.7695751 6.5747645
-25.226175 5.2053214 5.0332243
-26.18823 1.7771586 4.7920326
-24.918049 3.4852352 7.6221881
-25.898125 3.5235839 4.0072771
-24.728796 5.2130324 6.8483727
-25.211848 6.9683835 -2.1389498
-25.211848 6.9683835 2.1389498
-25.774083 5.2758703 -1.0861749
-24.750048 8.7827359 -1.0856059
-25.774083 5.2758703 1.0861749
-24.750048 8.7827359 1.0856059
-28.087665 -14.641523 9.0489591
-28.569368 -10.066448 6.2214071
-27.327899 -12.125672 9.6670592
-29.423266 -15.388987 6.715326
-27.690826 -1.8538363 1.1457338
-28.362285 -5.7922364 3.579799
-27.469804 -1.8479282 3.0577939
-28.234224 -3.8039928 0
-25.951144 -7.6438501 10.724482
-27.821028 -7.8510352 6.9089738
-26.613304 -9.7930791 10.225522
-26.249369 -5.6439015 9.4054206
-27.660771 -9.952672 8.2639563
-31.213181 -16.376844 1.4569813
-29.41316 -10.453329 3.8625019
-30.546982 -16.010269 4.1601087
-30.620488 -13.402407 0
-29.524896 -12.860665 5.2536388
-26.500323 -1.8249168 6.7803837
-27.828878 -5.7423788 5.5525256
-27.060768 -1.8363699 4.9516934
-26.431052 -3.6968558 8.085001
-27.704789 -3.7693907 4.2868266
-27.11307 -5.7156569 7.5086718
-29.121893 -8.0490934 -2.4706744
-29.121893 -8.0490934 2.4706744
-28.722757 -5.8794542 -1.2104383
-29.890988 -10.607036 -1.3111018
-28.722757 -5.8794542 1.2104383
-29.890988 -10.607036 1.3111018
