-22.62702557 36.61129644 0
36.61129644 59.23832202 0
-36.61129644 -59.23832202 0
22.62702557 -36.61129644 0
0 -23.72178295 38.38265109
0 23.72178295 38.38265109
0 -23.72178295 -38.38265109
0 23.72178295 -38.38265109
44.6027695 0 -27.56602754
44.6027695 0 27.56602754
-44.6027695 0 -27.56602754
-44.6027695 0 27.56602754
0 59.23832202 0
0 -59.23832202 0
-18.45272202 -48.30985344 29.85713142
13.83776937 -36.22775053 22.38998116
-13.83776937 36.22775053 22.38998116
18.45272202 48.30985344 29.85713142
0 0 41.88781921
-18.45272202 -48.30985344 -29.85713142
13.83776937 -36.22775053 -22.38998116
-13.83776937 36.22775053 -22.38998116
18.45272202 48.30985344 -29.85713142
0 0 -41.88781921
51.97213597 32.1205465 -19.85158947
34.72713341 -21.46254878 -13.26458463
21.13754186 -13.06371931 -34.20126116
25.53478896 15.78136747 -41.31615643
51.97213597 32.1205465 19.85158947
34.72713341 -21.46254878 13.26458463
21.13754186 -13.06371931 34.20126116
25.53478896 15.78136747 41.31615643
59.23832202 0 0
-34.72713341 21.46254878 -13.26458463
-51.97213597 -32.1205465 -19.85158947
-25.53478896 -15.78136747 -41.31615643
-21.13754186 13.06371931 -34.20126116
-34.72713341 21.46254878 13.26458463
-51.97213597 -32.1205465 19.85158947
-25.53478896 -15.78136747 41.31615643
-21.13754186 13.06371931 34.20126116
-59.23832202 0 0
-13.10539718 46.13292484 0
16.82836588 59.23832202 0
-16.82836588 -59.23832202 0
13.10539718 -46.13292484 0
-27.61808052 -54.91098292 16.54276321
-8.443191473 -36.46897755 36.90348297
-9.694898911 -56.75492678 15.68667595
19.07240059 -37.92024076 11.42404543
7.264100983 -31.37609002 31.74991681
8.197964149 -47.99171804 13.26458463
0 -44.6027695 27.56602754
-19.07240059 37.92024076 11.42404543
-7.264100983 31.37609002 31.74991681
-8.197964149 47.99171804 13.26458463
27.61808052 54.91098292 16.54276321
8.443191473 36.46897755 36.90348297
9.694898911 56.75492678 15.68667595
0 44.6027695 27.56602754
0 -11.66640685 41.06746734
0 11.66640685 41.06746734
-27.61808052 -54.91098292 -16.54276321
-8.443191473 -36.46897755 -36.90348297
-9.694898911 -56.75492678 -15.68667595
19.07240059 -37.92024076 -11.42404543
7.264100983 -31.37609002 -31.74991681
8.197964149 -47.99171804 -13.26458463
0 -44.6027695 -27.56602754
-19.07240059 37.92024076 -11.42404543
-7.264100983 31.37609002 -31.74991681
-8.197964149 47.99171804 -13.26458463
27.61808052 54.91098292 -16.54276321
8.443191473 36.46897755 -36.90348297
9.694898911 56.75492678 -15.68667595
0 44.6027695 -27.56602754
0 -11.66640685 -41.06746734
0 11.66640685 -41.06746734
50.64087624 51.2442311 -11.72422818
51.54865915 15.52981237 -25.92696294
36.92800647 43.23606306 -26.72135651
29.06144763 -29.40769689 -6.728221719
39.94545663 -12.03417231 -20.0910051
24.68333103 -28.89974734 -17.86102612
10.96964814 -18.31378602 -36.41194364
31.83242261 -7.282977582 -31.45762438
17.93468509 -24.78512522 -29.01893005
11.03872122 -6.822304905 -39.93846856
29.33807601 -18.13192814 -25.05770841
12.49292119 20.85688462 -41.46819812
37.11144105 8.490770448 -36.67448711
25.19775783 34.82244488 -40.77082861
11.54538307 7.135439152 -41.77158837
41.06825082 25.38157487 -35.07647378
23.72178295 0 -38.38265109
50.64087624 51.2442311 11.72422818
51.54865915 15.52981237 25.92696294
36.92800647 43.23606306 26.72135651
59.23832202 36.61129644 0
29.06144763 -29.40769689 6.728221719
39.94545663 -12.03417231 20.0910051
24.68333103 -28.89974734 17.86102612
36.61129644 -22.62702557 0
10.96964814 -18.31378602 36.41194364
31.83242261 -7.282977582 31.45762438
17.93468509 -24.78512522 29.01893005
11.03872122 -6.822304905 39.93846856
29.33807601 -18.13192814 25.05770841
12.49292119 20.85688462 41.46819812
37.11144105 8.490770448 36.67448711
25.19775783 34.82244488 40.77082861
11.54538307 7.135439152 41.77158837
41.06825082 25.38157487 35.07647378
23.72178295 0 38.38265109
54.96819797 0 -15.61531312
54.96819797 0 15.61531312
58.09785615 16.0578525 -9.924298634
45.60115704 -12.60384982 -7.789607578
58.09785615 16.0578525 9.924298634
45.60115704 -12.60384982 7.789607578
-29.06144763 29.40769689 -6.728221719
-39.94545663 12.03417231 -20.0910051
-24.68333103 28.89974734 -17.86102612
-50.64087624 -51.2442311 -11.72422818
-51.54865915 -15.52981237 -25.92696294
-36.92800647 -43.23606306 -26.72135651
-12.49292119 -20.85688462 -41.46819812
-37.11144105 -8.490770448 -36.67448711
-25.19775783 -34.82244488 -40.77082861
-11.54538307 -7.135439152 -41.77158837
-41.06825082 -25.38157487 -35.07647378
-10.96964814 18.31378602 -36.41194364
-31.83242261 7.282977582 -31.45762438
-17.93468509 24.78512522 -29.01893005
-11.03872122 6.822304905 -39.93846856
-29.33807601 18.13192814 -25.05770841
-23.72178295 0 -38.38265109
-29.06144763 29.40769689 6.728221719
-39.94545663 12.03417231 20.0910051
-24.68333103 28.89974734 17.86102612
-36.61129644 22.62702557 0
-50.64087624 -51.2442311 11.72422818
-51.54865915 -15.52981237 25.92696294
-36.92800647 -43.23606306 26.72135651
-59.23832202 -36.61129644 0
-12.49292119 -20.85688462 41.46819812
-37.11144105 -8.490770448 36.67448711
-25.19775783 -34.82244488 40.77082861
-11.54538307 -7.135439152 41.77158837
-41.06825082 -25.38157487 35.07647378
-10.96964814 18.31378602 36.41194364
-31.83242261 7.282977582 31.45762438
-17.93468509 24.78512522 29.01893005
-11.03872122 6.822304905 39.93846856
-29.33807601 18.13192814 25.05770841
-23.72178295 0 38.38265109
-54.96819797 0 -15.61531312
-54.96819797 0 15.61531312
-45.60115704 12.60384982 -7.789607578
-58.09785615 -16.0578525 -9.924298634
-45.60115704 12.60384982 7.789607578
-58.09785615 -16.0578525 9.924298634
-18.12357124 41.11475078 0
-7.242222283 51.99609974 0
26.1125248 59.23832202 0
8.250947627 59.23832202 0
-26.1125248 -59.23832202 0
-8.250947627 -59.23832202 0
18.12357124 -41.11475078 0
7.242222283 -51.99609974 0
-32.37738093 -57.80705899 8.768702509
-22.95108906 -51.64452163 23.4758601
-22.59411033 -58.29749172 8.30373225
-3.903063088 -29.63373395 37.73003692
-13.98525258 -44.75139601 35.79541321
-4.884784283 -58.66366562 7.903746998
-14.27834308 -53.30258281 23.10284441
-13.3323304 -58.53370613 8.043145028
-18.42643628 -56.04188318 16.15256616
21.06907359 -37.61703836 5.706095837
16.65134734 -37.46884803 17.03207633
16.37441195 -42.24937966 6.017883893
3.66870757 -27.85440604 35.4645746
10.68418227 -34.18830439 27.34628618
0 -33.93121716 34.33548673
4.484633884 -53.85807179 7.256290051
11.26799212 -42.06462049 18.23199424
10.85456119 -47.65541175 6.548353307
0 -55.17321929 15.24950276
14.01344398 -42.6202755 12.28414858
-9.23573342 -49.60325701 30.65649878
7.485755975 -40.20448195 24.84773634
-4.285416816 -41.20562772 32.75726501
-4.854032718 -53.83204776 23.56196976
3.90994506 -37.59534894 29.88719931
4.260792576 -47.25291376 20.68232162
-21.06907359 37.61703836 5.706095837
-16.65134734 37.46884803 17.03207633
-16.37441195 42.24937966 6.017883893
-3.66870757 27.85440604 35.4645746
-10.68418227 34.18830439 27.34628618
-4.484633884 53.85807179 7.256290051
-11.26799212 42.06462049 18.23199424
-10.85456119 47.65541175 6.548353307
-14.01344398 42.6202755 12.28414858
32.37738093 57.80705899 8.768702509
22.95108906 51.64452163 23.4758601
22.59411033 58.29749172 8.30373225
3.903063088 29.63373395 37.73003692
13.98525258 44.75139601 35.79541321
0 33.93121716 34.33548673
4.884784283 58.66366562 7.903746998
14.27834308 53.30258281 23.10284441
13.3323304 58.53370613 8.043145028
0 55.17321929 15.24950276
18.42643628 56.04188318 16.15256616
-7.485755975 40.20448195 24.84773634
9.23573342 49.60325701 30.65649878
-3.90994506 37.59534894 29.88719931
-4.260792576 47.25291376 20.68232162
4.285416816 41.20562772 32.75726501
4.854032718 53.83204776 23.56196976
0 -17.62787667 39.99022855
0 -5.806208836 41.68612919
0 17.62787667 39.99022855
0 5.806208836 41.68612919
-32.37738093 -57.80705899 -8.768702509
-22.95108906 -51.64452163 -23.4758601
-22.59411033 -58.29749172 -8.30373225
-3.903063088 -29.63373395 -37.73003692
-13.98525258 -44.75139601 -35.79541321
-4.884784283 -58.66366562 -7.903746998
-14.27834308 -53.30258281 -23.10284441
-13.3323304 -58.53370613 -8.043145028
-18.42643628 -56.04188318 -16.15256616
21.06907359 -37.61703836 -5.706095837
16.65134734 -37.46884803 -17.03207633
16.37441195 -42.24937966 -6.017883893
3.66870757 -27.85440604 -35.4645746
10.68418227 -34.18830439 -27.34628618
0 -33.93121716 -34.33548673
4.484633884 -53.85807179 -7.256290051
11.26799212 -42.06462049 -18.23199424
10.85456119 -47.65541175 -6.548353307
0 -55.17321929 -15.24950276
14.01344398 -42.6202755 -12.28414858
-9.23573342 -49.60325701 -30.65649878
7.485755975 -40.20448195 -24.84773634
-4.285416816 -41.20562772 -32.75726501
-4.854032718 -53.83204776 -23.56196976
3.90994506 -37.59534894 -29.88719931
4.260792576 -47.25291376 -20.68232162
-21.06907359 37.61703836 -5.706095837
-16.65134734 37.46884803 -17.03207633
-16.37441195 42.24937966 -6.017883893
-3.66870757 27.85440604 -35.4645746
-10.68418227 34.18830439 -27.34628618
-4.484633884 53.85807179 -7.256290051
-11.26799212 42.06462049 -18.23199424
-10.85456119 47.65541175 -6.548353307
-14.01344398 42.6202755 -12.28414858
32.37738093 57.80705899 -8.768702509
22.95108906 51.64452163 -23.4758601
22.59411033 58.29749172 -8.30373225
3.903063088 29.63373395 -37.73003692
13.98525258 44.75139601 -35.79541321
0 33.93121716 -34.33548673
4.884784283 58.66366562 -7.903746998
14.27834308 53.30258281 -23.10284441
13.3323304 58.53370613 -8.043145028
0 55.17321929 -15.24950276
18.42643628 56.04188318 -16.15256616
-7.485755975 40.20448195 -24.84773634
9.23573342 49.60325701 -30.65649878
-3.90994506 37.59534894 -29.88719931
-4.260792576 47.25291376 -20.68232162
4.285416816 41.20562772 -32.75726501
4.854032718 53.83204776 -23.56196976
0 -17.62787667 -39.99022855
0 -5.806208836 -41.68612919
0 17.62787667 -39.99022855
0 5.806208836 -41.68612919
45.5000651 57.93124616 -5.992819699
51.84909917 41.47267113 -16.20335481
38.94656634 54.04092102 -14.52338744
51.04018404 7.742241132 -28.58729557
51.81059964 23.55135357 -23.02489497
27.71418303 46.26872362 -28.59564381
45.41077089 38.62870897 -23.87385508
32.92245608 49.97495383 -22.08046899
43.28818234 46.95884798 -19.79188349
25.972255 -33.06819659 -3.420809202
31.963023 -25.56634469 -9.988759896
24.22721354 -33.6168514 -9.034460333
42.38018964 -6.428614113 -23.73688556
37.38527526 -16.99408696 -16.61420718
19.47169982 -32.50792911 -20.0910051
29.70209059 -25.26610737 -15.61531312
22.01613498 -33.41960048 -14.76580558
27.13912795 -29.44041802 -12.4083394
5.675598345 -20.95646527 -37.41598578
16.06903809 -15.70983651 -35.35026114
9.223889337 -24.73519484 -34.32170885
5.586924412 -15.20178912 -39.22376949
37.83556301 -3.913979456 -29.71661572
26.33453898 -10.28889308 -32.92341887
36.40011755 -9.782457441 -26.23307609
16.02890957 -30.48879779 -25.93532049
19.62252773 -19.01766327 -31.74991681
12.80045536 -27.99675159 -30.37076473
21.60020349 -27.2046747 -23.740921
14.60546411 -21.77706238 -33.05669797
5.577662059 -3.44718473 -41.39885829
16.26526973 -10.05248953 -37.52701922
5.573021785 -9.237850054 -40.55747077
11.06567454 -12.62343982 -38.39273796
32.43516118 -20.04603204 -19.42811306
25.53478896 -15.78136747 -30.01794474
34.50828039 -15.24681779 -22.73333457
27.12973838 -23.67552572 -21.5407049
30.71308256 -12.94473306 -28.31231121
23.6506892 -21.51810788 -27.10127825
6.104475461 22.54004251 -40.24332821
19.04030032 18.61468021 -41.88673802
10.72303322 28.75536622 -39.89996091
5.878727513 15.99577323 -41.27241319
41.49994435 4.293049097 -32.59467549
31.67669375 12.37607065 -39.60217635
46.95596996 12.61932127 -33.84053722
34.47130513 0 -34.06543643
22.09658526 42.03020281 -35.75302599
25.88574737 25.08781915 -41.88401907
16.64357012 36.40229078 -39.48906021
30.89076643 38.90580254 -33.95223781
18.2933251 27.27574276 -41.40347189
5.639806865 3.485592333 -41.86011321
18.03222535 11.14452816 -41.60371632
5.744112132 9.521449695 -41.80257478
11.3625369 0 -41.1100447
12.06807189 13.76694919 -41.87058999
46.51142037 28.74563865 -27.85955428
34.72713341 21.46254878 -40.82419375
46.86773194 20.70760296 -30.87548318
39.45613863 34.432504 -31.32772705
41.53376698 17.50535868 -38.2871675
33.53541632 30.51152972 -38.42816762
22.50381877 -6.779615393 -36.41194364
24.75948544 7.459169057 -40.06168898
28.10242039 -3.676454211 -35.35026114
17.17653429 -3.538560666 -39.24323914
29.91936201 3.914152693 -37.63580665
17.8043591 3.66789969 -40.6776309
45.5000651 57.93124616 5.992819699
51.84909917 41.47267113 16.20335481
38.94656634 54.04092102 14.52338744
58.54084391 59.23832202 0
51.04018404 7.742241132 28.58729557
51.81059964 23.55135357 23.02489497
27.71418303 46.26872362 28.59564381
45.41077089 38.62870897 23.87385508
32.92245608 49.97495383 22.08046899
43.28818234 46.95884798 19.79188349
56.90613479 35.16992547 -10.5954714
56.90613479 35.16992547 10.5954714
57.86974539 46.00474962 -6.018497806
57.86974539 46.00474962 6.018497806
25.972255 -33.06819659 3.420809202
31.963023 -25.56634469 9.988759896
24.22721354 -33.6168514 9.034460333
29.44375888 -29.79456314 0
42.38018964 -6.428614113 23.73688556
37.38527526 -16.99408696 16.61420718
19.47169982 -32.50792911 20.0910051
29.70209059 -25.26610737 15.61531312
22.01613498 -33.41960048 14.76580558
27.13912795 -29.44041802 12.4083394
36.1359186 -22.33322591 -6.728221719
36.1359186 -22.33322591 6.728221719
32.89215414 -26.14829745 -3.420809202
32.89215414 -26.14829745 3.420809202
5.675598345 -20.95646527 37.41598578
16.06903809 -15.70983651 35.35026114
9.223889337 -24.73519484 34.32170885
5.586924412 -15.20178912 39.22376949
37.83556301 -3.913979456 29.71661572
26.33453898 -10.28889308 32.92341887
36.40011755 -9.782457441 26.23307609
16.02890957 -30.48879779 25.93532049
19.62252773 -19.01766327 31.74991681
12.80045536 -27.99675159 30.37076473
21.60020349 -27.2046747 23.740921
14.60546411 -21.77706238 33.05669797
5.577662059 -3.44718473 41.39885829
16.26526973 -10.05248953 37.52701922
5.573021785 -9.237850054 40.55747077
11.06567454 -12.62343982 38.39273796
32.43516118 -20.04603204 19.42811306
25.53478896 -15.78136747 30.01794474
34.50828039 -15.24681779 22.73333457
27.12973838 -23.67552572 21.5407049
30.71308256 -12.94473306 28.31231121
23.6506892 -21.51810788 27.10127825
6.104475461 22.54004251 40.24332821
19.04030032 18.61468021 41.88673802
10.72303322 28.75536622 39.89996091
5.878727513 15.99577323 41.27241319
41.49994435 4.293049097 32.59467549
31.67669375 12.37607065 39.60217635
46.95596996 12.61932127 33.84053722
34.47130513 0 34.06543643
22.09658526 42.03020281 35.75302599
25.88574737 25.08781915 41.88401907
16.64357012 36.40229078 39.48906021
30.89076643 38.90580254 33.95223781
18.2933251 27.27574276 41.40347189
5.639806865 3.485592333 41.86011321
18.03222535 11.14452816 41.60371632
5.744112132 9.521449695 41.80257478
11.3625369 0 41.1100447
12.06807189 13.76694919 41.87058999
46.51142037 28.74563865 27.85955428
34.72713341 21.46254878 40.82419375
46.86773194 20.70760296 30.87548318
39.45613863 34.432504 31.32772705
41.53376698 17.50535868 38.2871675
33.53541632 30.51152972 38.42816762
22.50381877 -6.779615393 36.41194364
24.75948544 7.459169057 40.06168898
28.10242039 -3.676454211 35.35026114
17.17653429 -3.538560666 39.24323914
29.91936201 3.914152693 37.63580665
17.8043591 3.66789969 40.6776309
50.27029669 0 -22.15937799
58.12149406 0 -8.095391414
54.84537901 7.812022937 -21.25618972
46.75059622 -6.659024636 -18.11892927
50.27029669 0 22.15937799
58.12149406 0 8.095391414
54.84537901 7.812022937 21.25618972
46.75059622 -6.659024636 18.11892927
56.01779618 24.27969455 -15.00567647
59.00300806 7.949466555 -4.913040523
55.4037121 15.96863051 -18.21660716
58.81841306 25.74447244 -5.303652997
57.56372753 7.909859796 -13.11139658
39.95455529 -17.3174324 -10.70276182
51.92591924 -6.995971425 -4.323748125
43.25308254 -12.4665382 -14.22150941
41.04257494 -17.96409295 -3.700806674
50.11095097 -6.885770145 -11.41386389
56.01779618 24.27969455 15.00567647
59.00300806 7.949466555 4.913040523
55.4037121 15.96863051 18.21660716
58.81841306 25.74447244 5.303652997
57.56372753 7.909859796 13.11139658
59.23832202 16.37306952 0
39.95455529 -17.3174324 10.70276182
51.92591924 -6.995971425 4.323748125
43.25308254 -12.4665382 14.22150941
41.04257494 -17.96409295 3.700806674
50.11095097 -6.885770145 11.41386389
46.41071569 -12.82760633 0
-25.972255 33.06819659 -3.420809202
-31.963023 25.56634469 -9.988759896
-24.22721354 33.6168514 -9.034460333
-42.38018964 6.428614113 -23.73688556
-37.38527526 16.99408696 -16.61420718
-19.47169982 32.50792911 -20.0910051
-29.70209059 25.26610737 -15.61531312
-22.01613498 33.41960048 -14.76580558
-27.13912795 29.44041802 -12.4083394
-45.5000651 -57.93124616 -5.992819699
-51.84909917 -41.47267113 -16.20335481
-38.94656634 -54.04092102 -14.52338744
-51.04018404 -7.742241132 -28.58729557
-51.81059964 -23.55135357 -23.02489497
-27.71418303 -46.26872362 -28.59564381
-45.41077089 -38.62870897 -23.87385508
-32.92245608 -49.97495383 -22.08046899
-43.28818234 -46.95884798 -19.79188349
-6.104475461 -22.54004251 -40.24332821
-19.04030032 -18.61468021 -41.88673802
-10.72303322 -28.75536622 -39.89996091
-5.878727513 -15.99577323 -41.27241319
-41.49994435 -4.293049097 -32.59467549
-31.67669375 -12.37607065 -39.60217635
-46.95596996 -12.61932127 -33.84053722
-22.09658526 -42.03020281 -35.75302599
-25.88574737 -25.08781915 -41.88401907
-16.64357012 -36.40229078 -39.48906021
-30.89076643 -38.90580254 -33.95223781
-18.2933251 -27.27574276 -41.40347189
-5.639806865 -3.485592333 -41.86011321
-18.03222535 -11.14452816 -41.60371632
-5.744112132 -9.521449695 -41.80257478
-12.06807189 -13.76694919 -41.87058999
-46.51142037 -28.74563865 -27.85955428
-34.72713341 -21.46254878 -40.82419375
-46.86773194 -20.70760296 -30.87548318
-39.45613863 -34.432504 -31.32772705
-41.53376698 -17.50535868 -38.2871675
-33.53541632 -30.51152972 -38.42816762
-5.675598345 20.95646527 -37.41598578
-16.06903809 15.70983651 -35.35026114
-9.223889337 24.73519484 -34.32170885
-5.586924412 15.20178912 -39.22376949
-37.83556301 3.913979456 -29.71661572
-26.33453898 10.28889308 -32.92341887
-36.40011755 9.782457441 -26.23307609
-34.47130513 0 -34.06543643
-16.02890957 30.48879779 -25.93532049
-19.62252773 19.01766327 -31.74991681
-12.80045536 27.99675159 -30.37076473
-21.60020349 27.2046747 -23.740921
-14.60546411 21.77706238 -33.05669797
-5.577662059 3.44718473 -41.39885829
-16.26526973 10.05248953 -37.52701922
-5.573021785 9.237850054 -40.55747077
-11.3625369 0 -41.1100447
-11.06567454 12.62343982 -38.39273796
-32.43516118 20.04603204 -19.42811306
-25.53478896 15.78136747 -30.01794474
-34.50828039 15.24681779 -22.73333457
-27.12973838 23.67552572 -21.5407049
-30.71308256 12.94473306 -28.31231121
-23.6506892 21.51810788 -27.10127825
-24.75948544 -7.459169057 -40.06168898
-22.50381877 6.779615393 -36.41194364
-29.91936201 -3.914152693 -37.63580665
-17.8043591 -3.66789969 -40.6776309
-28.10242039 3.676454211 -35.35026114
-17.17653429 3.538560666 -39.24323914
-25.972255 33.06819659 3.420809202
-31.963023 25.56634469 9.988759896
-24.22721354 33.6168514 9.034460333
-29.44375888 29.79456314 0
-42.38018964 6.428614113 23.73688556
-37.38527526 16.99408696 16.61420718
-19.47169982 32.50792911 20.0910051
-29.70209059 25.26610737 15.61531312
-22.01613498 33.41960048 14.76580558
-27.13912795 29.44041802 12.4083394
-36.1359186 22.33322591 -6.728221719
-36.1359186 22.33322591 6.728221719
-32.89215414 26.14829745 -3.420809202
-32.89215414 26.14829745 3.420809202
-45.5000651 -57.93124616 5.992819699
-51.84909917 -41.47267113 16.20335481
-38.94656634 -54.04092102 14.52338744
-58.54084391 -59.23832202 0
-51.04018404 -7.742241132 28.58729557
-51.81059964 -23.55135357 23.02489497
-27.71418303 -46.26872362 28.59564381
-45.41077089 -38.62870897 23.87385508
-32.92245608 -49.97495383 22.08046899
-43.28818234 -46.95884798 19.79188349
-56.90613479 -35.16992547 -10.5954714
-56.90613479 -35.16992547 10.5954714
-57.86974539 -46.00474962 -6.018497806
-57.86974539 -46.00474962 6.018497806
-6.104475461 -22.54004251 40.24332821
-19.04030032 -18.61468021 41.88673802
-10.72303322 -28.75536622 39.89996091
-5.878727513 -15.99577323 41.27241319
-41.49994435 -4.293049097 32.59467549
-31.67669375 -12.37607065 39.60217635
-46.95596996 -12.61932127 33.84053722
-22.09658526 -42.03020281 35.75302599
-25.88574737 -25.08781915 41.88401907
-16.64357012 -36.40229078 39.48906021
-30.89076643 -38.90580254 33.95223781
-18.2933251 -27.27574276 41.40347189
-5.639806865 -3.485592333 41.86011321
-18.03222535 -11.14452816 41.60371632
-5.744112132 -9.521449695 41.80257478
-12.06807189 -13.76694919 41.87058999
-46.51142037 -28.74563865 27.85955428
-34.72713341 -21.46254878 40.82419375
-46.86773194 -20.70760296 30.87548318
-39.45613863 -34.432504 31.32772705
-41.53376698 -17.50535868 38.2871675
-33.53541632 -30.51152972 38.42816762
-5.675598345 20.95646527 37.41598578
-16.06903809 15.70983651 35.35026114
-9.223889337 24.73519484 34.32170885
-5.586924412 15.20178912 39.22376949
-37.83556301 3.913979456 29.71661572
-26.33453898 10.28889308 32.92341887
-36.40011755 9.782457441 26.23307609
-34.47130513 0 34.06543643
-16.02890957 30.48879779 25.93532049
-19.62252773 19.01766327 31.74991681
-12.80045536 27.99675159 30.37076473
-21.60020349 27.2046747 23.740921
-14.60546411 21.77706238 33.05669797
-5.577662059 3.44718473 41.39885829
-16.26526973 10.05248953 37.52701922
-5.573021785 9.237850054 40.55747077
-11.3625369 0 41.1100447
-11.06567454 12.62343982 38.39273796
-32.43516118 20.04603204 19.42811306
-25.53478896 15.78136747 30.01794474
-34.50828039 15.24681779 22.73333457
-27.12973838 23.67552572 21.5407049
-30.71308256 12.94473306 28.31231121
-23.6506892 21.51810788 27.10127825
-24.75948544 -7.459169057 40.06168898
-22.50381877 6.779615393 36.41194364
-29.91936201 -3.914152693 37.63580665
-17.8043591 -3.66789969 40.6776309
-28.10242039 3.676454211 35.35026114
-17.17653429 3.538560666 39.24323914
-50.27029669 0 -22.15937799
-58.12149406 0 -8.095391414
-46.75059622 6.659024636 -18.11892927
-54.84537901 -7.812022937 -21.25618972
-50.27029669 0 22.15937799
-58.12149406 0 8.095391414
-46.75059622 6.659024636 18.11892927
-54.84537901 -7.812022937 21.25618972
-39.95455529 17.3174324 -10.70276182
-51.92591924 6.995971425 -4.323748125
-43.25308254 12.4665382 -14.22150941
-41.04257494 17.96409295 -3.700806674
-50.11095097 6.885770145 -11.41386389
-56.01779618 -24.27969455 -15.00567647
-59.00300806 -7.949466555 -4.913040523
-55.4037121 -15.96863051 -18.21660716
-58.81841306 -25.74447244 -5.303652997
-57.56372753 -7.909859796 -13.11139658
-39.95455529 17.3174324 10.70276182
-51.92591924 6.995971425 4.323748125
-43.25308254 12.4665382 14.22150941
-41.04257494 17.96409295 3.700806674
-50.11095097 6.885770145 11.41386389
-46.41071569 12.82760633 0
-56.01779618 -24.27969455 15.00567647
-59.00300806 -7.949466555 4.913040523
-55.4037121 -15.96863051 18.21660716
-58.81841306 -25.74447244 5.303652997
-57.56372753 -7.909859796 13.11139658
-59.23832202 -16.37306952 0
-20.42374845 38.81457357 0
-15.69622779 43.54209423 0
-3.839547746 55.39877427 0
-10.30629171 48.93203031 0
31.17047223 59.23832202 0
21.35446658 59.23832202 0
4.105657007 59.23832202 0
12.47705079 59.23832202 0
-31.17047223 -59.23832202 0
-21.35446658 -59.23832202 0
-4.105657007 -59.23832202 0
-12.47705079 -59.23832202 0
20.42374845 -38.81457357 0
15.69622779 -43.54209423 0
3.839547746 -55.39877427 0
10.30629171 -48.93203031 0
-34.63864744 -58.82694373 4.498838091
-30.00452435 -56.44565579 12.77812502
-29.38870476 -58.92235993 4.343120373
-20.68411379 -49.98038528 26.71824923
-25.26213745 -53.29510618 20.09615876
-19.76043463 -59.0233678 4.119693792
-25.24362931 -56.94823574 12.47804306
-24.4217129 -58.98235904 4.221791793
-27.36119467 -58.09575841 8.534828144
-1.888804747 -26.58687308 38.07350927
-6.074675287 -32.90873973 37.34375303
-16.24447639 -46.63214069 32.92379729
-11.0585997 -40.38605736 36.3942236
-2.445338367 -59.10049685 3.956640591
-7.307007413 -57.89247696 11.82298635
-6.577398887 -59.08830392 3.97494446
-16.42665864 -50.98779583 26.57889199
-12.02670239 -55.22790519 19.45961324
-18.58942943 -52.55062945 23.31725957
-15.1088034 -59.05096129 4.06648215
-11.52256386 -57.75030134 11.91654603
-10.80931877 -59.07241148 4.008710978
-17.87346467 -58.4309739 8.172617663
-9.068043714 -58.60471324 7.973497218
-22.956016 -55.54905718 16.36184804
-14.01466639 -56.43420183 15.92561243
-20.78197267 -54.08789697 19.90309247
-20.5238062 -57.27941241 12.31570029
-16.34799146 -54.71931754 19.68865641
-15.93493513 -57.53947291 12.12979144
21.90322412 -37.19832695 2.844772134
20.12504109 -37.85999501 8.57071714
19.66618854 -39.42937428 2.906307875
15.29084656 -36.94827877 19.75161487
17.91338851 -37.79157423 14.25019162
14.81760523 -44.25939913 3.089203118
17.78852307 -40.12992715 8.792949464
17.30141773 -41.78570261 2.990903368
18.78023993 -39.87590071 5.858155035
1.836961371 -25.85712413 37.02847839
5.482097053 -29.69852651 33.7009089
0 -28.76141667 36.61939177
12.29935428 -35.3070918 24.92794704
9.002103394 -32.87572332 29.62622508
-4.048798962 -35.20629601 35.62575735
3.755202737 -32.6533326 33.04237696
-1.960641594 -31.88210983 36.15165649
1.89431544 -30.80357629 34.9286893
2.343988725 -56.65101408 3.792653426
6.430835052 -50.9506764 10.40530969
5.91197749 -53.11046641 3.572807819
0 -58.19144012 7.840124126
12.60714956 -39.13216816 20.3987965
9.804158772 -45.02174692 15.86346212
14.04401819 -39.7011645 17.61581864
12.03268533 -47.02831966 3.238555618
9.574211351 -47.98529195 9.901575007
9.132990219 -49.91135593 3.387032887
13.71942618 -44.85081363 6.273189153
7.829887837 -50.60279216 6.884791346
-4.832473128 -56.96046636 15.7434857
4.358409127 -51.37266362 14.19905501
-2.444138777 -57.99750829 11.87189979
2.308086113 -54.76908463 11.21105205
16.61542931 -40.20608074 11.84260934
11.22484122 -45.20014512 12.75538538
15.3913043 -40.05795284 14.74039821
15.24912794 -42.55843578 9.150529274
12.6878357 -42.46819631 15.28055837
12.51099653 -45.17596966 9.523463844
-13.85604484 -49.09495446 30.34235053
-4.349958715 -47.01671726 29.05792931
-11.67196254 -47.42185542 33.4000296
-11.77082893 -51.57400107 26.97428782
10.77389924 -38.17424804 23.59298278
3.917250028 -42.33976666 26.16741487
9.139597022 -37.13314254 26.1535119
9.42982879 -41.31688627 21.60960095
-6.395108552 -38.98966556 34.97694704
-2.143607745 -43.08397852 30.27428642
-8.885296714 -42.96664818 34.26105864
-2.047462894 -37.42354286 33.59845057
-6.627697744 -45.20401686 31.78872756
-7.287484967 -55.49459112 19.72257357
-2.288929262 -49.03615549 25.72815224
-9.559989195 -53.72613113 23.40241242
-2.406251773 -54.85862756 19.46698577
-7.087740911 -52.04409566 27.27732541
5.643239808 -34.405676 30.86473018
2.038968906 -40.98086172 28.79646653
7.416865773 -35.86575356 28.5988956
1.963510678 -35.88906359 32.22081173
5.72225107 -39.02844454 27.44589257
0 -39.37029694 31.2982309
6.283913168 -47.85233773 17.00654483
2.155209765 -46.17145793 24.22511078
7.929661974 -44.56386407 19.41144661
2.243386147 -51.14555612 18.14937518
5.946918426 -43.66722702 22.88684521
0 -50.36951325 22.04643883
-21.90322412 37.19832695 2.844772134
-20.12504109 37.85999501 8.57071714
-19.66618854 39.42937428 2.906307875
-15.29084656 36.94827877 19.75161487
-17.91338851 37.79157423 14.25019162
-14.81760523 44.25939913 3.089203118
-17.78852307 40.12992715 8.792949464
-17.30141773 41.78570261 2.990903368
-18.78023993 39.87590071 5.858155035
-1.836961371 25.85712413 37.02847839
-5.482097053 29.69852651 33.7009089
-12.29935428 35.3070918 24.92794704
-9.002103394 32.87572332 29.62622508
-2.343988725 56.65101408 3.792653426
-6.430835052 50.9506764 10.40530969
-5.91197749 53.11046641 3.572807819
-12.60714956 39.13216816 20.3987965
-9.804158772 45.02174692 15.86346212
-14.04401819 39.7011645 17.61581864
-12.03268533 47.02831966 3.238555618
-9.574211351 47.98529195 9.901575007
-9.132990219 49.91135593 3.387032887
-13.71942618 44.85081363 6.273189153
-7.829887837 50.60279216 6.884791346
-16.61542931 40.20608074 11.84260934
-11.22484122 45.20014512 12.75538538
-15.3913043 40.05795284 14.74039821
-15.24912794 42.55843578 9.150529274
-12.6878357 42.46819631 15.28055837
-12.51099653 45.17596966 9.523463844
34.63864744 58.82694373 4.498838091
30.00452435 56.44565579 12.77812502
29.38870476 58.92235993 4.343120373
20.68411379 49.98038528 26.71824923
25.26213745 53.29510618 20.09615876
19.76043463 59.0233678 4.119693792
25.24362931 56.94823574 12.47804306
24.4217129 58.98235904 4.221791793
27.36119467 58.09575841 8.534828144
1.888804747 26.58687308 38.07350927
6.074675287 32.90873973 37.34375303
0 28.76141667 36.61939177
16.24447639 46.63214069 32.92379729
11.0585997 40.38605736 36.3942236
-3.755202737 32.6533326 33.04237696
4.048798962 35.20629601 35.62575735
-1.89431544 30.80357629 34.9286893
1.960641594 31.88210983 36.15165649
2.445338367 59.10049685 3.956640591
7.307007413 57.89247696 11.82298635
6.577398887 59.08830392 3.97494446
0 58.19144012 7.840124126
16.42665864 50.98779583 26.57889199
12.02670239 55.22790519 19.45961324
18.58942943 52.55062945 23.31725957
15.1088034 59.05096129 4.06648215
11.52256386 57.75030134 11.91654603
10.80931877 59.07241148 4.008710978
17.87346467 58.4309739 8.172617663
9.068043714 58.60471324 7.973497218
-4.358409127 51.37266362 14.19905501
4.832473128 56.96046636 15.7434857
-2.308086113 54.76908463 11.21105205
2.444138777 57.99750829 11.87189979
22.956016 55.54905718 16.36184804
14.01466639 56.43420183 15.92561243
20.78197267 54.08789697 19.90309247
20.5238062 57.27941241 12.31570029
16.34799146 54.71931754 19.68865641
15.93493513 57.53947291 12.12979144
-10.77389924 38.17424804 23.59298278
-3.917250028 42.33976666 26.16741487
-9.139597022 37.13314254 26.1535119
-9.42982879 41.31688627 21.60960095
13.85604484 49.09495446 30.34235053
4.349958715 47.01671726 29.05792931
11.67196254 47.42185542 33.4000296
11.77082893 51.57400107 26.97428782
-5.643239808 34.405676 30.86473018
-2.038968906 40.98086172 28.79646653
-7.416865773 35.86575356 28.5988956
-1.963510678 35.88906359 32.22081173
-5.72225107 39.02844454 27.44589257
-6.283913168 47.85233773 17.00654483
-2.155209765 46.17145793 24.22511078
-7.929661974 44.56386407 19.41144661
-2.243386147 51.14555612 18.14937518
-5.946918426 43.66722702 22.88684521
6.395108552 38.98966556 34.97694704
2.143607745 43.08397852 30.27428642
8.885296714 42.96664818 34.26105864
2.047462894 37.42354286 33.59845057
6.627697744 45.20401686 31.78872756
0 39.37029694 31.2982309
7.287484967 55.49459112 19.72257357
2.288929262 49.03615549 25.72815224
9.559989195 53.72613113 23.40241242
2.406251773 54.85862756 19.46698577
7.087740911 52.04409566 27.27732541
0 50.36951325 22.04643883
0 -20.65731814 39.25846407
0 -14.63201559 40.58991818
0 -2.899657856 41.83760736
0 -8.726356756 41.43084294
0 20.65731814 39.25846407
0 14.63201559 40.58991818
0 2.899657856 41.83760736
0 8.726356756 41.43084294
-34.63864744 -58.82694373 -4.498838091
-30.00452435 -56.44565579 -12.77812502
-29.38870476 -58.92235993 -4.343120373
-20.68411379 -49.98038528 -26.71824923
-25.26213745 -53.29510618 -20.09615876
-19.76043463 -59.0233678 -4.119693792
-25.24362931 -56.94823574 -12.47804306
-24.4217129 -58.98235904 -4.221791793
-27.36119467 -58.09575841 -8.534828144
-1.888804747 -26.58687308 -38.07350927
-6.074675287 -32.90873973 -37.34375303
-16.24447639 -46.63214069 -32.92379729
-11.0585997 -40.38605736 -36.3942236
-2.445338367 -59.10049685 -3.956640591
-7.307007413 -57.89247696 -11.82298635
-6.577398887 -59.08830392 -3.97494446
-16.42665864 -50.98779583 -26.57889199
-12.02670239 -55.22790519 -19.45961324
-18.58942943 -52.55062945 -23.31725957
-15.1088034 -59.05096129 -4.06648215
-11.52256386 -57.75030134 -11.91654603
-10.80931877 -59.07241148 -4.008710978
-17.87346467 -58.4309739 -8.172617663
-9.068043714 -58.60471324 -7.973497218
-22.956016 -55.54905718 -16.36184804
-14.01466639 -56.43420183 -15.92561243
-20.78197267 -54.08789697 -19.90309247
-20.5238062 -57.27941241 -12.31570029
-16.34799146 -54.71931754 -19.68865641
-15.93493513 -57.53947291 -12.12979144
21.90322412 -37.19832695 -2.844772134
20.12504109 -37.85999501 -8.57071714
19.66618854 -39.42937428 -2.906307875
15.29084656 -36.94827877 -19.75161487
17.91338851 -37.79157423 -14.25019162
14.81760523 -44.25939913 -3.089203118
17.78852307 -40.12992715 -8.792949464
17.30141773 -41.78570261 -2.990903368
18.78023993 -39.87590071 -5.858155035
1.836961371 -25.85712413 -37.02847839
5.482097053 -29.69852651 -33.7009089
0 -28.76141667 -36.61939177
12.29935428 -35.3070918 -24.92794704
9.002103394 -32.87572332 -29.62622508
-4.048798962 -35.20629601 -35.62575735
3.755202737 -32.6533326 -33.04237696
-1.960641594 -31.88210983 -36.15165649
1.89431544 -30.80357629 -34.9286893
2.343988725 -56.65101408 -3.792653426
6.430835052 -50.9506764 -10.40530969
5.91197749 -53.11046641 -3.572807819
0 -58.19144012 -7.840124126
12.60714956 -39.13216816 -20.3987965
9.804158772 -45.02174692 -15.86346212
14.04401819 -39.7011645 -17.61581864
12.03268533 -47.02831966 -3.238555618
9.574211351 -47.98529195 -9.901575007
9.132990219 -49.91135593 -3.387032887
13.71942618 -44.85081363 -6.273189153
7.829887837 -50.60279216 -6.884791346
-4.832473128 -56.96046636 -15.7434857
4.358409127 -51.37266362 -14.19905501
-2.444138777 -57.99750829 -11.87189979
2.308086113 -54.76908463 -11.21105205
16.61542931 -40.20608074 -11.84260934
11.22484122 -45.20014512 -12.75538538
15.3913043 -40.05795284 -14.74039821
15.24912794 -42.55843578 -9.150529274
12.6878357 -42.46819631 -15.28055837
12.51099653 -45.17596966 -9.523463844
-13.85604484 -49.09495446 -30.34235053
-4.349958715 -47.01671726 -29.05792931
-11.67196254 -47.42185542 -33.4000296
-11.77082893 -51.57400107 -26.97428782
10.77389924 -38.17424804 -23.59298278
3.917250028 -42.33976666 -26.16741487
9.139597022 -37.13314254 -26.1535119
9.42982879 -41.31688627 -21.60960095
-6.395108552 -38.98966556 -34.97694704
-2.143607745 -43.08397852 -30.27428642
-8.885296714 -42.96664818 -34.26105864
-2.047462894 -37.42354286 -33.59845057
-6.627697744 -45.20401686 -31.78872756
-7.287484967 -55.49459112 -19.72257357
-2.288929262 -49.03615549 -25.72815224
-9.559989195 -53.72613113 -23.40241242
-2.406251773 -54.85862756 -19.46698577
-7.087740911 -52.04409566 -27.27732541
5.643239808 -34.405676 -30.86473018
2.038968906 -40.98086172 -28.79646653
7.416865773 -35.86575356 -28.5988956
1.963510678 -35.88906359 -32.22081173
5.72225107 -39.02844454 -27.44589257
0 -39.37029694 -31.2982309
6.283913168 -47.85233773 -17.00654483
2.155209765 -46.17145793 -24.22511078
7.929661974 -44.56386407 -19.41144661
2.243386147 -51.14555612 -18.14937518
5.946918426 -43.66722702 -22.88684521
0 -50.36951325 -22.04643883
-21.90322412 37.19832695 -2.844772134
-20.12504109 37.85999501 -8.57071714
-19.66618854 39.42937428 -2.906307875
-15.29084656 36.94827877 -19.75161487
-17.91338851 37.79157423 -14.25019162
-14.81760523 44.25939913 -3.089203118
-17.78852307 40.12992715 -8.792949464
-17.30141773 41.78570261 -2.990903368
-18.78023993 39.87590071 -5.858155035
-1.836961371 25.85712413 -37.02847839
-5.482097053 29.69852651 -33.7009089
-12.29935428 35.3070918 -24.92794704
-9.002103394 32.87572332 -29.62622508
-2.343988725 56.65101408 -3.792653426
-6.430835052 50.9506764 -10.40530969
-5.91197749 53.11046641 -3.572807819
-12.60714956 39.13216816 -20.3987965
-9.804158772 45.02174692 -15.86346212
-14.04401819 39.7011645 -17.61581864
-12.03268533 47.02831966 -3.238555618
-9.574211351 47.98529195 -9.901575007
-9.132990219 49.91135593 -3.387032887
-13.71942618 44.85081363 -6.273189153
-7.829887837 50.60279216 -6.884791346
-16.61542931 40.20608074 -11.84260934
-11.22484122 45.20014512 -12.75538538
-15.3913043 40.05795284 -14.74039821
-15.24912794 42.55843578 -9.150529274
-12.6878357 42.46819631 -15.28055837
-12.51099653 45.17596966 -9.523463844
34.63864744 58.82694373 -4.498838091
30.00452435 56.44565579 -12.77812502
29.38870476 58.92235993 -4.343120373
20.68411379 49.98038528 -26.71824923
25.26213745 53.29510618 -20.09615876
19.76043463 59.0233678 -4.119693792
25.24362931 56.94823574 -12.47804306
24.4217129 58.98235904 -4.221791793
27.36119467 58.09575841 -8.534828144
1.888804747 26.58687308 -38.07350927
6.074675287 32.90873973 -37.34375303
0 28.76141667 -36.61939177
16.24447639 46.63214069 -32.92379729
11.0585997 40.38605736 -36.3942236
-3.755202737 32.6533326 -33.04237696
4.048798962 35.20629601 -35.62575735
-1.89431544 30.80357629 -34.9286893
1.960641594 31.88210983 -36.15165649
2.445338367 59.10049685 -3.956640591
7.307007413 57.89247696 -11.82298635
6.577398887 59.08830392 -3.97494446
0 58.19144012 -7.840124126
16.42665864 50.98779583 -26.57889199
12.02670239 55.22790519 -19.45961324
18.58942943 52.55062945 -23.31725957
15.1088034 59.05096129 -4.06648215
11.52256386 57.75030134 -11.91654603
10.80931877 59.07241148 -4.008710978
17.87346467 58.4309739 -8.172617663
9.068043714 58.60471324 -7.973497218
-4.358409127 51.37266362 -14.19905501
4.832473128 56.96046636 -15.7434857
-2.308086113 54.76908463 -11.21105205
2.444138777 57.99750829 -11.87189979
22.956016 55.54905718 -16.36184804
14.01466639 56.43420183 -15.92561243
20.78197267 54.08789697 -19.90309247
20.5238062 57.27941241 -12.31570029
16.34799146 54.71931754 -19.68865641
15.93493513 57.53947291 -12.12979144
-10.77389924 38.17424804 -23.59298278
-3.917250028 42.33976666 -26.16741487
-9.139597022 37.13314254 -26.1535119
-9.42982879 41.31688627 -21.60960095
13.85604484 49.09495446 -30.34235053
4.349958715 47.01671726 -29.05792931
11.67196254 47.42185542 -33.4000296
11.77082893 51.57400107 -26.97428782
-5.643239808 34.405676 -30.86473018
-2.038968906 40.98086172 -28.79646653
-7.416865773 35.86575356 -28.5988956
-1.963510678 35.88906359 -32.22081173
-5.72225107 39.02844454 -27.44589257
-6.283913168 47.85233773 -17.00654483
-2.155209765 46.17145793 -24.22511078
-7.929661974 44.56386407 -19.41144661
-2.243386147 51.14555612 -18.14937518
-5.946918426 43.66722702 -22.88684521
6.395108552 38.98966556 -34.97694704
2.143607745 43.08397852 -30.27428642
8.885296714 42.96664818 -34.26105864
2.047462894 37.42354286 -33.59845057
6.627697744 45.20401686 -31.78872756
0 39.37029694 -31.2982309
7.287484967 55.49459112 -19.72257357
2.288929262 49.03615549 -25.72815224
9.559989195 53.72613113 -23.40241242
2.406251773 54.85862756 -19.46698577
7.087740911 52.04409566 -27.27732541
0 50.36951325 -22.04643883
0 -20.65731814 -39.25846407
0 -14.63201559 -40.58991818
0 -2.899657856 -41.83760736
0 -8.726356756 -41.43084294
0 20.65731814 -39.25846407
0 14.63201559 -40.58991818
0 2.899657856 -41.83760736
0 8.726356756 -41.43084294
41.20050593 59.00083999 -2.926997506
48.78486924 55.35946146 -9.005274647
38.62546267 57.89068422 -7.453679398
51.96982345 36.6923737 -18.10387765
51.49330119 46.40360659 -14.10000981
33.14184826 54.5797363 -15.59311772
44.92852757 53.08519353 -13.27026781
35.86502155 56.31284285 -11.69428097
42.1863376 56.03402926 -10.45366446
47.63792538 3.643148865 -28.050298
51.39789579 11.63541692 -27.32131276
51.91012597 27.74983978 -21.4827266
51.68758593 19.49000588 -24.5001651
23.07231768 47.38252792 -29.28401273
32.35313797 44.91055413 -27.75624891
25.4300666 49.13588054 -26.13602578
48.99950574 35.59933776 -22.00160071
41.3312422 41.1652613 -25.44153064
48.60607536 40.06933365 -20.18957218
30.41768966 52.70593259 -19.40451464
35.0928365 46.78303623 -24.52504527
27.88560056 50.92238191 -22.83538281
35.8543382 51.96932533 -18.43790124
30.26722183 48.09083908 -25.4147534
46.81241626 49.01706324 -15.9379044
40.01075681 45.04138453 -23.36546774
47.93408607 44.62967611 -18.17358414
41.4334817 50.82728482 -17.30648284
44.52754727 42.86061032 -21.95125635
38.15521263 48.72188638 -21.05797535
24.33668821 -34.85115084 -1.728945412
27.54413354 -31.25617477 -5.084414314
23.56685545 -35.32129566 -4.547771672
33.35982562 -23.55311423 -11.621017
30.53213732 -27.51428352 -8.360377483
21.70533706 -35.74548903 -10.21228126
26.66978265 -31.51161745 -7.877292613
22.68649142 -35.62080185 -7.397240917
25.15987318 -33.41861727 -6.234550971
43.52671573 -3.328740783 -25.6295239
41.18215154 -9.322784433 -21.8909826
36.06830264 -19.28120189 -14.92667317
38.67829009 -14.58454845 -18.33369611
16.72393639 -34.34515743 -21.22647464
22.11489209 -30.69847689 -18.97270212
18.10092297 -34.97453636 -18.60341921
32.2017854 -23.39538364 -14.45914227
27.20400869 -27.09476093 -16.74548317
30.90788755 -25.47949921 -12.83825164
20.58451781 -35.66760725 -13.13158829
23.37900083 -31.16706291 -16.3386922
19.39571187 -35.41884799 -15.88305421
23.18399211 -33.60420214 -11.92224368
20.79831504 -33.04592762 -17.46391033
28.16905503 -29.49568645 -9.590526229
25.9757234 -29.24169997 -15.16929385
29.55827538 -27.5206302 -11.20663496
25.71397997 -31.54385608 -10.74055413
28.44278117 -27.37799486 -14.02176448
24.61085917 -31.42657062 -13.58280638
2.898669289 -22.31820339 -37.90308779
8.35785178 -19.62520845 -36.91969079
4.699944464 -24.35542498 -36.50318001
2.861923056 -19.36584863 -38.82721315
18.59728935 -14.39721764 -34.7889444
13.53313155 -17.01199883 -35.8899276
8.275661871 -28.01852289 -33.10521823
10.11894464 -21.50695799 -35.41878794
6.509276892 -26.26854474 -34.89121096
7.468304874 -22.90443645 -35.96300446
2.810904296 -13.48272309 -40.27217713
8.311605755 -16.81474359 -37.93313435
2.835682204 -16.40351303 -39.61711854
5.639012164 -18.07770548 -38.38421615
41.10467138 -2.039178945 -28.70354485
34.7562257 -5.653764504 -30.62851194
40.26525748 -5.184328432 -26.86553494
23.70971759 -11.6982845 -33.58163326
29.03408996 -8.822179641 -32.21864094
38.31456348 -10.9462511 -23.26532766
34.22945458 -8.556699133 -28.97001766
39.32034315 -8.165511052 -25.04268801
37.15809949 -6.932185835 -27.97521703
14.97418758 -33.34883674 -24.22874446
17.01269474 -27.63810938 -27.52711833
13.41874112 -32.30540678 -26.6315705
17.81725723 -31.61174229 -23.08628166
20.3996326 -16.07248324 -33.0072989
18.80253645 -21.9165442 -30.42314305
17.89234113 -17.40905179 -33.63770543
10.09729454 -29.6575223 -31.0542536
15.40397822 -26.37759421 -29.69409875
11.77877855 -31.06734369 -28.92566857
11.044047 -26.44057278 -32.4351821
14.45420047 -29.31996623 -28.22234155
23.21945326 -28.14539316 -20.86661626
19.83508345 -26.08253109 -26.46461289
20.5730899 -29.86995443 -21.96221839
18.85863922 -28.84190701 -24.83784094
12.82121838 -20.09799518 -34.82459026
16.31294049 -23.34215277 -31.11793995
15.35726488 -18.75364025 -34.24634979
11.95336031 -23.24450151 -33.69190792
17.12824962 -20.39856624 -32.41077665
13.73065259 -24.87874359 -31.76864273
2.796101549 -1.728085793 -41.76547931
8.330093722 -5.148281049 -40.78916651
2.795644061 -4.625993223 -41.55777963
18.75323664 -11.59013764 -35.97539737
13.68875292 -8.460114571 -38.84975202
16.18956616 -12.90695405 -36.48678738
2.811399753 -10.44560989 -40.82542401
8.308009445 -8.033331897 -40.2625096
2.798860496 -7.547008365 -41.24404074
5.587760525 -12.22039797 -39.95027088
5.582286221 -6.348583827 -41.02945975
11.03323058 -15.47985393 -37.45821101
11.06749778 -9.73948662 -39.21892525
13.60852491 -14.20944977 -36.98201644
8.346545898 -13.90930977 -38.81916849
13.66290444 -11.34465656 -37.9723629
8.347762936 -10.96647552 -39.59885723
33.68724278 -20.81986103 -16.40357324
30.98147487 -19.14760449 -22.31876115
34.89158473 -18.55929614 -18.05799171
31.09498755 -22.70889198 -17.52599988
23.4030667 -14.46389066 -32.21236049
27.51792025 -17.00701001 -27.62887422
25.96626576 -13.08351672 -31.49835935
22.56955037 -17.41846046 -30.90418892
37.183968 -13.68986025 -21.45964113
31.89916576 -16.72248207 -23.92816497
36.06654331 -16.17350352 -19.75039624
35.48158106 -12.58830826 -24.47922114
33.49171483 -17.69949724 -21.07888283
25.939213 -26.31919535 -19.72609379
28.26126203 -20.95251989 -23.31504304
28.50424098 -24.54705244 -18.63785209
24.38067042 -25.45007435 -22.65033853
29.7687558 -21.88781097 -20.50338881
31.30772549 -10.17971096 -29.89959375
30.05507312 -15.59123568 -26.69825171
28.60932755 -11.64996179 -30.72758058
33.50504346 -11.40833043 -27.31270438
28.09680023 -14.38990392 -29.18954236
32.71996077 -14.14181959 -25.62374229
20.81115396 -23.15773724 -28.07058427
26.48318484 -19.84900301 -26.1008349
21.70247197 -20.32977266 -29.51668348
22.65631277 -24.38710105 -25.45678704
24.61469136 -18.68920833 -28.58278386
25.47438627 -22.67197593 -24.40396077
3.011844759 23.18959398 -39.38297368
9.269160523 21.76506742 -40.9452751
5.040259097 26.11895806 -39.14631046
2.956846935 20.0081725 -40.11502893
22.31101583 17.27222417 -41.73601187
15.75780536 19.80855395 -41.78977286
9.648355853 32.66598896 -38.59642057
11.66932133 24.80215206 -40.84548661
7.254528888 29.27605014 -38.88593189
8.32375789 25.52801296 -40.08236771
2.873659783 13.78373471 -41.17128284
9.064956589 18.33880543 -41.37133381
2.91398567 16.85647349 -40.7110908
5.998265497 19.22941003 -40.82961921
43.22125084 2.144181226 -30.18156016
39.4546686 6.418056056 -34.76895905
46.12511506 5.938810785 -30.77531271
39.63557426 0 -31.13037141
28.67135622 14.14633813 -40.60912856
34.50503455 10.48455845 -38.28965607
49.31015776 14.08762934 -29.94206049
41.93882969 10.48389324 -35.49482898
49.21619727 10.22054668 -31.34524714
44.21124528 8.24801517 -33.28531865
33.1494686 -3.767373497 -32.75916334
35.79501456 4.068034719 -35.37356037
36.27432447 -1.967294344 -31.99029061
37.84624281 2.052545444 -33.37656382
20.34426796 45.30847951 -32.91771704
23.71189531 38.52134928 -38.36665254
18.09537391 43.56432618 -35.91307276
24.87176918 44.12800174 -32.22699552
25.77757725 20.30966373 -41.70899614
25.82055472 30.09686115 -41.77853515
22.27953621 21.67774451 -41.8856577
12.44160033 36.54315893 -38.26417168
21.02358658 36.00054658 -40.52696303
15.42801008 40.69244445 -37.8872482
13.5212785 32.37131716 -39.71054544
19.82842737 40.22144442 -38.71571109
33.84425671 41.02421795 -30.4148039
28.02213186 36.84825059 -37.38803893
29.41487922 42.70729901 -31.4010197
26.53015171 40.57451652 -34.94163502
15.25602773 23.91469848 -41.43794286
21.683959 31.02753203 -41.36348896
18.73794945 22.8819888 -41.78519913
14.46066169 28.12019915 -40.75902251
22.08048893 26.29634237 -41.78160705
17.57137788 31.83780245 -40.65493774
2.803833591 1.732864458 -41.88097313
8.541480253 5.27892511 -41.82424255
2.816480697 4.66047191 -41.86752018
5.618102144 0 -41.69901512
21.62201019 13.3631372 -41.47872836
14.6928348 9.080671298 -41.69941496
18.5485645 14.78763959 -41.8033147
2.859669798 10.62495473 -41.52637201
8.643285079 8.357522723 -41.88733183
2.833176148 7.639539063 -41.74971659
5.818802031 12.72568433 -41.60212598
5.698573874 6.480834644 -41.88416684
11.21735547 -3.443174524 -40.58477335
11.4727445 3.521566354 -41.50877956
8.446602858 -1.73895248 -41.26398707
8.518212598 1.753695204 -41.61382042
12.29472388 17.2497555 -41.74102573
11.81726707 10.3992896 -41.87581722
15.41272928 16.09332415 -41.88505453
8.960456727 14.9323768 -41.67442241
15.05770754 12.502797 -41.84884244
8.820656237 11.58771655 -41.84209706
49.25225424 30.43956714 -23.98275706
43.78180527 27.05864375 -31.53999798
49.35061393 26.25024531 -25.54120095
46.06784475 33.64367676 -25.96511866
29.86301298 18.45635703 -41.10393531
38.36147088 23.70869286 -38.51614672
33.17163734 16.714058 -40.23882999
30.38069279 23.44685151 -41.59988366
49.35859877 18.17214127 -28.48587371
44.09480274 23.11579411 -33.07634193
49.38147842 22.14438761 -27.04178655
46.93050026 16.65020516 -32.37798485
46.72289024 24.69182814 -29.40626761
38.33921168 38.90084105 -29.15596881
40.34749361 29.91308956 -33.28597105
42.37004 36.48788945 -27.70417704
35.27728987 36.82464978 -32.77360893
43.16648273 31.73863968 -29.73114445
39.23532576 12.7573712 -37.47063329
41.36697213 21.45934596 -36.7467359
36.33139721 14.79445431 -39.02139725
44.39575122 15.11657193 -36.19061203
38.26539387 19.59779536 -39.75361343
44.26094808 19.12992338 -34.66175081
29.44535304 32.76549441 -39.71659935
37.42601081 28.05059157 -36.88567425
30.68384878 28.74306995 -41.73190288
32.30668604 34.77469724 -36.30001205
34.65224871 26.31042923 -40.23847874
36.46289163 32.45164741 -34.93073268
21.83862515 -9.972759659 -35.33563776
23.13242242 -3.462913047 -37.42904572
24.48619495 -8.55693703 -34.76586131
19.34775792 -8.442823407 -36.99231261
25.18776004 11.50216534 -40.75465184
24.26683752 3.632734469 -39.26456791
28.06605008 9.807951937 -39.8485925
21.44722069 9.358970562 -41.00642026
30.05694463 -5.495546063 -33.50521751
25.98478501 -1.83988437 -36.97949817
27.23362964 -7.062796352 -34.15357931
31.19144426 -1.900781842 -34.74250543
25.24851751 -5.264115786 -35.90374636
14.076452 -5.201244754 -39.60775936
20.37737936 -1.81289272 -38.83793648
16.73850612 -6.837753937 -38.42745605
14.30646844 -1.768376751 -40.31611432
19.89271138 -5.168922617 -37.95453397
33.36125674 6.099699268 -37.18861573
26.72313644 1.892164243 -38.03026174
30.82117021 7.993192661 -38.65269872
32.30203189 1.96846017 -35.97953044
27.41007625 5.714783651 -38.97751323
29.0277044 0 -36.51418336
14.70335446 5.432885024 -41.37171251
20.82045827 1.852311652 -39.68241556
17.95033092 7.33278974 -41.20950506
14.51732335 1.794439851 -40.91031063
21.17211315 5.501362406 -40.39558371
17.51439586 0 -40.01515171
41.20050593 59.00083999 2.926997506
48.78486924 55.35946146 9.005274647
38.62546267 57.89068422 7.453679398
46.52666198 59.23832202 0
51.96982345 36.6923737 18.10387765
51.49330119 46.40360659 14.10000981
33.14184826 54.5797363 15.59311772
44.92852757 53.08519353 13.27026781
35.86502155 56.31284285 11.69428097
42.1863376 56.03402926 10.45366446
54.47232636 55.12133059 -6.264433452
54.47232636 55.12133059 6.264433452
51.65542059 58.57294359 -3.176633124
51.65542059 58.57294359 3.176633124
47.63792538 3.643148865 28.050298
51.39789579 11.63541692 27.32131276
51.91012597 27.74983978 21.4827266
51.68758593 19.49000588 24.5001651
23.07231768 47.38252792 29.28401273
32.35313797 44.91055413 27.75624891
25.4300666 49.13588054 26.13602578
48.99950574 35.59933776 22.00160071
41.3312422 41.1652613 25.44153064
48.60607536 40.06933365 20.18957218
30.41768966 52.70593259 19.40451464
35.0928365 46.78303623 24.52504527
27.88560056 50.92238191 22.83538281
35.8543382 51.96932533 18.43790124
30.26722183 48.09083908 25.4147534
46.81241626 49.01706324 15.9379044
40.01075681 45.04138453 23.36546774
47.93408607 44.62967611 18.17358414
41.4334817 50.82728482 17.30648284
44.52754727 42.86061032 21.95125635
38.15521263 48.72188638 21.05797535
54.58526576 33.73554953 -15.4055727
58.59991952 36.216742 -5.421629699
54.82409574 38.61355496 -13.49387926
54.58526576 33.73554953 15.4055727
58.59991952 36.216742 5.421629699
54.82409574 38.61355496 13.49387926
55.08365933 49.41458737 -9.034855154
58.99606733 41.45540642 -2.935300573
55.02431999 43.87569273 -11.3787654
58.47861031 52.50146158 -3.199397373
57.36646239 40.34169905 -8.410924512
55.08365933 49.41458737 9.034855154
58.99606733 41.45540642 2.935300573
55.02431999 43.87569273 11.3787654
58.47861031 52.50146158 3.199397373
57.36646239 40.34169905 8.410924512
59.23832202 47.09272788 0
24.33668821 -34.85115084 1.728945412
27.54413354 -31.25617477 5.084414314
23.56685545 -35.32129566 4.547771672
26.05929941 -33.17902261 0
33.35982562 -23.55311423 11.621017
30.53213732 -27.51428352 8.360377483
21.70533706 -35.74548903 10.21228126
26.66978265 -31.51161745 7.877292613
22.68649142 -35.62080185 7.397240917
25.15987318 -33.41861727 6.234550971
29.34802539 -29.69768904 -3.375085374
29.34802539 -29.69768904 3.375085374
27.73734568 -31.45183924 -1.70575266
27.73734568 -31.45183924 1.70575266
43.52671573 -3.328740783 25.6295239
41.18215154 -9.322784433 21.8909826
36.06830264 -19.28120189 14.92667317
38.67829009 -14.58454845 18.33369611
16.72393639 -34.34515743 21.22647464
22.11489209 -30.69847689 18.97270212
18.10092297 -34.97453636 18.60341921
32.2017854 -23.39538364 14.45914227
27.20400869 -27.09476093 16.74548317
30.90788755 -25.47949921 12.83825164
20.58451781 -35.66760725 13.13158829
23.37900083 -31.16706291 16.3386922
19.39571187 -35.41884799 15.88305421
23.18399211 -33.60420214 11.92224368
20.79831504 -33.04592762 17.46391033
28.16905503 -29.49568645 9.590526229
25.9757234 -29.24169997 15.16929385
29.55827538 -27.5206302 11.20663496
25.71397997 -31.54385608 10.74055413
28.44278117 -27.37799486 14.02176448
24.61085917 -31.42657062 13.58280638
35.54578806 -21.96850518 -10.03207028
36.4921772 -22.55340584 -3.376234529
34.05481344 -23.98539169 -8.381926501
35.54578806 -21.96850518 10.03207028
36.4921772 -22.55340584 3.376234529
34.05481344 -23.98539169 8.381926501
30.99517602 -27.8052303 -5.083847538
34.76153795 -24.42626685 -1.729531592
32.53022032 -25.93918383 -6.7270935
31.18847595 -28.00067517 -1.706338907
34.5251371 -24.27904097 -5.061987611
30.99517602 -27.8052303 5.083847538
34.76153795 -24.42626685 1.729531592
32.53022032 -25.93918383 6.7270935
31.18847595 -28.00067517 1.706338907
34.5251371 -24.27904097 5.061987611
33.00239017 -26.23593185 0
2.898669289 -22.31820339 37.90308779
8.35785178 -19.62520845 36.91969079
4.699944464 -24.35542498 36.50318001
2.861923056 -19.36584863 38.82721315
18.59728935 -14.39721764 34.7889444
13.53313155 -17.01199883 35.8899276
8.275661871 -28.01852289 33.10521823
10.11894464 -21.50695799 35.41878794
6.509276892 -26.26854474 34.89121096
7.468304874 -22.90443645 35.96300446
2.810904296 -13.48272309 40.27217713
8.311605755 -16.81474359 37.93313435
2.835682204 -16.40351303 39.61711854
5.639012164 -18.07770548 38.38421615
41.10467138 -2.039178945 28.70354485
34.7562257 -5.653764504 30.62851194
40.26525748 -5.184328432 26.86553494
23.70971759 -11.6982845 33.58163326
29.03408996 -8.822179641 32.21864094
38.31456348 -10.9462511 23.26532766
34.22945458 -8.556699133 28.97001766
39.32034315 -8.165511052 25.04268801
37.15809949 -6.932185835 27.97521703
14.97418758 -33.34883674 24.22874446
17.01269474 -27.63810938 27.52711833
13.41874112 -32.30540678 26.6315705
17.81725723 -31.61174229 23.08628166
20.3996326 -16.07248324 33.0072989
18.80253645 -21.9165442 30.42314305
17.89234113 -17.40905179 33.63770543
10.09729454 -29.6575223 31.0542536
15.40397822 -26.37759421 29.69409875
11.77877855 -31.06734369 28.92566857
11.044047 -26.44057278 32.4351821
14.45420047 -29.31996623 28.22234155
23.21945326 -28.14539316 20.86661626
19.83508345 -26.08253109 26.46461289
20.5730899 -29.86995443 21.96221839
18.85863922 -28.84190701 24.83784094
12.82121838 -20.09799518 34.82459026
16.31294049 -23.34215277 31.11793995
15.35726488 -18.75364025 34.24634979
11.95336031 -23.24450151 33.69190792
17.12824962 -20.39856624 32.41077665
13.73065259 -24.87874359 31.76864273
2.796101549 -1.728085793 41.76547931
8.330093722 -5.148281049 40.78916651
2.795644061 -4.625993223 41.55777963
18.75323664 -11.59013764 35.97539737
13.68875292 -8.460114571 38.84975202
16.18956616 -12.90695405 36.48678738
2.811399753 -10.44560989 40.82542401
8.308009445 -8.033331897 40.2625096
2.798860496 -7.547008365 41.24404074
5.587760525 -12.22039797 39.95027088
5.582286221 -6.348583827 41.02945975
11.03323058 -15.47985393 37.45821101
11.06749778 -9.73948662 39.21892525
13.60852491 -14.20944977 36.98201644
8.346545898 -13.90930977 38.81916849
13.66290444 -11.34465656 37.9723629
8.347762936 -10.96647552 39.59885723
33.68724278 -20.81986103 16.40357324
30.98147487 -19.14760449 22.31876115
34.89158473 -18.55929614 18.05799171
31.09498755 -22.70889198 17.52599988
23.4030667 -14.46389066 32.21236049
27.51792025 -17.00701001 27.62887422
25.96626576 -13.08351672 31.49835935
22.56955037 -17.41846046 30.90418892
37.183968 -13.68986025 21.45964113
31.89916576 -16.72248207 23.92816497
36.06654331 -16.17350352 19.75039624
35.48158106 -12.58830826 24.47922114
33.49171483 -17.69949724 21.07888283
25.939213 -26.31919535 19.72609379
28.26126203 -20.95251989 23.31504304
28.50424098 -24.54705244 18.63785209
24.38067042 -25.45007435 22.65033853
29.7687558 -21.88781097 20.50338881
31.30772549 -10.17971096 29.89959375
30.05507312 -15.59123568 26.69825171
28.60932755 -11.64996179 30.72758058
33.50504346 -11.40833043 27.31270438
28.09680023 -14.38990392 29.18954236
32.71996077 -14.14181959 25.62374229
20.81115396 -23.15773724 28.07058427
26.48318484 -19.84900301 26.1008349
21.70247197 -20.32977266 29.51668348
22.65631277 -24.38710105 25.45678704
24.61469136 -18.68920833 28.58278386
25.47438627 -22.67197593 24.40396077
3.011844759 23.18959398 39.38297368
9.269160523 21.76506742 40.9452751
5.040259097 26.11895806 39.14631046
2.956846935 20.0081725 40.11502893
22.31101583 17.27222417 41.73601187
15.75780536 19.80855395 41.78977286
9.648355853 32.66598896 38.59642057
11.66932133 24.80215206 40.84548661
7.254528888 29.27605014 38.88593189
8.32375789 25.52801296 40.08236771
2.873659783 13.78373471 41.17128284
9.064956589 18.33880543 41.37133381
2.91398567 16.85647349 40.7110908
5.998265497 19.22941003 40.82961921
43.22125084 2.144181226 30.18156016
39.4546686 6.418056056 34.76895905
46.12511506 5.938810785 30.77531271
39.63557426 0 31.13037141
28.67135622 14.14633813 40.60912856
34.50503455 10.48455845 38.28965607
49.31015776 14.08762934 29.94206049
41.93882969 10.48389324 35.49482898
49.21619727 10.22054668 31.34524714
44.21124528 8.24801517 33.28531865
33.1494686 -3.767373497 32.75916334
35.79501456 4.068034719 35.37356037
36.27432447 -1.967294344 31.99029061
37.84624281 2.052545444 33.37656382
20.34426796 45.30847951 32.91771704
23.71189531 38.52134928 38.36665254
18.09537391 43.56432618 35.91307276
24.87176918 44.12800174 32.22699552
25.77757725 20.30966373 41.70899614
25.82055472 30.09686115 41.77853515
22.27953621 21.67774451 41.8856577
12.44160033 36.54315893 38.26417168
21.02358658 36.00054658 40.52696303
15.42801008 40.69244445 37.8872482
13.5212785 32.37131716 39.71054544
19.82842737 40.22144442 38.71571109
33.84425671 41.02421795 30.4148039
28.02213186 36.84825059 37.38803893
29.41487922 42.70729901 31.4010197
26.53015171 40.57451652 34.94163502
15.25602773 23.91469848 41.43794286
21.683959 31.02753203 41.36348896
18.73794945 22.8819888 41.78519913
14.46066169 28.12019915 40.75902251
22.08048893 26.29634237 41.78160705
17.57137788 31.83780245 40.65493774
2.803833591 1.732864458 41.88097313
8.541480253 5.27892511 41.82424255
2.816480697 4.66047191 41.86752018
5.618102144 0 41.69901512
21.62201019 13.3631372 41.47872836
14.6928348 9.080671298 41.69941496
18.5485645 14.78763959 41.8033147
2.859669798 10.62495473 41.52637201
8.643285079 8.357522723 41.88733183
2.833176148 7.639539063 41.74971659
5.818802031 12.72568433 41.60212598
5.698573874 6.480834644 41.88416684
11.21735547 -3.443174524 40.58477335
11.4727445 3.521566354 41.50877956
8.446602858 -1.73895248 41.26398707
8.518212598 1.753695204 41.61382042
12.29472388 17.2497555 41.74102573
11.81726707 10.3992896 41.87581722
15.41272928 16.09332415 41.88505453
8.960456727 14.9323768 41.67442241
15.05770754 12.502797 41.84884244
8.820656237 11.58771655 41.84209706
49.25225424 30.43956714 23.98275706
43.78180527 27.05864375 31.53999798
49.35061393 26.25024531 25.54120095
46.06784475 33.64367676 25.96511866
29.86301298 18.45635703 41.10393531
38.36147088 23.70869286 38.51614672
33.17163734 16.714058 40.23882999
30.38069279 23.44685151 41.59988366
49.35859877 18.17214127 28.48587371
44.09480274 23.11579411 33.07634193
49.38147842 22.14438761 27.04178655
46.93050026 16.65020516 32.37798485
46.72289024 24.69182814 29.40626761
38.33921168 38.90084105 29.15596881
40.34749361 29.91308956 33.28597105
42.37004 36.48788945 27.70417704
35.27728987 36.82464978 32.77360893
43.16648273 31.73863968 29.73114445
39.23532576 12.7573712 37.47063329
41.36697213 21.45934596 36.7467359
36.33139721 14.79445431 39.02139725
44.39575122 15.11657193 36.19061203
38.26539387 19.59779536 39.75361343
44.26094808 19.12992338 34.66175081
29.44535304 32.76549441 39.71659935
37.42601081 28.05059157 36.88567425
30.68384878 28.74306995 41.73190288
32.30668604 34.77469724 36.30001205
34.65224871 26.31042923 40.23847874
36.46289163 32.45164741 34.93073268
21.83862515 -9.972759659 35.33563776
23.13242242 -3.462913047 37.42904572
24.48619495 -8.55693703 34.76586131
19.34775792 -8.442823407 36.99231261
25.18776004 11.50216534 40.75465184
24.26683752 3.632734469 39.26456791
28.06605008 9.807951937 39.8485925
21.44722069 9.358970562 41.00642026
30.05694463 -5.495546063 33.50521751
25.98478501 -1.83988437 36.97949817
27.23362964 -7.062796352 34.15357931
31.19144426 -1.900781842 34.74250543
25.24851751 -5.264115786 35.90374636
14.076452 -5.201244754 39.60775936
20.37737936 -1.81289272 38.83793648
16.73850612 -6.837753937 38.42745605
14.30646844 -1.768376751 40.31611432
19.89271138 -5.168922617 37.95453397
33.36125674 6.099699268 37.18861573
26.72313644 1.892164243 38.03026174
30.82117021 7.993192661 38.65269872
32.30203189 1.96846017 35.97953044
27.41007625 5.714783651 38.97751323
29.0277044 0 36.51418336
14.70335446 5.432885024 41.37171251
20.82045827 1.852311652 39.68241556
17.95033092 7.33278974 41.20950506
14.51732335 1.794439851 40.91031063
21.17211315 5.501362406 40.39558371
17.51439586 0 40.01515171
47.52395967 0 -25.00651968
52.77584024 0 -19.02484537
50.87960772 3.750295492 -25.37722133
46.1114596 -3.39883908 -22.99901215
58.95580341 0 -4.086076363
56.77322351 0 -11.95784028
53.35595466 11.69093109 -23.65126721
56.05542399 3.912538217 -18.76679666
53.1472661 7.807846819 -25.03061727
53.96809036 3.862884508 -22.34554924
43.21299268 -9.468486186 -19.15516353
50.63593144 -3.534270242 -16.95240462
44.66497791 -6.561716742 -21.03573805
48.51113601 -3.472291024 -20.08609108
47.52395967 0 25.00651968
52.77584024 0 19.02484537
50.87960772 3.750295492 25.37722133
46.1114596 -3.39883908 22.99901215
58.95580341 0 4.086076363
56.77322351 0 11.95784028
53.35595466 11.69093109 23.65126721
56.05542399 3.912538217 18.76679666
53.1472661 7.807846819 25.03061727
53.96809036 3.862884508 22.34554924
43.21299268 -9.468486186 19.15516353
50.63593144 -3.534270242 16.95240462
44.66497791 -6.561716742 21.03573805
48.51113601 -3.472291024 20.08609108
54.29337801 28.30202417 -17.49161289
57.24912052 20.17179069 -12.46685226
54.05303542 23.98389269 -19.12089538
56.44580538 29.522344 -12.88272977
59.18407971 3.962236269 -2.448796686
58.65838445 11.97940242 -7.403677861
58.85016505 3.958924559 -6.550890522
53.5938217 15.78593789 -22.14800198
56.92404579 16.06384535 -14.13631247
53.81703763 19.80342251 -20.67790149
55.12220476 11.85187705 -19.75085638
55.70505703 20.04333712 -16.64249186
59.10350419 31.01026047 -2.758856988
58.47178381 20.7806569 -7.678446438
58.14813975 30.47657395 -7.919033732
57.69338198 25.13049592 -10.26591896
57.29501426 3.94556071 -14.65952606
57.83106305 11.93321089 -11.53867774
58.21221025 3.95033689 -10.65191552
56.34612961 7.881014868 -17.23573115
58.44113284 7.951241195 -9.042732539
56.63756839 11.93966259 -15.68516242
37.30275086 -19.44515879 -12.01776905
42.7104801 -15.04908472 -9.300845855
38.77032715 -17.20279645 -13.71474078
38.05018818 -19.90104911 -8.68426429
55.43799153 -3.711444392 -2.293798781
48.66048851 -9.937600215 -6.141774699
54.91035683 -3.693888709 -6.112331815
41.70662348 -12.28459078 -17.23553854
44.55932436 -12.57454711 -11.0657021
40.24495093 -14.80920917 -15.46315381
44.99874848 -9.675223201 -16.12351723
41.60170686 -14.96878524 -12.42896255
38.81666008 -20.36621612 -1.811899572
43.30096436 -15.38900347 -5.686232126
38.560584 -20.21035402 -5.251458889
40.64446796 -17.70420802 -7.232247444
52.49530409 -3.615033733 -13.43147023
47.81499055 -9.866433987 -9.540232155
53.91335006 -3.65861208 -9.865291968
48.5880608 -6.795910069 -14.86261361
51.20265934 -6.966406612 -7.922706682
46.54996603 -9.813113516 -12.89150998
54.29337801 28.30202417 17.49161289
57.24912052 20.17179069 12.46685226
54.05303542 23.98389269 19.12089538
56.44580538 29.522344 12.88272977
59.18407971 3.962236269 2.448796686
58.65838445 11.97940242 7.403677861
58.85016505 3.958924559 6.550890522
59.23832202 7.98117037 0
53.5938217 15.78593789 22.14800198
56.92404579 16.06384535 14.13631247
53.81703763 19.80342251 20.67790149
55.12220476 11.85187705 19.75085638
55.70505703 20.04333712 16.64249186
59.10350419 31.01026047 2.758856988
58.47178381 20.7806569 7.678446438
58.14813975 30.47657395 7.919033732
59.23832202 25.92826412 0
57.69338198 25.13049592 10.26591896
57.29501426 3.94556071 14.65952606
57.83106305 11.93321089 11.53867774
58.21221025 3.95033689 10.65191552
56.34612961 7.881014868 17.23573115
58.44113284 7.951241195 9.042732539
56.63756839 11.93966259 15.68516242
58.94713819 16.29258829 -5.001020523
58.94713819 16.29258829 5.001020523
59.17234683 12.11238538 -2.49364898
59.15032594 20.98992637 -2.594497584
59.17234683 12.11238538 2.49364898
59.15032594 20.98992637 2.594497584
37.30275086 -19.44515879 12.01776905
42.7104801 -15.04908472 9.300845855
38.77032715 -17.20279645 13.71474078
38.05018818 -19.90104911 8.68426429
55.43799153 -3.711444392 2.293798781
48.66048851 -9.937600215 6.141774699
54.91035683 -3.693888709 6.112331815
52.20477976 -7.033542261 0
41.70662348 -12.28459078 17.23553854
44.55932436 -12.57454711 11.0657021
40.24495093 -14.80920917 15.46315381
44.99874848 -9.675223201 16.12351723
41.60170686 -14.96878524 12.42896255
38.81666008 -20.36621612 1.811899572
43.30096436 -15.38900347 5.686232126
38.560584 -20.21035402 5.251458889
41.20370388 -18.03461814 0
40.64446796 -17.70420802 7.232247444
52.49530409 -3.615033733 13.43147023
47.81499055 -9.866433987 9.540232155
53.91335006 -3.65861208 9.865291968
48.5880608 -6.795910069 14.86261361
51.20265934 -6.966406612 7.922706682
46.54996603 -9.813113516 12.89150998
46.20702337 -12.77130715 -3.920161
46.20702337 -12.77130715 3.920161
49.1127463 -10.05321814 -2.069715945
43.67716835 -15.49916308 -1.915801916
49.1127463 -10.05321814 2.069715945
43.67716835 -15.49916308 1.915801916
-24.33668821 34.85115084 -1.728945412
-27.54413354 31.25617477 -5.084414314
-23.56685545 35.32129566 -4.547771672
-33.35982562 23.55311423 -11.621017
-30.53213732 27.51428352 -8.360377483
-21.70533706 35.74548903 -10.21228126
-26.66978265 31.51161745 -7.877292613
-22.68649142 35.62080185 -7.397240917
-25.15987318 33.41861727 -6.234550971
-43.52671573 3.328740783 -25.6295239
-41.18215154 9.322784433 -21.8909826
-36.06830264 19.28120189 -14.92667317
-38.67829009 14.58454845 -18.33369611
-16.72393639 34.34515743 -21.22647464
-22.11489209 30.69847689 -18.97270212
-18.10092297 34.97453636 -18.60341921
-32.2017854 23.39538364 -14.45914227
-27.20400869 27.09476093 -16.74548317
-30.90788755 25.47949921 -12.83825164
-20.58451781 35.66760725 -13.13158829
-23.37900083 31.16706291 -16.3386922
-19.39571187 35.41884799 -15.88305421
-23.18399211 33.60420214 -11.92224368
-20.79831504 33.04592762 -17.46391033
-28.16905503 29.49568645 -9.590526229
-25.9757234 29.24169997 -15.16929385
-29.55827538 27.5206302 -11.20663496
-25.71397997 31.54385608 -10.74055413
-28.44278117 27.37799486 -14.02176448
-24.61085917 31.42657062 -13.58280638
-41.20050593 -59.00083999 -2.926997506
-48.78486924 -55.35946146 -9.005274647
-38.62546267 -57.89068422 -7.453679398
-51.96982345 -36.6923737 -18.10387765
-51.49330119 -46.40360659 -14.10000981
-33.14184826 -54.5797363 -15.59311772
-44.92852757 -53.08519353 -13.27026781
-35.86502155 -56.31284285 -11.69428097
-42.1863376 -56.03402926 -10.45366446
-47.63792538 -3.643148865 -28.050298
-51.39789579 -11.63541692 -27.32131276
-51.91012597 -27.74983978 -21.4827266
-51.68758593 -19.49000588 -24.5001651
-23.07231768 -47.38252792 -29.28401273
-32.35313797 -44.91055413 -27.75624891
-25.4300666 -49.13588054 -26.13602578
-48.99950574 -35.59933776 -22.00160071
-41.3312422 -41.1652613 -25.44153064
-48.60607536 -40.06933365 -20.18957218
-30.41768966 -52.70593259 -19.40451464
-35.0928365 -46.78303623 -24.52504527
-27.88560056 -50.92238191 -22.83538281
-35.8543382 -51.96932533 -18.43790124
-30.26722183 -48.09083908 -25.4147534
-46.81241626 -49.01706324 -15.9379044
-40.01075681 -45.04138453 -23.36546774
-47.93408607 -44.62967611 -18.17358414
-41.4334817 -50.82728482 -17.30648284
-44.52754727 -42.86061032 -21.95125635
-38.15521263 -48.72188638 -21.05797535
-3.011844759 -23.18959398 -39.38297368
-9.269160523 -21.76506742 -40.9452751
-5.040259097 -26.11895806 -39.14631046
-2.956846935 -20.0081725 -40.11502893
-22.31101583 -17.27222417 -41.73601187
-15.75780536 -19.80855395 -41.78977286
-9.648355853 -32.66598896 -38.59642057
-11.66932133 -24.80215206 -40.84548661
-7.254528888 -29.27605014 -38.88593189
-8.32375789 -25.52801296 -40.08236771
-2.873659783 -13.78373471 -41.17128284
-9.064956589 -18.33880543 -41.37133381
-2.91398567 -16.85647349 -40.7110908
-5.998265497 -19.22941003 -40.82961921
-43.22125084 -2.144181226 -30.18156016
-39.4546686 -6.418056056 -34.76895905
-46.12511506 -5.938810785 -30.77531271
-28.67135622 -14.14633813 -40.60912856
-34.50503455 -10.48455845 -38.28965607
-49.31015776 -14.08762934 -29.94206049
-41.93882969 -10.48389324 -35.49482898
-49.21619727 -10.22054668 -31.34524714
-44.21124528 -8.24801517 -33.28531865
-20.34426796 -45.30847951 -32.91771704
-23.71189531 -38.52134928 -38.36665254
-18.09537391 -43.56432618 -35.91307276
-24.87176918 -44.12800174 -32.22699552
-25.77757725 -20.30966373 -41.70899614
-25.82055472 -30.09686115 -41.77853515
-22.27953621 -21.67774451 -41.8856577
-12.44160033 -36.54315893 -38.26417168
-21.02358658 -36.00054658 -40.52696303
-15.42801008 -40.69244445 -37.8872482
-13.5212785 -32.37131716 -39.71054544
-19.82842737 -40.22144442 -38.71571109
-33.84425671 -41.02421795 -30.4148039
-28.02213186 -36.84825059 -37.38803893
-29.41487922 -42.70729901 -31.4010197
-26.53015171 -40.57451652 -34.94163502
-15.25602773 -23.91469848 -41.43794286
-21.683959 -31.02753203 -41.36348896
-18.73794945 -22.8819888 -41.78519913
-14.46066169 -28.12019915 -40.75902251
-22.08048893 -26.29634237 -41.78160705
-17.57137788 -31.83780245 -40.65493774
-2.803833591 -1.732864458 -41.88097313
-8.541480253 -5.27892511 -41.82424255
-2.816480697 -4.66047191 -41.86752018
-21.62201019 -13.3631372 -41.47872836
-14.6928348 -9.080671298 -41.69941496
-18.5485645 -14.78763959 -41.8033147
-2.859669798 -10.62495473 -41.52637201
-8.643285079 -8.357522723 -41.88733183
-2.833176148 -7.639539063 -41.74971659
-5.818802031 -12.72568433 -41.60212598
-5.698573874 -6.480834644 -41.88416684
-12.29472388 -17.2497555 -41.74102573
-11.81726707 -10.3992896 -41.87581722
-15.41272928 -16.09332415 -41.88505453
-8.960456727 -14.9323768 -41.67442241
-15.05770754 -12.502797 -41.84884244
-8.820656237 -11.58771655 -41.84209706
-49.25225424 -30.43956714 -23.98275706
-43.78180527 -27.05864375 -31.53999798
-49.35061393 -26.25024531 -25.54120095
-46.06784475 -33.64367676 -25.96511866
-29.86301298 -18.45635703 -41.10393531
-38.36147088 -23.70869286 -38.51614672
-33.17163734 -16.714058 -40.23882999
-30.38069279 -23.44685151 -41.59988366
-49.35859877 -18.17214127 -28.48587371
-44.09480274 -23.11579411 -33.07634193
-49.38147842 -22.14438761 -27.04178655
-46.93050026 -16.65020516 -32.37798485
-46.72289024 -24.69182814 -29.40626761
-38.33921168 -38.90084105 -29.15596881
-40.34749361 -29.91308956 -33.28597105
-42.37004 -36.48788945 -27.70417704
-35.27728987 -36.82464978 -32.77360893
-43.16648273 -31.73863968 -29.73114445
-39.23532576 -12.7573712 -37.47063329
-41.36697213 -21.45934596 -36.7467359
-36.33139721 -14.79445431 -39.02139725
-44.39575122 -15.11657193 -36.19061203
-38.26539387 -19.59779536 -39.75361343
-44.26094808 -19.12992338 -34.66175081
-29.44535304 -32.76549441 -39.71659935
-37.42601081 -28.05059157 -36.88567425
-30.68384878 -28.74306995 -41.73190288
-32.30668604 -34.77469724 -36.30001205
-34.65224871 -26.31042923 -40.23847874
-36.46289163 -32.45164741 -34.93073268
-2.898669289 22.31820339 -37.90308779
-8.35785178 19.62520845 -36.91969079
-4.699944464 24.35542498 -36.50318001
-2.861923056 19.36584863 -38.82721315
-18.59728935 14.39721764 -34.7889444
-13.53313155 17.01199883 -35.8899276
-8.275661871 28.01852289 -33.10521823
-10.11894464 21.50695799 -35.41878794
-6.509276892 26.26854474 -34.89121096
-7.468304874 22.90443645 -35.96300446
-2.810904296 13.48272309 -40.27217713
-8.311605755 16.81474359 -37.93313435
-2.835682204 16.40351303 -39.61711854
-5.639012164 18.07770548 -38.38421615
-41.10467138 2.039178945 -28.70354485
-34.7562257 5.653764504 -30.62851194
-40.26525748 5.184328432 -26.86553494
-39.63557426 0 -31.13037141
-23.70971759 11.6982845 -33.58163326
-29.03408996 8.822179641 -32.21864094
-38.31456348 10.9462511 -23.26532766
-34.22945458 8.556699133 -28.97001766
-39.32034315 8.165511052 -25.04268801
-37.15809949 6.932185835 -27.97521703
-35.79501456 -4.068034719 -35.37356037
-33.1494686 3.767373497 -32.75916334
-37.84624281 -2.052545444 -33.37656382
-36.27432447 1.967294344 -31.99029061
-14.97418758 33.34883674 -24.22874446
-17.01269474 27.63810938 -27.52711833
-13.41874112 32.30540678 -26.6315705
-17.81725723 31.61174229 -23.08628166
-20.3996326 16.07248324 -33.0072989
-18.80253645 21.9165442 -30.42314305
-17.89234113 17.40905179 -33.63770543
-10.09729454 29.6575223 -31.0542536
-15.40397822 26.37759421 -29.69409875
-11.77877855 31.06734369 -28.92566857
-11.044047 26.44057278 -32.4351821
-14.45420047 29.31996623 -28.22234155
-23.21945326 28.14539316 -20.86661626
-19.83508345 26.08253109 -26.46461289
-20.5730899 29.86995443 -21.96221839
-18.85863922 28.84190701 -24.83784094
-12.82121838 20.09799518 -34.82459026
-16.31294049 23.34215277 -31.11793995
-15.35726488 18.75364025 -34.24634979
-11.95336031 23.24450151 -33.69190792
-17.12824962 20.39856624 -32.41077665
-13.73065259 24.87874359 -31.76864273
-2.796101549 1.728085793 -41.76547931
-8.330093722 5.148281049 -40.78916651
-2.795644061 4.625993223 -41.55777963
-5.618102144 0 -41.69901512
-18.75323664 11.59013764 -35.97539737
-13.68875292 8.460114571 -38.84975202
-16.18956616 12.90695405 -36.48678738
-2.811399753 10.44560989 -40.82542401
-8.308009445 8.033331897 -40.2625096
-2.798860496 7.547008365 -41.24404074
-5.587760525 12.22039797 -39.95027088
-5.582286221 6.348583827 -41.02945975
-11.4727445 -3.521566354 -41.50877956
-11.21735547 3.443174524 -40.58477335
-8.518212598 -1.753695204 -41.61382042
-8.446602858 1.73895248 -41.26398707
-11.03323058 15.47985393 -37.45821101
-11.06749778 9.73948662 -39.21892525
-13.60852491 14.20944977 -36.98201644
-8.346545898 13.90930977 -38.81916849
-13.66290444 11.34465656 -37.9723629
-8.347762936 10.96647552 -39.59885723
-33.68724278 20.81986103 -16.40357324
-30.98147487 19.14760449 -22.31876115
-34.89158473 18.55929614 -18.05799171
-31.09498755 22.70889198 -17.52599988
-23.4030667 14.46389066 -32.21236049
-27.51792025 17.00701001 -27.62887422
-25.96626576 13.08351672 -31.49835935
-22.56955037 17.41846046 -30.90418892
-37.183968 13.68986025 -21.45964113
-31.89916576 16.72248207 -23.92816497
-36.06654331 16.17350352 -19.75039624
-35.48158106 12.58830826 -24.47922114
-33.49171483 17.69949724 -21.07888283
-25.939213 26.31919535 -19.72609379
-28.26126203 20.95251989 -23.31504304
-28.50424098 24.54705244 -18.63785209
-24.38067042 25.45007435 -22.65033853
-29.7687558 21.88781097 -20.50338881
-31.30772549 10.17971096 -29.89959375
-30.05507312 15.59123568 -26.69825171
-28.60932755 11.64996179 -30.72758058
-33.50504346 11.40833043 -27.31270438
-28.09680023 14.38990392 -29.18954236
-32.71996077 14.14181959 -25.62374229
-20.81115396 23.15773724 -28.07058427
-26.48318484 19.84900301 -26.1008349
-21.70247197 20.32977266 -29.51668348
-22.65631277 24.38710105 -25.45678704
-24.61469136 18.68920833 -28.58278386
-25.47438627 22.67197593 -24.40396077
-25.18776004 -11.50216534 -40.75465184
-24.26683752 -3.632734469 -39.26456791
-28.06605008 -9.807951937 -39.8485925
-21.44722069 -9.358970562 -41.00642026
-21.83862515 9.972759659 -35.33563776
-23.13242242 3.462913047 -37.42904572
-24.48619495 8.55693703 -34.76586131
-19.34775792 8.442823407 -36.99231261
-33.36125674 -6.099699268 -37.18861573
-26.72313644 -1.892164243 -38.03026174
-30.82117021 -7.993192661 -38.65269872
-32.30203189 -1.96846017 -35.97953044
-27.41007625 -5.714783651 -38.97751323
-14.70335446 -5.432885024 -41.37171251
-20.82045827 -1.852311652 -39.68241556
-17.95033092 -7.33278974 -41.20950506
-14.51732335 -1.794439851 -40.91031063
-21.17211315 -5.501362406 -40.39558371
-30.05694463 5.495546063 -33.50521751
-25.98478501 1.83988437 -36.97949817
-27.23362964 7.062796352 -34.15357931
-31.19144426 1.900781842 -34.74250543
-25.24851751 5.264115786 -35.90374636
-29.0277044 0 -36.51418336
-14.076452 5.201244754 -39.60775936
-20.37737936 1.81289272 -38.83793648
-16.73850612 6.837753937 -38.42745605
-14.30646844 1.768376751 -40.31611432
-19.89271138 5.168922617 -37.95453397
-17.51439586 0 -40.01515171
-24.33668821 34.85115084 1.728945412
-27.54413354 31.25617477 5.084414314
-23.56685545 35.32129566 4.547771672
-26.05929941 33.17902261 0
-33.35982562 23.55311423 11.621017
-30.53213732 27.51428352 8.360377483
-21.70533706 35.74548903 10.21228126
-26.66978265 31.51161745 7.877292613
-22.68649142 35.62080185 7.397240917
-25.15987318 33.41861727 6.234550971
-29.34802539 29.69768904 -3.375085374
-29.34802539 29.69768904 3.375085374
-27.73734568 31.45183924 -1.70575266
-27.73734568 31.45183924 1.70575266
-43.52671573 3.328740783 25.6295239
-41.18215154 9.322784433 21.8909826
-36.06830264 19.28120189 14.92667317
-38.67829009 14.58454845 18.33369611
-16.72393639 34.34515743 21.22647464
-22.11489209 30.69847689 18.97270212
-18.10092297 34.97453636 18.60341921
-32.2017854 23.39538364 14.45914227
-27.20400869 27.09476093 16.74548317
-30.90788755 25.47949921 12.83825164
-20.58451781 35.66760725 13.13158829
-23.37900083 31.16706291 16.3386922
-19.39571187 35.41884799 15.88305421
-23.18399211 33.60420214 11.92224368
-20.79831504 33.04592762 17.46391033
-28.16905503 29.49568645 9.590526229
-25.9757234 29.24169997 15.16929385
-29.55827538 27.5206302 11.20663496
-25.71397997 31.54385608 10.74055413
-28.44278117 27.37799486 14.02176448
-24.61085917 31.42657062 13.58280638
-35.54578806 21.96850518 -10.03207028
-36.4921772 22.55340584 -3.376234529
-34.05481344 23.98539169 -8.381926501
-35.54578806 21.96850518 10.03207028
-36.4921772 22.55340584 3.376234529
-34.05481344 23.98539169 8.381926501
-30.99517602 27.8052303 -5.083847538
-34.76153795 24.42626685 -1.729531592
-32.53022032 25.93918383 -6.7270935
-31.18847595 28.00067517 -1.706338907
-34.5251371 24.27904097 -5.061987611
-30.99517602 27.8052303 5.083847538
-34.76153795 24.42626685 1.729531592
-32.53022032 25.93918383 6.7270935
-31.18847595 28.00067517 1.706338907
-34.5251371 24.27904097 5.061987611
-33.00239017 26.23593185 0
-41.20050593 -59.00083999 2.926997506
-48.78486924 -55.35946146 9.005274647
-38.62546267 -57.89068422 7.453679398
-46.52666198 -59.23832202 0
-51.96982345 -36.6923737 18.10387765
-51.49330119 -46.40360659 14.10000981
-33.14184826 -54.5797363 15.59311772
-44.92852757 -53.08519353 13.27026781
-35.86502155 -56.31284285 11.69428097
-42.1863376 -56.03402926 10.45366446
-54.47232636 -55.12133059 -6.264433452
-54.47232636 -55.12133059 6.264433452
-51.65542059 -58.57294359 -3.176633124
-51.65542059 -58.57294359 3.176633124
-47.63792538 -3.643148865 28.050298
-51.39789579 -11.63541692 27.32131276
-51.91012597 -27.74983978 21.4827266
-51.68758593 -19.49000588 24.5001651
-23.07231768 -47.38252792 29.28401273
-32.35313797 -44.91055413 27.75624891
-25.4300666 -49.13588054 26.13602578
-48.99950574 -35.59933776 22.00160071
-41.3312422 -41.1652613 25.44153064
-48.60607536 -40.06933365 20.18957218
-30.41768966 -52.70593259 19.40451464
-35.0928365 -46.78303623 24.52504527
-27.88560056 -50.92238191 22.83538281
-35.8543382 -51.96932533 18.43790124
-30.26722183 -48.09083908 25.4147534
-46.81241626 -49.01706324 15.9379044
-40.01075681 -45.04138453 23.36546774
-47.93408607 -44.62967611 18.17358414
-41.4334817 -50.82728482 17.30648284
-44.52754727 -42.86061032 21.95125635
-38.15521263 -48.72188638 21.05797535
-54.58526576 -33.73554953 -15.4055727
-58.59991952 -36.216742 -5.421629699
-54.82409574 -38.61355496 -13.49387926
-54.58526576 -33.73554953 15.4055727
-58.59991952 -36.216742 5.421629699
-54.82409574 -38.61355496 13.49387926
-55.08365933 -49.41458737 -9.034855154
-58.99606733 -41.45540642 -2.935300573
-55.02431999 -43.87569273 -11.3787654
-58.47861031 -52.50146158 -3.199397373
-57.36646239 -40.34169905 -8.410924512
-55.08365933 -49.41458737 9.034855154
-58.99606733 -41.45540642 2.935300573
-55.02431999 -43.87569273 11.3787654
-58.47861031 -52.50146158 3.199397373
-57.36646239 -40.34169905 8.410924512
-59.23832202 -47.09272788 0
-3.011844759 -23.18959398 39.38297368
-9.269160523 -21.76506742 40.9452751
-5.040259097 -26.11895806 39.14631046
-2.956846935 -20.0081725 40.11502893
-22.31101583 -17.27222417 41.73601187
-15.75780536 -19.80855395 41.78977286
-9.648355853 -32.66598896 38.59642057
-11.66932133 -24.80215206 40.84548661
-7.254528888 -29.27605014 38.88593189
-8.32375789 -25.52801296 40.08236771
-2.873659783 -13.78373471 41.17128284
-9.064956589 -18.33880543 41.37133381
-2.91398567 -16.85647349 40.7110908
-5.998265497 -19.22941003 40.82961921
-43.22125084 -2.144181226 30.18156016
-39.4546686 -6.418056056 34.76895905
-46.12511506 -5.938810785 30.77531271
-28.67135622 -14.14633813 40.60912856
-34.50503455 -10.48455845 38.28965607
-49.31015776 -14.08762934 29.94206049
-41.93882969 -10.48389324 35.49482898
-49.21619727 -10.22054668 31.34524714
-44.21124528 -8.24801517 33.28531865
-20.34426796 -45.30847951 32.91771704
-23.71189531 -38.52134928 38.36665254
-18.09537391 -43.56432618 35.91307276
-24.87176918 -44.12800174 32.22699552
-25.77757725 -20.30966373 41.70899614
-25.82055472 -30.09686115 41.77853515
-22.27953621 -21.67774451 41.8856577
-12.44160033 -36.54315893 38.26417168
-21.02358658 -36.00054658 40.52696303
-15.42801008 -40.69244445 37.8872482
-13.5212785 -32.37131716 39.71054544
-19.82842737 -40.22144442 38.71571109
-33.84425671 -41.02421795 30.4148039
-28.02213186 -36.84825059 37.38803893
-29.41487922 -42.70729901 31.4010197
-26.53015171 -40.57451652 34.94163502
-15.25602773 -23.91469848 41.43794286
-21.683959 -31.02753203 41.36348896
-18.73794945 -22.8819888 41.78519913
-14.46066169 -28.12019915 40.75902251
-22.08048893 -26.29634237 41.78160705
-17.57137788 -31.83780245 40.65493774
-2.803833591 -1.732864458 41.88097313
-8.541480253 -5.27892511 41.82424255
-2.816480697 -4.66047191 41.86752018
-21.62201019 -13.3631372 41.47872836
-14.6928348 -9.080671298 41.69941496
-18.5485645 -14.78763959 41.8033147
-2.859669798 -10.62495473 41.52637201
-8.643285079 -8.357522723 41.88733183
-2.833176148 -7.639539063 41.74971659
-5.818802031 -12.72568433 41.60212598
-5.698573874 -6.480834644 41.88416684
-12.29472388 -17.2497555 41.74102573
-11.81726707 -10.3992896 41.87581722
-15.41272928 -16.09332415 41.88505453
-8.960456727 -14.9323768 41.67442241
-15.05770754 -12.502797 41.84884244
-8.820656237 -11.58771655 41.84209706
-49.25225424 -30.43956714 23.98275706
-43.78180527 -27.05864375 31.53999798
-49.35061393 -26.25024531 25.54120095
-46.06784475 -33.64367676 25.96511866
-29.86301298 -18.45635703 41.10393531
-38.36147088 -23.70869286 38.51614672
-33.17163734 -16.714058 40.23882999
-30.38069279 -23.44685151 41.59988366
-49.35859877 -18.17214127 28.48587371
-44.09480274 -23.11579411 33.07634193
-49.38147842 -22.14438761 27.04178655
-46.93050026 -16.65020516 32.37798485
-46.72289024 -24.69182814 29.40626761
-38.33921168 -38.90084105 29.15596881
-40.34749361 -29.91308956 33.28597105
-42.37004 -36.48788945 27.70417704
-35.27728987 -36.82464978 32.77360893
-43.16648273 -31.73863968 29.73114445
-39.23532576 -12.7573712 37.47063329
-41.36697213 -21.45934596 36.7467359
-36.33139721 -14.79445431 39.02139725
-44.39575122 -15.11657193 36.19061203
-38.26539387 -19.59779536 39.75361343
-44.26094808 -19.12992338 34.66175081
-29.44535304 -32.76549441 39.71659935
-37.42601081 -28.05059157 36.88567425
-30.68384878 -28.74306995 41.73190288
-32.30668604 -34.77469724 36.30001205
-34.65224871 -26.31042923 40.23847874
-36.46289163 -32.45164741 34.93073268
-2.898669289 22.31820339 37.90308779
-8.35785178 19.62520845 36.91969079
-4.699944464 24.35542498 36.50318001
-2.861923056 19.36584863 38.82721315
-18.59728935 14.39721764 34.7889444
-13.53313155 17.01199883 35.8899276
-8.275661871 28.01852289 33.10521823
-10.11894464 21.50695799 35.41878794
-6.509276892 26.26854474 34.89121096
-7.468304874 22.90443645 35.96300446
-2.810904296 13.48272309 40.27217713
-8.311605755 16.81474359 37.93313435
-2.835682204 16.40351303 39.61711854
-5.639012164 18.07770548 38.38421615
-41.10467138 2.039178945 28.70354485
-34.7562257 5.653764504 30.62851194
-40.26525748 5.184328432 26.86553494
-39.63557426 0 31.13037141
-23.70971759 11.6982845 33.58163326
-29.03408996 8.822179641 32.21864094
-38.31456348 10.9462511 23.26532766
-34.22945458 8.556699133 28.97001766
-39.32034315 8.165511052 25.04268801
-37.15809949 6.932185835 27.97521703
-35.79501456 -4.068034719 35.37356037
-33.1494686 3.767373497 32.75916334
-37.84624281 -2.052545444 33.37656382
-36.27432447 1.967294344 31.99029061
-14.97418758 33.34883674 24.22874446
-17.01269474 27.63810938 27.52711833
-13.41874112 32.30540678 26.6315705
-17.81725723 31.61174229 23.08628166
-20.3996326 16.07248324 33.0072989
-18.80253645 21.9165442 30.42314305
-17.89234113 17.40905179 33.63770543
-10.09729454 29.6575223 31.0542536
-15.40397822 26.37759421 29.69409875
-11.77877855 31.06734369 28.92566857
-11.044047 26.44057278 32.4351821
-14.45420047 29.31996623 28.22234155
-23.21945326 28.14539316 20.86661626
-19.83508345 26.08253109 26.46461289
-20.5730899 29.86995443 21.96221839
-18.85863922 28.84190701 24.83784094
-12.82121838 20.09799518 34.82459026
-16.31294049 23.34215277 31.11793995
-15.35726488 18.75364025 34.24634979
-11.95336031 23.24450151 33.69190792
-17.12824962 20.39856624 32.41077665
-13.73065259 24.87874359 31.76864273
-2.796101549 1.728085793 41.76547931
-8.330093722 5.148281049 40.78916651
-2.795644061 4.625993223 41.55777963
-5.618102144 0 41.69901512
-18.75323664 11.59013764 35.97539737
-13.68875292 8.460114571 38.84975202
-16.18956616 12.90695405 36.48678738
-2.811399753 10.44560989 40.82542401
-8.308009445 8.033331897 40.2625096
-2.798860496 7.547008365 41.24404074
-5.587760525 12.22039797 39.95027088
-5.582286221 6.348583827 41.02945975
-11.4727445 -3.521566354 41.50877956
-11.21735547 3.443174524 40.58477335
-8.518212598 -1.753695204 41.61382042
-8.446602858 1.73895248 41.26398707
-11.03323058 15.47985393 37.45821101
-11.06749778 9.73948662 39.21892525
-13.60852491 14.20944977 36.98201644
-8.346545898 13.90930977 38.81916849
-13.66290444 11.34465656 37.9723629
-8.347762936 10.96647552 39.59885723
-33.68724278 20.81986103 16.40357324
-30.98147487 19.14760449 22.31876115
-34.89158473 18.55929614 18.05799171
-31.09498755 22.70889198 17.52599988
-23.4030667 14.46389066 32.21236049
-27.51792025 17.00701001 27.62887422
-25.96626576 13.08351672 31.49835935
-22.56955037 17.41846046 30.90418892
-37.183968 13.68986025 21.45964113
-31.89916576 16.72248207 23.92816497
-36.06654331 16.17350352 19.75039624
-35.48158106 12.58830826 24.47922114
-33.49171483 17.69949724 21.07888283
-25.939213 26.31919535 19.72609379
-28.26126203 20.95251989 23.31504304
-28.50424098 24.54705244 18.63785209
-24.38067042 25.45007435 22.65033853
-29.7687558 21.88781097 20.50338881
-31.30772549 10.17971096 29.89959375
-30.05507312 15.59123568 26.69825171
-28.60932755 11.64996179 30.72758058
-33.50504346 11.40833043 27.31270438
-28.09680023 14.38990392 29.18954236
-32.71996077 14.14181959 25.62374229
-20.81115396 23.15773724 28.07058427
-26.48318484 19.84900301 26.1008349
-21.70247197 20.32977266 29.51668348
-22.65631277 24.38710105 25.45678704
-24.61469136 18.68920833 28.58278386
-25.47438627 22.67197593 24.40396077
-25.18776004 -11.50216534 40.75465184
-24.26683752 -3.632734469 39.26456791
-28.06605008 -9.807951937 39.8485925
-21.44722069 -9.358970562 41.00642026
-21.83862515 9.972759659 35.33563776
-23.13242242 3.462913047 37.42904572
-24.48619495 8.55693703 34.76586131
-19.34775792 8.442823407 36.99231261
-33.36125674 -6.099699268 37.18861573
-26.72313644 -1.892164243 38.03026174
-30.82117021 -7.993192661 38.65269872
-32.30203189 -1.96846017 35.97953044
-27.41007625 -5.714783651 38.97751323
-14.70335446 -5.432885024 41.37171251
-20.82045827 -1.852311652 39.68241556
-17.95033092 -7.33278974 41.20950506
-14.51732335 -1.794439851 40.91031063
-21.17211315 -5.501362406 40.39558371
-30.05694463 5.495546063 33.50521751
-25.98478501 1.83988437 36.97949817
-27.23362964 7.062796352 34.15357931
-31.19144426 1.900781842 34.74250543
-25.24851751 5.264115786 35.90374636
-29.0277044 0 36.51418336
-14.076452 5.201244754 39.60775936
-20.37737936 1.81289272 38.83793648
-16.73850612 6.837753937 38.42745605
-14.30646844 1.768376751 40.31611432
-19.89271138 5.168922617 37.95453397
-17.51439586 0 40.01515171
-47.52395967 0 -25.00651968
-52.77584024 0 -19.02484537
-46.1114596 3.39883908 -22.99901215
-50.87960772 -3.750295492 -25.37722133
-58.95580341 0 -4.086076363
-56.77322351 0 -11.95784028
-43.21299268 9.468486186 -19.15516353
-50.63593144 3.534270242 -16.95240462
-44.66497791 6.561716742 -21.03573805
-48.51113601 3.472291024 -20.08609108
-53.35595466 -11.69093109 -23.65126721
-56.05542399 -3.912538217 -18.76679666
-53.1472661 -7.807846819 -25.03061727
-53.96809036 -3.862884508 -22.34554924
-47.52395967 0 25.00651968
-52.77584024 0 19.02484537
-46.1114596 3.39883908 22.99901215
-50.87960772 -3.750295492 25.37722133
-58.95580341 0 4.086076363
-56.77322351 0 11.95784028
-43.21299268 9.468486186 19.15516353
-50.63593144 3.534270242 16.95240462
-44.66497791 6.561716742 21.03573805
-48.51113601 3.472291024 20.08609108
-53.35595466 -11.69093109 23.65126721
-56.05542399 -3.912538217 18.76679666
-53.1472661 -7.807846819 25.03061727
-53.96809036 -3.862884508 22.34554924
-37.30275086 19.44515879 -12.01776905
-42.7104801 15.04908472 -9.300845855
-38.77032715 17.20279645 -13.71474078
-38.05018818 19.90104911 -8.68426429
-55.43799153 3.711444392 -2.293798781
-48.66048851 9.937600215 -6.141774699
-54.91035683 3.693888709 -6.112331815
-41.70662348 12.28459078 -17.23553854
-44.55932436 12.57454711 -11.0657021
-40.24495093 14.80920917 -15.46315381
-44.99874848 9.675223201 -16.12351723
-41.60170686 14.96878524 -12.42896255
-38.81666008 20.36621612 -1.811899572
-43.30096436 15.38900347 -5.686232126
-38.560584 20.21035402 -5.251458889
-40.64446796 17.70420802 -7.232247444
-52.49530409 3.615033733 -13.43147023
-47.81499055 9.866433987 -9.540232155
-53.91335006 3.65861208 -9.865291968
-48.5880608 6.795910069 -14.86261361
-51.20265934 6.966406612 -7.922706682
-46.54996603 9.813113516 -12.89150998
-54.29337801 -28.30202417 -17.49161289
-57.24912052 -20.17179069 -12.46685226
-54.05303542 -23.98389269 -19.12089538
-56.44580538 -29.522344 -12.88272977
-59.18407971 -3.962236269 -2.448796686
-58.65838445 -11.97940242 -7.403677861
-58.85016505 -3.958924559 -6.550890522
-53.5938217 -15.78593789 -22.14800198
-56.92404579 -16.06384535 -14.13631247
-53.81703763 -19.80342251 -20.67790149
-55.12220476 -11.85187705 -19.75085638
-55.70505703 -20.04333712 -16.64249186
-59.10350419 -31.01026047 -2.758856988
-58.47178381 -20.7806569 -7.678446438
-58.14813975 -30.47657395 -7.919033732
-57.69338198 -25.13049592 -10.26591896
-57.29501426 -3.94556071 -14.65952606
-57.83106305 -11.93321089 -11.53867774
-58.21221025 -3.95033689 -10.65191552
-56.34612961 -7.881014868 -17.23573115
-58.44113284 -7.951241195 -9.042732539
-56.63756839 -11.93966259 -15.68516242
-37.30275086 19.44515879 12.01776905
-42.7104801 15.04908472 9.300845855
-38.77032715 17.20279645 13.71474078
-38.05018818 19.90104911 8.68426429
-55.43799153 3.711444392 2.293798781
-48.66048851 9.937600215 6.141774699
-54.91035683 3.693888709 6.112331815
-52.20477976 7.033542261 0
-41.70662348 12.28459078 17.23553854
-44.55932436 12.57454711 11.0657021
-40.24495093 14.80920917 15.46315381
-44.99874848 9.675223201 16.12351723
-41.60170686 14.96878524 12.42896255
-38.81666008 20.36621612 1.811899572
-43.30096436 15.38900347 5.686232126
-38.560584 20.21035402 5.251458889
-41.20370388 18.03461814 0
-40.64446796 17.70420802 7.232247444
-52.49530409 3.615033733 13.43147023
-47.81499055 9.866433987 9.540232155
-53.91335006 3.65861208 9.865291968
-48.5880608 6.795910069 14.86261361
-51.20265934 6.966406612 7.922706682
-46.54996603 9.813113516 12.89150998
-46.20702337 12.77130715 -3.920161
-46.20702337 12.77130715 3.920161
-49.1127463 10.05321814 -2.069715945
-43.67716835 15.49916308 -1.915801916
-49.1127463 10.05321814 2.069715945
-43.67716835 15.49916308 1.915801916
-54.29337801 -28.30202417 17.49161289
-57.24912052 -20.17179069 12.46685226
-54.05303542 -23.98389269 19.12089538
-56.44580538 -29.522344 12.88272977
-59.18407971 -3.962236269 2.448796686
-58.65838445 -11.97940242 7.403677861
-58.85016505 -3.958924559 6.550890522
-59.23832202 -7.98117037 0
-53.5938217 -15.78593789 22.14800198
-56.92404579 -16.06384535 14.13631247
-53.81703763 -19.80342251 20.67790149
-55.12220476 -11.85187705 19.75085638
-55.70505703 -20.04333712 16.64249186
-59.10350419 -31.01026047 2.758856988
-58.47178381 -20.7806569 7.678446438
-58.14813975 -30.47657395 7.919033732
-59.23832202 -25.92826412 0
-57.69338198 -25.13049592 10.26591896
-57.29501426 -3.94556071 14.65952606
-57.83106305 -11.93321089 11.53867774
-58.21221025 -3.95033689 10.65191552
-56.34612961 -7.881014868 17.23573115
-58.44113284 -7.951241195 9.042732539
-56.63756839 -11.93966259 15.68516242
-58.94713819 -16.29258829 -5.001020523
-58.94713819 -16.29258829 5.001020523
-59.17234683 -12.11238538 -2.49364898
-59.15032594 -20.98992637 -2.594497584
-59.17234683 -12.11238538 2.49364898
-59.15032594 -20.98992637 2.594497584
