-13.23751959 21.41875662 0
21.41875662 34.6562762 0
-21.41875662 -34.6562762 0
13.23751959 -21.41875662 0
0 -13.87798699 22.45505464
0 13.87798699 22.45505464
0 -13.87798699 -22.45505464
0 13.87798699 -22.45505464
26.09401898 0 -16.12699063
26.09401898 0 16.12699063
-26.09401898 0 -16.12699063
-26.09401898 0 16.12699063
0 34.6562762 0
0 -34.6562762 0
-10.79542109 -28.26277935 17.46735825
8.095529057 -21.19437023 13.09884117
-8.095529057 21.19437023 13.09884117
10.79542109 28.26277935 17.46735825
0 0 24.50568791
-10.79542109 -28.26277935 -17.46735825
8.095529057 -21.19437023 -13.09884117
-8.095529057 21.19437023 -13.09884117
10.79542109 28.26277935 -17.46735825
0 0 -24.50568791
30.40532948 18.79152706 -11.61380242
20.31646215 -12.55626414 -7.760198011
12.3661249 -7.642685497 -20.0088104
14.93865236 9.232594905 -24.17124726
30.40532948 18.79152706 11.61380242
20.31646215 -12.55626414 7.760198011
12.3661249 -7.642685497 20.0088104
14.93865236 9.232594905 24.17124726
34.6562762 0 0
-20.31646215 12.55626414 -7.760198011
-30.40532948 -18.79152706 -11.61380242
-14.93865236 -9.232594905 -24.17124726
-12.3661249 7.642685497 -20.0088104
-20.31646215 12.55626414 7.760198011
-30.40532948 -18.79152706 11.61380242
-14.93865236 -9.232594905 24.17124726
-12.3661249 7.642685497 20.0088104
-34.6562762 0 0
-7.667068359 26.98920785 0
9.845121807 34.6562762 0
-9.845121807 -34.6562762 0
7.667068359 -26.98920785 0
-16.15744326 -32.12464712 9.678035287
-4.939531806 -21.3354956 21.5896949
-5.671819913 -33.2034121 9.177197397
11.15795249 -22.18453009 6.683424857
4.249726891 -18.35599667 18.57469707
4.79606613 -28.07666016 7.760198011
0 -26.09401898 16.12699063
-11.15795249 22.18453009 6.683424857
-4.249726891 18.35599667 18.57469707
-4.79606613 28.07666016 7.760198011
16.15744326 32.12464712 9.678035287
4.939531806 21.3354956 21.5896949
5.671819913 33.2034121 9.177197397
0 26.09401898 16.12699063
0 -6.825213889 24.02575634
0 6.825213889 24.02575634
-16.15744326 -32.12464712 -9.678035287
-4.939531806 -21.3354956 -21.5896949
-5.671819913 -33.2034121 -9.177197397
11.15795249 -22.18453009 -6.683424857
4.249726891 -18.35599667 -18.57469707
4.79606613 -28.07666016 -7.760198011
0 -26.09401898 -16.12699063
-11.15795249 22.18453009 -6.683424857
-4.249726891 18.35599667 -18.57469707
-4.79606613 28.07666016 -7.760198011
16.15744326 32.12464712 -9.678035287
4.939531806 21.3354956 -21.5896949
5.671819913 33.2034121 -9.177197397
0 26.09401898 -16.12699063
0 -6.825213889 -24.02575634
0 6.825213889 -24.02575634
29.62650079 29.97948231 -6.859041181
30.15758226 9.085427281 -15.16808644
21.60404192 25.29445285 -15.63283159
17.00185828 -17.20442496 -3.936220715
23.36934489 -7.040368214 -11.75386807
14.44052277 -16.90725854 -10.44926044
6.417588189 -10.71413918 -21.30212898
18.62296555 -4.260770293 -18.40369683
10.49235324 -14.50007556 -16.97698417
6.457998107 -3.991262329 -23.36525665
17.16369456 -10.60774661 -14.65954527
7.308750698 12.20193161 -24.26019642
21.7113569 4.967366998 -21.45572514
14.74147858 20.37222235 -23.85221339
6.754411182 4.174455685 -24.43768923
24.02621471 14.84901731 -20.52083722
13.87798699 0 -22.45505464
29.62650079 29.97948231 6.859041181
30.15758226 9.085427281 15.16808644
21.60404192 25.29445285 15.63283159
34.6562762 21.41875662 0
17.00185828 -17.20442496 3.936220715
23.36934489 -7.040368214 11.75386807
14.44052277 -16.90725854 10.44926044
21.41875662 -13.23751959 0
6.417588189 -10.71413918 21.30212898
18.62296555 -4.260770293 18.40369683
10.49235324 -14.50007556 16.97698417
6.457998107 -3.991262329 23.36525665
17.16369456 -10.60774661 14.65954527
7.308750698 12.20193161 24.26019642
21.7113569 4.967366998 21.45572514
14.74147858 20.37222235 23.85221339
6.754411182 4.174455685 24.43768923
24.02621471 14.84901731 20.52083722
13.87798699 0 22.45505464
32.15811972 0 -9.1354479
32.15811972 0 9.1354479
33.9890679 9.394347319 -5.806025945
26.678107 -7.373647424 -4.557164729
33.9890679 9.394347319 5.806025945
26.678107 -7.373647424 4.557164729
-17.00185828 17.20442496 -3.936220715
-23.36934489 7.040368214 -11.75386807
-14.44052277 16.90725854 -10.44926044
-29.62650079 -29.97948231 -6.859041181
-30.15758226 -9.085427281 -15.16808644
-21.60404192 -25.29445285 -15.63283159
-7.308750698 -12.20193161 -24.26019642
-21.7113569 -4.967366998 -21.45572514
-14.74147858 -20.37222235 -23.85221339
-6.754411182 -4.174455685 -24.43768923
-24.02621471 -14.84901731 -20.52083722
-6.417588189 10.71413918 -21.30212898
-18.62296555 4.260770293 -18.40369683
-10.49235324 14.50007556 -16.97698417
-6.457998107 3.991262329 -23.36525665
-17.16369456 10.60774661 -14.65954527
-13.87798699 0 -22.45505464
-17.00185828 17.20442496 3.936220715
-23.36934489 7.040368214 11.75386807
-14.44052277 16.90725854 10.44926044
-21.41875662 13.23751959 0
-29.62650079 -29.97948231 6.859041181
-30.15758226 -9.085427281 15.16808644
-21.60404192 -25.29445285 15.63283159
-34.6562762 -21.41875662 0
-7.308750698 -12.20193161 24.26019642
-21.7113569 -4.967366998 21.45572514
-14.74147858 -20.37222235 23.85221339
-6.754411182 -4.174455685 24.43768923
-24.02621471 -14.84901731 20.52083722
-6.417588189 10.71413918 21.30212898
-18.62296555 4.260770293 18.40369683
-10.49235324 14.50007556 16.97698417
-6.457998107 3.991262329 23.36525665
-17.16369456 10.60774661 14.65954527
-13.87798699 0 22.45505464
-32.15811972 0 -9.1354479
-32.15811972 0 9.1354479
-26.678107 7.373647424 -4.557164729
-33.9890679 -9.394347319 -5.806025945
-26.678107 7.373647424 4.557164729
-33.9890679 -9.394347319 5.806025945
-10.60285756 24.05341864 0
-4.236927165 30.41934904 0
15.27664594 34.6562762 0
4.827063126 34.6562762 0
-15.27664594 -34.6562762 0
-4.827063126 -34.6562762 0
10.60285756 -24.05341864 0
4.236927165 -30.41934904 0
-18.94178326 -33.81894245 5.129965971
-13.42710689 -30.21366482 13.73411441
-13.21826313 -34.10586097 4.857943787
-2.283414314 -17.33666373 22.07325488
-8.18181136 -26.18097015 20.94143934
-2.857752002 -34.32008419 4.62393987
-8.353278499 -31.18368261 13.51588853
-7.799831408 -34.24405381 4.705492089
-10.78004311 -32.78625923 9.44975778
12.32606882 -22.00714718 3.338245018
9.741560412 -21.92045119 9.964298811
9.579544524 -24.71721212 3.520650809
2.146308986 -16.2957011 20.74788838
6.250581706 -20.00123028 15.99843505
0 -19.85082619 20.08733656
2.623651468 -31.50866108 4.245157251
6.592128775 -24.60912221 10.66628842
6.350258713 -27.87991044 3.830992053
0 -32.27806362 8.921437366
8.198304218 -24.93419782 7.186612176
-5.4031937 -29.019461 17.93501323
4.379402013 -23.52088282 14.53670503
-2.507103236 -24.1065845 19.16402736
-2.839761372 -31.49343621 13.78449126
2.287440483 -21.99445819 17.48494892
2.492697283 -27.64443649 12.09980678
-12.32606882 22.00714718 3.338245018
-9.741560412 21.92045119 9.964298811
-9.579544524 24.71721212 3.520650809
-2.146308986 16.2957011 20.74788838
-6.250581706 20.00123028 15.99843505
-2.623651468 31.50866108 4.245157251
-6.592128775 24.60912221 10.66628842
-6.350258713 27.87991044 3.830992053
-8.198304218 24.93419782 7.186612176
18.94178326 33.81894245 5.129965971
13.42710689 30.21366482 13.73411441
13.21826313 34.10586097 4.857943787
2.283414314 17.33666373 22.07325488
8.18181136 26.18097015 20.94143934
0 19.85082619 20.08733656
2.857752002 34.32008419 4.62393987
8.353278499 31.18368261 13.51588853
7.799831408 34.24405381 4.705492089
0 32.27806362 8.921437366
10.78004311 32.78625923 9.44975778
-4.379402013 23.52088282 14.53670503
5.4031937 29.019461 17.93501323
-2.287440483 21.99445819 17.48494892
-2.492697283 27.64443649 12.09980678
2.507103236 24.1065845 19.16402736
2.839761372 31.49343621 13.78449126
0 -10.3128607 23.39553787
0 -3.396814263 24.38769293
0 10.3128607 23.39553787
0 3.396814263 24.38769293
-18.94178326 -33.81894245 -5.129965971
-13.42710689 -30.21366482 -13.73411441
-13.21826313 -34.10586097 -4.857943787
-2.283414314 -17.33666373 -22.07325488
-8.18181136 -26.18097015 -20.94143934
-2.857752002 -34.32008419 -4.62393987
-8.353278499 -31.18368261 -13.51588853
-7.799831408 -34.24405381 -4.705492089
-10.78004311 -32.78625923 -9.44975778
12.32606882 -22.00714718 -3.338245018
9.741560412 -21.92045119 -9.964298811
9.579544524 -24.71721212 -3.520650809
2.146308986 -16.2957011 -20.74788838
6.250581706 -20.00123028 -15.99843505
0 -19.85082619 -20.08733656
2.623651468 -31.50866108 -4.245157251
6.592128775 -24.60912221 -10.66628842
6.350258713 -27.87991044 -3.830992053
0 -32.27806362 -8.921437366
8.198304218 -24.93419782 -7.186612176
-5.4031937 -29.019461 -17.93501323
4.379402013 -23.52088282 -14.53670503
-2.507103236 -24.1065845 -19.16402736
-2.839761372 -31.49343621 -13.78449126
2.287440483 -21.99445819 -17.48494892
2.492697283 -27.64443649 -12.09980678
-12.32606882 22.00714718 -3.338245018
-9.741560412 21.92045119 -9.964298811
-9.579544524 24.71721212 -3.520650809
-2.146308986 16.2957011 -20.74788838
-6.250581706 20.00123028 -15.99843505
-2.623651468 31.50866108 -4.245157251
-6.592128775 24.60912221 -10.66628842
-6.350258713 27.87991044 -3.830992053
-8.198304218 24.93419782 -7.186612176
18.94178326 33.81894245 -5.129965971
13.42710689 30.21366482 -13.73411441
13.21826313 34.10586097 -4.857943787
2.283414314 17.33666373 -22.07325488
8.18181136 26.18097015 -20.94143934
0 19.85082619 -20.08733656
2.857752002 34.32008419 -4.62393987
8.353278499 31.18368261 -13.51588853
7.799831408 34.24405381 -4.705492089
0 32.27806362 -8.921437366
10.78004311 32.78625923 -9.44975778
-4.379402013 23.52088282 -14.53670503
5.4031937 29.019461 -17.93501323
-2.287440483 21.99445819 -17.48494892
-2.492697283 27.64443649 -12.09980678
2.507103236 24.1065845 -19.16402736
2.839761372 31.49343621 -13.78449126
0 -10.3128607 -23.39553787
0 -3.396814263 -24.38769293
0 10.3128607 -23.39553787
0 3.396814263 -24.38769293
26.61896505 33.89159583 -3.50598747
30.3333491 24.26281327 -9.479470729
22.78496275 31.61563362 -8.49663713
29.86010838 4.529453873 -16.72446446
30.31082566 13.77828045 -13.47028566
16.21366624 27.06865439 -16.72934844
26.56672514 22.59900621 -13.96695395
19.26066932 29.2369153 -12.91776684
25.32494427 27.47239878 -11.57887255
15.19458371 -19.34593209 -2.001280666
18.69937088 -14.95711345 -5.843737805
14.17367973 -19.66691236 -5.285442632
24.79374006 -3.760940869 -13.88682248
21.8715585 -9.942073839 -9.71983225
11.39155506 -19.01815804 -11.75386807
17.37665451 -14.78146521 -9.1354479
12.88012943 -19.55151438 -8.638459348
15.87724098 -17.22356785 -7.259267697
3.320403029 -12.26018942 -21.88952511
9.400891234 -9.190747049 -20.68101141
5.396264541 -14.47086472 -20.07927607
3.268525997 -8.89352339 -22.94713528
22.13499095 -2.289800732 -17.38515216
15.4065312 -6.019325128 -19.26123258
21.29521034 -5.723044399 -15.34717223
9.377414794 -17.83690289 -15.17297586
11.47979412 -11.12592944 -18.57469707
7.488667831 -16.37897771 -17.76784985
12.63679647 -15.91558789 -13.88918335
8.544654558 -12.74026446 -19.33920503
3.26310723 -2.016711177 -24.21963045
9.515692898 -5.881021637 -21.95448316
3.260392524 -5.404431998 -23.72739236
6.473766649 -7.385108187 -22.46095577
18.97558652 -11.72755742 -11.36605544
14.93865236 -9.232594905 -17.56143909
20.18842627 -8.919866574 -13.29971368
15.87174779 -13.85092506 -12.60198792
17.96811651 -7.573074808 -16.56358998
13.83639491 -12.58876796 -15.85509772
3.571309592 13.18663177 -23.54360911
11.13917283 10.89017171 -24.50505538
6.273310725 16.82279106 -23.34272847
3.439239963 9.358028994 -24.1456561
24.27876896 2.51156836 -19.06890739
18.53185928 7.240389468 -23.16851516
27.47071505 7.38269871 -19.79777558
20.16679458 0 -19.92934867
12.92719537 24.58898679 -20.91664149
15.14397403 14.677161 -24.50346471
9.737010493 21.29648175 -23.10233868
18.07206715 22.76111465 -19.86312392
10.70216889 15.95716493 -24.22232954
3.299463891 2.039180829 -24.48947904
10.54941736 6.519898487 -24.33947882
3.360485743 5.570346682 -24.45581725
6.647440436 0 -24.05066544
7.060200533 8.054097033 -24.49560828
27.2106396 16.81710013 -16.29871298
20.31646215 12.55626414 -23.88343366
27.41909304 12.11459716 -18.06312597
23.08307852 20.14409471 -18.32770282
24.29855626 10.24118383 -22.39919374
19.61927028 17.85020178 -22.48168324
13.16543974 -3.966287626 -21.30212898
14.48507549 4.363847832 -23.43734446
16.44079727 -2.150841014 -20.68101141
10.04881125 -2.070168965 -22.95852564
17.5037651 2.28990208 -22.01812722
10.41610845 2.145836351 -23.7976898
26.61896505 33.89159583 3.50598747
30.3333491 24.26281327 9.479470729
22.78496275 31.61563362 8.49663713
34.24822964 34.6562762 0
29.86010838 4.529453873 16.72446446
30.31082566 13.77828045 13.47028566
16.21366624 27.06865439 16.72934844
26.56672514 22.59900621 13.96695395
19.26066932 29.2369153 12.91776684
25.32494427 27.47239878 11.57887255
33.29187353 20.57550939 -6.198683061
33.29187353 20.57550939 6.198683061
33.85561595 26.91422132 -3.521009968
33.85561595 26.91422132 3.521009968
15.19458371 -19.34593209 2.001280666
18.69937088 -14.95711345 5.843737805
14.17367973 -19.66691236 5.285442632
17.22552236 -17.43075385 0
24.79374006 -3.760940869 13.88682248
21.8715585 -9.942073839 9.71983225
11.39155506 -19.01815804 11.75386807
17.37665451 -14.78146521 9.1354479
12.88012943 -19.55151438 8.638459348
15.87724098 -17.22356785 7.259267697
21.14064567 -13.06563757 -3.936220715
21.14064567 -13.06563757 3.936220715
19.24294173 -15.29757407 -2.001280666
19.24294173 -15.29757407 2.001280666
3.320403029 -12.26018942 21.88952511
9.400891234 -9.190747049 20.68101141
5.396264541 -14.47086472 20.07927607
3.268525997 -8.89352339 22.94713528
22.13499095 -2.289800732 17.38515216
15.4065312 -6.019325128 19.26123258
21.29521034 -5.723044399 15.34717223
9.377414794 -17.83690289 15.17297586
11.47979412 -11.12592944 18.57469707
7.488667831 -16.37897771 17.76784985
12.63679647 -15.91558789 13.88918335
8.544654558 -12.74026446 19.33920503
3.26310723 -2.016711177 24.21963045
9.515692898 -5.881021637 21.95448316
3.260392524 -5.404431998 23.72739236
6.473766649 -7.385108187 22.46095577
18.97558652 -11.72755742 11.36605544
14.93865236 -9.232594905 17.56143909
20.18842627 -8.919866574 13.29971368
15.87174779 -13.85092506 12.60198792
17.96811651 -7.573074808 16.56358998
13.83639491 -12.58876796 15.85509772
3.571309592 13.18663177 23.54360911
11.13917283 10.89017171 24.50505538
6.273310725 16.82279106 23.34272847
3.439239963 9.358028994 24.1456561
24.27876896 2.51156836 19.06890739
18.53185928 7.240389468 23.16851516
27.47071505 7.38269871 19.79777558
20.16679458 0 19.92934867
12.92719537 24.58898679 20.91664149
15.14397403 14.677161 24.50346471
9.737010493 21.29648175 23.10233868
18.07206715 22.76111465 19.86312392
10.70216889 15.95716493 24.22232954
3.299463891 2.039180829 24.48947904
10.54941736 6.519898487 24.33947882
3.360485743 5.570346682 24.45581725
6.647440436 0 24.05066544
7.060200533 8.054097033 24.49560828
27.2106396 16.81710013 16.29871298
20.31646215 12.55626414 23.88343366
27.41909304 12.11459716 18.06312597
23.08307852 20.14409471 18.32770282
24.29855626 10.24118383 22.39919374
19.61927028 17.85020178 22.48168324
13.16543974 -3.966287626 21.30212898
14.48507549 4.363847832 23.43734446
16.44079727 -2.150841014 20.68101141
10.04881125 -2.070168965 22.95852564
17.5037651 2.28990208 22.01812722
10.41610845 2.145836351 23.7976898
29.40970014 0 -12.96393108
34.00289682 0 -4.736057863
32.08626678 4.570278418 -12.43553762
27.35056497 -3.895738251 -10.60014186
29.40970014 0 12.96393108
34.00289682 0 4.736057863
32.08626678 4.570278418 12.43553762
27.35056497 -3.895738251 10.60014186
32.77216758 14.20438277 -8.778791341
34.51861016 4.650687245 -2.874282788
32.41290914 9.342149652 -10.6572865
34.41061629 15.06132377 -3.102803336
33.67658591 4.627516049 -7.670578195
23.37466789 -10.13124106 -6.261451324
30.37829125 -4.09286269 -2.529528254
25.30440978 -7.293315821 -8.32002902
24.01119351 -10.50955776 -2.165087968
29.31647789 -4.028391485 -6.677468336
32.77216758 14.20438277 8.778791341
34.51861016 4.650687245 2.874282788
32.41290914 9.342149652 10.6572865
34.41061629 15.06132377 3.102803336
33.67658591 4.627516049 7.670578195
34.6562762 9.578759158 0
23.37466789 -10.13124106 6.261451324
30.37829125 -4.09286269 2.529528254
25.30440978 -7.293315821 8.32002902
24.01119351 -10.50955776 2.165087968
29.31647789 -4.028391485 6.677468336
27.1517242 -7.504551999 0
-15.19458371 19.34593209 -2.001280666
-18.69937088 14.95711345 -5.843737805
-14.17367973 19.66691236 -5.285442632
-24.79374006 3.760940869 -13.88682248
-21.8715585 9.942073839 -9.71983225
-11.39155506 19.01815804 -11.75386807
-17.37665451 14.78146521 -9.1354479
-12.88012943 19.55151438 -8.638459348
-15.87724098 17.22356785 -7.259267697
-26.61896505 -33.89159583 -3.50598747
-30.3333491 -24.26281327 -9.479470729
-22.78496275 -31.61563362 -8.49663713
-29.86010838 -4.529453873 -16.72446446
-30.31082566 -13.77828045 -13.47028566
-16.21366624 -27.06865439 -16.72934844
-26.56672514 -22.59900621 -13.96695395
-19.26066932 -29.2369153 -12.91776684
-25.32494427 -27.47239878 -11.57887255
-3.571309592 -13.18663177 -23.54360911
-11.13917283 -10.89017171 -24.50505538
-6.273310725 -16.82279106 -23.34272847
-3.439239963 -9.358028994 -24.1456561
-24.27876896 -2.51156836 -19.06890739
-18.53185928 -7.240389468 -23.16851516
-27.47071505 -7.38269871 -19.79777558
-12.92719537 -24.58898679 -20.91664149
-15.14397403 -14.677161 -24.50346471
-9.737010493 -21.29648175 -23.10233868
-18.07206715 -22.76111465 -19.86312392
-10.70216889 -15.95716493 -24.22232954
-3.299463891 -2.039180829 -24.48947904
-10.54941736 -6.519898487 -24.33947882
-3.360485743 -5.570346682 -24.45581725
-7.060200533 -8.054097033 -24.49560828
-27.2106396 -16.81710013 -16.29871298
-20.31646215 -12.55626414 -23.88343366
-27.41909304 -12.11459716 -18.06312597
-23.08307852 -20.14409471 -18.32770282
-24.29855626 -10.24118383 -22.39919374
-19.61927028 -17.85020178 -22.48168324
-3.320403029 12.26018942 -21.88952511
-9.400891234 9.190747049 -20.68101141
-5.396264541 14.47086472 -20.07927607
-3.268525997 8.89352339 -22.94713528
-22.13499095 2.289800732 -17.38515216
-15.4065312 6.019325128 -19.26123258
-21.29521034 5.723044399 -15.34717223
-20.16679458 0 -19.92934867
-9.377414794 17.83690289 -15.17297586
-11.47979412 11.12592944 -18.57469707
-7.488667831 16.37897771 -17.76784985
-12.63679647 15.91558789 -13.88918335
-8.544654558 12.74026446 -19.33920503
-3.26310723 2.016711177 -24.21963045
-9.515692898 5.881021637 -21.95448316
-3.260392524 5.404431998 -23.72739236
-6.647440436 0 -24.05066544
-6.473766649 7.385108187 -22.46095577
-18.97558652 11.72755742 -11.36605544
-14.93865236 9.232594905 -17.56143909
-20.18842627 8.919866574 -13.29971368
-15.87174779 13.85092506 -12.60198792
-17.96811651 7.573074808 -16.56358998
-13.83639491 12.58876796 -15.85509772
-14.48507549 -4.363847832 -23.43734446
-13.16543974 3.966287626 -21.30212898
-17.5037651 -2.28990208 -22.01812722
-10.41610845 -2.145836351 -23.7976898
-16.44079727 2.150841014 -20.68101141
-10.04881125 2.070168965 -22.95852564
-15.19458371 19.34593209 2.001280666
-18.69937088 14.95711345 5.843737805
-14.17367973 19.66691236 5.285442632
-17.22552236 17.43075385 0
-24.79374006 3.760940869 13.88682248
-21.8715585 9.942073839 9.71983225
-11.39155506 19.01815804 11.75386807
-17.37665451 14.78146521 9.1354479
-12.88012943 19.55151438 8.638459348
-15.87724098 17.22356785 7.259267697
-21.14064567 13.06563757 -3.936220715
-21.14064567 13.06563757 3.936220715
-19.24294173 15.29757407 -2.001280666
-19.24294173 15.29757407 2.001280666
-26.61896505 -33.89159583 3.50598747
-30.3333491 -24.26281327 9.479470729
-22.78496275 -31.61563362 8.49663713
-34.24822964 -34.6562762 0
-29.86010838 -4.529453873 16.72446446
-30.31082566 -13.77828045 13.47028566
-16.21366624 -27.06865439 16.72934844
-26.56672514 -22.59900621 13.96695395
-19.26066932 -29.2369153 12.91776684
-25.32494427 -27.47239878 11.57887255
-33.29187353 -20.57550939 -6.198683061
-33.29187353 -20.57550939 6.198683061
-33.85561595 -26.91422132 -3.521009968
-33.85561595 -26.91422132 3.521009968
-3.571309592 -13.18663177 23.54360911
-11.13917283 -10.89017171 24.50505538
-6.273310725 -16.82279106 23.34272847
-3.439239963 -9.358028994 24.1456561
-24.27876896 -2.51156836 19.06890739
-18.53185928 -7.240389468 23.16851516
-27.47071505 -7.38269871 19.79777558
-12.92719537 -24.58898679 20.91664149
-15.14397403 -14.677161 24.50346471
-9.737010493 -21.29648175 23.10233868
-18.07206715 -22.76111465 19.86312392
-10.70216889 -15.95716493 24.22232954
-3.299463891 -2.039180829 24.48947904
-10.54941736 -6.519898487 24.33947882
-3.360485743 -5.570346682 24.45581725
-7.060200533 -8.054097033 24.49560828
-27.2106396 -16.81710013 16.29871298
-20.31646215 -12.55626414 23.88343366
-27.41909304 -12.11459716 18.06312597
-23.08307852 -20.14409471 18.32770282
-24.29855626 -10.24118383 22.39919374
-19.61927028 -17.85020178 22.48168324
-3.320403029 12.26018942 21.88952511
-9.400891234 9.190747049 20.68101141
-5.396264541 14.47086472 20.07927607
-3.268525997 8.89352339 22.94713528
-22.13499095 2.289800732 17.38515216
-15.4065312 6.019325128 19.26123258
-21.29521034 5.723044399 15.34717223
-20.16679458 0 19.92934867
-9.377414794 17.83690289 15.17297586
-11.47979412 11.12592944 18.57469707
-7.488667831 16.37897771 17.76784985
-12.63679647 15.91558789 13.88918335
-8.544654558 12.74026446 19.33920503
-3.26310723 2.016711177 24.21963045
-9.515692898 5.881021637 21.95448316
-3.260392524 5.404431998 23.72739236
-6.647440436 0 24.05066544
-6.473766649 7.385108187 22.46095577
-18.97558652 11.72755742 11.36605544
-14.93865236 9.232594905 17.56143909
-20.18842627 8.919866574 13.29971368
-15.87174779 13.85092506 12.60198792
-17.96811651 7.573074808 16.56358998
-13.83639491 12.58876796 15.85509772
-14.48507549 -4.363847832 23.43734446
-13.16543974 3.966287626 21.30212898
-17.5037651 -2.28990208 22.01812722
-10.41610845 -2.145836351 23.7976898
-16.44079727 2.150841014 20.68101141
-10.04881125 2.070168965 22.95852564
-29.40970014 0 -12.96393108
-34.00289682 0 -4.736057863
-27.35056497 3.895738251 -10.60014186
-32.08626678 -4.570278418 -12.43553762
-29.40970014 0 12.96393108
-34.00289682 0 4.736057863
-27.35056497 3.895738251 10.60014186
-32.08626678 -4.570278418 12.43553762
-23.37466789 10.13124106 -6.261451324
-30.37829125 4.09286269 -2.529528254
-25.30440978 7.293315821 -8.32002902
-24.01119351 10.50955776 -2.165087968
-29.31647789 4.028391485 -6.677468336
-32.77216758 -14.20438277 -8.778791341
-34.51861016 -4.650687245 -2.874282788
-32.41290914 -9.342149652 -10.6572865
-34.41061629 -15.06132377 -3.102803336
-33.67658591 -4.627516049 -7.670578195
-23.37466789 10.13124106 6.261451324
-30.37829125 4.09286269 2.529528254
-25.30440978 7.293315821 8.32002902
-24.01119351 10.50955776 2.165087968
-29.31647789 4.028391485 6.677468336
-27.1517242 7.504551999 0
-32.77216758 -14.20438277 8.778791341
-34.51861016 -4.650687245 2.874282788
-32.41290914 -9.342149652 10.6572865
-34.41061629 -15.06132377 3.102803336
-33.67658591 -4.627516049 7.670578195
-34.6562762 -9.578759158 0
-11.94853337 22.70774283 0
-9.182785517 25.47349069 0
-2.246255847 32.41002036 0
-6.029503876 28.62677233 0
18.23570382 34.6562762 0
12.49303266 34.6562762 0
2.40193811 34.6562762 0
7.299466015 34.6562762 0
-18.23570382 -34.6562762 0
-12.49303266 -34.6562762 0
-2.40193811 -34.6562762 0
-7.299466015 -34.6562762 0
11.94853337 -22.70774283 0
9.182785517 -25.47349069 0
2.246255847 -32.41002036 0
6.029503876 -28.62677233 0
-20.26469508 -34.415607 2.631961375
-17.55358774 -33.02247888 7.475603884
-17.19331397 -34.47142848 2.540861626
-12.10085526 -29.24009286 15.63101373
-14.77914267 -31.17930855 11.75688313
-11.56047398 -34.53052124 2.41015007
-14.76831483 -33.31650391 7.300046525
-14.28746796 -34.50652983 2.469880602
-16.00715698 -33.98784066 4.993142132
-1.105010014 -15.55415456 22.27419698
-3.553875556 -19.25264482 21.84726669
-9.503528142 -27.28126477 19.26145397
-6.469627642 -23.62711014 21.2917622
-1.430599635 -34.57564416 2.314758834
-4.274828498 -33.86891464 6.916817805
-3.847984628 -34.56851091 2.325467171
-9.610110472 -29.82945963 15.54948538
-7.035998077 -32.31005659 11.38448403
-10.87539922 -30.74376631 13.64132812
-8.839123829 -34.5466643 2.37901959
-6.741061224 -33.78573744 6.971553154
-6.323790479 -34.55921334 2.345221643
-10.45653738 -34.18395223 4.781237641
-5.305089963 -34.2855952 4.664745936
-13.4299893 -32.49794057 9.572194244
-8.199019365 -33.01577795 9.316982726
-12.15810577 -31.64311602 11.64393329
-12.00707029 -33.51025265 7.205070915
-9.56408771 -32.01251686 11.51848147
-9.322436802 -33.6623962 7.096308403
12.81407303 -21.76218787 1.664280915
11.7737802 -22.14928444 5.014138321
11.50533706 -23.06742053 1.700281254
8.945624788 -21.61590185 11.55531414
10.47989407 -22.10925614 8.33680901
8.668763766 -25.89313655 1.807280707
10.40684387 -23.47726593 5.1441512
10.12187198 -24.4459465 1.749772271
10.98702934 -23.3286525 3.427204418
1.074680012 -15.12722854 21.66282114
3.207198705 -17.37456941 19.71608863
0 -16.82633076 21.42349263
7.195507982 -20.655756 14.58363081
5.266512808 -19.23332919 17.33227081
-2.36867437 -20.5967873 20.84218534
2.196911371 -19.10322364 19.33082679
-1.147036822 -18.65203414 21.14985283
1.108233941 -18.02105819 20.43437867
1.371306916 -33.14261992 2.218821199
3.762240188 -29.8077436 6.087432499
3.458692242 -31.07128849 2.090204624
0 -34.04381746 4.586718494
7.375577879 -22.89354563 11.93393569
5.735740358 -26.33913391 9.28062285
8.216191088 -23.22642633 10.30580637
7.039498288 -27.51304189 1.894656604
5.601213905 -28.0729007 5.792731911
5.343085706 -29.19970853 1.981520463
8.02629458 -26.23913258 3.670012393
4.580729945 -29.60422041 4.027818857
-2.827148335 -33.3236592 9.210432878
2.549806027 -30.05461936 8.306892487
-1.429897837 -33.93036126 6.9454337
1.350302762 -32.04163217 6.558817047
9.720547235 -23.52181817 6.92829787
6.566884143 -26.44350246 7.462300478
9.004395714 -23.4351587 8.623595237
8.921218086 -24.89801964 5.353346602
7.4227818 -24.84522672 8.939605873
7.31932534 -26.42935905 5.571525022
-8.106220783 -28.72208807 17.75122665
-2.544862271 -27.50625413 16.99979995
-6.828464138 -27.74327266 19.5400648
-6.886304077 -30.17240808 15.78080434
6.303068945 -22.33313232 13.80263485
2.291714119 -24.77009135 15.30875836
5.346950892 -21.72405295 15.30062468
5.516745579 -24.17167424 12.64229427
-3.741339065 -22.81017714 20.46261096
-1.254077758 -25.20547863 17.71140701
-5.198177237 -25.1368367 20.04379379
-1.197830005 -21.89394625 19.65614729
-3.877411037 -26.44576754 18.59740257
-4.263407254 -32.46607622 11.53832407
-1.339095403 -28.68768882 15.05177595
-5.592893498 -31.43147166 13.69114521
-1.407732752 -32.09401759 11.3887972
-4.146550718 -30.44742816 15.95809083
3.30147227 -20.12839948 18.05683513
1.192860756 -23.97508934 16.84683603
4.339099084 -20.98259065 16.73125084
1.148715326 -20.99622775 18.85018537
3.347696337 -22.83286406 16.05670791
0 -23.03285843 18.31044664
3.676286278 -27.99511831 9.949362079
1.260865304 -27.01175091 14.17244955
4.639100943 -26.07125809 11.35630505
1.312451253 -29.92175435 10.61795368
3.479133786 -25.54669729 13.38952222
0 -29.46774493 12.89785813
-12.81407303 21.76218787 1.664280915
-11.7737802 22.14928444 5.014138321
-11.50533706 23.06742053 1.700281254
-8.945624788 21.61590185 11.55531414
-10.47989407 22.10925614 8.33680901
-8.668763766 25.89313655 1.807280707
-10.40684387 23.47726593 5.1441512
-10.12187198 24.4459465 1.749772271
-10.98702934 23.3286525 3.427204418
-1.074680012 15.12722854 21.66282114
-3.207198705 17.37456941 19.71608863
-7.195507982 20.655756 14.58363081
-5.266512808 19.23332919 17.33227081
-1.371306916 33.14261992 2.218821199
-3.762240188 29.8077436 6.087432499
-3.458692242 31.07128849 2.090204624
-7.375577879 22.89354563 11.93393569
-5.735740358 26.33913391 9.28062285
-8.216191088 23.22642633 10.30580637
-7.039498288 27.51304189 1.894656604
-5.601213905 28.0729007 5.792731911
-5.343085706 29.19970853 1.981520463
-8.02629458 26.23913258 3.670012393
-4.580729945 29.60422041 4.027818857
-9.720547235 23.52181817 6.92829787
-6.566884143 26.44350246 7.462300478
-9.004395714 23.4351587 8.623595237
-8.921218086 24.89801964 5.353346602
-7.4227818 24.84522672 8.939605873
-7.31932534 26.42935905 5.571525022
20.26469508 34.415607 2.631961375
17.55358774 33.02247888 7.475603884
17.19331397 34.47142848 2.540861626
12.10085526 29.24009286 15.63101373
14.77914267 31.17930855 11.75688313
11.56047398 34.53052124 2.41015007
14.76831483 33.31650391 7.300046525
14.28746796 34.50652983 2.469880602
16.00715698 33.98784066 4.993142132
1.105010014 15.55415456 22.27419698
3.553875556 19.25264482 21.84726669
0 16.82633076 21.42349263
9.503528142 27.28126477 19.26145397
6.469627642 23.62711014 21.2917622
-2.196911371 19.10322364 19.33082679
2.36867437 20.5967873 20.84218534
-1.108233941 18.02105819 20.43437867
1.147036822 18.65203414 21.14985283
1.430599635 34.57564416 2.314758834
4.274828498 33.86891464 6.916817805
3.847984628 34.56851091 2.325467171
0 34.04381746 4.586718494
9.610110472 29.82945963 15.54948538
7.035998077 32.31005659 11.38448403
10.87539922 30.74376631 13.64132812
8.839123829 34.5466643 2.37901959
6.741061224 33.78573744 6.971553154
6.323790479 34.55921334 2.345221643
10.45653738 34.18395223 4.781237641
5.305089963 34.2855952 4.664745936
-2.549806027 30.05461936 8.306892487
2.827148335 33.3236592 9.210432878
-1.350302762 32.04163217 6.558817047
1.429897837 33.93036126 6.9454337
13.4299893 32.49794057 9.572194244
8.199019365 33.01577795 9.316982726
12.15810577 31.64311602 11.64393329
12.00707029 33.51025265 7.205070915
9.56408771 32.01251686 11.51848147
9.322436802 33.6623962 7.096308403
-6.303068945 22.33313232 13.80263485
-2.291714119 24.77009135 15.30875836
-5.346950892 21.72405295 15.30062468
-5.516745579 24.17167424 12.64229427
8.106220783 28.72208807 17.75122665
2.544862271 27.50625413 16.99979995
6.828464138 27.74327266 19.5400648
6.886304077 30.17240808 15.78080434
-3.30147227 20.12839948 18.05683513
-1.192860756 23.97508934 16.84683603
-4.339099084 20.98259065 16.73125084
-1.148715326 20.99622775 18.85018537
-3.347696337 22.83286406 16.05670791
-3.676286278 27.99511831 9.949362079
-1.260865304 27.01175091 14.17244955
-4.639100943 26.07125809 11.35630505
-1.312451253 29.92175435 10.61795368
-3.479133786 25.54669729 13.38952222
3.741339065 22.81017714 20.46261096
1.254077758 25.20547863 17.71140701
5.198177237 25.1368367 20.04379379
1.197830005 21.89394625 19.65614729
3.877411037 26.44576754 18.59740257
0 23.03285843 18.31044664
4.263407254 32.46607622 11.53832407
1.339095403 28.68768882 15.05177595
5.592893498 31.43147166 13.69114521
1.407732752 32.09401759 11.3887972
4.146550718 30.44742816 15.95809083
0 29.46774493 12.89785813
0 -12.08517896 22.9674327
0 -8.560188005 23.74637511
0 -1.696390784 24.47631241
0 -5.105192377 24.23834247
0 12.08517896 22.9674327
0 8.560188005 23.74637511
0 1.696390784 24.47631241
0 5.105192377 24.23834247
-20.26469508 -34.415607 -2.631961375
-17.55358774 -33.02247888 -7.475603884
-17.19331397 -34.47142848 -2.540861626
-12.10085526 -29.24009286 -15.63101373
-14.77914267 -31.17930855 -11.75688313
-11.56047398 -34.53052124 -2.41015007
-14.76831483 -33.31650391 -7.300046525
-14.28746796 -34.50652983 -2.469880602
-16.00715698 -33.98784066 -4.993142132
-1.105010014 -15.55415456 -22.27419698
-3.553875556 -19.25264482 -21.84726669
-9.503528142 -27.28126477 -19.26145397
-6.469627642 -23.62711014 -21.2917622
-1.430599635 -34.57564416 -2.314758834
-4.274828498 -33.86891464 -6.916817805
-3.847984628 -34.56851091 -2.325467171
-9.610110472 -29.82945963 -15.54948538
-7.035998077 -32.31005659 -11.38448403
-10.87539922 -30.74376631 -13.64132812
-8.839123829 -34.5466643 -2.37901959
-6.741061224 -33.78573744 -6.971553154
-6.323790479 -34.55921334 -2.345221643
-10.45653738 -34.18395223 -4.781237641
-5.305089963 -34.2855952 -4.664745936
-13.4299893 -32.49794057 -9.572194244
-8.199019365 -33.01577795 -9.316982726
-12.15810577 -31.64311602 -11.64393329
-12.00707029 -33.51025265 -7.205070915
-9.56408771 -32.01251686 -11.51848147
-9.322436802 -33.6623962 -7.096308403
12.81407303 -21.76218787 -1.664280915
11.7737802 -22.14928444 -5.014138321
11.50533706 -23.06742053 -1.700281254
8.945624788 -21.61590185 -11.55531414
10.47989407 -22.10925614 -8.33680901
8.668763766 -25.89313655 -1.807280707
10.40684387 -23.47726593 -5.1441512
10.12187198 -24.4459465 -1.749772271
10.98702934 -23.3286525 -3.427204418
1.074680012 -15.12722854 -21.66282114
3.207198705 -17.37456941 -19.71608863
0 -16.82633076 -21.42349263
7.195507982 -20.655756 -14.58363081
5.266512808 -19.23332919 -17.33227081
-2.36867437 -20.5967873 -20.84218534
2.196911371 -19.10322364 -19.33082679
-1.147036822 -18.65203414 -21.14985283
1.108233941 -18.02105819 -20.43437867
1.371306916 -33.14261992 -2.218821199
3.762240188 -29.8077436 -6.087432499
3.458692242 -31.07128849 -2.090204624
0 -34.04381746 -4.586718494
7.375577879 -22.89354563 -11.93393569
5.735740358 -26.33913391 -9.28062285
8.216191088 -23.22642633 -10.30580637
7.039498288 -27.51304189 -1.894656604
5.601213905 -28.0729007 -5.792731911
5.343085706 -29.19970853 -1.981520463
8.02629458 -26.23913258 -3.670012393
4.580729945 -29.60422041 -4.027818857
-2.827148335 -33.3236592 -9.210432878
2.549806027 -30.05461936 -8.306892487
-1.429897837 -33.93036126 -6.9454337
1.350302762 -32.04163217 -6.558817047
9.720547235 -23.52181817 -6.92829787
6.566884143 -26.44350246 -7.462300478
9.004395714 -23.4351587 -8.623595237
8.921218086 -24.89801964 -5.353346602
7.4227818 -24.84522672 -8.939605873
7.31932534 -26.42935905 -5.571525022
-8.106220783 -28.72208807 -17.75122665
-2.544862271 -27.50625413 -16.99979995
-6.828464138 -27.74327266 -19.5400648
-6.886304077 -30.17240808 -15.78080434
6.303068945 -22.33313232 -13.80263485
2.291714119 -24.77009135 -15.30875836
5.346950892 -21.72405295 -15.30062468
5.516745579 -24.17167424 -12.64229427
-3.741339065 -22.81017714 -20.46261096
-1.254077758 -25.20547863 -17.71140701
-5.198177237 -25.1368367 -20.04379379
-1.197830005 -21.89394625 -19.65614729
-3.877411037 -26.44576754 -18.59740257
-4.263407254 -32.46607622 -11.53832407
-1.339095403 -28.68768882 -15.05177595
-5.592893498 -31.43147166 -13.69114521
-1.407732752 -32.09401759 -11.3887972
-4.146550718 -30.44742816 -15.95809083
3.30147227 -20.12839948 -18.05683513
1.192860756 -23.97508934 -16.84683603
4.339099084 -20.98259065 -16.73125084
1.148715326 -20.99622775 -18.85018537
3.347696337 -22.83286406 -16.05670791
0 -23.03285843 -18.31044664
3.676286278 -27.99511831 -9.949362079
1.260865304 -27.01175091 -14.17244955
4.639100943 -26.07125809 -11.35630505
1.312451253 -29.92175435 -10.61795368
3.479133786 -25.54669729 -13.38952222
0 -29.46774493 -12.89785813
-12.81407303 21.76218787 -1.664280915
-11.7737802 22.14928444 -5.014138321
-11.50533706 23.06742053 -1.700281254
-8.945624788 21.61590185 -11.55531414
-10.47989407 22.10925614 -8.33680901
-8.668763766 25.89313655 -1.807280707
-10.40684387 23.47726593 -5.1441512
-10.12187198 24.4459465 -1.749772271
-10.98702934 23.3286525 -3.427204418
-1.074680012 15.12722854 -21.66282114
-3.207198705 17.37456941 -19.71608863
-7.195507982 20.655756 -14.58363081
-5.266512808 19.23332919 -17.33227081
-1.371306916 33.14261992 -2.218821199
-3.762240188 29.8077436 -6.087432499
-3.458692242 31.07128849 -2.090204624
-7.375577879 22.89354563 -11.93393569
-5.735740358 26.33913391 -9.28062285
-8.216191088 23.22642633 -10.30580637
-7.039498288 27.51304189 -1.894656604
-5.601213905 28.0729007 -5.792731911
-5.343085706 29.19970853 -1.981520463
-8.02629458 26.23913258 -3.670012393
-4.580729945 29.60422041 -4.027818857
-9.720547235 23.52181817 -6.92829787
-6.566884143 26.44350246 -7.462300478
-9.004395714 23.4351587 -8.623595237
-8.921218086 24.89801964 -5.353346602
-7.4227818 24.84522672 -8.939605873
-7.31932534 26.42935905 -5.571525022
20.26469508 34.415607 -2.631961375
17.55358774 33.02247888 -7.475603884
17.19331397 34.47142848 -2.540861626
12.10085526 29.24009286 -15.63101373
14.77914267 31.17930855 -11.75688313
11.56047398 34.53052124 -2.41015007
14.76831483 33.31650391 -7.300046525
14.28746796 34.50652983 -2.469880602
16.00715698 33.98784066 -4.993142132
1.105010014 15.55415456 -22.27419698
3.553875556 19.25264482 -21.84726669
0 16.82633076 -21.42349263
9.503528142 27.28126477 -19.26145397
6.469627642 23.62711014 -21.2917622
-2.196911371 19.10322364 -19.33082679
2.36867437 20.5967873 -20.84218534
-1.108233941 18.02105819 -20.43437867
1.147036822 18.65203414 -21.14985283
1.430599635 34.57564416 -2.314758834
4.274828498 33.86891464 -6.916817805
3.847984628 34.56851091 -2.325467171
0 34.04381746 -4.586718494
9.610110472 29.82945963 -15.54948538
7.035998077 32.31005659 -11.38448403
10.87539922 30.74376631 -13.64132812
8.839123829 34.5466643 -2.37901959
6.741061224 33.78573744 -6.971553154
6.323790479 34.55921334 -2.345221643
10.45653738 34.18395223 -4.781237641
5.305089963 34.2855952 -4.664745936
-2.549806027 30.05461936 -8.306892487
2.827148335 33.3236592 -9.210432878
-1.350302762 32.04163217 -6.558817047
1.429897837 33.93036126 -6.9454337
13.4299893 32.49794057 -9.572194244
8.199019365 33.01577795 -9.316982726
12.15810577 31.64311602 -11.64393329
12.00707029 33.51025265 -7.205070915
9.56408771 32.01251686 -11.51848147
9.322436802 33.6623962 -7.096308403
-6.303068945 22.33313232 -13.80263485
-2.291714119 24.77009135 -15.30875836
-5.346950892 21.72405295 -15.30062468
-5.516745579 24.17167424 -12.64229427
8.106220783 28.72208807 -17.75122665
2.544862271 27.50625413 -16.99979995
6.828464138 27.74327266 -19.5400648
6.886304077 30.17240808 -15.78080434
-3.30147227 20.12839948 -18.05683513
-1.192860756 23.97508934 -16.84683603
-4.339099084 20.98259065 -16.73125084
-1.148715326 20.99622775 -18.85018537
-3.347696337 22.83286406 -16.05670791
-3.676286278 27.99511831 -9.949362079
-1.260865304 27.01175091 -14.17244955
-4.639100943 26.07125809 -11.35630505
-1.312451253 29.92175435 -10.61795368
-3.479133786 25.54669729 -13.38952222
3.741339065 22.81017714 -20.46261096
1.254077758 25.20547863 -17.71140701
5.198177237 25.1368367 -20.04379379
1.197830005 21.89394625 -19.65614729
3.877411037 26.44576754 -18.59740257
0 23.03285843 -18.31044664
4.263407254 32.46607622 -11.53832407
1.339095403 28.68768882 -15.05177595
5.592893498 31.43147166 -13.69114521
1.407732752 32.09401759 -11.3887972
4.146550718 30.44742816 -15.95809083
0 29.46774493 -12.89785813
0 -12.08517896 -22.9674327
0 -8.560188005 -23.74637511
0 -1.696390784 -24.47631241
0 -5.105192377 -24.23834247
0 12.08517896 -22.9674327
0 8.560188005 -23.74637511
0 1.696390784 -24.47631241
0 5.105192377 -24.23834247
24.10358809 34.51734177 -1.712385337
28.54067849 32.38702113 -5.268368091
22.59710703 33.86786583 -4.360636209
30.40397659 21.46618936 -10.5913362
30.12519612 27.14756516 -8.248947943
19.38902062 31.93085745 -9.122462895
26.28459767 31.05650306 -7.763522852
20.9821624 32.94477914 -6.841521121
24.68033053 32.78166445 -6.115721553
27.86968036 2.131356342 -16.41030404
30.06938097 6.807083806 -15.98382481
30.36905169 16.23452655 -12.5680688
30.23885879 11.40226468 -14.33336495
13.49802943 27.72026484 -17.13206585
18.92760037 26.27408264 -16.2382761
14.87738649 28.74603111 -15.29039476
28.66624757 20.82672905 -12.87162643
24.18007291 24.08296888 -14.88409332
28.43607846 23.44181684 -11.81153291
17.79530241 30.83462352 -11.35224963
20.53040993 27.3695434 -14.34792063
16.31395087 29.79119044 -13.3594151
20.97591231 30.40368517 -10.78675047
17.70727401 28.13464908 -14.86842779
27.38673163 28.67651926 -9.324173915
23.40754754 26.35062253 -13.66953141
28.04294365 26.10976019 -10.63211668
24.23988622 29.73555566 -10.12483523
26.05001162 25.07480123 -12.8421734
22.32199601 28.50383154 -12.31957599
14.23772584 -20.38901624 -1.011487289
16.11418196 -18.28584249 -2.97454183
13.78734954 -20.6640657 -2.660589055
19.51654422 -13.7793105 -6.7986594
17.86225788 -16.09671876 -4.891083024
12.6983029 -20.91223212 -5.974504815
15.60265926 -18.43528447 -4.608463225
13.27230897 -20.83928622 -4.327617927
14.71931487 -19.55093917 -3.647407845
25.46449378 -1.947417753 -14.99407527
24.0928502 -5.454121273 -12.80691136
21.10108821 -11.2801078 -8.732571931
22.62801273 -8.532418242 -10.7257872
9.784027283 -20.09299423 -12.41815337
12.93790544 -17.95957174 -11.09962576
10.58960762 -20.46120064 -10.88358368
18.83905437 -13.68703315 -8.459051692
15.91519825 -15.85128488 -9.796632824
18.08208354 -14.90630612 -7.51077984
12.04258849 -20.86666884 -7.682390978
13.6774487 -18.23370926 -9.558647346
11.34709973 -20.72113688 -9.292084836
13.56336248 -19.65951214 -6.974886455
12.16766657 -19.33290404 -10.21693524
16.47978062 -17.25590161 -5.61075862
15.19661284 -17.10731156 -8.874512641
17.2925181 -16.10043176 -6.556232912
15.04348472 -18.45414508 -6.283561013
16.639919 -16.01698562 -8.203171971
14.39812446 -18.38552941 -7.946367715
1.695812441 -13.05684892 -22.17449507
4.889605409 -11.48136243 -21.59917698
2.74961491 -14.24868745 -21.35550511
1.674314743 -11.3296288 -22.71513738
10.87999752 -8.42282384 -20.35262352
7.91730638 -9.952552843 -20.99673322
4.841521734 -16.3917146 -19.36759091
5.919899961 -12.58224492 -20.72110175
3.808131125 -15.3679225 -20.41245266
4.369192571 -13.39981365 -21.03948548
1.644467169 -7.887815849 -23.56048663
4.862550034 -9.837152344 -22.19207325
1.658963022 -9.596569564 -23.17725681
3.298998966 -10.57602466 -22.45597025
24.04752188 -1.192983635 -16.79247394
20.33348206 -3.307629547 -17.91864005
23.55643842 -3.032994723 -15.71718049
13.87092837 -6.84386331 -19.64630864
16.98585319 -5.16125177 -18.84891538
22.41522125 -6.40390019 -13.61094633
20.02530443 -5.005937347 -16.94836888
23.0036339 -4.777080051 -14.65075787
21.73865355 -4.055546119 -16.36637932
8.760369352 -19.51011538 -14.17457537
9.952959971 -16.16916077 -16.10422752
7.85038439 -18.89967612 -15.58030396
10.42365426 -18.49386064 -13.5061988
11.93442484 -9.40290676 -19.31030503
11.00007351 -12.8218657 -17.79849281
10.4675807 -10.18484128 -19.67911262
5.907233976 -17.35058066 -18.16771228
9.011810359 -15.43171986 -17.37197903
6.890954855 -18.17537039 -16.92242327
6.461113857 -15.4685643 -18.97559875
8.456160588 -17.15309977 -16.51095491
13.58410836 -16.46593769 -12.20762493
11.60414588 -15.25909868 -15.48262852
12.0359028 -17.47486012 -12.84858654
11.03289538 -16.87342013 -14.53091591
7.500814849 -11.75795749 -20.37347747
9.543581792 -13.65589143 -18.20497079
8.984481584 -10.97146769 -20.03518865
6.993090661 -13.59876238 -19.71082277
10.0205632 -11.93380099 -18.9613208
8.032862384 -14.55484524 -18.58565232
1.635807097 -1.010984385 -24.43411524
4.873366074 -3.011905873 -23.86294163
1.635539452 -2.706351115 -24.31260441
10.97123157 -6.78059401 -21.04673572
8.008349765 -4.949432349 -22.72832333
9.471403941 -7.550972902 -21.34591491
1.644757026 -6.111009377 -23.88415341
4.86044608 -4.6997511 -23.55483082
1.637421167 -4.415236581 -24.12905732
3.26901515 -7.149316069 -23.37216138
3.26581251 -3.714120642 -24.00352072
6.454785914 -9.056200028 -21.9142282
6.474833297 -5.697905121 -22.94430125
7.961413858 -8.312973749 -21.63563944
4.882991113 -8.137382439 -22.71043101
7.993227589 -6.636979876 -22.21502318
4.883703119 -6.415732111 -23.16657337
19.70809352 -12.18027165 -9.596604793
18.12513443 -11.20194913 -13.05717523
20.41267133 -10.8577703 -10.56449148
18.19154291 -13.285414 -10.25325958
13.69152798 -8.46182965 -18.84524112
16.09884636 -9.949634228 -16.16375791
15.19107982 -7.654267605 -18.42752807
13.20389479 -10.19034565 -18.07991973
21.75378744 -8.008997585 -12.55456308
18.66201239 -9.783176458 -13.99872694
21.10005895 -9.462006788 -11.55460121
20.75783769 -7.364555127 -14.32111208
19.59370354 -10.35476097 -12.33180753
15.17525311 -15.3975547 -11.54038351
16.53372462 -12.25788125 -13.64003138
16.67587492 -14.36079552 -10.90372799
14.26345682 -14.88909165 -13.2511584
17.41565575 -12.80505586 -11.99512548
18.31600128 -5.955450164 -17.49220005
17.58316036 -9.121361843 -15.61931456
16.73735386 -6.815593013 -17.97659832
19.60150121 -6.674231085 -15.97878864
16.4375093 -8.418545087 -17.07679772
19.14220321 -8.273407972 -14.99069284
12.17517774 -13.54800256 -16.42217214
15.49349369 -11.61228926 -15.26980698
12.69662673 -11.89355458 -17.26818553
13.25465351 -14.26721894 -14.89301879
14.40036641 -10.933773 -16.72182497
14.90331489 -13.26381695 -14.2770824
1.762023641 13.56663975 -23.04027473
5.422749604 12.73324703 -23.95427005
2.948709644 15.28040961 -22.90181932
1.729848189 11.7054084 -23.46855001
13.05264398 10.10479283 -24.41687586
9.218810331 11.58862529 -24.44832773
5.644590764 19.11062801 -22.58011649
6.82691895 14.5100368 -23.89589066
4.244126915 17.12740748 -22.74948969
4.869659414 14.93468819 -23.44944217
1.681181096 8.063917086 -24.08649167
5.303283898 10.72877631 -24.20352776
1.704773005 9.86156564 -23.8172649
3.509173432 11.24980794 -23.88660773
25.28578724 1.254413263 -17.65715924
23.0822185 3.754764075 -20.34093146
26.98463888 3.474390562 -18.0045231
23.18805399 0 -18.21224358
16.77364258 8.276051462 -23.75761379
20.18652735 6.13379551 -22.40064963
28.84798875 8.241704981 -17.51704443
24.53553065 6.133406342 -20.76558814
28.79301892 5.979340345 -18.33795262
25.86496504 4.825347548 -19.4729553
19.39347876 -2.204031647 -19.16513794
20.94120611 2.379927891 -20.69464219
21.22161744 -1.150928889 -18.71532328
22.14123897 1.200803456 -19.52633658
11.90203479 26.50688147 -19.25789683
13.8722024 22.53619743 -22.44569499
10.58636124 25.48649707 -21.01027386
14.550765 25.81626495 -18.85380308
15.08069112 11.88179023 -24.40107081
15.10583429 17.60760767 -24.44175332
13.03422741 12.6821604 -24.50442337
7.278726383 21.37889403 -22.38574047
12.29945749 21.0614488 -23.70954437
9.02586975 23.80635619 -22.16522841
7.910371973 18.93823576 -23.23191448
11.60025187 23.5308064 -22.64990519
19.79995159 24.0004541 -17.79361415
16.39382596 21.55738222 -21.87317533
17.20862685 24.9851093 -18.37058132
15.52097078 23.73736466 -20.44195232
8.925254676 13.99084862 -24.24249614
12.68579606 18.15207932 -24.19893828
10.96228808 13.38668107 -24.44565195
8.459940599 16.4511984 -23.84530645
12.91777851 15.38418499 -24.44355047
10.27980713 18.62611293 -23.78441359
1.640330584 1.013780054 -24.50168275
4.997033824 3.088336746 -24.46849358
1.647729538 2.726522229 -24.49381235
3.286765948 0 -24.3952316
12.64955407 7.817854356 -24.26635694
8.595769153 5.312477496 -24.39546552
10.85149195 8.651232929 -24.45625013
1.672996516 6.215931737 -24.29422997
5.056592841 4.8894129 -24.50540278
1.6574969 4.469369942 -24.42489355
3.404181676 7.444924434 -24.33854842
3.333844434 3.791491518 -24.50355117
6.562504746 -2.014365081 -23.74336522
6.711915342 2.06022676 -24.28393784
4.941527573 -1.017341738 -24.14072655
4.983421517 1.025966693 -24.34539003
7.192799058 10.09164795 -24.41980913
6.913471849 6.083910557 -24.49866638
9.016930002 9.415099345 -24.50407049
5.242148202 8.735908735 -24.3808441
8.809231147 7.314528354 -24.48288529
5.16036053 6.779177594 -24.47893903
28.81411337 17.80810142 -14.03066503
25.61372916 15.8301552 -18.45188797
28.87165687 15.35721676 -14.94240358
26.95113395 19.68260603 -15.19040873
17.47079916 10.79754769 -24.04709125
22.44266355 13.87032887 -22.53315377
19.40644817 9.778248112 -23.54097751
17.77365808 13.71714347 -24.33723659
28.87632826 10.63127255 -16.66512949
25.7968425 13.52346451 -19.35069737
28.88971357 12.95516124 -15.82029321
27.45581448 9.740892201 -18.94213657
27.33435611 14.44549384 -17.20358879
22.42964122 22.75821201 -17.05715614
23.60454913 17.50009552 -19.47333697
24.7878022 21.34655965 -16.20781242
20.63832093 21.54357501 -19.17358906
25.25374618 18.56809959 -17.39365193
22.95389606 7.463462247 -21.92149562
24.20097604 12.55439039 -21.49799295
21.25500678 8.655219754 -22.82874117
25.9729068 8.84366866 -21.17264304
22.38645548 11.46532491 -23.2571106
25.89404273 11.19160513 -20.27821128
17.22645499 19.16884182 -23.2354562
21.89539007 16.41047579 -21.57927624
17.95101384 16.81559736 -24.41447197
18.90042453 20.34428848 -21.23664548
20.27265225 15.39242625 -23.54077202
21.33193515 18.98523148 -20.43557411
12.77628061 -5.834377164 -20.67245628
13.53319259 -2.025912736 -21.89716559
14.32519198 -5.006076524 -20.33911919
11.31904517 -4.939316476 -21.64166303
14.73562956 6.72912745 -23.84274947
14.196861 2.125263594 -22.97100364
16.4195195 5.737959479 -23.31267634
12.54729673 5.475291293 -23.99004189
17.58425525 -3.215066797 -19.60160303
15.20191416 -1.076390059 -21.63416617
15.93252744 -4.131957368 -19.98091502
18.24797311 -1.112016989 -20.32545527
14.77117458 -3.079672827 -21.00481763
8.235165881 -3.042891302 -23.1717814
11.921406 -1.060599097 -22.72141087
9.792551031 -4.000300498 -22.48126695
8.369732714 -1.034555859 -23.58619126
11.63786003 -3.023981838 -22.20459269
19.51738146 3.56851537 -21.75650651
15.6338729 1.106975424 -22.24889581
18.03135118 4.676268388 -22.61304097
18.89770171 1.151610934 -21.04915369
16.03575423 3.343327662 -22.80306764
16.98211744 0 -21.36194242
8.601923482 3.178408124 -24.20374931
12.18062106 1.083660408 -23.21545762
10.50150655 4.289911968 -24.10885287
8.49308945 1.04980359 -23.93381474
12.38635019 3.21846954 -23.63268335
10.24647086 0 -23.4101187
24.10358809 34.51734177 1.712385337
28.54067849 32.38702113 5.268368091
22.59710703 33.86786583 4.360636209
27.21955642 34.6562762 0
30.40397659 21.46618936 10.5913362
30.12519612 27.14756516 8.248947943
19.38902062 31.93085745 9.122462895
26.28459767 31.05650306 7.763522852
20.9821624 32.94477914 6.841521121
24.68033053 32.78166445 6.115721553
31.86801928 32.2477071 -3.664890033
31.86801928 32.2477071 3.664890033
30.22004106 34.26700896 -1.858430003
30.22004106 34.26700896 1.858430003
27.86968036 2.131356342 16.41030404
30.06938097 6.807083806 15.98382481
30.36905169 16.23452655 12.5680688
30.23885879 11.40226468 14.33336495
13.49802943 27.72026484 17.13206585
18.92760037 26.27408264 16.2382761
14.87738649 28.74603111 15.29039476
28.66624757 20.82672905 12.87162643
24.18007291 24.08296888 14.88409332
28.43607846 23.44181684 11.81153291
17.79530241 30.83462352 11.35224963
20.53040993 27.3695434 14.34792063
16.31395087 29.79119044 13.3594151
20.97591231 30.40368517 10.78675047
17.70727401 28.13464908 14.86842779
27.38673163 28.67651926 9.324173915
23.40754754 26.35062253 13.66953141
28.04294365 26.10976019 10.63211668
24.23988622 29.73555566 10.12483523
26.05001162 25.07480123 12.8421734
22.32199601 28.50383154 12.31957599
31.93409237 19.73635448 -9.012743175
34.28279072 21.18792989 -3.171823406
32.07381539 22.59014064 -7.894342563
31.93409237 19.73635448 9.012743175
34.28279072 21.18792989 3.171823406
32.07381539 22.59014064 7.894342563
32.22566823 28.90908334 -5.285673615
34.51454961 24.25271287 -1.717242892
32.19095286 25.66865627 -6.656934617
34.21182103 30.71500157 -1.871747802
33.56117962 23.60115913 -4.920654621
32.22566823 28.90908334 5.285673615
34.51454961 24.25271287 1.717242892
32.19095286 25.66865627 6.656934617
34.21182103 30.71500157 1.871747802
33.56117962 23.60115913 4.920654621
34.6562762 27.55072273 0
14.23772584 -20.38901624 1.011487289
16.11418196 -18.28584249 2.97454183
13.78734954 -20.6640657 2.660589055
15.24550742 -19.41076878 0
19.51654422 -13.7793105 6.7986594
17.86225788 -16.09671876 4.891083024
12.6983029 -20.91223212 5.974504815
15.60265926 -18.43528447 4.608463225
13.27230897 -20.83928622 4.327617927
14.71931487 -19.55093917 3.647407845
17.16951526 -17.37407946 -1.974530793
17.16951526 -17.37407946 1.974530793
16.22721712 -18.40031234 -0.9979188015
16.22721712 -18.40031234 0.9979188015
25.46449378 -1.947417753 14.99407527
24.0928502 -5.454121273 12.80691136
21.10108821 -11.2801078 8.732571931
22.62801273 -8.532418242 10.7257872
9.784027283 -20.09299423 12.41815337
12.93790544 -17.95957174 11.09962576
10.58960762 -20.46120064 10.88358368
18.83905437 -13.68703315 8.459051692
15.91519825 -15.85128488 9.796632824
18.08208354 -14.90630612 7.51077984
12.04258849 -20.86666884 7.682390978
13.6774487 -18.23370926 9.558647346
11.34709973 -20.72113688 9.292084836
13.56336248 -19.65951214 6.974886455
12.16766657 -19.33290404 10.21693524
16.47978062 -17.25590161 5.61075862
15.19661284 -17.10731156 8.874512641
17.2925181 -16.10043176 6.556232912
15.04348472 -18.45414508 6.283561013
16.639919 -16.01698562 8.203171971
14.39812446 -18.38552941 7.946367715
20.7954008 -12.8522645 -5.869075735
21.34906813 -13.19444973 -1.975203085
19.92313389 -14.03220637 -4.903689876
20.7954008 -12.8522645 5.869075735
21.34906813 -13.19444973 1.975203085
19.92313389 -14.03220637 4.903689876
18.13315004 -16.26693175 -2.974210248
20.33658989 -14.29013216 -1.011830223
19.03119909 -15.17523604 -3.935560672
18.24623656 -16.38127313 -0.9982617747
20.19828798 -14.2040004 -2.961421506
18.13315004 -16.26693175 2.974210248
20.33658989 -14.29013216 1.011830223
19.03119909 -15.17523604 3.935560672
18.24623656 -16.38127313 0.9982617747
20.19828798 -14.2040004 2.961421506
19.30743326 -15.34884294 0
1.695812441 -13.05684892 22.17449507
4.889605409 -11.48136243 21.59917698
2.74961491 -14.24868745 21.35550511
1.674314743 -11.3296288 22.71513738
10.87999752 -8.42282384 20.35262352
7.91730638 -9.952552843 20.99673322
4.841521734 -16.3917146 19.36759091
5.919899961 -12.58224492 20.72110175
3.808131125 -15.3679225 20.41245266
4.369192571 -13.39981365 21.03948548
1.644467169 -7.887815849 23.56048663
4.862550034 -9.837152344 22.19207325
1.658963022 -9.596569564 23.17725681
3.298998966 -10.57602466 22.45597025
24.04752188 -1.192983635 16.79247394
20.33348206 -3.307629547 17.91864005
23.55643842 -3.032994723 15.71718049
13.87092837 -6.84386331 19.64630864
16.98585319 -5.16125177 18.84891538
22.41522125 -6.40390019 13.61094633
20.02530443 -5.005937347 16.94836888
23.0036339 -4.777080051 14.65075787
21.73865355 -4.055546119 16.36637932
8.760369352 -19.51011538 14.17457537
9.952959971 -16.16916077 16.10422752
7.85038439 -18.89967612 15.58030396
10.42365426 -18.49386064 13.5061988
11.93442484 -9.40290676 19.31030503
11.00007351 -12.8218657 17.79849281
10.4675807 -10.18484128 19.67911262
5.907233976 -17.35058066 18.16771228
9.011810359 -15.43171986 17.37197903
6.890954855 -18.17537039 16.92242327
6.461113857 -15.4685643 18.97559875
8.456160588 -17.15309977 16.51095491
13.58410836 -16.46593769 12.20762493
11.60414588 -15.25909868 15.48262852
12.0359028 -17.47486012 12.84858654
11.03289538 -16.87342013 14.53091591
7.500814849 -11.75795749 20.37347747
9.543581792 -13.65589143 18.20497079
8.984481584 -10.97146769 20.03518865
6.993090661 -13.59876238 19.71082277
10.0205632 -11.93380099 18.9613208
8.032862384 -14.55484524 18.58565232
1.635807097 -1.010984385 24.43411524
4.873366074 -3.011905873 23.86294163
1.635539452 -2.706351115 24.31260441
10.97123157 -6.78059401 21.04673572
8.008349765 -4.949432349 22.72832333
9.471403941 -7.550972902 21.34591491
1.644757026 -6.111009377 23.88415341
4.86044608 -4.6997511 23.55483082
1.637421167 -4.415236581 24.12905732
3.26901515 -7.149316069 23.37216138
3.26581251 -3.714120642 24.00352072
6.454785914 -9.056200028 21.9142282
6.474833297 -5.697905121 22.94430125
7.961413858 -8.312973749 21.63563944
4.882991113 -8.137382439 22.71043101
7.993227589 -6.636979876 22.21502318
4.883703119 -6.415732111 23.16657337
19.70809352 -12.18027165 9.596604793
18.12513443 -11.20194913 13.05717523
20.41267133 -10.8577703 10.56449148
18.19154291 -13.285414 10.25325958
13.69152798 -8.46182965 18.84524112
16.09884636 -9.949634228 16.16375791
15.19107982 -7.654267605 18.42752807
13.20389479 -10.19034565 18.07991973
21.75378744 -8.008997585 12.55456308
18.66201239 -9.783176458 13.99872694
21.10005895 -9.462006788 11.55460121
20.75783769 -7.364555127 14.32111208
19.59370354 -10.35476097 12.33180753
15.17525311 -15.3975547 11.54038351
16.53372462 -12.25788125 13.64003138
16.67587492 -14.36079552 10.90372799
14.26345682 -14.88909165 13.2511584
17.41565575 -12.80505586 11.99512548
18.31600128 -5.955450164 17.49220005
17.58316036 -9.121361843 15.61931456
16.73735386 -6.815593013 17.97659832
19.60150121 -6.674231085 15.97878864
16.4375093 -8.418545087 17.07679772
19.14220321 -8.273407972 14.99069284
12.17517774 -13.54800256 16.42217214
15.49349369 -11.61228926 15.26980698
12.69662673 -11.89355458 17.26818553
13.25465351 -14.26721894 14.89301879
14.40036641 -10.933773 16.72182497
14.90331489 -13.26381695 14.2770824
1.762023641 13.56663975 23.04027473
5.422749604 12.73324703 23.95427005
2.948709644 15.28040961 22.90181932
1.729848189 11.7054084 23.46855001
13.05264398 10.10479283 24.41687586
9.218810331 11.58862529 24.44832773
5.644590764 19.11062801 22.58011649
6.82691895 14.5100368 23.89589066
4.244126915 17.12740748 22.74948969
4.869659414 14.93468819 23.44944217
1.681181096 8.063917086 24.08649167
5.303283898 10.72877631 24.20352776
1.704773005 9.86156564 23.8172649
3.509173432 11.24980794 23.88660773
25.28578724 1.254413263 17.65715924
23.0822185 3.754764075 20.34093146
26.98463888 3.474390562 18.0045231
23.18805399 0 18.21224358
16.77364258 8.276051462 23.75761379
20.18652735 6.13379551 22.40064963
28.84798875 8.241704981 17.51704443
24.53553065 6.133406342 20.76558814
28.79301892 5.979340345 18.33795262
25.86496504 4.825347548 19.4729553
19.39347876 -2.204031647 19.16513794
20.94120611 2.379927891 20.69464219
21.22161744 -1.150928889 18.71532328
22.14123897 1.200803456 19.52633658
11.90203479 26.50688147 19.25789683
13.8722024 22.53619743 22.44569499
10.58636124 25.48649707 21.01027386
14.550765 25.81626495 18.85380308
15.08069112 11.88179023 24.40107081
15.10583429 17.60760767 24.44175332
13.03422741 12.6821604 24.50442337
7.278726383 21.37889403 22.38574047
12.29945749 21.0614488 23.70954437
9.02586975 23.80635619 22.16522841
7.910371973 18.93823576 23.23191448
11.60025187 23.5308064 22.64990519
19.79995159 24.0004541 17.79361415
16.39382596 21.55738222 21.87317533
17.20862685 24.9851093 18.37058132
15.52097078 23.73736466 20.44195232
8.925254676 13.99084862 24.24249614
12.68579606 18.15207932 24.19893828
10.96228808 13.38668107 24.44565195
8.459940599 16.4511984 23.84530645
12.91777851 15.38418499 24.44355047
10.27980713 18.62611293 23.78441359
1.640330584 1.013780054 24.50168275
4.997033824 3.088336746 24.46849358
1.647729538 2.726522229 24.49381235
3.286765948 0 24.3952316
12.64955407 7.817854356 24.26635694
8.595769153 5.312477496 24.39546552
10.85149195 8.651232929 24.45625013
1.672996516 6.215931737 24.29422997
5.056592841 4.8894129 24.50540278
1.6574969 4.469369942 24.42489355
3.404181676 7.444924434 24.33854842
3.333844434 3.791491518 24.50355117
6.562504746 -2.014365081 23.74336522
6.711915342 2.06022676 24.28393784
4.941527573 -1.017341738 24.14072655
4.983421517 1.025966693 24.34539003
7.192799058 10.09164795 24.41980913
6.913471849 6.083910557 24.49866638
9.016930002 9.415099345 24.50407049
5.242148202 8.735908735 24.3808441
8.809231147 7.314528354 24.48288529
5.16036053 6.779177594 24.47893903
28.81411337 17.80810142 14.03066503
25.61372916 15.8301552 18.45188797
28.87165687 15.35721676 14.94240358
26.95113395 19.68260603 15.19040873
17.47079916 10.79754769 24.04709125
22.44266355 13.87032887 22.53315377
19.40644817 9.778248112 23.54097751
17.77365808 13.71714347 24.33723659
28.87632826 10.63127255 16.66512949
25.7968425 13.52346451 19.35069737
28.88971357 12.95516124 15.82029321
27.45581448 9.740892201 18.94213657
27.33435611 14.44549384 17.20358879
22.42964122 22.75821201 17.05715614
23.60454913 17.50009552 19.47333697
24.7878022 21.34655965 16.20781242
20.63832093 21.54357501 19.17358906
25.25374618 18.56809959 17.39365193
22.95389606 7.463462247 21.92149562
24.20097604 12.55439039 21.49799295
21.25500678 8.655219754 22.82874117
25.9729068 8.84366866 21.17264304
22.38645548 11.46532491 23.2571106
25.89404273 11.19160513 20.27821128
17.22645499 19.16884182 23.2354562
21.89539007 16.41047579 21.57927624
17.95101384 16.81559736 24.41447197
18.90042453 20.34428848 21.23664548
20.27265225 15.39242625 23.54077202
21.33193515 18.98523148 20.43557411
12.77628061 -5.834377164 20.67245628
13.53319259 -2.025912736 21.89716559
14.32519198 -5.006076524 20.33911919
11.31904517 -4.939316476 21.64166303
14.73562956 6.72912745 23.84274947
14.196861 2.125263594 22.97100364
16.4195195 5.737959479 23.31267634
12.54729673 5.475291293 23.99004189
17.58425525 -3.215066797 19.60160303
15.20191416 -1.076390059 21.63416617
15.93252744 -4.131957368 19.98091502
18.24797311 -1.112016989 20.32545527
14.77117458 -3.079672827 21.00481763
8.235165881 -3.042891302 23.1717814
11.921406 -1.060599097 22.72141087
9.792551031 -4.000300498 22.48126695
8.369732714 -1.034555859 23.58619126
11.63786003 -3.023981838 22.20459269
19.51738146 3.56851537 21.75650651
15.6338729 1.106975424 22.24889581
18.03135118 4.676268388 22.61304097
18.89770171 1.151610934 21.04915369
16.03575423 3.343327662 22.80306764
16.98211744 0 21.36194242
8.601923482 3.178408124 24.20374931
12.18062106 1.083660408 23.21545762
10.50150655 4.289911968 24.10885287
8.49308945 1.04980359 23.93381474
12.38635019 3.21846954 23.63268335
10.24647086 0 23.4101187
27.80300685 0 -14.62959826
30.87552169 0 -11.1301312
29.76616619 2.194040479 -14.84647035
26.97665001 -1.988427455 -13.4551434
34.49099396 0 -2.390482819
33.21411626 0 -6.995711583
31.21490682 6.839561337 -13.83673307
32.79418103 2.288957561 -10.9791646
31.09281746 4.567835258 -14.64369611
31.5730254 2.259908584 -13.07284711
25.28095596 -5.539361368 -11.20637141
29.62360793 -2.067658933 -9.917688364
26.13041286 -3.838810081 -12.30656648
28.38053596 -2.031399146 -11.75099322
27.80300685 0 14.62959826
30.87552169 0 11.1301312
29.76616619 2.194040479 14.84647035
26.97665001 -1.988427455 13.4551434
34.49099396 0 2.390482819
33.21411626 0 6.995711583
31.21490682 6.839561337 13.83673307
32.79418103 2.288957561 10.9791646
31.09281746 4.567835258 14.64369611
31.5730254 2.259908584 13.07284711
25.28095596 -5.539361368 11.20637141
29.62360793 -2.067658933 9.917688364
26.13041286 -3.838810081 12.30656648
28.38053596 -2.031399146 11.75099322
31.76332888 16.55757174 -10.23314211
33.49253094 11.80113018 -7.293499554
31.62272092 14.0313294 -11.18632346
33.02256639 17.27149711 -7.53680094
34.62454275 2.31803248 -1.43262286
34.31699454 7.008326112 -4.331383742
34.4291922 2.316095026 -3.832476404
31.3540665 9.235268745 -12.95727576
33.30235203 9.397853324 -8.270186139
31.48465482 11.58562324 -12.09722087
32.24821852 6.933719771 -11.5548704
32.58920538 11.72598081 -9.736379679
34.57740355 18.14197491 -1.614017861
34.20782731 12.15733601 -4.492131976
34.01848539 17.82975156 -4.632883089
33.75243783 14.70212825 -6.005884552
33.51938022 2.308276756 -8.576282497
33.83298557 6.981302618 -6.750488354
34.05596864 2.311070971 -6.231704643
32.96425294 4.610640861 -10.08344327
34.18989553 4.651725465 -5.290282132
33.13475377 6.985077063 -9.176311934
21.82327914 -11.37602773 -7.030771792
24.98697034 -8.804186527 -5.441286517
22.68185729 -10.06417544 -8.023553476
22.26055341 -11.64273786 -5.080566964
32.43296368 -2.171311367 -1.341944225
28.46791186 -5.813807787 -3.593130816
32.12428084 -2.161040742 -3.575905806
24.39968273 -7.186870875 -10.08333058
26.06860221 -7.356504423 -6.473782768
23.54455845 -8.663851808 -9.046429934
26.32567911 -5.660309005 -9.432763245
24.33830322 -8.757208811 -7.271332888
22.70896351 -11.91487515 -1.060018074
25.33242215 -9.003049657 -3.326624125
22.55915097 -11.82369093 -3.072268145
23.77828844 -10.35751693 -4.231091572
30.71139924 -2.114908108 -7.857831322
27.97326904 -5.772173312 -5.58133501
31.54100061 -2.140402807 -5.771505195
28.42553938 -3.975820522 -8.695095082
29.95516152 -4.075566347 -4.63503188
27.23319002 -5.740979164 -7.54193764
31.76332888 16.55757174 10.23314211
33.49253094 11.80113018 7.293499554
31.62272092 14.0313294 11.18632346
33.02256639 17.27149711 7.53680094
34.62454275 2.31803248 1.43262286
34.31699454 7.008326112 4.331383742
34.4291922 2.316095026 3.832476404
34.6562762 4.66923497 0
31.3540665 9.235268745 12.95727576
33.30235203 9.397853324 8.270186139
31.48465482 11.58562324 12.09722087
32.24821852 6.933719771 11.5548704
32.58920538 11.72598081 9.736379679
34.57740355 18.14197491 1.614017861
34.20782731 12.15733601 4.492131976
34.01848539 17.82975156 4.632883089
34.6562762 15.16884767 0
33.75243783 14.70212825 6.005884552
33.51938022 2.308276756 8.576282497
33.83298557 6.981302618 6.750488354
34.05596864 2.311070971 6.231704643
32.96425294 4.610640861 10.08344327
34.18989553 4.651725465 5.290282132
33.13475377 6.985077063 9.176311934
34.48592453 9.531675114 -2.925753847
34.48592453 9.531675114 2.925753847
34.61767865 7.086125316 -1.458862859
34.60479574 12.27976521 -1.517862455
34.61767865 7.086125316 1.458862859
34.60479574 12.27976521 1.517862455
21.82327914 -11.37602773 7.030771792
24.98697034 -8.804186527 5.441286517
22.68185729 -10.06417544 8.023553476
22.26055341 -11.64273786 5.080566964
32.43296368 -2.171311367 1.341944225
28.46791186 -5.813807787 3.593130816
32.12428084 -2.161040742 3.575905806
30.5414334 -4.114842807 0
24.39968273 -7.186870875 10.08333058
26.06860221 -7.356504423 6.473782768
23.54455845 -8.663851808 9.046429934
26.32567911 -5.660309005 9.432763245
24.33830322 -8.757208811 7.271332888
22.70896351 -11.91487515 1.060018074
25.33242215 -9.003049657 3.326624125
22.55915097 -11.82369093 3.072268145
24.10545899 -10.55081721 0
23.77828844 -10.35751693 4.231091572
30.71139924 -2.114908108 7.857831322
27.97326904 -5.772173312 5.58133501
31.54100061 -2.140402807 5.771505195
28.42553938 -3.975820522 8.695095082
29.95516152 -4.075566347 4.63503188
27.23319002 -5.740979164 7.54193764
27.03255781 -7.471615217 -2.293417128
27.03255781 -7.471615217 2.293417128
28.73249685 -5.881447898 -1.210848738
25.55251328 -9.067496483 -1.120804204
28.73249685 -5.881447898 1.210848738
25.55251328 -9.067496483 1.120804204
-14.23772584 20.38901624 -1.011487289
-16.11418196 18.28584249 -2.97454183
-13.78734954 20.6640657 -2.660589055
-19.51654422 13.7793105 -6.7986594
-17.86225788 16.09671876 -4.891083024
-12.6983029 20.91223212 -5.974504815
-15.60265926 18.43528447 -4.608463225
-13.27230897 20.83928622 -4.327617927
-14.71931487 19.55093917 -3.647407845
-25.46449378 1.947417753 -14.99407527
-24.0928502 5.454121273 -12.80691136
-21.10108821 11.2801078 -8.732571931
-22.62801273 8.532418242 -10.7257872
-9.784027283 20.09299423 -12.41815337
-12.93790544 17.95957174 -11.09962576
-10.58960762 20.46120064 -10.88358368
-18.83905437 13.68703315 -8.459051692
-15.91519825 15.85128488 -9.796632824
-18.08208354 14.90630612 -7.51077984
-12.04258849 20.86666884 -7.682390978
-13.6774487 18.23370926 -9.558647346
-11.34709973 20.72113688 -9.292084836
-13.56336248 19.65951214 -6.974886455
-12.16766657 19.33290404 -10.21693524
-16.47978062 17.25590161 -5.61075862
-15.19661284 17.10731156 -8.874512641
-17.2925181 16.10043176 -6.556232912
-15.04348472 18.45414508 -6.283561013
-16.639919 16.01698562 -8.203171971
-14.39812446 18.38552941 -7.946367715
-24.10358809 -34.51734177 -1.712385337
-28.54067849 -32.38702113 -5.268368091
-22.59710703 -33.86786583 -4.360636209
-30.40397659 -21.46618936 -10.5913362
-30.12519612 -27.14756516 -8.248947943
-19.38902062 -31.93085745 -9.122462895
-26.28459767 -31.05650306 -7.763522852
-20.9821624 -32.94477914 -6.841521121
-24.68033053 -32.78166445 -6.115721553
-27.86968036 -2.131356342 -16.41030404
-30.06938097 -6.807083806 -15.98382481
-30.36905169 -16.23452655 -12.5680688
-30.23885879 -11.40226468 -14.33336495
-13.49802943 -27.72026484 -17.13206585
-18.92760037 -26.27408264 -16.2382761
-14.87738649 -28.74603111 -15.29039476
-28.66624757 -20.82672905 -12.87162643
-24.18007291 -24.08296888 -14.88409332
-28.43607846 -23.44181684 -11.81153291
-17.79530241 -30.83462352 -11.35224963
-20.53040993 -27.3695434 -14.34792063
-16.31395087 -29.79119044 -13.3594151
-20.97591231 -30.40368517 -10.78675047
-17.70727401 -28.13464908 -14.86842779
-27.38673163 -28.67651926 -9.324173915
-23.40754754 -26.35062253 -13.66953141
-28.04294365 -26.10976019 -10.63211668
-24.23988622 -29.73555566 -10.12483523
-26.05001162 -25.07480123 -12.8421734
-22.32199601 -28.50383154 -12.31957599
-1.762023641 -13.56663975 -23.04027473
-5.422749604 -12.73324703 -23.95427005
-2.948709644 -15.28040961 -22.90181932
-1.729848189 -11.7054084 -23.46855001
-13.05264398 -10.10479283 -24.41687586
-9.218810331 -11.58862529 -24.44832773
-5.644590764 -19.11062801 -22.58011649
-6.82691895 -14.5100368 -23.89589066
-4.244126915 -17.12740748 -22.74948969
-4.869659414 -14.93468819 -23.44944217
-1.681181096 -8.063917086 -24.08649167
-5.303283898 -10.72877631 -24.20352776
-1.704773005 -9.86156564 -23.8172649
-3.509173432 -11.24980794 -23.88660773
-25.28578724 -1.254413263 -17.65715924
-23.0822185 -3.754764075 -20.34093146
-26.98463888 -3.474390562 -18.0045231
-16.77364258 -8.276051462 -23.75761379
-20.18652735 -6.13379551 -22.40064963
-28.84798875 -8.241704981 -17.51704443
-24.53553065 -6.133406342 -20.76558814
-28.79301892 -5.979340345 -18.33795262
-25.86496504 -4.825347548 -19.4729553
-11.90203479 -26.50688147 -19.25789683
-13.8722024 -22.53619743 -22.44569499
-10.58636124 -25.48649707 -21.01027386
-14.550765 -25.81626495 -18.85380308
-15.08069112 -11.88179023 -24.40107081
-15.10583429 -17.60760767 -24.44175332
-13.03422741 -12.6821604 -24.50442337
-7.278726383 -21.37889403 -22.38574047
-12.29945749 -21.0614488 -23.70954437
-9.02586975 -23.80635619 -22.16522841
-7.910371973 -18.93823576 -23.23191448
-11.60025187 -23.5308064 -22.64990519
-19.79995159 -24.0004541 -17.79361415
-16.39382596 -21.55738222 -21.87317533
-17.20862685 -24.9851093 -18.37058132
-15.52097078 -23.73736466 -20.44195232
-8.925254676 -13.99084862 -24.24249614
-12.68579606 -18.15207932 -24.19893828
-10.96228808 -13.38668107 -24.44565195
-8.459940599 -16.4511984 -23.84530645
-12.91777851 -15.38418499 -24.44355047
-10.27980713 -18.62611293 -23.78441359
-1.640330584 -1.013780054 -24.50168275
-4.997033824 -3.088336746 -24.46849358
-1.647729538 -2.726522229 -24.49381235
-12.64955407 -7.817854356 -24.26635694
-8.595769153 -5.312477496 -24.39546552
-10.85149195 -8.651232929 -24.45625013
-1.672996516 -6.215931737 -24.29422997
-5.056592841 -4.8894129 -24.50540278
-1.6574969 -4.469369942 -24.42489355
-3.404181676 -7.444924434 -24.33854842
-3.333844434 -3.791491518 -24.50355117
-7.192799058 -10.09164795 -24.41980913
-6.913471849 -6.083910557 -24.49866638
-9.016930002 -9.415099345 -24.50407049
-5.242148202 -8.735908735 -24.3808441
-8.809231147 -7.314528354 -24.48288529
-5.16036053 -6.779177594 -24.47893903
-28.81411337 -17.80810142 -14.03066503
-25.61372916 -15.8301552 -18.45188797
-28.87165687 -15.35721676 -14.94240358
-26.95113395 -19.68260603 -15.19040873
-17.47079916 -10.79754769 -24.04709125
-22.44266355 -13.87032887 -22.53315377
-19.40644817 -9.778248112 -23.54097751
-17.77365808 -13.71714347 -24.33723659
-28.87632826 -10.63127255 -16.66512949
-25.7968425 -13.52346451 -19.35069737
-28.88971357 -12.95516124 -15.82029321
-27.45581448 -9.740892201 -18.94213657
-27.33435611 -14.44549384 -17.20358879
-22.42964122 -22.75821201 -17.05715614
-23.60454913 -17.50009552 -19.47333697
-24.7878022 -21.34655965 -16.20781242
-20.63832093 -21.54357501 -19.17358906
-25.25374618 -18.56809959 -17.39365193
-22.95389606 -7.463462247 -21.92149562
-24.20097604 -12.55439039 -21.49799295
-21.25500678 -8.655219754 -22.82874117
-25.9729068 -8.84366866 -21.17264304
-22.38645548 -11.46532491 -23.2571106
-25.89404273 -11.19160513 -20.27821128
-17.22645499 -19.16884182 -23.2354562
-21.89539007 -16.41047579 -21.57927624
-17.95101384 -16.81559736 -24.41447197
-18.90042453 -20.34428848 -21.23664548
-20.27265225 -15.39242625 -23.54077202
-21.33193515 -18.98523148 -20.43557411
-1.695812441 13.05684892 -22.17449507
-4.889605409 11.48136243 -21.59917698
-2.74961491 14.24868745 -21.35550511
-1.674314743 11.3296288 -22.71513738
-10.87999752 8.42282384 -20.35262352
-7.91730638 9.952552843 -20.99673322
-4.841521734 16.3917146 -19.36759091
-5.919899961 12.58224492 -20.72110175
-3.808131125 15.3679225 -20.41245266
-4.369192571 13.39981365 -21.03948548
-1.644467169 7.887815849 -23.56048663
-4.862550034 9.837152344 -22.19207325
-1.658963022 9.596569564 -23.17725681
-3.298998966 10.57602466 -22.45597025
-24.04752188 1.192983635 -16.79247394
-20.33348206 3.307629547 -17.91864005
-23.55643842 3.032994723 -15.71718049
-23.18805399 0 -18.21224358
-13.87092837 6.84386331 -19.64630864
-16.98585319 5.16125177 -18.84891538
-22.41522125 6.40390019 -13.61094633
-20.02530443 5.005937347 -16.94836888
-23.0036339 4.777080051 -14.65075787
-21.73865355 4.055546119 -16.36637932
-20.94120611 -2.379927891 -20.69464219
-19.39347876 2.204031647 -19.16513794
-22.14123897 -1.200803456 -19.52633658
-21.22161744 1.150928889 -18.71532328
-8.760369352 19.51011538 -14.17457537
-9.952959971 16.16916077 -16.10422752
-7.85038439 18.89967612 -15.58030396
-10.42365426 18.49386064 -13.5061988
-11.93442484 9.40290676 -19.31030503
-11.00007351 12.8218657 -17.79849281
-10.4675807 10.18484128 -19.67911262
-5.907233976 17.35058066 -18.16771228
-9.011810359 15.43171986 -17.37197903
-6.890954855 18.17537039 -16.92242327
-6.461113857 15.4685643 -18.97559875
-8.456160588 17.15309977 -16.51095491
-13.58410836 16.46593769 -12.20762493
-11.60414588 15.25909868 -15.48262852
-12.0359028 17.47486012 -12.84858654
-11.03289538 16.87342013 -14.53091591
-7.500814849 11.75795749 -20.37347747
-9.543581792 13.65589143 -18.20497079
-8.984481584 10.97146769 -20.03518865
-6.993090661 13.59876238 -19.71082277
-10.0205632 11.93380099 -18.9613208
-8.032862384 14.55484524 -18.58565232
-1.635807097 1.010984385 -24.43411524
-4.873366074 3.011905873 -23.86294163
-1.635539452 2.706351115 -24.31260441
-3.286765948 0 -24.3952316
-10.97123157 6.78059401 -21.04673572
-8.008349765 4.949432349 -22.72832333
-9.471403941 7.550972902 -21.34591491
-1.644757026 6.111009377 -23.88415341
-4.86044608 4.6997511 -23.55483082
-1.637421167 4.415236581 -24.12905732
-3.26901515 7.149316069 -23.37216138
-3.26581251 3.714120642 -24.00352072
-6.711915342 -2.06022676 -24.28393784
-6.562504746 2.014365081 -23.74336522
-4.983421517 -1.025966693 -24.34539003
-4.941527573 1.017341738 -24.14072655
-6.454785914 9.056200028 -21.9142282
-6.474833297 5.697905121 -22.94430125
-7.961413858 8.312973749 -21.63563944
-4.882991113 8.137382439 -22.71043101
-7.993227589 6.636979876 -22.21502318
-4.883703119 6.415732111 -23.16657337
-19.70809352 12.18027165 -9.596604793
-18.12513443 11.20194913 -13.05717523
-20.41267133 10.8577703 -10.56449148
-18.19154291 13.285414 -10.25325958
-13.69152798 8.46182965 -18.84524112
-16.09884636 9.949634228 -16.16375791
-15.19107982 7.654267605 -18.42752807
-13.20389479 10.19034565 -18.07991973
-21.75378744 8.008997585 -12.55456308
-18.66201239 9.783176458 -13.99872694
-21.10005895 9.462006788 -11.55460121
-20.75783769 7.364555127 -14.32111208
-19.59370354 10.35476097 -12.33180753
-15.17525311 15.3975547 -11.54038351
-16.53372462 12.25788125 -13.64003138
-16.67587492 14.36079552 -10.90372799
-14.26345682 14.88909165 -13.2511584
-17.41565575 12.80505586 -11.99512548
-18.31600128 5.955450164 -17.49220005
-17.58316036 9.121361843 -15.61931456
-16.73735386 6.815593013 -17.97659832
-19.60150121 6.674231085 -15.97878864
-16.4375093 8.418545087 -17.07679772
-19.14220321 8.273407972 -14.99069284
-12.17517774 13.54800256 -16.42217214
-15.49349369 11.61228926 -15.26980698
-12.69662673 11.89355458 -17.26818553
-13.25465351 14.26721894 -14.89301879
-14.40036641 10.933773 -16.72182497
-14.90331489 13.26381695 -14.2770824
-14.73562956 -6.72912745 -23.84274947
-14.196861 -2.125263594 -22.97100364
-16.4195195 -5.737959479 -23.31267634
-12.54729673 -5.475291293 -23.99004189
-12.77628061 5.834377164 -20.67245628
-13.53319259 2.025912736 -21.89716559
-14.32519198 5.006076524 -20.33911919
-11.31904517 4.939316476 -21.64166303
-19.51738146 -3.56851537 -21.75650651
-15.6338729 -1.106975424 -22.24889581
-18.03135118 -4.676268388 -22.61304097
-18.89770171 -1.151610934 -21.04915369
-16.03575423 -3.343327662 -22.80306764
-8.601923482 -3.178408124 -24.20374931
-12.18062106 -1.083660408 -23.21545762
-10.50150655 -4.289911968 -24.10885287
-8.49308945 -1.04980359 -23.93381474
-12.38635019 -3.21846954 -23.63268335
-17.58425525 3.215066797 -19.60160303
-15.20191416 1.076390059 -21.63416617
-15.93252744 4.131957368 -19.98091502
-18.24797311 1.112016989 -20.32545527
-14.77117458 3.079672827 -21.00481763
-16.98211744 0 -21.36194242
-8.235165881 3.042891302 -23.1717814
-11.921406 1.060599097 -22.72141087
-9.792551031 4.000300498 -22.48126695
-8.369732714 1.034555859 -23.58619126
-11.63786003 3.023981838 -22.20459269
-10.24647086 0 -23.4101187
-14.23772584 20.38901624 1.011487289
-16.11418196 18.28584249 2.97454183
-13.78734954 20.6640657 2.660589055
-15.24550742 19.41076878 0
-19.51654422 13.7793105 6.7986594
-17.86225788 16.09671876 4.891083024
-12.6983029 20.91223212 5.974504815
-15.60265926 18.43528447 4.608463225
-13.27230897 20.83928622 4.327617927
-14.71931487 19.55093917 3.647407845
-17.16951526 17.37407946 -1.974530793
-17.16951526 17.37407946 1.974530793
-16.22721712 18.40031234 -0.9979188015
-16.22721712 18.40031234 0.9979188015
-25.46449378 1.947417753 14.99407527
-24.0928502 5.454121273 12.80691136
-21.10108821 11.2801078 8.732571931
-22.62801273 8.532418242 10.7257872
-9.784027283 20.09299423 12.41815337
-12.93790544 17.95957174 11.09962576
-10.58960762 20.46120064 10.88358368
-18.83905437 13.68703315 8.459051692
-15.91519825 15.85128488 9.796632824
-18.08208354 14.90630612 7.51077984
-12.04258849 20.86666884 7.682390978
-13.6774487 18.23370926 9.558647346
-11.34709973 20.72113688 9.292084836
-13.56336248 19.65951214 6.974886455
-12.16766657 19.33290404 10.21693524
-16.47978062 17.25590161 5.61075862
-15.19661284 17.10731156 8.874512641
-17.2925181 16.10043176 6.556232912
-15.04348472 18.45414508 6.283561013
-16.639919 16.01698562 8.203171971
-14.39812446 18.38552941 7.946367715
-20.7954008 12.8522645 -5.869075735
-21.34906813 13.19444973 -1.975203085
-19.92313389 14.03220637 -4.903689876
-20.7954008 12.8522645 5.869075735
-21.34906813 13.19444973 1.975203085
-19.92313389 14.03220637 4.903689876
-18.13315004 16.26693175 -2.974210248
-20.33658989 14.29013216 -1.011830223
-19.03119909 15.17523604 -3.935560672
-18.24623656 16.38127313 -0.9982617747
-20.19828798 14.2040004 -2.961421506
-18.13315004 16.26693175 2.974210248
-20.33658989 14.29013216 1.011830223
-19.03119909 15.17523604 3.935560672
-18.24623656 16.38127313 0.9982617747
-20.19828798 14.2040004 2.961421506
-19.30743326 15.34884294 0
-24.10358809 -34.51734177 1.712385337
-28.54067849 -32.38702113 5.268368091
-22.59710703 -33.86786583 4.360636209
-27.21955642 -34.6562762 0
-30.40397659 -21.46618936 10.5913362
-30.12519612 -27.14756516 8.248947943
-19.38902062 -31.93085745 9.122462895
-26.28459767 -31.05650306 7.763522852
-20.9821624 -32.94477914 6.841521121
-24.68033053 -32.78166445 6.115721553
-31.86801928 -32.2477071 -3.664890033
-31.86801928 -32.2477071 3.664890033
-30.22004106 -34.26700896 -1.858430003
-30.22004106 -34.26700896 1.858430003
-27.86968036 -2.131356342 16.41030404
-30.06938097 -6.807083806 15.98382481
-30.36905169 -16.23452655 12.5680688
-30.23885879 -11.40226468 14.33336495
-13.49802943 -27.72026484 17.13206585
-18.92760037 -26.27408264 16.2382761
-14.87738649 -28.74603111 15.29039476
-28.66624757 -20.82672905 12.87162643
-24.18007291 -24.08296888 14.88409332
-28.43607846 -23.44181684 11.81153291
-17.79530241 -30.83462352 11.35224963
-20.53040993 -27.3695434 14.34792063
-16.31395087 -29.79119044 13.3594151
-20.97591231 -30.40368517 10.78675047
-17.70727401 -28.13464908 14.86842779
-27.38673163 -28.67651926 9.324173915
-23.40754754 -26.35062253 13.66953141
-28.04294365 -26.10976019 10.63211668
-24.23988622 -29.73555566 10.12483523
-26.05001162 -25.07480123 12.8421734
-22.32199601 -28.50383154 12.31957599
-31.93409237 -19.73635448 -9.012743175
-34.28279072 -21.18792989 -3.171823406
-32.07381539 -22.59014064 -7.894342563
-31.93409237 -19.73635448 9.012743175
-34.28279072 -21.18792989 3.171823406
-32.07381539 -22.59014064 7.894342563
-32.22566823 -28.90908334 -5.285673615
-34.51454961 -24.25271287 -1.717242892
-32.19095286 -25.66865627 -6.656934617
-34.21182103 -30.71500157 -1.871747802
-33.56117962 -23.60115913 -4.920654621
-32.22566823 -28.90908334 5.285673615
-34.51454961 -24.25271287 1.717242892
-32.19095286 -25.66865627 6.656934617
-34.21182103 -30.71500157 1.871747802
-33.56117962 -23.60115913 4.920654621
-34.6562762 -27.55072273 0
-1.762023641 -13.56663975 23.04027473
-5.422749604 -12.73324703 23.95427005
-2.948709644 -15.28040961 22.90181932
-1.729848189 -11.7054084 23.46855001
-13.05264398 -10.10479283 24.41687586
-9.218810331 -11.58862529 24.44832773
-5.644590764 -19.11062801 22.58011649
-6.82691895 -14.5100368 23.89589066
-4.244126915 -17.12740748 22.74948969
-4.869659414 -14.93468819 23.44944217
-1.681181096 -8.063917086 24.08649167
-5.303283898 -10.72877631 24.20352776
-1.704773005 -9.86156564 23.8172649
-3.509173432 -11.24980794 23.88660773
-25.28578724 -1.254413263 17.65715924
-23.0822185 -3.754764075 20.34093146
-26.98463888 -3.474390562 18.0045231
-16.77364258 -8.276051462 23.75761379
-20.18652735 -6.13379551 22.40064963
-28.84798875 -8.241704981 17.51704443
-24.53553065 -6.133406342 20.76558814
-28.79301892 -5.979340345 18.33795262
-25.86496504 -4.825347548 19.4729553
-11.90203479 -26.50688147 19.25789683
-13.8722024 -22.53619743 22.44569499
-10.58636124 -25.48649707 21.01027386
-14.550765 -25.81626495 18.85380308
-15.08069112 -11.88179023 24.40107081
-15.10583429 -17.60760767 24.44175332
-13.03422741 -12.6821604 24.50442337
-7.278726383 -21.37889403 22.38574047
-12.29945749 -21.0614488 23.70954437
-9.02586975 -23.80635619 22.16522841
-7.910371973 -18.93823576 23.23191448
-11.60025187 -23.5308064 22.64990519
-19.79995159 -24.0004541 17.79361415
-16.39382596 -21.55738222 21.87317533
-17.20862685 -24.9851093 18.37058132
-15.52097078 -23.73736466 20.44195232
-8.925254676 -13.99084862 24.24249614
-12.68579606 -18.15207932 24.19893828
-10.96228808 -13.38668107 24.44565195
-8.459940599 -16.4511984 23.84530645
-12.91777851 -15.38418499 24.44355047
-10.27980713 -18.62611293 23.78441359
-1.640330584 -1.013780054 24.50168275
-4.997033824 -3.088336746 24.46849358
-1.647729538 -2.726522229 24.49381235
-12.64955407 -7.817854356 24.26635694
-8.595769153 -5.312477496 24.39546552
-10.85149195 -8.651232929 24.45625013
-1.672996516 -6.215931737 24.29422997
-5.056592841 -4.8894129 24.50540278
-1.6574969 -4.469369942 24.42489355
-3.404181676 -7.444924434 24.33854842
-3.333844434 -3.791491518 24.50355117
-7.192799058 -10.09164795 24.41980913
-6.913471849 -6.083910557 24.49866638
-9.016930002 -9.415099345 24.50407049
-5.242148202 -8.735908735 24.3808441
-8.809231147 -7.314528354 24.48288529
-5.16036053 -6.779177594 24.47893903
-28.81411337 -17.80810142 14.03066503
-25.61372916 -15.8301552 18.45188797
-28.87165687 -15.35721676 14.94240358
-26.95113395 -19.68260603 15.19040873
-17.47079916 -10.79754769 24.04709125
-22.44266355 -13.87032887 22.53315377
-19.40644817 -9.778248112 23.54097751
-17.77365808 -13.71714347 24.33723659
-28.87632826 -10.63127255 16.66512949
-25.7968425 -13.52346451 19.35069737
-28.88971357 -12.95516124 15.82029321
-27.45581448 -9.740892201 18.94213657
-27.33435611 -14.44549384 17.20358879
-22.42964122 -22.75821201 17.05715614
-23.60454913 -17.50009552 19.47333697
-24.7878022 -21.34655965 16.20781242
-20.63832093 -21.54357501 19.17358906
-25.25374618 -18.56809959 17.39365193
-22.95389606 -7.463462247 21.92149562
-24.20097604 -12.55439039 21.49799295
-21.25500678 -8.655219754 22.82874117
-25.9729068 -8.84366866 21.17264304
-22.38645548 -11.46532491 23.2571106
-25.89404273 -11.19160513 20.27821128
-17.22645499 -19.16884182 23.2354562
-21.89539007 -16.41047579 21.57927624
-17.95101384 -16.81559736 24.41447197
-18.90042453 -20.34428848 21.23664548
-20.27265225 -15.39242625 23.54077202
-21.33193515 -18.98523148 20.43557411
-1.695812441 13.05684892 22.17449507
-4.889605409 11.48136243 21.59917698
-2.74961491 14.24868745 21.35550511
-1.674314743 11.3296288 22.71513738
-10.87999752 8.42282384 20.35262352
-7.91730638 9.952552843 20.99673322
-4.841521734 16.3917146 19.36759091
-5.919899961 12.58224492 20.72110175
-3.808131125 15.3679225 20.41245266
-4.369192571 13.39981365 21.03948548
-1.644467169 7.887815849 23.56048663
-4.862550034 9.837152344 22.19207325
-1.658963022 9.596569564 23.17725681
-3.298998966 10.57602466 22.45597025
-24.04752188 1.192983635 16.79247394
-20.33348206 3.307629547 17.91864005
-23.55643842 3.032994723 15.71718049
-23.18805399 0 18.21224358
-13.87092837 6.84386331 19.64630864
-16.98585319 5.16125177 18.84891538
-22.41522125 6.40390019 13.61094633
-20.02530443 5.005937347 16.94836888
-23.0036339 4.777080051 14.65075787
-21.73865355 4.055546119 16.36637932
-20.94120611 -2.379927891 20.69464219
-19.39347876 2.204031647 19.16513794
-22.14123897 -1.200803456 19.52633658
-21.22161744 1.150928889 18.71532328
-8.760369352 19.51011538 14.17457537
-9.952959971 16.16916077 16.10422752
-7.85038439 18.89967612 15.58030396
-10.42365426 18.49386064 13.5061988
-11.93442484 9.40290676 19.31030503
-11.00007351 12.8218657 17.79849281
-10.4675807 10.18484128 19.67911262
-5.907233976 17.35058066 18.16771228
-9.011810359 15.43171986 17.37197903
-6.890954855 18.17537039 16.92242327
-6.461113857 15.4685643 18.97559875
-8.456160588 17.15309977 16.51095491
-13.58410836 16.46593769 12.20762493
-11.60414588 15.25909868 15.48262852
-12.0359028 17.47486012 12.84858654
-11.03289538 16.87342013 14.53091591
-7.500814849 11.75795749 20.37347747
-9.543581792 13.65589143 18.20497079
-8.984481584 10.97146769 20.03518865
-6.993090661 13.59876238 19.71082277
-10.0205632 11.93380099 18.9613208
-8.032862384 14.55484524 18.58565232
-1.635807097 1.010984385 24.43411524
-4.873366074 3.011905873 23.86294163
-1.635539452 2.706351115 24.31260441
-3.286765948 0 24.3952316
-10.97123157 6.78059401 21.04673572
-8.008349765 4.949432349 22.72832333
-9.471403941 7.550972902 21.34591491
-1.644757026 6.111009377 23.88415341
-4.86044608 4.6997511 23.55483082
-1.637421167 4.415236581 24.12905732
-3.26901515 7.149316069 23.37216138
-3.26581251 3.714120642 24.00352072
-6.711915342 -2.06022676 24.28393784
-6.562504746 2.014365081 23.74336522
-4.983421517 -1.025966693 24.34539003
-4.941527573 1.017341738 24.14072655
-6.454785914 9.056200028 21.9142282
-6.474833297 5.697905121 22.94430125
-7.961413858 8.312973749 21.63563944
-4.882991113 8.137382439 22.71043101
-7.993227589 6.636979876 22.21502318
-4.883703119 6.415732111 23.16657337
-19.70809352 12.18027165 9.596604793
-18.12513443 11.20194913 13.05717523
-20.41267133 10.8577703 10.56449148
-18.19154291 13.285414 10.25325958
-13.69152798 8.46182965 18.84524112
-16.09884636 9.949634228 16.16375791
-15.19107982 7.654267605 18.42752807
-13.20389479 10.19034565 18.07991973
-21.75378744 8.008997585 12.55456308
-18.66201239 9.783176458 13.99872694
-21.10005895 9.462006788 11.55460121
-20.75783769 7.364555127 14.32111208
-19.59370354 10.35476097 12.33180753
-15.17525311 15.3975547 11.54038351
-16.53372462 12.25788125 13.64003138
-16.67587492 14.36079552 10.90372799
-14.26345682 14.88909165 13.2511584
-17.41565575 12.80505586 11.99512548
-18.31600128 5.955450164 17.49220005
-17.58316036 9.121361843 15.61931456
-16.73735386 6.815593013 17.97659832
-19.60150121 6.674231085 15.97878864
-16.4375093 8.418545087 17.07679772
-19.14220321 8.273407972 14.99069284
-12.17517774 13.54800256 16.42217214
-15.49349369 11.61228926 15.26980698
-12.69662673 11.89355458 17.26818553
-13.25465351 14.26721894 14.89301879
-14.40036641 10.933773 16.72182497
-14.90331489 13.26381695 14.2770824
-14.73562956 -6.72912745 23.84274947
-14.196861 -2.125263594 22.97100364
-16.4195195 -5.737959479 23.31267634
-12.54729673 -5.475291293 23.99004189
-12.77628061 5.834377164 20.67245628
-13.53319259 2.025912736 21.89716559
-14.32519198 5.006076524 20.33911919
-11.31904517 4.939316476 21.64166303
-19.51738146 -3.56851537 21.75650651
-15.6338729 -1.106975424 22.24889581
-18.03135118 -4.676268388 22.61304097
-18.89770171 -1.151610934 21.04915369
-16.03575423 -3.343327662 22.80306764
-8.601923482 -3.178408124 24.20374931
-12.18062106 -1.083660408 23.21545762
-10.50150655 -4.289911968 24.10885287
-8.49308945 -1.04980359 23.93381474
-12.38635019 -3.21846954 23.63268335
-17.58425525 3.215066797 19.60160303
-15.20191416 1.076390059 21.63416617
-15.93252744 4.131957368 19.98091502
-18.24797311 1.112016989 20.32545527
-14.77117458 3.079672827 21.00481763
-16.98211744 0 21.36194242
-8.235165881 3.042891302 23.1717814
-11.921406 1.060599097 22.72141087
-9.792551031 4.000300498 22.48126695
-8.369732714 1.034555859 23.58619126
-11.63786003 3.023981838 22.20459269
-10.24647086 0 23.4101187
-27.80300685 0 -14.62959826
-30.87552169 0 -11.1301312
-26.97665001 1.988427455 -13.4551434
-29.76616619 -2.194040479 -14.84647035
-34.49099396 0 -2.390482819
-33.21411626 0 -6.995711583
-25.28095596 5.539361368 -11.20637141
-29.62360793 2.067658933 -9.917688364
-26.13041286 3.838810081 -12.30656648
-28.38053596 2.031399146 -11.75099322
-31.21490682 -6.839561337 -13.83673307
-32.79418103 -2.288957561 -10.9791646
-31.09281746 -4.567835258 -14.64369611
-31.5730254 -2.259908584 -13.07284711
-27.80300685 0 14.62959826
-30.87552169 0 11.1301312
-26.97665001 1.988427455 13.4551434
-29.76616619 -2.194040479 14.84647035
-34.49099396 0 2.390482819
-33.21411626 0 6.995711583
-25.28095596 5.539361368 11.20637141
-29.62360793 2.067658933 9.917688364
-26.13041286 3.838810081 12.30656648
-28.38053596 2.031399146 11.75099322
-31.21490682 -6.839561337 13.83673307
-32.79418103 -2.288957561 10.9791646
-31.09281746 -4.567835258 14.64369611
-31.5730254 -2.259908584 13.07284711
-21.82327914 11.37602773 -7.030771792
-24.98697034 8.804186527 -5.441286517
-22.68185729 10.06417544 -8.023553476
-22.26055341 11.64273786 -5.080566964
-32.43296368 2.171311367 -1.341944225
-28.46791186 5.813807787 -3.593130816
-32.12428084 2.161040742 -3.575905806
-24.39968273 7.186870875 -10.08333058
-26.06860221 7.356504423 -6.473782768
-23.54455845 8.663851808 -9.046429934
-26.32567911 5.660309005 -9.432763245
-24.33830322 8.757208811 -7.271332888
-22.70896351 11.91487515 -1.060018074
-25.33242215 9.003049657 -3.326624125
-22.55915097 11.82369093 -3.072268145
-23.77828844 10.35751693 -4.231091572
-30.71139924 2.114908108 -7.857831322
-27.97326904 5.772173312 -5.58133501
-31.54100061 2.140402807 -5.771505195
-28.42553938 3.975820522 -8.695095082
-29.95516152 4.075566347 -4.63503188
-27.23319002 5.740979164 -7.54193764
-31.76332888 -16.55757174 -10.23314211
-33.49253094 -11.80113018 -7.293499554
-31.62272092 -14.0313294 -11.18632346
-33.02256639 -17.27149711 -7.53680094
-34.62454275 -2.31803248 -1.43262286
-34.31699454 -7.008326112 -4.331383742
-34.4291922 -2.316095026 -3.832476404
-31.3540665 -9.235268745 -12.95727576
-33.30235203 -9.397853324 -8.270186139
-31.48465482 -11.58562324 -12.09722087
-32.24821852 -6.933719771 -11.5548704
-32.58920538 -11.72598081 -9.736379679
-34.57740355 -18.14197491 -1.614017861
-34.20782731 -12.15733601 -4.492131976
-34.01848539 -17.82975156 -4.632883089
-33.75243783 -14.70212825 -6.005884552
-33.51938022 -2.308276756 -8.576282497
-33.83298557 -6.981302618 -6.750488354
-34.05596864 -2.311070971 -6.231704643
-32.96425294 -4.610640861 -10.08344327
-34.18989553 -4.651725465 -5.290282132
-33.13475377 -6.985077063 -9.176311934
-21.82327914 11.37602773 7.030771792
-24.98697034 8.804186527 5.441286517
-22.68185729 10.06417544 8.023553476
-22.26055341 11.64273786 5.080566964
-32.43296368 2.171311367 1.341944225
-28.46791186 5.813807787 3.593130816
-32.12428084 2.161040742 3.575905806
-30.5414334 4.114842807 0
-24.39968273 7.186870875 10.08333058
-26.06860221 7.356504423 6.473782768
-23.54455845 8.663851808 9.046429934
-26.32567911 5.660309005 9.432763245
-24.33830322 8.757208811 7.271332888
-22.70896351 11.91487515 1.060018074
-25.33242215 9.003049657 3.326624125
-22.55915097 11.82369093 3.072268145
-24.10545899 10.55081721 0
-23.77828844 10.35751693 4.231091572
-30.71139924 2.114908108 7.857831322
-27.97326904 5.772173312 5.58133501
-31.54100061 2.140402807 5.771505195
-28.42553938 3.975820522 8.695095082
-29.95516152 4.075566347 4.63503188
-27.23319002 5.740979164 7.54193764
-27.03255781 7.471615217 -2.293417128
-27.03255781 7.471615217 2.293417128
-28.73249685 5.881447898 -1.210848738
-25.55251328 9.067496483 -1.120804204
-28.73249685 5.881447898 1.210848738
-25.55251328 9.067496483 1.120804204
-31.76332888 -16.55757174 10.23314211
-33.49253094 -11.80113018 7.293499554
-31.62272092 -14.0313294 11.18632346
-33.02256639 -17.27149711 7.53680094
-34.62454275 -2.31803248 1.43262286
-34.31699454 -7.008326112 4.331383742
-34.4291922 -2.316095026 3.832476404
-34.6562762 -4.66923497 0
-31.3540665 -9.235268745 12.95727576
-33.30235203 -9.397853324 8.270186139
-31.48465482 -11.58562324 12.09722087
-32.24821852 -6.933719771 11.5548704
-32.58920538 -11.72598081 9.736379679
-34.57740355 -18.14197491 1.614017861
-34.20782731 -12.15733601 4.492131976
-34.01848539 -17.82975156 4.632883089
-34.6562762 -15.16884767 0
-33.75243783 -14.70212825 6.005884552
-33.51938022 -2.308276756 8.576282497
-33.83298557 -6.981302618 6.750488354
-34.05596864 -2.311070971 6.231704643
-32.96425294 -4.610640861 10.08344327
-34.18989553 -4.651725465 5.290282132
-33.13475377 -6.985077063 9.176311934
-34.48592453 -9.531675114 -2.925753847
-34.48592453 -9.531675114 2.925753847
-34.61767865 -7.086125316 -1.458862859
-34.60479574 -12.27976521 -1.517862455
-34.61767865 -7.086125316 1.458862859
-34.60479574 -12.27976521 1.517862455
