-11.690835 18.916168 0.000000
13.310022 21.536068 0.000000
-13.310022 -21.536068 0.000000
11.690835 -18.916168 0.000000
0.000000 -10.364876 16.770722
0.000000 10.364876 16.770722
0.000000 -10.364876 -16.770722
0.000000 10.364876 -16.770722
20.837565 0.000000 -12.878323
20.837565 0.000000 12.878323
-20.837565 0.000000 -12.878323
-20.837565 0.000000 12.878323
0.000000 22.477853 0.000000
0.000000 -22.477853 0.000000
-7.104683 -18.600302 11.495619
6.584472 -17.238370 10.653899
-6.584472 17.238370 10.653899
7.104683 18.600302 11.495619
0.000000 0.000000 18.049055
-7.104683 -18.600302 -11.495619
6.584472 -17.238370 -10.653899
-6.584472 17.238370 -10.653899
7.104683 18.600302 -11.495619
0.000000 0.000000 -18.049055
23.683802 14.637394 -9.046407
17.983771 -11.114582 -6.869189
9.604537 -5.935930 -15.540468
10.705976 6.616657 -17.322633
23.683802 14.637394 9.046407
17.983771 -11.114582 6.869189
9.604537 -5.935930 15.540468
10.705976 6.616657 17.322633
31.012884 0.000000 0.000000
-17.983771 11.114582 -6.869189
-23.683802 -14.637394 -9.046407
-10.705976 -6.616657 -17.322633
-9.604537 5.935930 -15.540468
-17.983771 11.114582 6.869189
-23.683802 -14.637394 9.046407
-10.705976 -6.616657 17.322633
-9.604537 5.935930 15.540468
-31.012884 0.000000 0.000000
-6.155167 21.667092 0.000000
6.307620 22.203750 0.000000
-6.307620 -22.203750 0.000000
6.155167 -21.667092 0.000000
-10.406754 -20.690977 6.233469
-3.489495 -15.072302 15.251879
-3.676204 -21.520874 5.948223
9.544203 -18.976031 5.716816
3.291666 -14.217808 14.387205
3.631080 -21.256714 5.875211
0.000000 -18.732620 11.577396
-9.544203 18.976031 5.716816
-3.291666 14.217808 14.387205
-3.631080 21.256714 5.875211
10.406754 20.690977 6.233469
3.489495 15.072302 15.251879
3.676204 21.520874 5.948223
0.000000 18.732620 11.577396
0.000000 -5.049616 17.775390
0.000000 5.049616 17.775390
-10.406754 -20.690977 -6.233469
-3.489495 -15.072302 -15.251879
-3.676204 -21.520874 -5.948223
9.544203 -18.976031 -5.716816
3.291666 -14.217808 -14.387205
3.631080 -21.256714 -5.875211
0.000000 -18.732620 -11.577396
-9.544203 18.976031 -5.716816
-3.291666 14.217808 -14.387205
-3.631080 21.256714 -5.875211
10.406754 20.690977 -6.233469
3.489495 15.072302 -15.251879
3.676204 21.520874 -5.948223
0.000000 18.732620 -11.577396
0.000000 -5.049616 -17.775390
0.000000 5.049616 -17.775390
19.465565 19.697485 -4.506611
24.637039 7.422280 -12.391469
14.799934 17.328065 -10.709333
15.276737 -15.458750 -3.536826
19.912381 -5.998906 -10.015150
12.406289 -14.525536 -8.977275
4.910563 -8.198166 -16.299806
14.662827 -3.354725 -14.490185
8.435669 -11.657808 -13.649199
4.819552 -2.978647 -17.437302
14.201197 -8.776822 -12.129270
5.285901 8.824791 -17.545679
16.066762 3.675934 -15.877590
9.781809 13.518128 -15.827299
4.952670 3.060918 -17.918927
17.540555 10.840659 -14.981422
10.384573 0.000000 -16.802592
19.465565 19.697485 4.506611
24.637039 7.422280 12.391469
14.799934 17.328065 10.709333
28.219242 17.440451 0.000000
15.276737 -15.458750 3.536826
19.912381 -5.998906 10.015150
12.406289 -14.525536 8.977275
19.562734 -12.090434 0.000000
4.910563 -8.198166 16.299806
14.662827 -3.354725 14.490185
8.435669 -11.657808 13.649199
4.819552 -2.978647 17.437302
14.201197 -8.776822 12.129270
5.285901 8.824791 17.545679
16.066762 3.675934 15.877590
9.781809 13.518128 15.827299
4.952670 3.060918 17.918927
17.540555 10.840659 14.981422
10.384573 0.000000 16.802592
27.580672 0.000000 -7.835091
27.580672 0.000000 7.835091
31.614192 8.737948 -5.400349
24.129783 -6.669308 -4.121859
31.614192 8.737948 5.400349
24.129783 -6.669308 4.121859
-15.276737 15.458750 -3.536826
-19.912381 5.998906 -10.015150
-12.406289 14.525536 -8.977275
-19.465565 -19.697485 -4.506611
-24.637039 -7.422280 -12.391469
-14.799934 -17.328065 -10.709333
-5.285901 -8.824791 -17.545679
-16.066762 -3.675934 -15.877590
-9.781809 -13.518128 -15.827299
-4.952670 -3.060918 -17.918927
-17.540555 -10.840659 -14.981422
-4.910563 8.198166 -16.299806
-14.662827 3.354725 -14.490185
-8.435669 11.657808 -13.649199
-4.819552 2.978647 -17.437302
-14.201197 8.776822 -12.129270
-10.384573 0.000000 -16.802592
-15.276737 15.458750 3.536826
-19.912381 5.998906 10.015150
-12.406289 14.525536 8.977275
-19.562734 12.090434 0.000000
-19.465565 -19.697485 4.506611
-24.637039 -7.422280 12.391469
-14.799934 -17.328065 10.709333
-28.219242 -17.440451 0.000000
-5.285901 -8.824791 17.545679
-16.066762 -3.675934 15.877590
-9.781809 -13.518128 15.827299
-4.952670 -3.060918 17.918927
-17.540555 -10.840659 14.981422
-4.910563 8.198166 16.299806
-14.662827 3.354725 14.490185
-8.435669 11.657808 13.649199
-4.819552 2.978647 17.437302
-14.201197 8.776822 12.129270
-10.384573 0.000000 16.802592
-27.580672 0.000000 -7.835091
-27.580672 0.000000 7.835091
-24.129783 6.669308 -4.121859
-31.614192 -8.737948 -5.400349
-24.129783 6.669308 4.121859
-31.614192 -8.737948 5.400349
-9.043693 20.516332 0.000000
-3.104172 22.286644 0.000000
9.658439 21.910930 0.000000
3.121421 22.410486 0.000000
-9.658439 -21.910930 0.000000
-3.121421 -22.410486 0.000000
9.043693 -20.516332 0.000000
3.104172 -22.286644 0.000000
-11.955136 -21.344878 3.237786
-8.784730 -19.767393 8.985591
-8.433320 -21.759714 3.099393
-1.678902 -12.746946 16.229569
-5.334721 -17.070568 13.654279
-1.852362 -22.245890 2.997185
-5.439893 -20.307704 8.801932
-5.026923 -22.069991 3.032648
-6.963724 -21.179363 6.104382
10.753385 -19.199255 2.912318
8.132460 -18.299655 8.318407
8.020945 -20.695703 2.947838
1.629248 -12.369952 15.749576
4.955859 -15.858248 12.684578
0.000000 -14.781704 14.957819
1.847037 -22.181934 2.988569
5.246491 -19.585711 8.489000
4.947454 -21.721097 2.984707
0.000000 -21.600961 5.970359
6.694799 -20.361460 5.868643
-3.508402 -18.842920 11.645565
3.387081 -18.191327 11.242858
-1.776792 -17.084409 13.581604
-1.844616 -20.457108 8.953955
1.732763 -16.661058 13.245052
1.826600 -20.257307 8.866504
-10.753385 19.199255 2.912318
-8.132460 18.299655 8.318407
-8.020945 20.695703 2.947838
-1.629248 12.369952 15.749576
-4.955859 15.858248 12.684578
-1.847037 22.181934 2.988569
-5.246491 19.585711 8.489000
-4.947454 21.721097 2.984707
-6.694799 20.361460 5.868643
11.955136 21.344878 3.237786
8.784730 19.767393 8.985591
8.433320 21.759714 3.099393
1.678902 12.746946 16.229569
5.334721 17.070568 13.654279
0.000000 14.781704 14.957819
1.852362 22.245890 2.997185
5.439893 20.307704 8.801932
5.026923 22.069991 3.032648
0.000000 21.600961 5.970359
6.963724 21.179363 6.104382
-3.387081 18.191327 11.242858
3.508402 18.842920 11.645565
-1.732763 16.661058 13.245052
-1.826600 20.257307 8.866504
1.776792 17.084409 13.581604
1.844616 20.457108 8.953955
0.000000 -7.666833 17.392814
0.000000 -2.504762 17.983135
0.000000 7.666833 17.392814
0.000000 2.504762 17.983135
-11.955136 -21.344878 -3.237786
-8.784730 -19.767393 -8.985591
-8.433320 -21.759714 -3.099393
-1.678902 -12.746946 -16.229569
-5.334721 -17.070568 -13.654279
-1.852362 -22.245890 -2.997185
-5.439893 -20.307704 -8.801932
-5.026923 -22.069991 -3.032648
-6.963724 -21.179363 -6.104382
10.753385 -19.199255 -2.912318
8.132460 -18.299655 -8.318407
8.020945 -20.695703 -2.947838
1.629248 -12.369952 -15.749576
4.955859 -15.858248 -12.684578
0.000000 -14.781704 -14.957819
1.847037 -22.181934 -2.988569
5.246491 -19.585711 -8.489000
4.947454 -21.721097 -2.984707
0.000000 -21.600961 -5.970359
6.694799 -20.361460 -5.868643
-3.508402 -18.842920 -11.645565
3.387081 -18.191327 -11.242858
-1.776792 -17.084409 -13.581604
-1.844616 -20.457108 -8.953955
1.732763 -16.661058 -13.245052
1.826600 -20.257307 -8.866504
-10.753385 19.199255 -2.912318
-8.132460 18.299655 -8.318407
-8.020945 20.695703 -2.947838
-1.629248 12.369952 -15.749576
-4.955859 15.858248 -12.684578
-1.847037 22.181934 -2.988569
-5.246491 19.585711 -8.489000
-4.947454 21.721097 -2.984707
-6.694799 20.361460 -5.868643
11.955136 21.344878 -3.237786
8.784730 19.767393 -8.985591
8.433320 21.759714 -3.099393
1.678902 12.746946 -16.229569
5.334721 17.070568 -13.654279
0.000000 14.781704 -14.957819
1.852362 22.245890 -2.997185
5.439893 20.307704 -8.801932
5.026923 22.069991 -3.032648
0.000000 21.600961 -5.970359
6.963724 21.179363 -6.104382
-3.387081 18.191327 -11.242858
3.508402 18.842920 -11.645565
-1.732763 16.661058 -13.245052
-1.826600 20.257307 -8.866504
1.776792 17.084409 -13.581604
1.844616 20.457108 -8.953955
0.000000 -7.666833 -17.392814
0.000000 -2.504762 -17.983135
0.000000 7.666833 -17.392814
0.000000 2.504762 -17.983135
16.463767 20.961872 -2.168445
21.914194 17.528563 -6.848402
14.629345 20.299178 -5.455363
23.036975 3.494459 -12.902869
24.762997 11.256424 -11.004802
10.834976 18.088951 -11.179586
19.094903 16.243095 -10.038785
12.691374 19.264991 -8.511865
17.106924 18.557523 -7.821494
13.606394 -17.323829 -1.792100
16.728745 -13.380864 -5.227898
12.508395 -17.356221 -4.664449
20.535746 -3.115049 -11.501946
19.048908 -8.658992 -8.465432
9.573136 -15.982314 -9.877613
15.175701 -12.909222 -7.978338
11.112368 -16.868124 -7.452855
13.996611 -15.183468 -6.399421
2.515176 -9.286986 -16.581124
7.250787 -7.088705 -15.950998
4.169631 -11.181468 -15.515022
2.451425 -6.670225 -17.210564
17.556267 -1.816145 -13.788954
12.046508 -4.706565 -15.060534
17.406467 -4.677953 -12.544607
7.627048 -14.507507 -12.340823
9.079167 -8.799301 -14.690400
5.930979 -12.972049 -14.072027
10.503154 -13.228342 -11.544083
6.689239 -9.973799 -15.139823
2.411251 -1.490235 -17.896933
7.220525 -4.462530 -16.659102
2.424221 -4.018393 -17.642183
4.887718 -5.575784 -16.958106
16.265739 -10.052779 -9.742902
11.948385 -7.384508 -14.046169
16.943715 -7.486253 -11.162165
13.419646 -11.711030 -10.655047
14.516849 -6.118459 -13.382100
11.293547 -10.275208 -12.941253
2.619898 9.673660 -17.271496
7.987182 7.808639 -17.570993
4.497046 12.059479 -16.733320
2.526580 6.874719 -17.738201
18.583525 1.922412 -14.595777
13.414565 5.241065 -16.770878
20.237786 5.438864 -14.585101
15.458544 0.000000 -15.276534
8.600587 16.359289 -13.916043
10.480004 10.156958 -16.957003
6.596864 14.428453 -15.651929
12.405763 15.624610 -13.635253
7.504913 11.189987 -16.985947
2.427662 1.500378 -18.018742
7.678570 4.745617 -17.715896
2.469157 4.092879 -17.969204
4.911327 0.000000 -17.769349
5.146730 5.871259 -17.856757
20.747492 12.822655 -12.427397
14.063729 8.691863 -16.532905
21.146095 9.342994 -13.930606
16.560426 14.451920 -13.148791
17.130818 7.220176 -15.791741
13.604419 12.377709 -15.589277
10.037407 -3.023921 -16.240866
10.628343 3.201949 -17.197020
12.574695 -1.645064 -15.817810
7.514249 -1.548020 -17.167809
13.059405 1.708476 -16.427531
7.679564 1.582077 -17.545505
16.463767 20.961872 2.168445
21.914194 17.528563 6.848402
14.629345 20.299178 5.455363
20.311481 20.553480 0.000000
23.036975 3.494459 12.902869
24.762997 11.256424 11.004802
10.834976 18.088951 11.179586
19.094903 16.243095 10.038785
12.691374 19.264991 8.511865
17.106924 18.557523 7.821494
26.559309 16.414556 -4.945133
26.559309 16.414556 4.945133
24.089777 19.150666 -2.505355
24.089777 19.150666 2.505355
13.606394 -17.323829 1.792100
16.728745 -13.380864 5.227898
12.508395 -17.356221 4.664449
15.594697 -15.780498 0.000000
20.535746 -3.115049 11.501946
19.048908 -8.658992 8.465432
9.573136 -15.982314 9.877613
15.175701 -12.909222 7.978338
11.112368 -16.868124 7.452855
13.996611 -15.183468 6.399421
19.147506 -11.833809 -3.565114
19.147506 -11.833809 3.565114
17.481986 -13.897666 -1.818140
17.481986 -13.897666 1.818140
2.515176 -9.286986 16.581124
7.250787 -7.088705 15.950998
4.169631 -11.181468 15.515022
2.451425 -6.670225 17.210564
17.556267 -1.816145 13.788954
12.046508 -4.706565 15.060534
17.406467 -4.677953 12.544607
7.627048 -14.507507 12.340823
9.079167 -8.799301 14.690400
5.930979 -12.972049 14.072027
10.503154 -13.228342 11.544083
6.689239 -9.973799 15.139823
2.411251 -1.490235 17.896933
7.220525 -4.462530 16.659102
2.424221 -4.018393 17.642183
4.887718 -5.575784 16.958106
16.265739 -10.052779 9.742902
11.948385 -7.384508 14.046169
16.943715 -7.486253 11.162165
13.419646 -11.711030 10.655047
14.516849 -6.118459 13.382100
11.293547 -10.275208 12.941253
2.619898 9.673660 17.271496
7.987182 7.808639 17.570993
4.497046 12.059479 16.733320
2.526580 6.874719 17.738201
18.583525 1.922412 14.595777
13.414565 5.241065 16.770878
20.237786 5.438864 14.585101
15.458544 0.000000 15.276534
8.600587 16.359289 13.916043
10.480004 10.156958 16.957003
6.596864 14.428453 15.651929
12.405763 15.624610 13.635253
7.504913 11.189987 16.985947
2.427662 1.500378 18.018742
7.678570 4.745617 17.715896
2.469157 4.092879 17.969204
4.911327 0.000000 17.769349
5.146730 5.871259 17.856757
20.747492 12.822655 12.427397
14.063729 8.691863 16.532905
21.146095 9.342994 13.930606
16.560426 14.451920 13.148791
17.130818 7.220176 15.791741
13.604419 12.377709 15.589277
10.037407 -3.023921 16.240866
10.628343 3.201949 17.197020
12.574695 -1.645064 15.817810
7.514249 -1.548020 17.167809
13.059405 1.708476 16.427531
7.679564 1.582077 17.545505
24.305497 0.000000 -10.713975
30.064041 0.000000 -4.187438
26.964629 3.840767 -10.450566
23.477380 -3.344053 -9.099028
24.305497 0.000000 10.713975
30.064041 0.000000 4.187438
26.964629 3.840767 10.450566
23.477380 -3.344053 9.099028
28.153922 12.202705 -7.541686
32.848831 4.425718 -2.735244
28.493605 8.212516 -9.368629
30.771718 13.468599 -2.774684
30.608113 4.205876 -6.971666
20.935206 -9.073909 -5.607984
27.603758 -3.719050 -2.298500
22.292496 -6.425213 -7.329719
21.917846 -9.593312 -1.976331
26.059925 -3.580907 -5.935717
28.153922 12.202705 7.541686
32.848831 4.425718 2.735244
28.493605 8.212516 9.368629
30.771718 13.468599 2.774684
30.608113 4.205876 6.971666
33.095466 9.147362 0.000000
20.935206 -9.073909 5.607984
27.603758 -3.719050 2.298500
22.292496 -6.425213 7.329719
21.917846 -9.593312 1.976331
26.059925 -3.580907 5.935717
24.859257 -6.870930 0.000000
-13.606394 17.323829 -1.792100
-16.728745 13.380864 -5.227898
-12.508395 17.356221 -4.664449
-20.535746 3.115049 -11.501946
-19.048908 8.658992 -8.465432
-9.573136 15.982314 -9.877613
-15.175701 12.909222 -7.978338
-11.112368 16.868124 -7.452855
-13.996611 15.183468 -6.399421
-16.463767 -20.961872 -2.168445
-21.914194 -17.528563 -6.848402
-14.629345 -20.299178 -5.455363
-23.036975 -3.494459 -12.902869
-24.762997 -11.256424 -11.004802
-10.834976 -18.088951 -11.179586
-19.094903 -16.243095 -10.038785
-12.691374 -19.264991 -8.511865
-17.106924 -18.557523 -7.821494
-2.619898 -9.673660 -17.271496
-7.987182 -7.808639 -17.570993
-4.497046 -12.059479 -16.733320
-2.526580 -6.874719 -17.738201
-18.583525 -1.922412 -14.595777
-13.414565 -5.241065 -16.770878
-20.237786 -5.438864 -14.585101
-8.600587 -16.359289 -13.916043
-10.480004 -10.156958 -16.957003
-6.596864 -14.428453 -15.651929
-12.405763 -15.624610 -13.635253
-7.504913 -11.189987 -16.985947
-2.427662 -1.500378 -18.018742
-7.678570 -4.745617 -17.715896
-2.469157 -4.092879 -17.969204
-5.146730 -5.871259 -17.856757
-20.747492 -12.822655 -12.427397
-14.063729 -8.691863 -16.532905
-21.146095 -9.342994 -13.930606
-16.560426 -14.451920 -13.148791
-17.130818 -7.220176 -15.791741
-13.604419 -12.377709 -15.589277
-2.515176 9.286986 -16.581124
-7.250787 7.088705 -15.950998
-4.169631 11.181468 -15.515022
-2.451425 6.670225 -17.210564
-17.556267 1.816145 -13.788954
-12.046508 4.706565 -15.060534
-17.406467 4.677953 -12.544607
-15.458544 0.000000 -15.276534
-7.627048 14.507507 -12.340823
-9.079167 8.799301 -14.690400
-5.930979 12.972049 -14.072027
-10.503154 13.228342 -11.544083
-6.689239 9.973799 -15.139823
-2.411251 1.490235 -17.896933
-7.220525 4.462530 -16.659102
-2.424221 4.018393 -17.642183
-4.911327 0.000000 -17.769349
-4.887718 5.575784 -16.958106
-16.265739 10.052779 -9.742902
-11.948385 7.384508 -14.046169
-16.943715 7.486253 -11.162165
-13.419646 11.711030 -10.655047
-14.516849 6.118459 -13.382100
-11.293547 10.275208 -12.941253
-10.628343 -3.201949 -17.197020
-10.037407 3.023921 -16.240866
-13.059405 -1.708476 -16.427531
-7.679564 -1.582077 -17.545505
-12.574695 1.645064 -15.817810
-7.514249 1.548020 -17.167809
-13.606394 17.323829 1.792100
-16.728745 13.380864 5.227898
-12.508395 17.356221 4.664449
-15.594697 15.780498 0.000000
-20.535746 3.115049 11.501946
-19.048908 8.658992 8.465432
-9.573136 15.982314 9.877613
-15.175701 12.909222 7.978338
-11.112368 16.868124 7.452855
-13.996611 15.183468 6.399421
-19.147506 11.833809 -3.565114
-19.147506 11.833809 3.565114
-17.481986 13.897666 -1.818140
-17.481986 13.897666 1.818140
-16.463767 -20.961872 2.168445
-21.914194 -17.528563 6.848402
-14.629345 -20.299178 5.455363
-20.311481 -20.553480 0.000000
-23.036975 -3.494459 12.902869
-24.762997 -11.256424 11.004802
-10.834976 -18.088951 11.179586
-19.094903 -16.243095 10.038785
-12.691374 -19.264991 8.511865
-17.106924 -18.557523 7.821494
-26.559309 -16.414556 -4.945133
-26.559309 -16.414556 4.945133
-24.089777 -19.150666 -2.505355
-24.089777 -19.150666 2.505355
-2.619898 -9.673660 17.271496
-7.987182 -7.808639 17.570993
-4.497046 -12.059479 16.733320
-2.526580 -6.874719 17.738201
-18.583525 -1.922412 14.595777
-13.414565 -5.241065 16.770878
-20.237786 -5.438864 14.585101
-8.600587 -16.359289 13.916043
-10.480004 -10.156958 16.957003
-6.596864 -14.428453 15.651929
-12.405763 -15.624610 13.635253
-7.504913 -11.189987 16.985947
-2.427662 -1.500378 18.018742
-7.678570 -4.745617 17.715896
-2.469157 -4.092879 17.969204
-5.146730 -5.871259 17.856757
-20.747492 -12.822655 12.427397
-14.063729 -8.691863 16.532905
-21.146095 -9.342994 13.930606
-16.560426 -14.451920 13.148791
-17.130818 -7.220176 15.791741
-13.604419 -12.377709 15.589277
-2.515176 9.286986 16.581124
-7.250787 7.088705 15.950998
-4.169631 11.181468 15.515022
-2.451425 6.670225 17.210564
-17.556267 1.816145 13.788954
-12.046508 4.706565 15.060534
-17.406467 4.677953 12.544607
-15.458544 0.000000 15.276534
-7.627048 14.507507 12.340823
-9.079167 8.799301 14.690400
-5.930979 12.972049 14.072027
-10.503154 13.228342 11.544083
-6.689239 9.973799 15.139823
-2.411251 1.490235 17.896933
-7.220525 4.462530 16.659102
-2.424221 4.018393 17.642183
-4.911327 0.000000 17.769349
-4.887718 5.575784 16.958106
-16.265739 10.052779 9.742902
-11.948385 7.384508 14.046169
-16.943715 7.486253 11.162165
-13.419646 11.711030 10.655047
-14.516849 6.118459 13.382100
-11.293547 10.275208 12.941253
-10.628343 -3.201949 17.197020
-10.037407 3.023921 16.240866
-13.059405 -1.708476 16.427531
-7.679564 -1.582077 17.545505
-12.574695 1.645064 15.817810
-7.514249 1.548020 17.167809
-24.305497 0.000000 -10.713975
-30.064041 0.000000 -4.187438
-23.477380 3.344053 -9.099028
-26.964629 -3.840767 -10.450566
-24.305497 0.000000 10.713975
-30.064041 0.000000 4.187438
-23.477380 3.344053 9.099028
-26.964629 -3.840767 10.450566
-20.935206 9.073909 -5.607984
-27.603758 3.719050 -2.298500
-22.292496 6.425213 -7.329719
-21.917846 9.593312 -1.976331
-26.059925 3.580907 -5.935717
-28.153922 -12.202705 -7.541686
-32.848831 -4.425718 -2.735244
-28.493605 -8.212516 -9.368629
-30.771718 -13.468599 -2.774684
-30.608113 -4.205876 -6.971666
-20.935206 9.073909 5.607984
-27.603758 3.719050 2.298500
-22.292496 6.425213 7.329719
-21.917846 9.593312 1.976331
-26.059925 3.580907 5.935717
-24.859257 6.870930 0.000000
-28.153922 -12.202705 7.541686
-32.848831 -4.425718 2.735244
-28.493605 -8.212516 9.368629
-30.771718 -13.468599 2.774684
-30.608113 -4.205876 6.971666
-33.095466 -9.147362 0.000000
-10.398135 19.761269 0.000000
-7.626910 21.157417 0.000000
-1.554205 22.424789 0.000000
-4.642266 22.040469 0.000000
11.436846 21.735301 0.000000
7.954733 22.066813 0.000000
1.557152 22.467317 0.000000
4.701118 22.319885 0.000000
-11.436846 -21.735301 0.000000
-7.954733 -22.066813 0.000000
-1.557152 -22.467317 0.000000
-4.701118 -22.319885 0.000000
10.398135 -19.761269 0.000000
7.626910 -21.157417 0.000000
1.554205 -22.424789 0.000000
4.642266 -22.040469 0.000000
-12.668785 -21.515444 1.645411
-11.194803 -21.060090 4.767567
-10.832317 -21.718061 1.600821
-7.953754 -19.219180 10.274087
-9.602024 -20.257228 7.638459
-7.383158 -22.053099 1.539255
-9.445563 -21.308668 4.668985
-9.066474 -21.896990 1.567325
-10.157004 -21.566268 3.168293
-0.820544 -11.549999 16.540079
-2.571820 -13.932489 15.810129
-6.232401 -17.891016 12.631635
-4.416213 -16.128029 14.533904
-0.927834 -22.424476 1.501266
-2.769760 -21.944449 4.481565
-2.491668 -22.383995 1.505799
-6.287777 -19.517048 10.173837
-4.567691 -20.975328 7.390680
-7.096654 -20.061596 8.901538
-5.678247 -22.192753 1.528280
-4.358467 -21.844336 4.507492
-4.081103 -22.303034 1.513505
-6.707517 -21.927856 3.067003
-3.431303 -22.175734 3.017132
-8.659208 -20.953584 6.171830
-5.306800 -21.369400 6.030399
-7.892482 -20.541252 7.558705
-7.709241 -21.515542 4.626077
-6.208706 -20.781524 7.477438
-6.008326 -21.695469 4.573582
11.260083 -19.123041 1.462450
10.178534 -19.148247 4.334766
9.947968 -19.945002 1.470130
7.371744 -17.812831 9.522289
8.859298 -18.690311 7.047616
7.123671 -21.278026 1.485157
8.831308 -19.922944 4.365357
8.560523 -20.675038 1.479861
9.418633 -19.998491 2.937972
0.808752 -11.384013 16.302381
2.458136 -13.316624 15.111266
0.000000 -12.582143 16.019740
5.777213 -16.584333 11.709075
4.125727 -15.067173 13.577906
-1.721035 -14.965246 15.143548
1.670925 -14.529513 14.702624
-0.848238 -13.793256 15.640403
0.835389 -13.584303 15.403468
0.926840 -22.400448 1.499658
2.752387 -21.806806 4.453456
2.481949 -22.296678 1.499926
0.000000 -22.261355 2.999269
5.953993 -18.480994 9.633763
4.467868 -20.516931 7.229163
6.718120 -18.991516 8.426733
5.568277 -21.762948 1.498682
4.299696 -21.549785 4.446713
4.042149 -22.090150 1.499059
6.509535 -21.280623 2.976476
3.405571 -22.009434 2.994506
-1.832519 -21.599943 5.970077
1.823753 -21.496622 5.941520
-0.926765 -21.991403 4.501568
0.925261 -21.955731 4.494266
8.150187 -19.721854 5.809027
5.184204 -20.875733 5.891088
7.457752 -19.409809 7.142360
7.379416 -20.595039 4.428159
5.983424 -20.027468 7.206119
5.855460 -21.143488 4.457220
-5.294475 -18.759468 11.593989
-1.742894 -18.838148 11.642616
-4.432118 -18.007192 12.682775
-4.484411 -19.648491 10.276574
5.012553 -17.760555 10.976626
1.713234 -18.517562 11.444483
4.201058 -17.068419 12.021581
4.325678 -18.952999 9.912817
-2.644526 -16.123133 14.463780
-0.893305 -17.954379 12.616198
-3.540962 -17.123039 13.653693
-0.874379 -15.981910 14.348385
-2.643722 -18.031430 12.680205
-2.765374 -21.058472 7.484103
-0.919105 -19.690151 10.330973
-3.633261 -20.418543 8.894055
-0.925260 -21.094426 7.485512
-2.684539 -19.712124 10.331508
2.536787 -15.466271 13.874521
0.883727 -17.761866 12.480923
3.370021 -16.296417 12.994556
0.862193 -15.759171 14.148413
2.560916 -17.466650 12.283036
0.000000 -16.921626 13.452196
2.734758 -20.825328 7.401245
0.912965 -19.558615 10.261959
3.556922 -19.989527 8.707181
0.922233 -21.025409 7.461020
2.630719 -19.316929 10.124379
0.000000 -20.417921 8.936804
-11.260083 19.123041 1.462450
-10.178534 19.148247 4.334766
-9.947968 19.945002 1.470130
-7.371744 17.812831 9.522289
-8.859298 18.690311 7.047616
-7.123671 21.278026 1.485157
-8.831308 19.922944 4.365357
-8.560523 20.675038 1.479861
-9.418633 19.998491 2.937972
-0.808752 11.384013 16.302381
-2.458136 13.316624 15.111266
-5.777213 16.584333 11.709075
-4.125727 15.067173 13.577906
-0.926840 22.400448 1.499658
-2.752387 21.806806 4.453456
-2.481949 22.296678 1.499926
-5.953993 18.480994 9.633763
-4.467868 20.516931 7.229163
-6.718120 18.991516 8.426733
-5.568277 21.762948 1.498682
-4.299696 21.549785 4.446713
-4.042149 22.090150 1.499059
-6.509535 21.280623 2.976476
-3.405571 22.009434 2.994506
-8.150187 19.721854 5.809027
-5.184204 20.875733 5.891088
-7.457752 19.409809 7.142360
-7.379416 20.595039 4.428159
-5.983424 20.027468 7.206119
-5.855460 21.143488 4.457220
12.668785 21.515444 1.645411
11.194803 21.060090 4.767567
10.832317 21.718061 1.600821
7.953754 19.219180 10.274087
9.602024 20.257228 7.638459
7.383158 22.053099 1.539255
9.445563 21.308668 4.668985
9.066474 21.896990 1.567325
10.157004 21.566268 3.168293
0.820544 11.549999 16.540079
2.571820 13.932489 15.810129
0.000000 12.582143 16.019740
6.232401 17.891016 12.631635
4.416213 16.128029 14.533904
-1.670925 14.529513 14.702624
1.721035 14.965246 15.143548
-0.835389 13.584303 15.403468
0.848238 13.793256 15.640403
0.927834 22.424476 1.501266
2.769760 21.944449 4.481565
2.491668 22.383995 1.505799
0.000000 22.261355 2.999269
6.287777 19.517048 10.173837
4.567691 20.975328 7.390680
7.096654 20.061596 8.901538
5.678247 22.192753 1.528280
4.358467 21.844336 4.507492
4.081103 22.303034 1.513505
6.707517 21.927856 3.067003
3.431303 22.175734 3.017132
-1.823753 21.496622 5.941520
1.832519 21.599943 5.970077
-0.925261 21.955731 4.494266
0.926765 21.991403 4.501568
8.659208 20.953584 6.171830
5.306800 21.369400 6.030399
7.892482 20.541252 7.558705
7.709241 21.515542 4.626077
6.208706 20.781524 7.477438
6.008326 21.695469 4.573582
-5.012553 17.760555 10.976626
-1.713234 18.517562 11.444483
-4.201058 17.068419 12.021581
-4.325678 18.952999 9.912817
5.294475 18.759468 11.593989
1.742894 18.838148 11.642616
4.432118 18.007192 12.682775
4.484411 19.648491 10.276574
-2.536787 15.466271 13.874521
-0.883727 17.761866 12.480923
-3.370021 16.296417 12.994556
-0.862193 15.759171 14.148413
-2.560916 17.466650 12.283036
-2.734758 20.825328 7.401245
-0.912965 19.558615 10.261959
-3.556922 19.989527 8.707181
-0.922233 21.025409 7.461020
-2.630719 19.316929 10.124379
2.644526 16.123133 14.463780
0.893305 17.954379 12.616198
3.540962 17.123039 13.653693
0.874379 15.981910 14.348385
2.643722 18.031430 12.680205
0.000000 16.921626 13.452196
2.765374 21.058472 7.484103
0.919105 19.690151 10.330973
3.633261 20.418543 8.894055
0.925260 21.094426 7.485512
2.684539 19.712124 10.331508
0.000000 20.417921 8.936804
0.000000 -9.006905 17.117287
0.000000 -6.347808 17.609126
0.000000 -1.249802 18.032725
0.000000 -3.769852 17.898436
0.000000 9.006905 17.117287
0.000000 6.347808 17.609126
0.000000 1.249802 18.032725
0.000000 3.769852 17.898436
-12.668785 -21.515444 -1.645411
-11.194803 -21.060090 -4.767567
-10.832317 -21.718061 -1.600821
-7.953754 -19.219180 -10.274087
-9.602024 -20.257228 -7.638459
-7.383158 -22.053099 -1.539255
-9.445563 -21.308668 -4.668985
-9.066474 -21.896990 -1.567325
-10.157004 -21.566268 -3.168293
-0.820544 -11.549999 -16.540079
-2.571820 -13.932489 -15.810129
-6.232401 -17.891016 -12.631635
-4.416213 -16.128029 -14.533904
-0.927834 -22.424476 -1.501266
-2.769760 -21.944449 -4.481565
-2.491668 -22.383995 -1.505799
-6.287777 -19.517048 -10.173837
-4.567691 -20.975328 -7.390680
-7.096654 -20.061596 -8.901538
-5.678247 -22.192753 -1.528280
-4.358467 -21.844336 -4.507492
-4.081103 -22.303034 -1.513505
-6.707517 -21.927856 -3.067003
-3.431303 -22.175734 -3.017132
-8.659208 -20.953584 -6.171830
-5.306800 -21.369400 -6.030399
-7.892482 -20.541252 -7.558705
-7.709241 -21.515542 -4.626077
-6.208706 -20.781524 -7.477438
-6.008326 -21.695469 -4.573582
11.260083 -19.123041 -1.462450
10.178534 -19.148247 -4.334766
9.947968 -19.945002 -1.470130
7.371744 -17.812831 -9.522289
8.859298 -18.690311 -7.047616
7.123671 -21.278026 -1.485157
8.831308 -19.922944 -4.365357
8.560523 -20.675038 -1.479861
9.418633 -19.998491 -2.937972
0.808752 -11.384013 -16.302381
2.458136 -13.316624 -15.111266
0.000000 -12.582143 -16.019740
5.777213 -16.584333 -11.709075
4.125727 -15.067173 -13.577906
-1.721035 -14.965246 -15.143548
1.670925 -14.529513 -14.702624
-0.848238 -13.793256 -15.640403
0.835389 -13.584303 -15.403468
0.926840 -22.400448 -1.499658
2.752387 -21.806806 -4.453456
2.481949 -22.296678 -1.499926
0.000000 -22.261355 -2.999269
5.953993 -18.480994 -9.633763
4.467868 -20.516931 -7.229163
6.718120 -18.991516 -8.426733
5.568277 -21.762948 -1.498682
4.299696 -21.549785 -4.446713
4.042149 -22.090150 -1.499059
6.509535 -21.280623 -2.976476
3.405571 -22.009434 -2.994506
-1.832519 -21.599943 -5.970077
1.823753 -21.496622 -5.941520
-0.926765 -21.991403 -4.501568
0.925261 -21.955731 -4.494266
8.150187 -19.721854 -5.809027
5.184204 -20.875733 -5.891088
7.457752 -19.409809 -7.142360
7.379416 -20.595039 -4.428159
5.983424 -20.027468 -7.206119
5.855460 -21.143488 -4.457220
-5.294475 -18.759468 -11.593989
-1.742894 -18.838148 -11.642616
-4.432118 -18.007192 -12.682775
-4.484411 -19.648491 -10.276574
5.012553 -17.760555 -10.976626
1.713234 -18.517562 -11.444483
4.201058 -17.068419 -12.021581
4.325678 -18.952999 -9.912817
-2.644526 -16.123133 -14.463780
-0.893305 -17.954379 -12.616198
-3.540962 -17.123039 -13.653693
-0.874379 -15.981910 -14.348385
-2.643722 -18.031430 -12.680205
-2.765374 -21.058472 -7.484103
-0.919105 -19.690151 -10.330973
-3.633261 -20.418543 -8.894055
-0.925260 -21.094426 -7.485512
-2.684539 -19.712124 -10.331508
2.536787 -15.466271 -13.874521
0.883727 -17.761866 -12.480923
3.370021 -16.296417 -12.994556
0.862193 -15.759171 -14.148413
2.560916 -17.466650 -12.283036
0.000000 -16.921626 -13.452196
2.734758 -20.825328 -7.401245
0.912965 -19.558615 -10.261959
3.556922 -19.989527 -8.707181
0.922233 -21.025409 -7.461020
2.630719 -19.316929 -10.124379
0.000000 -20.417921 -8.936804
-11.260083 19.123041 -1.462450
-10.178534 19.148247 -4.334766
-9.947968 19.945002 -1.470130
-7.371744 17.812831 -9.522289
-8.859298 18.690311 -7.047616
-7.123671 21.278026 -1.485157
-8.831308 19.922944 -4.365357
-8.560523 20.675038 -1.479861
-9.418633 19.998491 -2.937972
-0.808752 11.384013 -16.302381
-2.458136 13.316624 -15.111266
-5.777213 16.584333 -11.709075
-4.125727 15.067173 -13.577906
-0.926840 22.400448 -1.499658
-2.752387 21.806806 -4.453456
-2.481949 22.296678 -1.499926
-5.953993 18.480994 -9.633763
-4.467868 20.516931 -7.229163
-6.718120 18.991516 -8.426733
-5.568277 21.762948 -1.498682
-4.299696 21.549785 -4.446713
-4.042149 22.090150 -1.499059
-6.509535 21.280623 -2.976476
-3.405571 22.009434 -2.994506
-8.150187 19.721854 -5.809027
-5.184204 20.875733 -5.891088
-7.457752 19.409809 -7.142360
-7.379416 20.595039 -4.428159
-5.983424 20.027468 -7.206119
-5.855460 21.143488 -4.457220
12.668785 21.515444 -1.645411
11.194803 21.060090 -4.767567
10.832317 21.718061 -1.600821
7.953754 19.219180 -10.274087
9.602024 20.257228 -7.638459
7.383158 22.053099 -1.539255
9.445563 21.308668 -4.668985
9.066474 21.896990 -1.567325
10.157004 21.566268 -3.168293
0.820544 11.549999 -16.540079
2.571820 13.932489 -15.810129
0.000000 12.582143 -16.019740
6.232401 17.891016 -12.631635
4.416213 16.128029 -14.533904
-1.670925 14.529513 -14.702624
1.721035 14.965246 -15.143548
-0.835389 13.584303 -15.403468
0.848238 13.793256 -15.640403
0.927834 22.424476 -1.501266
2.769760 21.944449 -4.481565
2.491668 22.383995 -1.505799
0.000000 22.261355 -2.999269
6.287777 19.517048 -10.173837
4.567691 20.975328 -7.390680
7.096654 20.061596 -8.901538
5.678247 22.192753 -1.528280
4.358467 21.844336 -4.507492
4.081103 22.303034 -1.513505
6.707517 21.927856 -3.067003
3.431303 22.175734 -3.017132
-1.823753 21.496622 -5.941520
1.832519 21.599943 -5.970077
-0.925261 21.955731 -4.494266
0.926765 21.991403 -4.501568
8.659208 20.953584 -6.171830
5.306800 21.369400 -6.030399
7.892482 20.541252 -7.558705
7.709241 21.515542 -4.626077
6.208706 20.781524 -7.477438
6.008326 21.695469 -4.573582
-5.012553 17.760555 -10.976626
-1.713234 18.517562 -11.444483
-4.201058 17.068419 -12.021581
-4.325678 18.952999 -9.912817
5.294475 18.759468 -11.593989
1.742894 18.838148 -11.642616
4.432118 18.007192 -12.682775
4.484411 19.648491 -10.276574
-2.536787 15.466271 -13.874521
-0.883727 17.761866 -12.480923
-3.370021 16.296417 -12.994556
-0.862193 15.759171 -14.148413
-2.560916 17.466650 -12.283036
-2.734758 20.825328 -7.401245
-0.912965 19.558615 -10.261959
-3.556922 19.989527 -8.707181
-0.922233 21.025409 -7.461020
-2.630719 19.316929 -10.124379
2.644526 16.123133 -14.463780
0.893305 17.954379 -12.616198
3.540962 17.123039 -13.653693
0.874379 15.981910 -14.348385
2.643722 18.031430 -12.680205
0.000000 16.921626 -13.452196
2.765374 21.058472 -7.484103
0.919105 19.690151 -10.330973
3.633261 20.418543 -8.894055
0.925260 21.094426 -7.485512
2.684539 19.712124 -10.331508
0.000000 20.417921 -8.936804
0.000000 -9.006905 -17.117287
0.000000 -6.347808 -17.609126
0.000000 -1.249802 -18.032725
0.000000 -3.769852 -17.898436
0.000000 9.006905 -17.117287
0.000000 6.347808 -17.609126
0.000000 1.249802 -18.032725
0.000000 3.769852 -17.898436
14.882923 21.312966 -1.057324
18.010099 20.437266 -3.324512
14.128646 21.175591 -2.726450
22.878643 16.153061 -7.969859
20.776734 18.723122 -5.689131
12.455723 20.512738 -5.860372
16.958302 20.037041 -5.008871
13.305889 20.892011 -4.338567
15.576914 20.690046 -3.859919
21.954674 1.679001 -12.927413
23.979475 5.428456 -12.746645
24.327124 13.004665 -10.067649
24.897481 9.388174 -11.801526
8.947506 18.375069 -11.356417
12.781091 17.741892 -10.965092
9.824845 18.983529 -10.097591
21.366253 15.523104 -9.593806
16.903009 16.835129 -10.404682
20.480518 16.883500 -8.507021
11.566005 20.040874 -7.378362
13.772835 18.360871 -9.625309
10.700052 19.539552 -8.762221
13.664484 19.806083 -7.026888
11.767584 18.697223 -9.880995
18.288993 19.150319 -6.226729
15.944259 17.948961 -9.311123
19.449139 18.108383 -7.373888
15.908409 19.515165 -6.644834
18.150896 17.471398 -8.948056
14.837040 18.945998 -8.188607
12.680703 -18.159295 -0.900872
14.470576 -16.420733 -2.671146
12.212841 -18.304240 -2.356751
17.380049 -12.270876 -6.054404
16.028426 -14.444146 -4.388939
11.056597 -18.208584 -5.202088
13.910640 -16.436083 -4.108702
11.666680 -18.318235 -3.804081
13.099403 -17.399290 -3.245998
20.734260 -1.585669 -12.208806
20.257897 -4.585967 -10.768385
18.540309 -9.911180 -7.672807
19.507490 -7.355753 -9.246645
8.102954 -16.640654 -10.284490
11.003874 -15.274873 -9.440391
8.888173 -17.173695 -9.134916
16.568390 -12.037340 -7.439485
13.792648 -13.737258 -8.490092
15.996722 -13.187199 -6.644581
10.366152 -17.961842 -6.612933
11.789746 -15.717171 -8.239404
9.649136 -17.620456 -7.901630
11.844555 -17.168174 -6.090999
10.364465 -16.467842 -8.702825
14.682436 -15.373910 -4.998829
13.233322 -14.897172 -7.727991
15.365894 -14.306623 -5.825779
13.285742 -16.297887 -5.549364
14.612241 -14.065216 -7.203564
12.571003 -16.052406 -6.937974
1.276371 -9.827370 -16.689860
3.723914 -8.744183 -16.449890
2.087349 -10.816783 -16.211870
1.255440 -8.495216 -17.032331
8.421497 -6.519559 -15.753639
6.083371 -7.647180 -16.133128
3.751053 -12.699767 -15.005379
4.554051 -9.679248 -15.940294
2.919217 -11.780663 -15.647673
3.340911 -10.246193 -16.087883
1.223959 -5.870816 -17.535815
3.680849 -7.446519 -16.798937
1.239178 -7.168245 -17.312462
2.486398 -7.970965 -16.924671
19.142392 -0.949643 -13.367204
16.067833 -2.613740 -14.159587
19.077159 -2.456268 -12.728543
10.809455 -5.333344 -15.310143
13.326871 -4.049448 -14.788604
18.703826 -5.343576 -11.357317
16.051684 -4.012609 -13.585305
18.924968 -3.930079 -12.053101
17.512232 -3.267068 -13.184433
7.139743 -15.900837 -11.552346
8.055886 -13.087255 -13.034698
6.313661 -15.200038 -12.530437
8.617994 -15.290221 -11.166558
9.354570 -7.370288 -15.136012
8.774564 -10.227775 -14.197542
8.170904 -7.950200 -15.361348
4.632322 -13.605940 -14.246717
7.195680 -12.321799 -13.871042
5.470492 -14.428803 -13.434131
5.052213 -12.095513 -14.837809
6.785291 -13.763785 -13.248523
11.482010 -13.917885 -10.318533
9.483873 -12.471004 -12.653691
10.071232 -14.622366 -10.751258
9.078334 -13.884165 -11.956653
5.802197 -9.095276 -15.759744
7.568429 -10.829649 -14.437245
6.982504 -8.526738 -15.570824
5.441642 -10.581816 -15.337888
7.886474 -9.392247 -14.923109
6.329655 -11.468783 -14.644938
1.205799 -0.745225 -18.011073
3.615983 -2.234800 -17.706034
1.207463 -1.998007 -17.949171
8.415648 -5.201156 -16.144215
6.021362 -3.721407 -17.089097
7.244490 -5.775590 -16.327070
1.220145 -4.533387 -17.718203
3.621051 -3.501333 -17.548440
1.211448 -3.266617 -17.851904
2.440609 -5.337597 -17.449387
2.420058 -2.752267 -17.787278
4.905296 -6.882232 -16.653653
4.858926 -4.275893 -17.218151
6.070730 -6.338801 -16.497588
3.675225 -6.124671 -17.093201
6.050707 -5.024056 -16.816312
3.656020 -4.802923 -17.342878
17.180343 -10.618036 -8.365749
15.265394 -9.434533 -10.997046
17.637655 -9.381703 -9.128294
15.753038 -11.504557 -8.878851
10.783807 -6.664759 -14.843006
13.090932 -8.090641 -13.143715
12.013966 -6.053428 -14.573533
10.502421 -8.105434 -14.380827
18.393871 -6.771992 -10.615486
15.550028 -8.151783 -11.664369
18.046197 -8.092548 -9.882276
17.202006 -6.103002 -11.867896
16.627746 -8.787330 -10.465105
12.945313 -13.134949 -9.844573
13.836508 -10.258201 -11.414875
14.336794 -12.346445 -9.374291
11.961918 -12.486601 -11.112963
14.828636 -10.902920 -10.213302
14.611429 -4.750908 -13.954249
14.380130 -7.459772 -12.774027
13.293143 -5.413081 -14.277376
15.926778 -5.423003 -12.983221
13.212790 -6.766991 -13.726663
15.757071 -6.810328 -12.339719
9.865965 -10.978412 -13.307450
12.733371 -9.543592 -12.549533
10.196416 -9.551484 -13.867746
10.924088 -11.758614 -12.274379
11.638686 -8.836911 -13.514939
12.379597 -11.017731 -11.859411
1.303770 10.038328 -17.048130
3.947659 9.269562 -17.438254
2.165972 11.224213 -16.822513
1.279265 8.656436 -17.355567
9.345821 7.235131 -17.482722
6.633065 8.338181 -17.590920
4.019997 13.610318 -16.081238
4.918352 10.453539 -17.215437
3.079973 12.429402 -16.509360
3.540590 10.858585 -17.049419
1.240294 5.949166 -17.769843
3.871573 7.832363 -17.669380
1.259284 7.284552 -17.593363
2.577054 8.261592 -17.541758
19.753478 0.979959 -13.793927
17.348756 2.822107 -15.288385
20.748189 2.671420 -13.843478
18.099136 0.000000 -14.215332
12.063856 5.952261 -17.086833
14.751685 4.482386 -16.369696
22.449307 6.413638 -13.631644
18.094153 4.523187 -15.313944
21.684182 4.503074 -13.810414
19.446956 3.628009 -14.641029
15.076566 -1.713423 -14.899053
15.796253 1.795214 -15.610266
16.534070 -0.896705 -14.581380
16.970349 0.920366 -14.966134
7.880695 17.551003 -12.751232
9.242757 15.015395 -14.955096
6.956782 16.748342 -13.806811
9.740494 17.281784 -12.621011
10.642495 8.385020 -17.219919
10.196584 11.885305 -16.498419
9.214883 8.965981 -17.324034
5.033130 14.783184 -15.479403
8.179947 14.007247 -15.768405
5.997887 15.819841 -14.729276
5.542940 13.270362 -16.279020
7.615563 15.447969 -14.869657
13.621400 16.511140 -12.241138
11.127810 14.632732 -14.847086
11.662899 16.933297 -12.450396
10.481542 16.030195 -13.804754
6.376795 9.995991 -17.320449
8.650097 12.377406 -16.500594
7.783383 9.504737 -17.356767
5.993144 11.654267 -16.892360
8.986827 10.702693 -17.005243
7.096823 12.858824 -16.419936
1.207843 0.746488 -18.041604
3.671699 2.269235 -17.978856
1.212966 2.007113 -18.030976
2.422566 0.000000 -17.980912
9.149544 5.654729 -17.552088
6.283810 3.883608 -17.833945
7.845720 6.254915 -17.682076
1.232812 4.580450 -17.902145
3.709133 3.586502 -17.975303
1.220491 3.291002 -17.985167
2.500864 5.469375 -17.880188
2.450712 2.787129 -18.012585
4.871460 -1.495298 -17.625108
4.938780 1.515962 -17.868672
3.652085 -0.751877 -17.841446
3.670990 0.755769 -17.933802
5.225424 7.331379 -17.740500
5.054738 4.448210 -17.912033
6.529431 6.817757 -17.744136
3.833660 6.388699 -17.830071
6.411590 5.323706 -17.819287
3.779465 4.965092 -17.928456
22.229874 13.738817 -10.824553
19.192003 11.861310 -13.825737
22.753776 12.103035 -11.776120
20.023756 14.623492 -11.285946
12.348910 7.632046 -16.997240
15.813201 9.773096 -15.876961
13.784700 6.945641 -16.721520
12.268177 9.468189 -16.798654
22.925236 8.440285 -13.230630
19.342108 10.139703 -14.508880
23.016459 10.321388 -12.604041
20.836541 7.392478 -14.375410
21.092606 11.146892 -13.275181
15.745775 15.976434 -11.974251
17.184612 12.740441 -14.177002
17.841332 15.364454 -11.665776
14.453160 15.087116 -13.427398
18.634097 13.700928 -12.834333
16.646784 5.412704 -15.898059
17.449855 9.052209 -15.500898
15.227894 6.200928 -16.355377
18.705457 6.369132 -15.248350
15.601650 7.990456 -16.208430
19.150057 8.276803 -14.996843
11.677058 12.993717 -15.750297
15.561483 11.663247 -15.336815
12.049372 11.287239 -16.387880
13.093316 14.093557 -14.711739
13.936094 10.581265 -16.182708
15.125675 13.461716 -14.490099
9.831658 -4.489695 -15.907957
10.222084 -1.530241 -16.539680
11.052115 -3.862268 -15.691956
8.609931 -3.757134 -16.461921
10.694537 4.883734 -17.304124
10.521877 1.575120 -17.024755
11.982604 4.187436 -17.013078
9.156387 3.995593 -17.506728
13.634748 -2.492948 -15.198990
11.489547 -0.813531 -16.351018
12.323632 -3.196023 -15.455015
13.974512 -0.851596 -15.565473
11.280216 -2.351836 -16.040626
6.152936 -2.273508 -17.312886
8.919113 -0.793497 -16.999239
7.375377 -3.012874 -16.932035
6.214711 -0.768180 -17.513266
8.778520 -2.281011 -16.749081
14.517030 2.654262 -16.182492
11.685916 0.827436 -16.630475
13.267310 3.440757 -16.638477
14.274554 0.869880 -15.899674
11.851024 2.470845 -16.852323
12.834410 0.000000 -16.144508
6.317767 2.334413 -17.776680
9.036081 0.803903 -17.222172
7.692780 3.142535 -17.660713
6.270298 0.775051 -17.669913
9.114802 2.368390 -17.390694
7.606819 0.000000 -17.379303
14.882923 21.312966 1.057324
18.010099 20.437266 3.324512
14.128646 21.175591 2.726450
16.602407 21.138390 0.000000
22.878643 16.153061 7.969859
20.776734 18.723122 5.689131
12.455723 20.512738 5.860372
16.958302 20.037041 5.008871
13.305889 20.892011 4.338567
15.576914 20.690046 3.859919
20.077082 20.316288 -2.308907
20.077082 20.316288 2.308907
18.366331 20.825889 -1.129467
18.366331 20.825889 1.129467
21.954674 1.679001 12.927413
23.979475 5.428456 12.746645
24.327124 13.004665 10.067649
24.897481 9.388174 11.801526
8.947506 18.375069 11.356417
12.781091 17.741892 10.965092
9.824845 18.983529 10.097591
21.366253 15.523104 9.593806
16.903009 16.835129 10.404682
20.480518 16.883500 8.507021
11.566005 20.040874 7.378362
13.772835 18.360871 9.625309
10.700052 19.539552 8.762221
13.664484 19.806083 7.026888
11.767584 18.697223 9.880995
18.288993 19.150319 6.226729
15.944259 17.948961 9.311123
19.449139 18.108383 7.373888
15.908409 19.515165 6.644834
18.150896 17.471398 8.948056
14.837040 18.945998 8.188607
25.139772 15.537233 -7.095185
27.732068 17.139361 -2.565754
24.238401 17.071523 -5.965808
25.139772 15.537233 7.095185
27.732068 17.139361 2.565754
24.238401 17.071523 5.965808
21.740320 19.502861 -3.565860
26.340459 18.508936 -1.310548
23.105794 18.424266 -4.778167
22.306202 20.026266 -1.220385
25.500913 17.932955 -3.738879
21.740320 19.502861 3.565860
26.340459 18.508936 1.310548
23.105794 18.424266 4.778167
22.306202 20.026266 1.220385
25.500913 17.932955 3.738879
24.486991 19.466440 0.000000
12.680703 -18.159295 0.900872
14.470576 -16.420733 2.671146
12.212841 -18.304240 2.356751
13.676265 -17.412790 0.000000
17.380049 -12.270876 6.054404
16.028426 -14.444146 4.388939
11.056597 -18.208584 5.202088
13.910640 -16.436083 4.108702
11.666680 -18.318235 3.804081
13.099403 -17.399290 3.245998
15.514298 -15.699141 -1.784177
15.514298 -15.699141 1.784177
14.626112 -16.584793 -0.899456
14.626112 -16.584793 0.899456
20.734260 -1.585669 12.208806
20.257897 -4.585967 10.768385
18.540309 -9.911180 7.672807
19.507490 -7.355753 9.246645
8.102954 -16.640654 10.284490
11.003874 -15.274873 9.440391
8.888173 -17.173695 9.134916
16.568390 -12.037340 7.439485
13.792648 -13.737258 8.490092
15.996722 -13.187199 6.644581
10.366152 -17.961842 6.612933
11.789746 -15.717171 8.239404
9.649136 -17.620456 7.901630
11.844555 -17.168174 6.090999
10.364465 -16.467842 8.702825
14.682436 -15.373910 4.998829
13.233322 -14.897172 7.727991
15.365894 -14.306623 5.825779
13.285742 -16.297887 5.549364
14.612241 -14.065216 7.203564
12.571003 -16.052406 6.937974
18.648512 -11.525415 -5.263160
19.457520 -12.025409 -1.800198
17.942308 -12.637077 -4.416148
18.648512 -11.525415 5.263160
19.457520 -12.025409 1.800198
17.942308 -12.637077 4.416148
16.395165 -14.707816 -2.689145
18.538018 -13.026310 -0.922344
17.186713 -13.704466 -3.554130
16.562722 -14.869832 -0.906156
18.335973 -12.894368 -2.688374
16.395165 -14.707816 2.689145
18.538018 -13.026310 0.922344
17.186713 -13.704466 3.554130
16.562722 -14.869832 0.906156
18.335973 -12.894368 2.688374
17.577334 -13.973465 0.000000
1.276371 -9.827370 16.689860
3.723914 -8.744183 16.449890
2.087349 -10.816783 16.211870
1.255440 -8.495216 17.032331
8.421497 -6.519559 15.753639
6.083371 -7.647180 16.133128
3.751053 -12.699767 15.005379
4.554051 -9.679248 15.940294
2.919217 -11.780663 15.647673
3.340911 -10.246193 16.087883
1.223959 -5.870816 17.535815
3.680849 -7.446519 16.798937
1.239178 -7.168245 17.312462
2.486398 -7.970965 16.924671
19.142392 -0.949643 13.367204
16.067833 -2.613740 14.159587
19.077159 -2.456268 12.728543
10.809455 -5.333344 15.310143
13.326871 -4.049448 14.788604
18.703826 -5.343576 11.357317
16.051684 -4.012609 13.585305
18.924968 -3.930079 12.053101
17.512232 -3.267068 13.184433
7.139743 -15.900837 11.552346
8.055886 -13.087255 13.034698
6.313661 -15.200038 12.530437
8.617994 -15.290221 11.166558
9.354570 -7.370288 15.136012
8.774564 -10.227775 14.197542
8.170904 -7.950200 15.361348
4.632322 -13.605940 14.246717
7.195680 -12.321799 13.871042
5.470492 -14.428803 13.434131
5.052213 -12.095513 14.837809
6.785291 -13.763785 13.248523
11.482010 -13.917885 10.318533
9.483873 -12.471004 12.653691
10.071232 -14.622366 10.751258
9.078334 -13.884165 11.956653
5.802197 -9.095276 15.759744
7.568429 -10.829649 14.437245
6.982504 -8.526738 15.570824
5.441642 -10.581816 15.337888
7.886474 -9.392247 14.923109
6.329655 -11.468783 14.644938
1.205799 -0.745225 18.011073
3.615983 -2.234800 17.706034
1.207463 -1.998007 17.949171
8.415648 -5.201156 16.144215
6.021362 -3.721407 17.089097
7.244490 -5.775590 16.327070
1.220145 -4.533387 17.718203
3.621051 -3.501333 17.548440
1.211448 -3.266617 17.851904
2.440609 -5.337597 17.449387
2.420058 -2.752267 17.787278
4.905296 -6.882232 16.653653
4.858926 -4.275893 17.218151
6.070730 -6.338801 16.497588
3.675225 -6.124671 17.093201
6.050707 -5.024056 16.816312
3.656020 -4.802923 17.342878
17.180343 -10.618036 8.365749
15.265394 -9.434533 10.997046
17.637655 -9.381703 9.128294
15.753038 -11.504557 8.878851
10.783807 -6.664759 14.843006
13.090932 -8.090641 13.143715
12.013966 -6.053428 14.573533
10.502421 -8.105434 14.380827
18.393871 -6.771992 10.615486
15.550028 -8.151783 11.664369
18.046197 -8.092548 9.882276
17.202006 -6.103002 11.867896
16.627746 -8.787330 10.465105
12.945313 -13.134949 9.844573
13.836508 -10.258201 11.414875
14.336794 -12.346445 9.374291
11.961918 -12.486601 11.112963
14.828636 -10.902920 10.213302
14.611429 -4.750908 13.954249
14.380130 -7.459772 12.774027
13.293143 -5.413081 14.277376
15.926778 -5.423003 12.983221
13.212790 -6.766991 13.726663
15.757071 -6.810328 12.339719
9.865965 -10.978412 13.307450
12.733371 -9.543592 12.549533
10.196416 -9.551484 13.867746
10.924088 -11.758614 12.274379
11.638686 -8.836911 13.514939
12.379597 -11.017731 11.859411
1.303770 10.038328 17.048130
3.947659 9.269562 17.438254
2.165972 11.224213 16.822513
1.279265 8.656436 17.355567
9.345821 7.235131 17.482722
6.633065 8.338181 17.590920
4.019997 13.610318 16.081238
4.918352 10.453539 17.215437
3.079973 12.429402 16.509360
3.540590 10.858585 17.049419
1.240294 5.949166 17.769843
3.871573 7.832363 17.669380
1.259284 7.284552 17.593363
2.577054 8.261592 17.541758
19.753478 0.979959 13.793927
17.348756 2.822107 15.288385
20.748189 2.671420 13.843478
18.099136 0.000000 14.215332
12.063856 5.952261 17.086833
14.751685 4.482386 16.369696
22.449307 6.413638 13.631644
18.094153 4.523187 15.313944
21.684182 4.503074 13.810414
19.446956 3.628009 14.641029
15.076566 -1.713423 14.899053
15.796253 1.795214 15.610266
16.534070 -0.896705 14.581380
16.970349 0.920366 14.966134
7.880695 17.551003 12.751232
9.242757 15.015395 14.955096
6.956782 16.748342 13.806811
9.740494 17.281784 12.621011
10.642495 8.385020 17.219919
10.196584 11.885305 16.498419
9.214883 8.965981 17.324034
5.033130 14.783184 15.479403
8.179947 14.007247 15.768405
5.997887 15.819841 14.729276
5.542940 13.270362 16.279020
7.615563 15.447969 14.869657
13.621400 16.511140 12.241138
11.127810 14.632732 14.847086
11.662899 16.933297 12.450396
10.481542 16.030195 13.804754
6.376795 9.995991 17.320449
8.650097 12.377406 16.500594
7.783383 9.504737 17.356767
5.993144 11.654267 16.892360
8.986827 10.702693 17.005243
7.096823 12.858824 16.419936
1.207843 0.746488 18.041604
3.671699 2.269235 17.978856
1.212966 2.007113 18.030976
2.422566 0.000000 17.980912
9.149544 5.654729 17.552088
6.283810 3.883608 17.833945
7.845720 6.254915 17.682076
1.232812 4.580450 17.902145
3.709133 3.586502 17.975303
1.220491 3.291002 17.985167
2.500864 5.469375 17.880188
2.450712 2.787129 18.012585
4.871460 -1.495298 17.625108
4.938780 1.515962 17.868672
3.652085 -0.751877 17.841446
3.670990 0.755769 17.933802
5.225424 7.331379 17.740500
5.054738 4.448210 17.912033
6.529431 6.817757 17.744136
3.833660 6.388699 17.830071
6.411590 5.323706 17.819287
3.779465 4.965092 17.928456
22.229874 13.738817 10.824553
19.192003 11.861310 13.825737
22.753776 12.103035 11.776120
20.023756 14.623492 11.285946
12.348910 7.632046 16.997240
15.813201 9.773096 15.876961
13.784700 6.945641 16.721520
12.268177 9.468189 16.798654
22.925236 8.440285 13.230630
19.342108 10.139703 14.508880
23.016459 10.321388 12.604041
20.836541 7.392478 14.375410
21.092606 11.146892 13.275181
15.745775 15.976434 11.974251
17.184612 12.740441 14.177002
17.841332 15.364454 11.665776
14.453160 15.087116 13.427398
18.634097 13.700928 12.834333
16.646784 5.412704 15.898059
17.449855 9.052209 15.500898
15.227894 6.200928 16.355377
18.705457 6.369132 15.248350
15.601650 7.990456 16.208430
19.150057 8.276803 14.996843
11.677058 12.993717 15.750297
15.561483 11.663247 15.336815
12.049372 11.287239 16.387880
13.093316 14.093557 14.711739
13.936094 10.581265 16.182708
15.125675 13.461716 14.490099
9.831658 -4.489695 15.907957
10.222084 -1.530241 16.539680
11.052115 -3.862268 15.691956
8.609931 -3.757134 16.461921
10.694537 4.883734 17.304124
10.521877 1.575120 17.024755
11.982604 4.187436 17.013078
9.156387 3.995593 17.506728
13.634748 -2.492948 15.198990
11.489547 -0.813531 16.351018
12.323632 -3.196023 15.455015
13.974512 -0.851596 15.565473
11.280216 -2.351836 16.040626
6.152936 -2.273508 17.312886
8.919113 -0.793497 16.999239
7.375377 -3.012874 16.932035
6.214711 -0.768180 17.513266
8.778520 -2.281011 16.749081
14.517030 2.654262 16.182492
11.685916 0.827436 16.630475
13.267310 3.440757 16.638477
14.274554 0.869880 15.899674
11.851024 2.470845 16.852323
12.834410 0.000000 16.144508
6.317767 2.334413 17.776680
9.036081 0.803903 17.222172
7.692780 3.142535 17.660713
6.270298 0.775051 17.669913
9.114802 2.368390 17.390694
7.606819 0.000000 17.379303
22.570454 0.000000 -11.876294
25.997467 0.000000 -9.371671
23.815091 1.755391 -11.878253
22.350693 -1.647452 -11.147855
30.769048 0.000000 -2.132524
28.969193 0.000000 -6.101626
25.990006 5.694723 -11.520674
27.496293 1.919177 -9.205485
25.012591 3.674591 -11.780109
25.693273 1.839052 -10.638329
21.627187 -4.738777 -9.586753
25.472796 -1.777942 -8.528038
22.028985 -3.236271 -10.374929
23.954342 -1.714585 -9.918323
22.570454 0.000000 11.876294
25.997467 0.000000 9.371671
23.815091 1.755391 11.878253
22.350693 -1.647452 11.147855
30.769048 0.000000 2.132524
28.969193 0.000000 6.101626
25.990006 5.694723 11.520674
27.496293 1.919177 9.205485
25.012591 3.674591 11.780109
25.693273 1.839052 10.638329
21.627187 -4.738777 9.586753
25.472796 -1.777942 8.528038
22.028985 -3.236271 10.374929
23.954342 -1.714585 9.918323
25.980547 13.543126 -8.370112
30.077829 10.597956 -6.549897
26.491283 11.754457 -9.371112
27.497247 14.381639 -6.275747
32.270310 2.160422 -1.335214
32.599956 6.657667 -4.114664
31.693411 2.132056 -3.527944
26.619609 7.840745 -11.000730
30.188868 8.519235 -7.496995
26.746341 9.842034 -10.276638
27.990894 6.018348 -10.029427
28.500611 10.254856 -8.514867
29.788225 15.629202 -1.390467
31.378194 11.151695 -4.120548
28.883067 15.138178 -3.933505
29.636045 12.909080 -5.273417
29.234875 2.013229 -7.480047
31.428170 6.485078 -6.270670
30.641007 2.079328 -5.606821
28.894046 4.041350 -8.838407
31.946547 4.346506 -4.943164
29.849853 6.292593 -8.266594
19.435006 -10.131070 -6.261346
22.496810 -7.926776 -4.899017
20.050127 -8.896449 -7.092597
20.071146 -10.497632 -4.580875
29.374347 -1.966544 -1.215391
25.837047 -5.276524 -3.261071
28.908332 -1.944700 -3.217923
21.148890 -6.229357 -8.739919
23.301616 -6.575667 -5.786639
20.625243 -7.589611 -7.924753
22.924665 -4.929054 -8.214145
21.639248 -7.786057 -6.464961
20.754004 -10.889152 -0.968764
23.047632 -8.191044 -3.026588
20.522046 -10.756004 -2.794840
21.544843 -9.384657 -3.833674
26.902068 -1.852583 -6.883174
25.121858 -5.183796 -5.012410
28.055242 -1.903856 -5.133666
24.852406 -3.476054 -7.602108
26.978650 -3.670595 -4.174469
24.113488 -5.083320 -6.677970
25.980547 13.543126 8.370112
30.077829 10.597956 6.549897
26.491283 11.754457 9.371112
27.497247 14.381639 6.275747
32.270310 2.160422 1.335214
32.599956 6.657667 4.114664
31.693411 2.132056 3.527944
33.244029 4.478963 0.000000
26.619609 7.840745 11.000730
30.188868 8.519235 7.496995
26.746341 9.842034 10.276638
27.990894 6.018348 10.029427
28.500611 10.254856 8.514867
29.788225 15.629202 1.390467
31.378194 11.151695 4.120548
28.883067 15.138178 3.933505
31.255172 13.680204 0.000000
29.636045 12.909080 5.273417
29.234875 2.013229 7.480047
31.428170 6.485078 6.270670
30.641007 2.079328 5.606821
28.894046 4.041350 8.838407
31.946547 4.346506 4.943164
29.849853 6.292593 8.266594
32.702687 9.038800 -2.774466
32.702687 9.038800 2.774466
33.362856 6.829267 -1.405982
32.199595 11.426262 -1.412364
33.362856 6.829267 1.405982
32.199595 11.426262 1.412364
19.435006 -10.131070 6.261346
22.496810 -7.926776 4.899017
20.050127 -8.896449 7.092597
20.071146 -10.497632 4.580875
29.374347 -1.966544 1.215391
25.837047 -5.276524 3.261071
28.908332 -1.944700 3.217923
27.860101 -3.753587 0.000000
21.148890 -6.229357 8.739919
23.301616 -6.575667 5.786639
20.625243 -7.589611 7.924753
22.924665 -4.929054 8.214145
21.639248 -7.786057 6.464961
20.754004 -10.889152 0.968764
23.047632 -8.191044 3.026588
20.522046 -10.756004 2.794840
22.062984 -9.656838 0.000000
21.544843 -9.384657 3.833674
26.902068 -1.852583 6.883174
25.121858 -5.183796 5.012410
28.055242 -1.903856 5.133666
24.852406 -3.476054 7.602108
26.978650 -3.670595 4.174469
24.113488 -5.083320 6.677970
24.672639 -6.819350 -2.093204
24.672639 -6.819350 2.093204
26.257061 -5.374734 -1.106529
23.380585 -8.296772 -1.025537
26.257061 -5.374734 1.106529
23.380585 -8.296772 1.025537
-12.680703 18.159295 -0.900872
-14.470576 16.420733 -2.671146
-12.212841 18.304240 -2.356751
-17.380049 12.270876 -6.054404
-16.028426 14.444146 -4.388939
-11.056597 18.208584 -5.202088
-13.910640 16.436083 -4.108702
-11.666680 18.318235 -3.804081
-13.099403 17.399290 -3.245998
-20.734260 1.585669 -12.208806
-20.257897 4.585967 -10.768385
-18.540309 9.911180 -7.672807
-19.507490 7.355753 -9.246645
-8.102954 16.640654 -10.284490
-11.003874 15.274873 -9.440391
-8.888173 17.173695 -9.134916
-16.568390 12.037340 -7.439485
-13.792648 13.737258 -8.490092
-15.996722 13.187199 -6.644581
-10.366152 17.961842 -6.612933
-11.789746 15.717171 -8.239404
-9.649136 17.620456 -7.901630
-11.844555 17.168174 -6.090999
-10.364465 16.467842 -8.702825
-14.682436 15.373910 -4.998829
-13.233322 14.897172 -7.727991
-15.365894 14.306623 -5.825779
-13.285742 16.297887 -5.549364
-14.612241 14.065216 -7.203564
-12.571003 16.052406 -6.937974
-14.882923 -21.312966 -1.057324
-18.010099 -20.437266 -3.324512
-14.128646 -21.175591 -2.726450
-22.878643 -16.153061 -7.969859
-20.776734 -18.723122 -5.689131
-12.455723 -20.512738 -5.860372
-16.958302 -20.037041 -5.008871
-13.305889 -20.892011 -4.338567
-15.576914 -20.690046 -3.859919
-21.954674 -1.679001 -12.927413
-23.979475 -5.428456 -12.746645
-24.327124 -13.004665 -10.067649
-24.897481 -9.388174 -11.801526
-8.947506 -18.375069 -11.356417
-12.781091 -17.741892 -10.965092
-9.824845 -18.983529 -10.097591
-21.366253 -15.523104 -9.593806
-16.903009 -16.835129 -10.404682
-20.480518 -16.883500 -8.507021
-11.566005 -20.040874 -7.378362
-13.772835 -18.360871 -9.625309
-10.700052 -19.539552 -8.762221
-13.664484 -19.806083 -7.026888
-11.767584 -18.697223 -9.880995
-18.288993 -19.150319 -6.226729
-15.944259 -17.948961 -9.311123
-19.449139 -18.108383 -7.373888
-15.908409 -19.515165 -6.644834
-18.150896 -17.471398 -8.948056
-14.837040 -18.945998 -8.188607
-1.303770 -10.038328 -17.048130
-3.947659 -9.269562 -17.438254
-2.165972 -11.224213 -16.822513
-1.279265 -8.656436 -17.355567
-9.345821 -7.235131 -17.482722
-6.633065 -8.338181 -17.590920
-4.019997 -13.610318 -16.081238
-4.918352 -10.453539 -17.215437
-3.079973 -12.429402 -16.509360
-3.540590 -10.858585 -17.049419
-1.240294 -5.949166 -17.769843
-3.871573 -7.832363 -17.669380
-1.259284 -7.284552 -17.593363
-2.577054 -8.261592 -17.541758
-19.753478 -0.979959 -13.793927
-17.348756 -2.822107 -15.288385
-20.748189 -2.671420 -13.843478
-12.063856 -5.952261 -17.086833
-14.751685 -4.482386 -16.369696
-22.449307 -6.413638 -13.631644
-18.094153 -4.523187 -15.313944
-21.684182 -4.503074 -13.810414
-19.446956 -3.628009 -14.641029
-7.880695 -17.551003 -12.751232
-9.242757 -15.015395 -14.955096
-6.956782 -16.748342 -13.806811
-9.740494 -17.281784 -12.621011
-10.642495 -8.385020 -17.219919
-10.196584 -11.885305 -16.498419
-9.214883 -8.965981 -17.324034
-5.033130 -14.783184 -15.479403
-8.179947 -14.007247 -15.768405
-5.997887 -15.819841 -14.729276
-5.542940 -13.270362 -16.279020
-7.615563 -15.447969 -14.869657
-13.621400 -16.511140 -12.241138
-11.127810 -14.632732 -14.847086
-11.662899 -16.933297 -12.450396
-10.481542 -16.030195 -13.804754
-6.376795 -9.995991 -17.320449
-8.650097 -12.377406 -16.500594
-7.783383 -9.504737 -17.356767
-5.993144 -11.654267 -16.892360
-8.986827 -10.702693 -17.005243
-7.096823 -12.858824 -16.419936
-1.207843 -0.746488 -18.041604
-3.671699 -2.269235 -17.978856
-1.212966 -2.007113 -18.030976
-9.149544 -5.654729 -17.552088
-6.283810 -3.883608 -17.833945
-7.845720 -6.254915 -17.682076
-1.232812 -4.580450 -17.902145
-3.709133 -3.586502 -17.975303
-1.220491 -3.291002 -17.985167
-2.500864 -5.469375 -17.880188
-2.450712 -2.787129 -18.012585
-5.225424 -7.331379 -17.740500
-5.054738 -4.448210 -17.912033
-6.529431 -6.817757 -17.744136
-3.833660 -6.388699 -17.830071
-6.411590 -5.323706 -17.819287
-3.779465 -4.965092 -17.928456
-22.229874 -13.738817 -10.824553
-19.192003 -11.861310 -13.825737
-22.753776 -12.103035 -11.776120
-20.023756 -14.623492 -11.285946
-12.348910 -7.632046 -16.997240
-15.813201 -9.773096 -15.876961
-13.784700 -6.945641 -16.721520
-12.268177 -9.468189 -16.798654
-22.925236 -8.440285 -13.230630
-19.342108 -10.139703 -14.508880
-23.016459 -10.321388 -12.604041
-20.836541 -7.392478 -14.375410
-21.092606 -11.146892 -13.275181
-15.745775 -15.976434 -11.974251
-17.184612 -12.740441 -14.177002
-17.841332 -15.364454 -11.665776
-14.453160 -15.087116 -13.427398
-18.634097 -13.700928 -12.834333
-16.646784 -5.412704 -15.898059
-17.449855 -9.052209 -15.500898
-15.227894 -6.200928 -16.355377
-18.705457 -6.369132 -15.248350
-15.601650 -7.990456 -16.208430
-19.150057 -8.276803 -14.996843
-11.677058 -12.993717 -15.750297
-15.561483 -11.663247 -15.336815
-12.049372 -11.287239 -16.387880
-13.093316 -14.093557 -14.711739
-13.936094 -10.581265 -16.182708
-15.125675 -13.461716 -14.490099
-1.276371 9.827370 -16.689860
-3.723914 8.744183 -16.449890
-2.087349 10.816783 -16.211870
-1.255440 8.495216 -17.032331
-8.421497 6.519559 -15.753639
-6.083371 7.647180 -16.133128
-3.751053 12.699767 -15.005379
-4.554051 9.679248 -15.940294
-2.919217 11.780663 -15.647673
-3.340911 10.246193 -16.087883
-1.223959 5.870816 -17.535815
-3.680849 7.446519 -16.798937
-1.239178 7.168245 -17.312462
-2.486398 7.970965 -16.924671
-19.142392 0.949643 -13.367204
-16.067833 2.613740 -14.159587
-19.077159 2.456268 -12.728543
-18.099136 0.000000 -14.215332
-10.809455 5.333344 -15.310143
-13.326871 4.049448 -14.788604
-18.703826 5.343576 -11.357317
-16.051684 4.012609 -13.585305
-18.924968 3.930079 -12.053101
-17.512232 3.267068 -13.184433
-15.796253 -1.795214 -15.610266
-15.076566 1.713423 -14.899053
-16.970349 -0.920366 -14.966134
-16.534070 0.896705 -14.581380
-7.139743 15.900837 -11.552346
-8.055886 13.087255 -13.034698
-6.313661 15.200038 -12.530437
-8.617994 15.290221 -11.166558
-9.354570 7.370288 -15.136012
-8.774564 10.227775 -14.197542
-8.170904 7.950200 -15.361348
-4.632322 13.605940 -14.246717
-7.195680 12.321799 -13.871042
-5.470492 14.428803 -13.434131
-5.052213 12.095513 -14.837809
-6.785291 13.763785 -13.248523
-11.482010 13.917885 -10.318533
-9.483873 12.471004 -12.653691
-10.071232 14.622366 -10.751258
-9.078334 13.884165 -11.956653
-5.802197 9.095276 -15.759744
-7.568429 10.829649 -14.437245
-6.982504 8.526738 -15.570824
-5.441642 10.581816 -15.337888
-7.886474 9.392247 -14.923109
-6.329655 11.468783 -14.644938
-1.205799 0.745225 -18.011073
-3.615983 2.234800 -17.706034
-1.207463 1.998007 -17.949171
-2.422566 0.000000 -17.980912
-8.415648 5.201156 -16.144215
-6.021362 3.721407 -17.089097
-7.244490 5.775590 -16.327070
-1.220145 4.533387 -17.718203
-3.621051 3.501333 -17.548440
-1.211448 3.266617 -17.851904
-2.440609 5.337597 -17.449387
-2.420058 2.752267 -17.787278
-4.938780 -1.515962 -17.868672
-4.871460 1.495298 -17.625108
-3.670990 -0.755769 -17.933802
-3.652085 0.751877 -17.841446
-4.905296 6.882232 -16.653653
-4.858926 4.275893 -17.218151
-6.070730 6.338801 -16.497588
-3.675225 6.124671 -17.093201
-6.050707 5.024056 -16.816312
-3.656020 4.802923 -17.342878
-17.180343 10.618036 -8.365749
-15.265394 9.434533 -10.997046
-17.637655 9.381703 -9.128294
-15.753038 11.504557 -8.878851
-10.783807 6.664759 -14.843006
-13.090932 8.090641 -13.143715
-12.013966 6.053428 -14.573533
-10.502421 8.105434 -14.380827
-18.393871 6.771992 -10.615486
-15.550028 8.151783 -11.664369
-18.046197 8.092548 -9.882276
-17.202006 6.103002 -11.867896
-16.627746 8.787330 -10.465105
-12.945313 13.134949 -9.844573
-13.836508 10.258201 -11.414875
-14.336794 12.346445 -9.374291
-11.961918 12.486601 -11.112963
-14.828636 10.902920 -10.213302
-14.611429 4.750908 -13.954249
-14.380130 7.459772 -12.774027
-13.293143 5.413081 -14.277376
-15.926778 5.423003 -12.983221
-13.212790 6.766991 -13.726663
-15.757071 6.810328 -12.339719
-9.865965 10.978412 -13.307450
-12.733371 9.543592 -12.549533
-10.196416 9.551484 -13.867746
-10.924088 11.758614 -12.274379
-11.638686 8.836911 -13.514939
-12.379597 11.017731 -11.859411
-10.694537 -4.883734 -17.304124
-10.521877 -1.575120 -17.024755
-11.982604 -4.187436 -17.013078
-9.156387 -3.995593 -17.506728
-9.831658 4.489695 -15.907957
-10.222084 1.530241 -16.539680
-11.052115 3.862268 -15.691956
-8.609931 3.757134 -16.461921
-14.517030 -2.654262 -16.182492
-11.685916 -0.827436 -16.630475
-13.267310 -3.440757 -16.638477
-14.274554 -0.869880 -15.899674
-11.851024 -2.470845 -16.852323
-6.317767 -2.334413 -17.776680
-9.036081 -0.803903 -17.222172
-7.692780 -3.142535 -17.660713
-6.270298 -0.775051 -17.669913
-9.114802 -2.368390 -17.390694
-13.634748 2.492948 -15.198990
-11.489547 0.813531 -16.351018
-12.323632 3.196023 -15.455015
-13.974512 0.851596 -15.565473
-11.280216 2.351836 -16.040626
-12.834410 0.000000 -16.144508
-6.152936 2.273508 -17.312886
-8.919113 0.793497 -16.999239
-7.375377 3.012874 -16.932035
-6.214711 0.768180 -17.513266
-8.778520 2.281011 -16.749081
-7.606819 0.000000 -17.379303
-12.680703 18.159295 0.900872
-14.470576 16.420733 2.671146
-12.212841 18.304240 2.356751
-13.676265 17.412790 0.000000
-17.380049 12.270876 6.054404
-16.028426 14.444146 4.388939
-11.056597 18.208584 5.202088
-13.910640 16.436083 4.108702
-11.666680 18.318235 3.804081
-13.099403 17.399290 3.245998
-15.514298 15.699141 -1.784177
-15.514298 15.699141 1.784177
-14.626112 16.584793 -0.899456
-14.626112 16.584793 0.899456
-20.734260 1.585669 12.208806
-20.257897 4.585967 10.768385
-18.540309 9.911180 7.672807
-19.507490 7.355753 9.246645
-8.102954 16.640654 10.284490
-11.003874 15.274873 9.440391
-8.888173 17.173695 9.134916
-16.568390 12.037340 7.439485
-13.792648 13.737258 8.490092
-15.996722 13.187199 6.644581
-10.366152 17.961842 6.612933
-11.789746 15.717171 8.239404
-9.649136 17.620456 7.901630
-11.844555 17.168174 6.090999
-10.364465 16.467842 8.702825
-14.682436 15.373910 4.998829
-13.233322 14.897172 7.727991
-15.365894 14.306623 5.825779
-13.285742 16.297887 5.549364
-14.612241 14.065216 7.203564
-12.571003 16.052406 6.937974
-18.648512 11.525415 -5.263160
-19.457520 12.025409 -1.800198
-17.942308 12.637077 -4.416148
-18.648512 11.525415 5.263160
-19.457520 12.025409 1.800198
-17.942308 12.637077 4.416148
-16.395165 14.707816 -2.689145
-18.538018 13.026310 -0.922344
-17.186713 13.704466 -3.554130
-16.562722 14.869832 -0.906156
-18.335973 12.894368 -2.688374
-16.395165 14.707816 2.689145
-18.538018 13.026310 0.922344
-17.186713 13.704466 3.554130
-16.562722 14.869832 0.906156
-18.335973 12.894368 2.688374
-17.577334 13.973465 0.000000
-14.882923 -21.312966 1.057324
-18.010099 -20.437266 3.324512
-14.128646 -21.175591 2.726450
-16.602407 -21.138390 0.000000
-22.878643 -16.153061 7.969859
-20.776734 -18.723122 5.689131
-12.455723 -20.512738 5.860372
-16.958302 -20.037041 5.008871
-13.305889 -20.892011 4.338567
-15.576914 -20.690046 3.859919
-20.077082 -20.316288 -2.308907
-20.077082 -20.316288 2.308907
-18.366331 -20.825889 -1.129467
-18.366331 -20.825889 1.129467
-21.954674 -1.679001 12.927413
-23.979475 -5.428456 12.746645
-24.327124 -13.004665 10.067649
-24.897481 -9.388174 11.801526
-8.947506 -18.375069 11.356417
-12.781091 -17.741892 10.965092
-9.824845 -18.983529 10.097591
-21.366253 -15.523104 9.593806
-16.903009 -16.835129 10.404682
-20.480518 -16.883500 8.507021
-11.566005 -20.040874 7.378362
-13.772835 -18.360871 9.625309
-10.700052 -19.539552 8.762221
-13.664484 -19.806083 7.026888
-11.767584 -18.697223 9.880995
-18.288993 -19.150319 6.226729
-15.944259 -17.948961 9.311123
-19.449139 -18.108383 7.373888
-15.908409 -19.515165 6.644834
-18.150896 -17.471398 8.948056
-14.837040 -18.945998 8.188607
-25.139772 -15.537233 -7.095185
-27.732068 -17.139361 -2.565754
-24.238401 -17.071523 -5.965808
-25.139772 -15.537233 7.095185
-27.732068 -17.139361 2.565754
-24.238401 -17.071523 5.965808
-21.740320 -19.502861 -3.565860
-26.340459 -18.508936 -1.310548
-23.105794 -18.424266 -4.778167
-22.306202 -20.026266 -1.220385
-25.500913 -17.932955 -3.738879
-21.740320 -19.502861 3.565860
-26.340459 -18.508936 1.310548
-23.105794 -18.424266 4.778167
-22.306202 -20.026266 1.220385
-25.500913 -17.932955 3.738879
-24.486991 -19.466440 0.000000
-1.303770 -10.038328 17.048130
-3.947659 -9.269562 17.438254
-2.165972 -11.224213 16.822513
-1.279265 -8.656436 17.355567
-9.345821 -7.235131 17.482722
-6.633065 -8.338181 17.590920
-4.019997 -13.610318 16.081238
-4.918352 -10.453539 17.215437
-3.079973 -12.429402 16.509360
-3.540590 -10.858585 17.049419
-1.240294 -5.949166 17.769843
-3.871573 -7.832363 17.669380
-1.259284 -7.284552 17.593363
-2.577054 -8.261592 17.541758
-19.753478 -0.979959 13.793927
-17.348756 -2.822107 15.288385
-20.748189 -2.671420 13.843478
-12.063856 -5.952261 17.086833
-14.751685 -4.482386 16.369696
-22.449307 -6.413638 13.631644
-18.094153 -4.523187 15.313944
-21.684182 -4.503074 13.810414
-19.446956 -3.628009 14.641029
-7.880695 -17.551003 12.751232
-9.242757 -15.015395 14.955096
-6.956782 -16.748342 13.806811
-9.740494 -17.281784 12.621011
-10.642495 -8.385020 17.219919
-10.196584 -11.885305 16.498419
-9.214883 -8.965981 17.324034
-5.033130 -14.783184 15.479403
-8.179947 -14.007247 15.768405
-5.997887 -15.819841 14.729276
-5.542940 -13.270362 16.279020
-7.615563 -15.447969 14.869657
-13.621400 -16.511140 12.241138
-11.127810 -14.632732 14.847086
-11.662899 -16.933297 12.450396
-10.481542 -16.030195 13.804754
-6.376795 -9.995991 17.320449
-8.650097 -12.377406 16.500594
-7.783383 -9.504737 17.356767
-5.993144 -11.654267 16.892360
-8.986827 -10.702693 17.005243
-7.096823 -12.858824 16.419936
-1.207843 -0.746488 18.041604
-3.671699 -2.269235 17.978856
-1.212966 -2.007113 18.030976
-9.149544 -5.654729 17.552088
-6.283810 -3.883608 17.833945
-7.845720 -6.254915 17.682076
-1.232812 -4.580450 17.902145
-3.709133 -3.586502 17.975303
-1.220491 -3.291002 17.985167
-2.500864 -5.469375 17.880188
-2.450712 -2.787129 18.012585
-5.225424 -7.331379 17.740500
-5.054738 -4.448210 17.912033
-6.529431 -6.817757 17.744136
-3.833660 -6.388699 17.830071
-6.411590 -5.323706 17.819287
-3.779465 -4.965092 17.928456
-22.229874 -13.738817 10.824553
-19.192003 -11.861310 13.825737
-22.753776 -12.103035 11.776120
-20.023756 -14.623492 11.285946
-12.348910 -7.632046 16.997240
-15.813201 -9.773096 15.876961
-13.784700 -6.945641 16.721520
-12.268177 -9.468189 16.798654
-22.925236 -8.440285 13.230630
-19.342108 -10.139703 14.508880
-23.016459 -10.321388 12.604041
-20.836541 -7.392478 14.375410
-21.092606 -11.146892 13.275181
-15.745775 -15.976434 11.974251
-17.184612 -12.740441 14.177002
-17.841332 -15.364454 11.665776
-14.453160 -15.087116 13.427398
-18.634097 -13.700928 12.834333
-16.646784 -5.412704 15.898059
-17.449855 -9.052209 15.500898
-15.227894 -6.200928 16.355377
-18.705457 -6.369132 15.248350
-15.601650 -7.990456 16.208430
-19.150057 -8.276803 14.996843
-11.677058 -12.993717 15.750297
-15.561483 -11.663247 15.336815
-12.049372 -11.287239 16.387880
-13.093316 -14.093557 14.711739
-13.936094 -10.581265 16.182708
-15.125675 -13.461716 14.490099
-1.276371 9.827370 16.689860
-3.723914 8.744183 16.449890
-2.087349 10.816783 16.211870
-1.255440 8.495216 17.032331
-8.421497 6.519559 15.753639
-6.083371 7.647180 16.133128
-3.751053 12.699767 15.005379
-4.554051 9.679248 15.940294
-2.919217 11.780663 15.647673
-3.340911 10.246193 16.087883
-1.223959 5.870816 17.535815
-3.680849 7.446519 16.798937
-1.239178 7.168245 17.312462
-2.486398 7.970965 16.924671
-19.142392 0.949643 13.367204
-16.067833 2.613740 14.159587
-19.077159 2.456268 12.728543
-18.099136 0.000000 14.215332
-10.809455 5.333344 15.310143
-13.326871 4.049448 14.788604
-18.703826 5.343576 11.357317
-16.051684 4.012609 13.585305
-18.924968 3.930079 12.053101
-17.512232 3.267068 13.184433
-15.796253 -1.795214 15.610266
-15.076566 1.713423 14.899053
-16.970349 -0.920366 14.966134
-16.534070 0.896705 14.581380
-7.139743 15.900837 11.552346
-8.055886 13.087255 13.034698
-6.313661 15.200038 12.530437
-8.617994 15.290221 11.166558
-9.354570 7.370288 15.136012
-8.774564 10.227775 14.197542
-8.170904 7.950200 15.361348
-4.632322 13.605940 14.246717
-7.195680 12.321799 13.871042
-5.470492 14.428803 13.434131
-5.052213 12.095513 14.837809
-6.785291 13.763785 13.248523
-11.482010 13.917885 10.318533
-9.483873 12.471004 12.653691
-10.071232 14.622366 10.751258
-9.078334 13.884165 11.956653
-5.802197 9.095276 15.759744
-7.568429 10.829649 14.437245
-6.982504 8.526738 15.570824
-5.441642 10.581816 15.337888
-7.886474 9.392247 14.923109
-6.329655 11.468783 14.644938
-1.205799 0.745225 18.011073
-3.615983 2.234800 17.706034
-1.207463 1.998007 17.949171
-2.422566 0.000000 17.980912
-8.415648 5.201156 16.144215
-6.021362 3.721407 17.089097
-7.244490 5.775590 16.327070
-1.220145 4.533387 17.718203
-3.621051 3.501333 17.548440
-1.211448 3.266617 17.851904
-2.440609 5.337597 17.449387
-2.420058 2.752267 17.787278
-4.938780 -1.515962 17.868672
-4.871460 1.495298 17.625108
-3.670990 -0.755769 17.933802
-3.652085 0.751877 17.841446
-4.905296 6.882232 16.653653
-4.858926 4.275893 17.218151
-6.070730 6.338801 16.497588
-3.675225 6.124671 17.093201
-6.050707 5.024056 16.816312
-3.656020 4.802923 17.342878
-17.180343 10.618036 8.365749
-15.265394 9.434533 10.997046
-17.637655 9.381703 9.128294
-15.753038 11.504557 8.878851
-10.783807 6.664759 14.843006
-13.090932 8.090641 13.143715
-12.013966 6.053428 14.573533
-10.502421 8.105434 14.380827
-18.393871 6.771992 10.615486
-15.550028 8.151783 11.664369
-18.046197 8.092548 9.882276
-17.202006 6.103002 11.867896
-16.627746 8.787330 10.465105
-12.945313 13.134949 9.844573
-13.836508 10.258201 11.414875
-14.336794 12.346445 9.374291
-11.961918 12.486601 11.112963
-14.828636 10.902920 10.213302
-14.611429 4.750908 13.954249
-14.380130 7.459772 12.774027
-13.293143 5.413081 14.277376
-15.926778 5.423003 12.983221
-13.212790 6.766991 13.726663
-15.757071 6.810328 12.339719
-9.865965 10.978412 13.307450
-12.733371 9.543592 12.549533
-10.196416 9.551484 13.867746
-10.924088 11.758614 12.274379
-11.638686 8.836911 13.514939
-12.379597 11.017731 11.859411
-10.694537 -4.883734 17.304124
-10.521877 -1.575120 17.024755
-11.982604 -4.187436 17.013078
-9.156387 -3.995593 17.506728
-9.831658 4.489695 15.907957
-10.222084 1.530241 16.539680
-11.052115 3.862268 15.691956
-8.609931 3.757134 16.461921
-14.517030 -2.654262 16.182492
-11.685916 -0.827436 16.630475
-13.267310 -3.440757 16.638477
-14.274554 -0.869880 15.899674
-11.851024 -2.470845 16.852323
-6.317767 -2.334413 17.776680
-9.036081 -0.803903 17.222172
-7.692780 -3.142535 17.660713
-6.270298 -0.775051 17.669913
-9.114802 -2.368390 17.390694
-13.634748 2.492948 15.198990
-11.489547 0.813531 16.351018
-12.323632 3.196023 15.455015
-13.974512 0.851596 15.565473
-11.280216 2.351836 16.040626
-12.834410 0.000000 16.144508
-6.152936 2.273508 17.312886
-8.919113 0.793497 16.999239
-7.375377 3.012874 16.932035
-6.214711 0.768180 17.513266
-8.778520 2.281011 16.749081
-7.606819 0.000000 17.379303
-22.570454 0.000000 -11.876294
-25.997467 0.000000 -9.371671
-22.350693 1.647452 -11.147855
-23.815091 -1.755391 -11.878253
-30.769048 0.000000 -2.132524
-28.969193 0.000000 -6.101626
-21.627187 4.738777 -9.586753
-25.472796 1.777942 -8.528038
-22.028985 3.236271 -10.374929
-23.954342 1.714585 -9.918323
-25.990006 -5.694723 -11.520674
-27.496293 -1.919177 -9.205485
-25.012591 -3.674591 -11.780109
-25.693273 -1.839052 -10.638329
-22.570454 0.000000 11.876294
-25.997467 0.000000 9.371671
-22.350693 1.647452 11.147855
-23.815091 -1.755391 11.878253
-30.769048 0.000000 2.132524
-28.969193 0.000000 6.101626
-21.627187 4.738777 9.586753
-25.472796 1.777942 8.528038
-22.028985 3.236271 10.374929
-23.954342 1.714585 9.918323
-25.990006 -5.694723 11.520674
-27.496293 -1.919177 9.205485
-25.012591 -3.674591 11.780109
-25.693273 -1.839052 10.638329
-19.435006 10.131070 -6.261346
-22.496810 7.926776 -4.899017
-20.050127 8.896449 -7.092597
-20.071146 10.497632 -4.580875
-29.374347 1.966544 -1.215391
-25.837047 5.276524 -3.261071
-28.908332 1.944700 -3.217923
-21.148890 6.229357 -8.739919
-23.301616 6.575667 -5.786639
-20.625243 7.589611 -7.924753
-22.924665 4.929054 -8.214145
-21.639248 7.786057 -6.464961
-20.754004 10.889152 -0.968764
-23.047632 8.191044 -3.026588
-20.522046 10.756004 -2.794840
-21.544843 9.384657 -3.833674
-26.902068 1.852583 -6.883174
-25.121858 5.183796 -5.012410
-28.055242 1.903856 -5.133666
-24.852406 3.476054 -7.602108
-26.978650 3.670595 -4.174469
-24.113488 5.083320 -6.677970
-25.980547 -13.543126 -8.370112
-30.077829 -10.597956 -6.549897
-26.491283 -11.754457 -9.371112
-27.497247 -14.381639 -6.275747
-32.270310 -2.160422 -1.335214
-32.599956 -6.657667 -4.114664
-31.693411 -2.132056 -3.527944
-26.619609 -7.840745 -11.000730
-30.188868 -8.519235 -7.496995
-26.746341 -9.842034 -10.276638
-27.990894 -6.018348 -10.029427
-28.500611 -10.254856 -8.514867
-29.788225 -15.629202 -1.390467
-31.378194 -11.151695 -4.120548
-28.883067 -15.138178 -3.933505
-29.636045 -12.909080 -5.273417
-29.234875 -2.013229 -7.480047
-31.428170 -6.485078 -6.270670
-30.641007 -2.079328 -5.606821
-28.894046 -4.041350 -8.838407
-31.946547 -4.346506 -4.943164
-29.849853 -6.292593 -8.266594
-19.435006 10.131070 6.261346
-22.496810 7.926776 4.899017
-20.050127 8.896449 7.092597
-20.071146 10.497632 4.580875
-29.374347 1.966544 1.215391
-25.837047 5.276524 3.261071
-28.908332 1.944700 3.217923
-27.860101 3.753587 0.000000
-21.148890 6.229357 8.739919
-23.301616 6.575667 5.786639
-20.625243 7.589611 7.924753
-22.924665 4.929054 8.214145
-21.639248 7.786057 6.464961
-20.754004 10.889152 0.968764
-23.047632 8.191044 3.026588
-20.522046 10.756004 2.794840
-22.062984 9.656838 0.000000
-21.544843 9.384657 3.833674
-26.902068 1.852583 6.883174
-25.121858 5.183796 5.012410
-28.055242 1.903856 5.133666
-24.852406 3.476054 7.602108
-26.978650 3.670595 4.174469
-24.113488 5.083320 6.677970
-24.672639 6.819350 -2.093204
-24.672639 6.819350 2.093204
-26.257061 5.374734 -1.106529
-23.380585 8.296772 -1.025537
-26.257061 5.374734 1.106529
-23.380585 8.296772 1.025537
-25.980547 -13.543126 8.370112
-30.077829 -10.597956 6.549897
-26.491283 -11.754457 9.371112
-27.497247 -14.381639 6.275747
-32.270310 -2.160422 1.335214
-32.599956 -6.657667 4.114664
-31.693411 -2.132056 3.527944
-33.244029 -4.478963 0.000000
-26.619609 -7.840745 11.000730
-30.188868 -8.519235 7.496995
-26.746341 -9.842034 10.276638
-27.990894 -6.018348 10.029427
-28.500611 -10.254856 8.514867
-29.788225 -15.629202 1.390467
-31.378194 -11.151695 4.120548
-28.883067 -15.138178 3.933505
-31.255172 -13.680204 0.000000
-29.636045 -12.909080 5.273417
-29.234875 -2.013229 7.480047
-31.428170 -6.485078 6.270670
-30.641007 -2.079328 5.606821
-28.894046 -4.041350 8.838407
-31.946547 -4.346506 4.943164
-29.849853 -6.292593 8.266594
-32.702687 -9.038800 -2.774466
-32.702687 -9.038800 2.774466
-33.362856 -6.829267 -1.405982
-32.199595 -11.426262 -1.412364
-33.362856 -6.829267 1.405982
-32.199595 -11.426262 1.412364
